# z G G´ G´´
1.5999999999999998e6	9.604531786495605e6	6381.272799056053	9.604529666629279e6
1.0666666666666665e6	6.408265240051922e6	12127.875560256662	6.408253763818355e6
799999.9999999999	4.81012536391899e6	14108.822154349038	4.810104672224318e6
640000.0	3.851258775128837e6	15086.194853541652	3.851229227108108e6
533333.3333333333	3.212024436509472e6	15661.778819943538	3.2119862529933383e6
457142.8571428571	2.755434044544649e6	16039.15465579976	2.755387362850024e6
399999.99999999994	2.4129944553098963e6	16305.1613347087	2.412939365808878e6
355555.55555555556	2.146654479542245e6	16502.72748388819	2.1465910450116904e6
320000.0	1.9335836986374552e6	16655.3824371435	1.9335119647605943e6
290909.0909090909	1.759253825524992e6	16777.04996990469	1.7591738268910854e6
266666.6666666666	1.613979427417223e6	16876.472869591264	1.613891191124578e6
246153.84615384613	1.4910552593951845e6	16959.40647972396	1.4909588073122262e6
228571.42857142855	1.385691894621915e6	17029.788587257182	1.3855872448610177e6
213333.3333333333	1.2943771083782145e6	17090.401324049333	1.2942642762883208e6
199999.99999999997	1.214476746375023e6	17143.26439425023	1.2143557452293667e6
188235.29411764705	1.1443826129130125e6	18533.58937445558	1.1442325247966484e6
177777.77777777778	1.0818440022903143e6	18852.62269838378	1.0816797233511026e6
168421.05263157893	1.0258126765110269e6	18856.04510930834	1.0256393600352672e6
160000.0	975358.6715679157	18775.669456786112	975177.9388599696
152380.95238095237	929700.1102367733	18681.205802782737	929512.403103919
145454.54545454544	888187.9864726247	18592.351257032416	887993.3692258239
139130.4347826087	850283.1716256747	18513.58358187508	850081.5955970188
133333.3333333333	815535.4128803569	18444.942467241828	815326.8018158819
128000.0	783566.1675007212	18385.335836465336	783350.4441040093
123076.92307692306	754055.0109687042	18333.521903731224	753832.10434527
118518.51851851851	726728.9403998978	18288.374536404273	726498.787453616
114285.71428571428	701353.9293659205	18248.93321036543	701116.4743990118
110344.8275862069	677728.2165443707	18214.392766822057	677483.4104216497
106666.66666666666	655676.9320532274	18184.080001707924	655424.7313469519
103225.80645161291	635047.7621818176	18157.43051283298	634788.1284092402
99999.99999999999	615707.4263026748	18133.968989455283	615440.325273664
94117.64705882352	580371.8918624463	17838.049895442673	580097.695944332
88888.88888888889	549023.9182525306	17821.192295753543	548734.6060879696
84210.52631578947	520974.67370080296	17810.02885060576	520670.15807514713
80000.0	495729.43225396785	17803.137780293837	495409.6469468647
76190.47619047618	472887.70354676264	17799.54162598069	472552.59652618127
72727.27272727272	452121.8050761578	17798.52669617694	451771.3349392242
69565.21739130435	433161.03291459236	17799.554269193603	432795.16668217845
66666.66666666666	415779.79195406305	17802.209257418435	415398.50353957585
64000.0	399788.575436408	17806.167581919282	399391.84449049167
61538.46153846153	385027.0259797836	17811.17342263996	384614.83699429175
59259.259259259255	371358.5385135525	17817.02322714136	370930.8800979573
57142.85714285714	358666.0194808238	17823.55367308924	358222.8837814262
55172.41379310345	346848.5233896984	17830.632962548218	346389.9056060512
53333.33333333333	335818.5618740923	17838.15396207577	335344.45986538805
51612.903225806454	325499.93357295095	17846.029226194554	325010.34752274165
49999.99999999999	315825.96077539667	17854.186899482513	315320.8929168201
47058.82352941176	298118.5740829938	17607.883489169526	297598.12945028616
44444.444444444445	282440.1460524488	17639.565816566224	281888.7756189161
42105.26315789473	268411.44007019495	17670.52774210938	267829.1500376148
40000.0	255784.95075549476	17700.43467457266	255171.77674132
38095.23809523809	244360.35688796785	17729.229411957593	243716.34832910408
36363.63636363636	233973.76976967746	17756.94031572815	233298.98416164974
34782.608695652176	224489.8048684037	17783.62099567202	223784.30533470452
33333.33333333333	215795.64089396046	17809.32966107127	215059.4950376719
32000.0	207796.50680539486	17834.123360877085	207029.78598374085
30769.230769230766	200412.21046154833	17858.055203410335	199614.98933305556
29629.629629629628	193574.43912749324	17881.174502687634	192746.79525721827
28571.42857142857	187224.63815488428	17903.526139003046	186366.65174868968
27586.206896551725	181312.32882999117	17925.15140610402	180424.0824635755
26666.666666666664	175793.76235336592	17946.087698964955	174875.34079638773
25806.451612903227	170630.834588369	17966.36940504629	169682.3246031382
24999.999999999996	165790.204022666	17986.027648137333	164811.69424321095
23529.41176470588	156900.40983254352	17760.436004199975	155891.96746003572
22222.222222222223	149055.4273991996	17810.086068365104	147987.5713409592
21052.631578947367	142035.13095060826	17857.157181802344	140908.12737929932
20000.0	135715.67494371443	17901.27966700658	134529.8799959012
19047.619047619046	129996.88654285783	17942.54215934759	128752.69197844635
18181.81818181818	124796.83211388711	17981.142487586618	123494.6469305566
17391.304347826088	120047.83606046528	18017.28855354985	118688.07967095294
16666.666666666664	115693.50443185055	18051.16818049613	114276.60432057852
16000.0	111686.46752937027	18082.94732295878	110212.8578946403
15384.615384615383	107986.64340311156	18112.769055609373	106456.76470102282
14814.814814814814	104559.88867416889	18140.75914771214	102974.18694556072
14285.714285714284	101376.93753927358	18167.0265605877	99735.8642153798
13793.103448275862	98412.56130351598	18191.668308317847	96716.57265680186
13333.333333333332	95644.89507818095	18214.76931669219	93894.45208986488
12903.225806451614	93054.8956847573	18236.406278408256	91250.46354375355
12499.999999999998	90625.90035079778	18256.647008309446	88767.94835077983
11764.70588235294	86141.49046791921	18040.032132647848	84231.31021590279
11111.111111111111	82202.26895360491	18085.98144270992	80187.9685262992
10526.315789473683	78675.02408922222	18127.646859361794	76558.13369448061
10000.0	75497.70577477111	18164.166368216338	73280.05620495706
9523.809523809523	72620.22560154964	18195.574700066743	70303.75685377173
9090.90909090909	70001.64849604973	18222.141164436103	67588.34487948248
8695.652173913044	67608.176563909	18244.18229091598	65100.04109701101
8333.333333333332	65411.65107633083	18261.995290706032	62810.69673657412
8000.0	63388.423317980356	18275.85468739284	60696.66668100297
7692.3076923076915	61518.484603787234	18286.003401148893	58737.943678337746
7407.407407407407	59784.7932903253	18292.664240933762	56917.48363846902
7142.857142857142	58172.743359603024	18296.03559429553	55220.67684766738
6896.551724137931	56669.74566178735	18296.301916532106	53634.92714221554
6666.666666666666	55264.89046977551	18293.629391514674	52149.31679631282
6451.612903225807	53948.67765103242	18288.17458985656	50754.3346963186
6249.999999999999	52712.79529541408	18280.080038207136	49441.65714913861
5882.35294117647	50417.41476922346	18041.33111815618	47078.934604523085
5555.555555555556	48405.19311263906	18023.360560289842	44924.61679731579
5263.157894736842	46598.732402546324	17998.496997226943	42982.50769051212
5000.0	44966.904091797864	17965.451412198632	41222.14234069934
4761.9047619047615	43484.70408593559	17924.436923058616	39618.60737624023
4545.454545454545	42131.73967444336	17876.066044805393	38151.405619673045
4347.826086956522	40891.19233076973	17821.040013764767	36803.53438271651
4166.666666666666	39749.0566276358	17760.025301247446	35560.77901404929
4000.0	38693.57571645665	17693.647791249437	34411.15559763109
3846.1538461538457	37714.804384962496	17622.471763508154	33344.48918097778
3703.7037037037035	36804.27468295832	17547.01888808146	32352.07509696958
3571.428571428571	35954.72960059073	17467.75914347972	31426.42154552401
3448.2758620689656	35159.915362369604	17385.12724542687	30561.03726887081
3333.333333333333	34414.41248634683	17299.5163751513	29750.2692419127
3225.8064516129034	33713.50200536213	17211.290444964	28989.16519468346
3124.9999999999995	33053.054814198986	17120.779751766793	28273.367914734437
2941.176470588235	31823.991044182632	16804.37114209408	27025.534527534735
2777.777777777778	30735.400495659185	16624.916822397427	25851.05383300522
2631.578947368421	29751.267686881765	16442.767823916296	24794.622708669678
2500.0	28856.01901886444	16257.070511212001	23840.66886667712
2380.9523809523807	28037.183848464316	16068.552823685019	22975.754357692644
2272.7272727272725	27284.59755004766	15878.298672207151	22188.48563431609
2173.913043478261	26589.868240720014	15687.354115762131	21469.23412480128
2083.333333333333	25945.99983648985	15496.64691512097	20809.82560962977
2000.0	25347.106834844333	15306.942948093249	20203.299791886246
1923.0769230769229	24788.203211619217	15118.891584856447	19643.67928128247
1851.8518518518517	24265.032106781928	14933.00393449911	19125.824861568504
1785.7142857142856	23773.939744725467	14749.712723114646	18645.27247243727
1724.1379310344828	23311.767643809435	14569.341441400324	18198.15377017283
1666.6666666666665	22875.774605565028	14392.166220899288	17781.07463778889
1612.9032258064517	22463.565407724393	14218.376158560499	17391.076741846387
1562.4999999999998	22073.041366875612	14048.135479803124	17025.540952489544
1470.5882352941176	21346.913003231588	13679.937013150882	16387.495784401057
1388.888888888889	20691.18038367633	13371.75733046792	15789.903469144754
1315.7894736842104	20092.760530507803	13078.58977086456	15253.50829618449
1250.0	19543.656369204222	12799.258588613138	14769.34270234629
1190.4761904761904	19037.374971975016	12533.119964867508	14329.778427101382
1136.3636363636363	18568.594699986745	12279.867149982898	13928.301113601283
1086.9565217391305	18132.8751864085	12038.9553659174	13559.672423156751
1041.6666666666665	17726.500914168693	11809.973361144728	13219.431299003578
1000.0	17346.31060407741	11592.269980079403	12904.02139962881
961.5384615384614	16989.617085645805	11385.349624475071	12610.349029481033
925.9259259259259	16654.09729034627	11188.529900612937	12335.953762048937
892.8571428571428	16337.750997610794	11001.303248589234	12078.635456561824
862.0689655172414	16038.825525185895	10823.014266178576	11836.650135129012
833.3333333333333	15755.79549652425	10653.18522570608	11608.390770261462
806.4516129032259	15487.308795087849	10491.216070526163	11392.590534024253
781.2499999999999	15232.177986809691	10336.67720926875	11188.044980837076
735.2941176470588	14757.595976095745	10041.031151035355	10815.004966139171
694.4444444444445	14325.53837892849	9777.92869655087	10469.630377970374
657.8947368421052	13929.716594827198	9535.317701358763	10154.54187771947
625.0	13565.429883402227	9311.441084072094	9864.986206749427
595.2380952380952	13228.747503965002	9103.97585532928	9597.780167790974
568.1818181818181	12916.423097008801	8911.429165453826	9349.888547466293
543.4782608695652	12625.687775105613	8731.95433945241	9119.263413684766
520.8333333333333	12354.217988055234	8564.414540652364	8903.79164582426
500.0	12100.0000999057	8407.389677047486	8702.057299052523
480.7692307692307	11861.321950457523	8260.03043778755	8512.511708023
462.96296296296293	11636.68019371858	8121.24438902252	8334.129558907309
446.4285714285714	11424.782202641532	7990.3934274977155	8165.737030519414
431.0344827586207	11224.480501191836	7866.62823564924	8006.567474500033
416.66666666666663	11034.778861739542	7749.462744860881	7855.709496506798
403.2258064516129	10854.784678728878	7638.227735508578	7712.575930392823
390.62499999999994	10683.71638722258	7532.547063662093	7576.4457746573935
367.6470588235294	10365.703338150937	7332.634317818747	7326.682718372638
347.22222222222223	10075.986196567024	7153.918866048801	7095.557954903916
328.9473684210526	9810.4895207171	6989.027823447767	6884.70730817026
312.5	9566.110615823081	6837.400145736875	6690.323726191463
297.6190476190476	9340.22870826524	6697.201546141319	6510.557869573427
284.09090909090907	9130.676942988082	6567.372550695552	6343.412269243171
271.7391304347826	8935.599767054773	6446.421519469474	6187.777693995655
260.41666666666663	8753.439968276072	6333.580074568525	6042.2243186794685
250.0	8582.847108657552	6227.774953793987	5905.93630303338
240.38461538461536	8422.6720184207	6128.467309364922	5777.827651283181
231.48148148148147	8271.906936155297	6034.8649360528	5657.282878203508
223.2142857142857	8129.683616166418	5946.573550734715	5543.466307705587
215.51724137931035	7995.233384077254	5862.989657462451	5435.909228671112
208.33333333333331	7867.886744042698	5783.8149973453155	5333.95968240914
201.61290322580646	7747.046188796779	5708.5793094417695	5237.25566677473
195.31249999999997	7632.186284297272	5637.0517695514345	5145.2808305876215
183.8235294117647	7418.82143780976	5502.331561498999	4976.269578051179
173.61111111111111	7224.299047254034	5380.605633572841	4820.744728786181
164.4736842105263	7045.98179473736	5267.994077861134	4679.112933814521
156.25	6881.787685632399	5164.544463096165	4548.2394658619805
148.8095238095238	6729.973457645203	5068.887029474277	4427.067542181435
142.04545454545453	6589.086478321187	4980.229704567784	4314.321813279091
135.8695652173913	6457.891615956922	4897.512999213749	4209.362249317473
130.20833333333331	6335.342961643662	4820.228959693981	4111.199729735272
125.0	6220.5413637951615	4747.651613970727	4019.3207151268375
120.19230769230768	6112.714236447673	4679.434810760666	3932.9588337931214
115.74074074074073	6011.1907920920075	4615.045142567362	3851.7233897305155
111.60714285714285	5915.386975461932	4554.227852643519	3775.024733120389
107.75862068965517	5824.7913632857	4496.576165262014	3702.566301338201
104.16666666666666	5738.953383524901	4441.896391868701	3633.8880530604856
100.80645161290323	5657.475670972899	4389.871538014296	3568.761528511293
97.65624999999999	5580.004451521536	4340.351192550629	3506.8220947639306
91.91176470588235	5436.159608495691	4248.0779273447415	3392.0001786919797
86.80555555555556	5304.909640638546	4162.95421872092	3288.1420997538235
82.23684210526315	5184.5091097138165	4084.196896369156	3193.5044105800303
78.125	5073.544349462707	4011.908183590206	3105.7116724523694
74.4047619047619	4970.869326308243	3945.0147382141395	3024.301667245745
71.02272727272727	4875.5145628326945	3882.912812877985	2948.4962845460154
67.93478260869566	4786.663654979116	3824.880088843147	2877.923079560895
65.10416666666666	4703.613661805487	3770.5690954282036	2811.9015231911944
62.5	4625.768287934098	3719.4944292058276	2750.1078969312407
60.09615384615384	4552.6069606692345	3671.418002972786	2692.0103985277037
57.87037037037037	4483.6844964811435	3625.9820140680663	2637.3625267756147
55.80357142857142	4418.60680291358	3583.0098804056265	2585.7544886686032
53.87931034482759	4357.034360227509	3542.2284326992785	2536.9994376782884
52.08333333333333	4298.662778943626	3503.502768228326	2490.776995255054
50.403225806451616	4243.228208864892	3466.6197813426943	2446.9435882566413
48.82812499999999	4190.491390284275	3431.474160458851	2405.244931010117
45.955882352941174	4092.5269494150584	3366.943413798275	2326.4713365887283
43.40277777777778	4003.163965290524	3305.895866963274	2257.5150608125955
41.118421052631575	3921.0873004975974	3249.5598150902606	2194.376136006334
39.0625	3845.333578248672	3197.8842316093805	2135.4453327657016
37.20238095238095	3775.1626635878006	3150.0311451235366	2080.662615922879
35.51136363636363	3709.9293479023627	3105.5428603128053	2029.57614027841
33.96739130434783	3649.0944713174995	3063.927988061895	1981.9777356395628
32.55208333333333	3592.1830748766915	3024.9346106884427	1937.4080222012406
31.25	3538.7987480210445	2988.2334561319994	1895.6680591940983
30.04807692307692	3488.588228647569	2953.649734701286	1856.3946438614305
28.935185185185183	3441.2549500965197	2920.9403848339393	1819.4347748160571
27.90178571428571	3396.5308057008483	2889.9750025310805	1784.5072145610216
26.939655172413794	3354.1893411212927	2860.5678774361227	1751.495804925689
26.041666666666664	3314.0230395813587	2832.618897024264	1720.179900794423
25.201612903225808	3275.8557530462886	2805.983056623941	1690.4703489578956
24.414062499999996	3239.524063917014	2780.5818270770483	1662.1915845131298
22.977941176470587	3171.9137520055006	2734.442931537156	1607.4385538265835
21.70138888888889	3110.3938684962936	2689.96866687327	1561.6076935067208
20.559210526315788	3053.7838753960923	2649.094711073933	1519.1751608650302
19.53125	3001.440212690159	2611.5936997684375	1479.2639040020385
18.601190476190474	2952.8954459261067	2576.8326507638135	1442.0558257323737
17.755681818181817	2907.7187560568123	2544.47244833999	1407.2982356143536
16.983695652173914	2865.5518434780906	2514.1785742837433	1374.8794362682306
16.276041666666664	2826.0703391957572	2485.762923098481	1344.4910755490039
15.625	2789.008423188474	2458.9997740562444	1316.0121943992756
15.02403846153846	2754.123468547909	2433.75678378716	1289.1950967081523
14.467592592592592	2721.2159635195194	2409.867337035113	1263.9445153980298
13.950892857142856	2690.1011887207956	2387.232130564964	1240.0674015372315
13.469827586206897	2660.626523621026	2365.7238693891336	1217.490891956984
13.020833333333332	2632.6486352283237	2345.2659708081214	1196.0628590249744
12.600806451612904	2606.048644094944	2325.7590646315334	1175.7271404000803
12.207031249999998	2580.7134409561972	2307.1428273878682	1156.3623300526044
11.488970588235293	2533.429252518269	2273.410778380687	1117.9746017945995
10.850694444444445	2490.6165669082934	2240.698705053446	1087.4006605340392
10.279605263157894	2451.111341338511	2210.7304188960866	1058.5923779273153
9.765625	2414.5104847980915	2183.183513964816	1031.2956053199066
9.300595238095237	2380.525877084057	2157.610474088821	1005.7934646680859
8.877840909090908	2348.867329698291	2133.767717627838	981.9435114777572
8.491847826086957	2319.293935741102	2111.429190099099	959.6828307117485
8.138020833333332	2291.5815223702534	2090.452887821205	938.8038120229135
7.8125	2265.5495837566946	2070.6839145599715	919.2295918010495
7.51201923076923	2241.0294347433874	2052.0206642300245	900.7908308587713
7.233796296296296	2217.8850567794857	2034.3485798433383	883.4251415797127
6.975446428571428	2195.987662140772	2017.5908351187172	867.0000197920706
6.734913793103448	2175.232989374363	2001.659812482729	851.4672942363285
6.510416666666666	2155.5208800898645	1986.4959511105621	836.7222363034981
6.300403225806452	2136.7699932133337	1972.0308197170466	822.7274457455663
6.103515624999999	2118.9011505815383	1958.2172986416067	809.3992199381804
5.744485294117647	2085.4287741598587	1933.0828384355573	782.4346054718055
5.425347222222222	2055.3297091053964	1908.8506469141123	762.0166802025062
5.139802631578947	2027.4486193902214	1886.6617844482173	742.3309338630468
4.8828125	2001.5652104832902	1866.202033775234	723.569803785508
4.650297619047619	1977.505059963984	1847.1767247117666	706.0201200151946
4.438920454545454	1955.0705704027516	1829.4135405306115	689.5991828433331
4.2459239130434785	1934.0972470237473	1812.7594757802433	674.2664487528474
4.069010416666666	1914.4287170228067	1797.1065335479589	659.8828832761374
3.90625	1895.9405631806148	1782.347529536988	646.3960883754033
3.756009615384615	1878.5144383907937	1768.4038196455713	633.6911123770258
3.616898148148148	1862.0561767189342	1755.1957100876186	621.7243959723269
3.487723214285714	1846.4752326656287	1742.6633009677216	610.4059340372369
3.367456896551724	1831.6992711446876	1730.7454770074187	599.7018540327706
3.255208333333333	1817.6577428288256	1719.3955899901162	589.5409020484682
3.150201612903226	1804.2941155562987	1708.565823263702	579.8966140669513
3.0517578124999996	1791.5525422347864	1698.219151815842	570.7120324592847
2.8722426470588234	1767.5869775007316	1679.249605694005	551.8011279498262
2.712673611111111	1746.2072038649026	1661.210158300677	538.1639237149969
2.5699013157894735	1726.3076783550878	1644.6477774134728	524.6635956464453
2.44140625	1707.7992415520137	1629.323192763265	511.74620953100674
2.3251488095238093	1690.5761596254144	1615.0525091417803	499.6530238161819
2.219460227272727	1674.5022986591414	1601.7137754936678	488.3348539768266
2.1229619565217392	1659.4634354855707	1589.2016042009873	477.76265542482673
2.034505208333333	1645.349713358185	1577.4337318728412	467.8445263093098
1.953125	1632.0739450182512	1566.3345793013311	458.54263454160895
1.8780048076923075	1619.552539848846	1555.843305706294	449.77998779376514
1.808449074074074	1607.7192339727928	1545.9032857523632	441.52481967168177
1.743861607142857	1596.5099842470647	1536.4679437525197	433.71694412539017
1.683728448275862	1585.8737763949703	1527.493711677588	426.33155576695214
1.6276041666666665	1575.7606297999885	1518.9442074972098	419.3209474117998
1.575100806451613	1566.1306018958799	1510.7852646102674	412.665659379643
1.5258789062499998	1556.944084333442	1502.9879543754041	406.32756581770207
1.4361213235294117	1539.5930056107354	1488.5704674362735	393.070714251332
1.3563368055555556	1524.2380234991715	1475.0912977279404	383.9364734535667
1.2849506578947367	1509.870584519362	1462.6526955446914	374.6415276136484
1.220703125	1496.4855447715977	1451.1078318741802	365.7253696201035
1.1625744047619047	1484.0170798711547	1440.3445937890172	357.37115789058896
1.1097301136363635	1472.3703500966446	1430.2759341835215	349.5499963369633
1.0614809782608696	1461.4646315184123	1420.827493326102	342.23983314031983
1.0172526041666665	1451.222227903231	1411.9368592441679	335.3807690791653
0.9765625	1441.5810400798298	1403.5495023285841	328.9448124394544
0.9390024038461537	1432.481653789042	1395.6186837321259	322.8810586887949
0.904224537037037	1423.8766897919784	1388.1032379160029	317.1659323131514
0.8719308035714285	1415.7205808040078	1380.96728430105	311.75971933881976
0.841864224137931	1407.9767677501675	1374.1790518557984	306.6439498260284
0.8138020833333333	1400.6096338960947	1367.71045926733	301.78708748603145
0.7875504032258065	1393.59050137837	1361.536537170619	297.17460100327565
0.7629394531249999	1386.8911156728007	1355.6349384165687	292.7812843684707
0.7180606617647058	1374.1866799452216	1344.6341850972356	283.45712128426766
0.6781684027777778	1363.0265136216626	1334.5221104098766	277.29409236908276
0.6424753289473684	1352.5296356974623	1325.1319167957479	270.85386932650033
0.6103515625	1342.7368167269321	1316.3944008390188	264.66571450351364
0.5812872023809523	1333.6052003450739	1308.2406702994444	258.8613122154118
0.5548650568181818	1325.0679900240825	1300.608022135052	253.42444819789992
0.5307404891304348	1317.067209147125	1293.4427390612768	248.3383059059924
0.5086263020833333	1309.5474754580089	1286.6977346729095	243.5642216460522
0.48828125	1302.4638867868052	1280.332873795734	239.08138501721308
0.46950120192307687	1295.7738928125768	1274.3125465130195	234.85637120198137
0.4521122685185185	1289.4431144051882	1268.6062566229095	230.87163304347334
0.43596540178571425	1283.4388853424605	1263.186626335689	227.10112165235506
0.4209321120689655	1277.7346152830096	1258.030056287667	223.53103714980972
0.40690104166666663	1272.304730782746	1253.1150896377167	220.14063708096484
0.39377520161290325	1267.1283351057834	1248.4231454507947	216.91903450527096
0.38146972656249994	1262.1851189713798	1243.9371397829416	213.84963600958164
0.3590303308823529	1252.7757020067638	1235.5149891994377	207.24302401300147
0.3390842013888889	1244.5623623210959	1227.8887565142725	203.03860552146344
0.3212376644736842	1236.8007465538271	1220.7616352639575	198.53744368197283
0.30517578125	1229.5509842524448	1214.116706201886	194.20671100051936
0.29064360119047616	1222.7837442475982	1207.9103130216913	190.1387937587057
0.2774325284090909	1216.4515195758781	1202.096947697494	186.32559624171776
0.2653702445652174	1210.5120988181775	1196.6370811109164	182.754582693664
0.25431315104166663	1204.9256289333305	1191.4953186309347	179.40088333380405
0.244140625	1199.6592002628745	1186.6416740952102	176.2490682978976
0.23475060096153844	1194.682050787201	1182.0491638283138	173.2771674684716
0.22605613425925924	1189.9689002330297	1177.6948816239467	170.47213648735783
0.21798270089285712	1185.4961047683319	1173.5580602932112	167.81684522634563
0.21046605603448276	1181.2440653242566	1169.6209322987595	165.30098787471672
0.20345052083333331	1177.194241545865	1165.8672007750827	162.91087282811225
0.19688760080645162	1173.3312032143413	1162.282854716866	160.63834557049665
0.19073486328124997	1169.6402093847425	1158.8549117906919	158.4724355469172
0.17951516544117646	1162.5897639682264	1152.3791241995589	153.74431174113113
0.16954210069444445	1156.4678036046912	1146.588368377924	150.84062541208408
0.1606188322368421	1150.6592453955498	1141.145042126375	147.66411833837535
0.152587890625	1145.2276303978026	1136.0617366596903	144.60309790711523
0.14532180059523808	1140.1523657302819	1131.3098026479222	141.7234896306103
0.13871626420454544	1135.3992446738184	1126.8559541142492	139.02195324171706
0.1326851222826087	1130.9371296689808	1122.6706896037044	136.48924488272343
0.12715657552083331	1126.737022649759	1118.727406265596	134.10931615624443
0.1220703125	1122.7745976628942	1115.0035017838386	131.8711043665408
0.11737530048076922	1119.0271820867335	1111.4784480887736	129.75936838296747
0.11302806712962962	1115.4760430747203	1108.1349122611211	127.76470131328432
0.10899135044642856	1112.103894567948	1104.9571730016842	125.87580444757236
0.10523302801724138	1108.896115308084	1101.9317186090075	124.08497922294586
0.10172526041666666	1105.8391097898473	1099.0461848682596	122.3830881589652
0.09844380040322581	1102.9213476687898	1096.2899023292564	120.76402276526345
0.09536743164062499	1100.1320073005056	1093.6530154642192	119.22044813311231
0.08975758272058823	1094.7859495732885	1088.6444418080055	115.79963170763153
0.08477105034722222	1090.1639293846938	1084.2108138233925	113.77303775452482
0.08030941611842105	1085.7638048344772	1080.0222929873817	111.51182241770995
0.0762939453125	1081.6446678571217	1076.1052054824786	109.32874387486365
0.07266090029761904	1077.7917599883888	1072.4401336512851	107.27179327708788
0.06935813210227272	1074.1802951109069	1069.0026213280391	105.34088474251406
0.06634256114130435	1070.7868411088061	1065.7702793751164	103.52859842798158
0.06357828776041666	1067.5901449453604	1062.7231145802914	101.82484628625892
0.06103515625	1064.571906265272	1059.8438757626232	100.22126829040154
0.05868765024038461	1061.7154820061503	1057.1170610411612	98.70807457979292
0.05651403356481481	1059.00671296204	1054.5293725037986	97.2780582937845
0.05449567522321428	1056.4327726619933	1052.0688547586617	95.92355290076074
0.05261651400862069	1053.9826362410604	1049.7251511751156	94.63881068587044
0.05086263020833333	1051.6462137696938	1047.488855274019	93.41764829440856
0.049221900201612906	1049.4147971369198	1045.351778426714	92.25549192340166
0.04768371582031249	1047.2803450843435	1043.3064166525285	91.14736513823212
0.044878791360294115	1043.1755074654363	1039.4020531827446	88.64824428755401
0.04238552517361111	1039.639349461759	1035.9736893593856	87.22666968520782
0.04015470805921052	1036.263308038462	1032.721068110133	85.60863898160031
0.03814697265625	1033.0991693777864	1029.675032441274	84.04297315143965
0.03633045014880952	1030.136290733114	1026.8221251640168	82.56573598673374
0.03467906605113636	1027.3563464674596	1024.1441236347055	81.17805523334432
0.033171280570652176	1024.7418280319002	1021.6240849214155	79.87517278003904
0.03178914388020833	1022.2767978779735	1019.2467786683795	78.65021076751432
0.030517578125	1019.9473640972759	1016.9989424981205	77.49694501517818
0.029343825120192304	1017.7411986626181	1014.8688500076804	76.40919276704084
0.028257016782407406	1015.6472221640984	1012.8460167729907	75.38054256063816
0.02724783761160714	1013.6559825407093	1010.9214375888847	74.4063032531072
0.026308257004310345	1011.7590959242896	1009.0871270697246	73.4822302853234
0.025431315104166664	1009.9489726361862	1007.335881857258	72.60405258488228
0.024610950100806453	1008.2189656944452	1005.6613689758386	71.76833379436076
0.023841857910156247	1006.5630229822722	1004.0578397654866	70.97163969273055
0.022439395680147058	1003.3663605832852	1000.981832849378	69.13337729090924
0.021192762586805556	1000.6210538937578	998.2981804512461	68.14129734005398
0.02007735402960526	997.993467895455	995.742839603256	66.9862623292337
0.019073486328125	995.5275855507729	993.3463090927348	65.86564965437174
0.01816522507440476	993.2156949837408	991.0990994654487	64.80734372593822
0.01733953302556818	991.0441237230511	988.98752423434	63.813259396626904
0.016585640285326088	988.999525417014	986.998561930039	62.880044713038146
0.015894571940104164	987.0699894600132	985.1206617843376	62.00359520365983
0.0152587890625	985.2445509817816	983.3432992642585	61.178272543243374
0.014671912560096152	983.5139376871181	981.6575257671002	60.40006398701354
0.014128508391203703	981.8698836076755	980.055384477241	59.66499554108564
0.01362391880580357	980.3050658300759	978.5298314291648	58.969408130994275
0.013154128502155173	978.8130167461935	977.074642086502	58.31008097506092
0.012715657552083332	977.3879627538132	975.684262654358	57.6840475753135
0.012305475050403226	976.02478207376	974.3537608258091	57.08873782746103
0.011920928955078123	974.7190491249397	973.0788492439642	56.52236620196442
0.011219697840073529	972.1863018764343	970.6197001798696	55.168860591074925
0.010596381293402778	970.0172063195184	968.485284176568	54.49435649088425
0.01003867701480263	967.9363078947445	966.446420592601	53.68437635531176
0.0095367431640625	965.9805130678225	964.5311368985854	52.8964798440872
0.00908261253720238	964.1439179615222	962.7324022527843	52.15185705972257
0.00866976651278409	962.4163681483772	961.0399668987155	51.45335463532246
0.008292820142663044	960.7875695983894	959.4437194105641	50.798653312884596
0.007947285970052082	959.2482865597501	957.9346382744728	50.18469947873786
0.00762939453125	957.7904149815548	956.5048178171731	49.608593238223726
0.007335956280048076	956.4063184289867	955.1468869357593	49.06597912827081
0.007064254195601851	955.089796762792	953.8547964757322	48.554578781316316
0.006811959402901785	953.835213437123	952.6230691194306	48.07184804143122
0.006577064251077586	952.6375277665513	951.4468122836058	47.615362064483115
0.006357828776041666	951.4922837273454	950.3216968558243	47.18303167183986
0.006152737525201613	950.3954878813255	949.243844479393	46.772931308232806
0.005960464477539062	949.3437715338264	948.2099563488902	46.38399757357797
0.005609848920036764	947.2908560173115	946.2024095482283	45.3978640371748
0.005298190646701389	945.5379121579892	944.4676852840496	44.974823871571665
0.005019338507401315	943.8518715496921	942.805270233925	44.43622224033147
0.00476837158203125	942.2638895998699	941.2402209589321	43.90995437319901
0.00454130626860119	940.7699905212199	939.7677145670255	43.414487475565934
0.004334883256392045	939.3619155478849	938.3794547641801	42.95121952019278
0.004146410071331522	938.0318322484508	937.0676774243324	42.51924550075
0.003973642985026041	936.7725576691187	935.8253149761385	42.11656030296776
0.003814697265625	935.5777588366012	934.6461459496038	41.74116303206591
0.003667978140024038	934.4413800471707	933.5242849352661	41.38963856523889
0.0035321270978009257	933.3586115217274	932.4550015126916	41.06053891187046
0.0034059797014508925	932.3250391114289	931.4339738298706	40.752066814126955
0.003288532125538793	931.3366847324696	930.4573141804568	40.46241239172786
0.003178914388020833	930.3902455952259	929.5217675010941	40.19070589560148
0.0030763687626008066	929.4821174936696	928.623859656553	39.93412096293899
0.002980232238769531	928.6098037581278	927.7611133714599	39.69236893229894
0.002804924460018382	926.8922496639727	926.07138224621	39.000480403893626
0.0026490953233506945	925.4306043505156	924.6170013764303	38.796961662210705
0.0025096692537006577	924.0206304986007	923.2185389436082	38.4922711444888
0.002384185791015625	922.6891215872761	921.898317040256	38.19303776662433
0.002270653134300595	921.4327659972117	920.6524380325136	37.91346196354272
0.0021674416281960225	920.2457170136248	919.4749157824806	37.65712321355381
0.002073205035665761	919.1212312980996	918.3590989818464	37.42196066731198
0.0019868214925130205	918.0538685650082	917.2995755887036	37.20744833983473
0.0019073486328125	917.0385947441155	916.291371572359	37.012249760143064
0.001833989070012019	916.0705106142022	915.3297024337411	36.83362946444711
0.0017660635489004629	915.1458315247799	914.4108199857701	36.67076833299586
0.0017029898507254463	914.261215114455	913.5314124808502	36.52297733348687
0.0016442660627693966	913.413029854147	912.6879577878298	36.38756403516991
0.0015894571940104165	912.5987962426758	911.8779821102955	36.264426729736385
0.0015381843813004033	911.8159569478825	911.0989735279916	36.15245193652297
0.0014901161193847654	911.0624720886359	910.3489013862074	36.05143260928267
0.001402462230009191	909.5584894039366	908.8608088777423	35.61847460050786
0.0013245476616753472	908.2845656219694	907.5850929911845	35.63917966610019
0.0012548346268503288	907.051376759587	906.3537461894625	35.56805940432592
0.0011920928955078125	905.8820884680332	905.1864074896224	35.49543496334009
0.0011353265671502975	904.7748308398376	904.0806469319394	35.435552265804944
0.0010837208140980113	903.7244812047269	903.0312594803853	35.39042709578268
0.0010366025178328805	902.7257315948542	902.0329685938455	35.3591579826144
0.0009934107462565103	901.7743870798683	901.0815544382334	35.34228974542151
0.00095367431640625	900.865819145544	900.1724829385965	35.33730415487317
0.0009169945350060095	899.9968028850247	899.3025119907353	35.34454880769345
0.0008830317744502314	899.1635831823119	898.467981274254	35.36150373246215
0.0008514949253627231	898.3636007524426	897.6663245815434	35.38825891672384
0.0008221330313846983	897.5943930079801	896.8950939525857	35.4243532495172
0.0007947285970052083	896.853232790802	896.1516402184321	35.467716322402865
0.0007690921906502017	896.1385500625461	895.4343581712967	35.51916545416413
0.0007450580596923827	895.4479966823455	894.7409808485206	35.57656465502426
0.0007012311150045955	894.0432093683835	893.3415470234233	35.413847284867046
0.0006622738308376736	892.8608477133233	892.1463195907451	35.71327232336101
0.0006274173134251644	891.7110907876277	890.9871464639949	35.924563596631174
0.0005960464477539062	890.6152601189011	889.8821349700623	36.129315213295435
0.0005676632835751488	889.5717776796097	888.8292178456752	36.339636045317604
0.0005418604070490056	888.5766422721077	887.8242711663644	36.55834678274136
0.0005183012589164402	887.6255380924769	886.8629729081113	36.785366092319364
0.0004967053731282551	886.7146806847874	885.9415350724986	37.02055341711154
0.000476837158203125	885.8403732169908	885.0563079038869	37.26256379743151
0.00045849726750300476	884.9999731314373	884.2046111009257	37.512106719103315
0.0004415158872251157	884.1904112879979	883.3834370933342	37.76753212491117
0.00042574746268136157	883.4091610017812	882.590291504347	38.02792505702586
0.00041106651569234915	882.6544703006496	881.8233841650301	38.29403454134906
0.00039736429850260413	881.9241264151701	881.0805530059795	38.56454158729782
0.00038454609532510083	881.2161980845503	880.3599082090099	38.838380306254614
0.00037252902984619135	880.529657928396	879.6603624395177	39.11681536467751
0.0003506155575022978	879.0942911558012	878.2154788567054	39.29816076113514
0.0003311369154188368	877.8958610738265	876.9836882539986	40.00941672867458
0.0003137086567125822	876.7239126232911	875.7819264698692	40.63048405097779
0.0002980232238769531	875.5986983166869	874.6270559484935	41.23825283334925
0.0002838316417875744	874.5194237774867	873.5177093494558	41.845358368486735
0.0002709302035245028	873.4823648026817	872.4500695190203	42.45371382508021
0.0002591506294582201	872.4840219825103	871.4205872285097	43.0642400269266
0.00024835268656412757	871.5212596983015	870.4260901895974	43.67754140705744
0.0002384185791015625	870.590622560559	869.4632030062273	44.291880842133054
0.00022924863375150238	869.6897622946219	868.5295410758707	44.90789372274617
0.00022075794361255786	868.8162129730825	867.622667105307	45.52493217965906
0.00021287373134068078	867.9679014797753	866.7405159774091	46.14277800934309
0.00020553325784617457	867.1428990488575	865.8811802148838	46.76097860970299
0.00019868214925130207	866.3395490453324	865.0430115901928	47.37934506765107
0.00019227304766255041	865.5563067396414	864.2244832851059	47.997527304644
0.00018626451492309568	864.7918275241817	863.4242594583787	48.61535900684453
0.0001753077787511489	863.1431938545675	861.7342554116667	49.29752678952294
0.0001655684577094184	861.774529413933	860.2840078483616	50.66325480035423
0.0001568543283562911	860.4264189922008	858.8582868810569	51.923651214820026
0.00014901161193847656	859.1199106379265	857.4737312839289	53.15845193885152
0.0001419158208937872	857.854508925361	856.1291709354468	54.380154072571464
0.0001354651017622514	856.6272421488986	854.8214825058419	55.59195119927403
0.00012957531472911006	855.4348009254232	853.5473610723906	56.794375079550775
0.00012417634328206378	854.2743083437018	852.3039307455106	57.987960231947426
0.00011920928955078125	853.1430512823632	851.088522700694	59.172565252244894
0.00011462431687575119	852.0386945379513	849.8988329677215	60.34824529380438
0.00011037897180627893	850.9591090073062	848.732778362226	61.514844842892124
0.00010643686567034039	849.9022964843699	847.5884331468185	62.67185624446721
0.00010276662892308729	848.8669880204691	846.4644702383582	63.82056075465707
9.934107462565103e-5	847.851384841364	845.3592004698936	64.9599334845793
9.613652383127521e-5	846.854025257115	844.2712334489892	66.08951856914138
9.313225746154784e-5	845.8741656966969	843.1997418838298	67.21085834986556
8.765388937557444e-5	843.7130937986253	840.920277943393	68.59206069841137
8.27842288547092e-5	841.9098823850513	838.9168784973718	70.92757594784133
7.842716417814555e-5	840.1205874801623	836.9332501256112	73.1118071325971
7.450580596923828e-5	838.3702010026393	834.9871028273071	75.24049469046467
7.09579104468936e-5	836.6590829331284	833.0778092923725	77.32906775026377
6.77325508811257e-5	834.9843235920354	831.2024696430924	79.38057132367324
6.478765736455503e-5	833.3434022464077	829.3585513855459	81.39790729058623
6.208817164103189e-5	831.7335473078614	827.5434614188297	83.3817316938224
5.9604644775390625e-5	830.1528397839966	825.7552631747034	85.33453427956582
5.7312158437875595e-5	828.5988704310512	823.9917900141636	87.25604889558407
5.5189485903139464e-5	827.0698369713934	822.2513543011929	89.14721295554583
5.3218432835170196e-5	825.5643762649805	820.5326034025992	91.00981326834619
5.138331446154364e-5	824.0807334095706	818.8340043483133	92.84357005071567
4.9670537312825516e-5	822.6177738424171	817.1544599415913	94.64983063387038
4.8068261915637603e-5	821.1744077588195	815.4929379725622	96.42964313387577
4.656612873077392e-5	819.749428959597	813.848381907978	98.1831836179254
4.382694468778722e-5	816.6101134541145	810.4184608786242	100.3692964141106
4.13921144273546e-5	813.9406761843819	807.279594474289	103.91862534173764
3.9213582089072776e-5	811.2831600534982	804.1668701007487	107.21945168091285
3.725290298461914e-5	808.6715576760951	801.0988179019511	110.41001834244292
3.54789552234468e-5	806.1069084576797	798.074824601333	113.5117711990674
3.386627544056285e-5	803.5864581658229	795.0923225668902	116.53065838087453
3.2393828682277515e-5	801.1083185855312	792.14922242102	119.47446390216753
3.1044085820515946e-5	798.6691946022974	789.2429671809278	122.3438644237105
2.9802322387695312e-5	796.267703130315	786.3719261905084	125.1457100657351
2.8656079218937797e-5	793.9009372186542	783.5339898909755	127.87957148108642
2.7594742951569732e-5	791.5677620403917	780.7278363616284	130.5510146713709
2.6609216417585098e-5	789.266212263719	777.9519194920158	133.16142376756946
2.569165723077182e-5	786.9950956506208	775.2050384196784	135.71451280859654
2.4835268656412758e-5	784.7524338287404	772.4858454441334	138.20998874391876
2.4034130957818802e-5	782.5378543423218	769.7935156210017	140.6536056649221
2.328306436538696e-5	780.3492819902191	767.1268261458997	143.04347070023465
2.191347234389361e-5	775.6268190514527	761.781561245295	145.89659138772117
2.06960572136773e-5	771.5054731836291	756.6514605048391	150.6627441280336
1.9606791044536388e-5	767.4114704891083	751.5919800375563	155.01567850214795
1.862645149230957e-5	763.3913373489894	746.6122922280438	159.1741782873869
1.77394776117234e-5	759.446800194798	741.7097414172551	163.1750649237374
1.6933137720281426e-5	755.5730450531171	736.8809650585309	167.02415916641456
1.6196914341138758e-5	751.7681373872987	732.122806706558	170.7381863874636
1.5522042910257973e-5	748.0270408547547	727.4325369704268	174.31683225291096
1.4901161193847656e-5	744.3485502794827	722.8073768927993	177.77587072636788
1.4328039609468899e-5	740.7281242475659	718.2452124732474	181.11313815009942
1.3797371475784866e-5	737.165031027779	713.7435197698669	184.34335072550903
1.3304608208792549e-5	733.6552130526666	709.3006807446995	187.46337224764576
1.284582861538591e-5	730.1980187597949	704.9144428222442	190.48562912024317
1.2417634328206379e-5	726.7901209395635	700.5835135651538	193.40791197892946
1.2017065478909401e-5	723.4310760016085	696.3057673710897	196.24168785098365
1.164153218269348e-5	720.1177659531924	692.080276403614	198.98363715269144
1.0956736171946805e-5	713.1859342167702	684.0182544878268	201.87422889530484
1.034802860683865e-5	706.9645548427454	675.8970180489954	207.2730151188939
9.803395522268194e-6	700.8282828983299	667.9856021292668	212.02716207651898
9.313225746154785e-6	694.8313331897866	660.2503632140441	216.47179829718942
8.8697388058617e-6	688.9743213899922	652.678490171813	220.67261724519153
8.466568860140713e-6	683.2468368031176	645.2668861227199	224.62610194488693
8.098457170569379e-6	677.6464088810363	638.0053144743329	228.3722272341197
7.761021455128987e-6	672.1637142605674	630.8921812966414	231.90324350324966
7.450580596923828e-6	666.7967550629276	623.9178920095761	235.2538556384926
7.164019804734449e-6	661.5373830187656	617.0819804747168	238.41463567641588
6.898685737892433e-6	656.3842011694941	610.3750363143894	241.4177594733302
6.6523041043962745e-6	651.3298645813804	603.7977682256978	244.2516071211526
6.422914307692955e-6	646.3734809722512	597.3407969194737	246.94665261912974
6.2088171641031895e-6	641.5085571347454	591.0054674866486	249.49101442334714
6.0085327394547004e-6	636.7342733009245	584.7829587415996	251.9115439226181
5.82076609134674e-6	632.0449320061164	578.6750516697656	254.19673611124597
5.478368085973403e-6	622.5760218520318	567.6316274727069	255.72492736881892
5.174014303419325e-6	613.8563731779407	556.001846454442	260.15686350820397
4.901697761134097e-6	605.3599100105556	544.8933737772157	263.72681293655273
4.656612873077393e-6	597.1274607426749	534.1677397251474	266.8820529933062
4.43486940293085e-6	589.1524013085564	523.7784689884483	269.73443864615325
4.2332844300703565e-6	581.4154173965926	513.7298075718289	272.26011900141674
4.049228585284689e-6	573.9088332611241	503.9836658563808	274.5392748681117
3.880510727564493e-6	566.6162525457619	494.547288327354	276.54467497506374
3.725290298461914e-6	559.5310578107976	485.38500488875053	278.34583108790724
3.5820099023672247e-6	552.6394194373162	476.5057326475586	279.9153705497918
3.4493428689462165e-6	545.9355426204988	467.87595733013694	281.31424643758504
3.3261520521981373e-6	539.4077007981249	459.5057123576056	282.5157836140289
3.2114571538464777e-6	533.0507425705824	451.3633797679101	283.57396488313003
3.1044085820515948e-6	526.8546453577829	443.4599482518873	284.46281238768046
3.0042663697273502e-6	520.814797046345	435.76524462198023	285.2309667654816
2.91038304567337e-6	514.9225687886071	428.2910869443508	285.85310334485507
2.7391840429867014e-6	503.4437237100323	415.5111171212572	284.26412804233365
2.5870071517096626e-6	492.66687043961394	401.53682264037093	285.4624761551658
2.4508488805670485e-6	482.34088406287464	388.5452744056523	285.8063998156651
2.3283064365386963e-6	472.46039735504	376.2459495767545	285.7583113331414
2.217434701465425e-6	462.9976923886545	364.51020224393017	285.48060462544254
2.1166422150351783e-6	453.92348437387614	353.36790684281505	284.91692136419016
2.0246142926423447e-6	445.2133071725199	342.7123302596394	284.1885774824534
1.9402553637822466e-6	436.843954460176	332.5767511418936	283.24079005028096
1.862645149230957e-6	428.7942053449151	322.8652372019882	282.17460754625165
1.7910049511836123e-6	421.0456117220676	313.61239236101096	280.9389159728737
1.7246714344731083e-6	413.5795653359741	304.73142751445215	279.6190514762853
1.6630760260990686e-6	406.38132423902573	296.25703671730344	278.1682025065886
1.6057285769232388e-6	399.43440077524144	288.11045438153974	276.6590078033587
1.5522042910257974e-6	392.72697584767195	280.3260745573288	275.04866747856977
1.5021331848636751e-6	386.24431652637776	272.8320879762594	273.3995680674045
1.455191522836685e-6	379.9769190935528	265.6620365552012	271.67285726986296
1.3695920214933507e-6	368.1558633609275	254.06771127281607	266.4363672917474
1.2935035758548313e-6	356.94707937939734	241.01513573103503	263.2924644307781
1.2254244402835243e-6	346.41561341651095	229.26570660020576	259.69407578118904
1.1641532182693481e-6	336.49650797551766	218.44329575753886	255.95395370711122
1.1087173507327124e-6	327.1245405866997	208.30040994919864	252.23283741229082
1.0583211075175891e-6	318.26627439683574	198.91232710000804	248.44980890735525
1.0123071463211724e-6	309.86823566638776	190.08016102370343	244.71995394777883
9.701276818911233e-7	301.90618329285127	181.8778272938331	240.9726114091212
9.313225746154785e-7	294.3353418611204	174.13616465947783	237.29704934151593
8.955024755918062e-7	287.1380902791992	166.9254963923289	233.6325352842796
8.623357172365541e-7	280.2764760197265	160.10040761657535	230.04947835420697
8.315380130495343e-7	273.73762375751517	153.726243001604	226.49620057083237
8.028642884616194e-7	267.489067488305	147.6774638374583	223.0286257418522
7.761021455128987e-7	261.52144328282714	142.0145367426017	219.60267906042768
7.510665924318376e-7	255.80671704044227	136.6282100367716	216.26328561537375
7.275957614183425e-7	250.33812763784175	131.5741570812864	212.972813611431
6.847960107466753e-7	240.27307941433983	123.80360260342742	205.92188002653404
6.467517879274156e-7	230.74829839665648	114.9216385693162	200.09446319550142
6.127122201417621e-7	221.96564270570605	107.17301940532955	194.37770050420397
5.820766091346741e-7	213.83340692846107	100.27607409757309	188.86353507813746
5.543586753663562e-7	206.25438188771062	93.92767643807437	183.6258741213394
5.291605537587946e-7	199.1987954478772	88.23148335992424	178.592736280042
5.061535731605862e-7	192.59160270220235	82.957937611123	173.80882031333158
4.850638409455617e-7	186.41269804974792	78.19875053616187	169.21775736833771
4.6566128730773926e-7	180.6024692472287	73.77143273152203	164.8484989647607
4.477512377959031e-7	175.14717174711842	69.7557142306509	160.6570014135281
4.3116785861827706e-7	169.9987654847756	66.00448876273653	156.66201750749133
4.1576900652476716e-7	165.14770973978202	62.58626666539046	152.8290720287993
4.014321442308097e-7	160.5548596924057	59.3814312734968	149.17006600105483
3.8805107275644935e-7	156.2135679547044	56.4489125846642	145.65781503629657
3.755332962159188e-7	152.0915953555093	53.69046747936202	142.29963836788747
3.6379788070917124e-7	148.1842796917982	51.15672403855152	139.07397432093668
3.4239800537333767e-7	141.08201785259624	47.38186641052308	132.88752573818067
3.233758939637078e-7	134.45889530147778	43.12536522967524	127.35539799906748
3.0635611007088106e-7	128.43553847413762	39.484713692500996	122.21556745260771
2.9103830456733704e-7	122.93777592735843	36.354056193821066	117.43968387313502
2.771793376831781e-7	117.87472054115752	33.5189835551877	113.00852836880514
2.645802768793973e-7	113.21865610693675	31.049580216630506	108.87785660561028
2.530767865802931e-7	108.90394642469099	28.796483520083832	105.02776815561447
2.4253192047278083e-7	104.91111990219447	26.81489848039606	101.42634913383542
2.3283064365386963e-7	101.19130209023825	24.995916068294203	98.05551386140735
2.2387561889795154e-7	97.73029673915747	23.382553486027923	94.89187053271117
2.1558392930913853e-7	94.49106286691945	21.894024260982192	91.91959890784797
2.0788450326238358e-7	91.46288927125802	20.563666637678327	89.12124173428488
2.0071607211540486e-7	88.61729775376939	19.33082387298337	86.48320478319428
1.9402553637822467e-7	85.94599632715989	18.221440616865692	83.99222217868878
1.877666481079594e-7	83.4267964255218	17.189415322875263	81.63672190064443
1.8189894035458562e-7	81.05312291314324	16.254983804477106	79.4064495837038
1.7119900268666884e-7	76.74367200028561	14.856351982240477	75.2919650285952
1.616879469818539e-7	72.80764905715753	13.367935873093563	71.56991023973043
1.5317805503544053e-7	69.25509290169028	12.096979360245406	68.19040242717114
1.4551915228366852e-7	66.03755903907646	11.022004309047823	65.11124806706472
1.3858966884158905e-7	63.10058326745932	10.066641582818786	62.29242599174181
1.3229013843969864e-7	60.416396545378056	9.244095942917491	59.70500533227098
1.2653839329014654e-7	57.94789463467759	8.506992899689902	57.32006249470007
1.2126596023639041e-7	55.67491522621248	7.863536088403747	55.1167940434884
1.1641532182693481e-7	53.57130749040123	7.282996740159995	53.07393846996789
1.1193780944897577e-7	51.62200266194396	6.770269927898871	51.17611360716186
1.0779196465456927e-7	49.80810420571488	6.304973964712067	49.407434135680994
1.0394225163119179e-7	48.118089244676554	5.889895250119971	47.75625243359524
1.0035803605770243e-7	46.538003624449075	5.511267931796516	46.21051511434585
9.701276818911234e-8	45.0588752798447	5.170581109273984	44.76122577049269
9.38833240539797e-8	43.67019569152673	4.858374519196915	43.399103547970405
9.094947017729281e-8	42.364870923857694	4.5753448663266765	42.117080950005324
8.559950134333442e-8	39.990065935245084	4.142392286861898	39.77494135315597
8.084397349092696e-8	37.85228357483786	3.7104291303917827	37.66998921553178
7.658902751772027e-8	35.93107868313946	3.3419200208589985	35.77532649617807
7.275957614183426e-8	34.19588437010416	3.027732571191285	34.06158163284379
6.929483442079453e-8	32.620116187550465	2.754584714157374	32.50360354086639
6.614506921984932e-8	31.18334203196331	2.5177318529365897	31.081535460770244
6.326919664507327e-8	29.867559234403227	2.3095314399822193	29.778132230687657
6.063298011819521e-8	28.658388316003247	2.126583934138394	28.579378258490788
5.820766091346741e-8	27.54318432795095	1.9642270541993665	27.473056164231785
5.5968904724487885e-8	26.511547786595855	1.8200051623818563	26.449002764752
5.389598232728463e-8	25.5543285961068	1.690942505714166	25.49832197302738
5.1971125815595895e-8	24.66382884904061	1.5752519159806295	24.613472629760455
5.0179018028851214e-8	23.833259086295147	1.4709574921290012	23.787822992674627
4.850638409455617e-8	23.056804960480452	1.3767469587037988	23.015664726384415
4.694166202698985e-8	22.32931951894603	1.2912621005961138	22.29195263692143
4.5474735088646405e-8	21.646332409267465	1.213529375846481	21.612289402709298
4.279975067166721e-8	20.402598516547506	1.0942038562623668	20.37323597635798
4.042198674546348e-8	19.2900702598971	0.9773698420071796	19.26529415357319
3.829451375886013e-8	18.29258802039718	0.8782835254754109	18.27149130566131
3.637978807091713e-8	17.39319368093971	0.7935557346597837	17.375081459339107
3.464741721039726e-8	16.57809005176347	0.7205137167233474	16.562425237518582
3.307253460992466e-8	15.83596273443985	0.6571183332140762	15.822323192967637
3.1634598322536636e-8	15.15742889539909	0.6017330378692651	15.145480120161787
3.0316490059097604e-8	14.534652280516237	0.5530691912450677	14.524125838934726
2.9103830456733704e-8	13.961030540936488	0.5100774528293239	13.9517093847699
2.7984452362243943e-8	13.430965999149759	0.47191226213109844	13.422672851826762
2.6947991163642316e-8	12.939678484306269	0.43787519985811474	12.932267573266794
2.5985562907797947e-8	12.483063561914971	0.40739323698053403	12.476414013700884
2.5089509014425607e-8	12.05757556776774	0.37998680481957087	12.051586559478075
2.4253192047278084e-8	11.660136901466265	0.355256579032177	11.654723734348647
2.3470831013494924e-8	11.288062284968476	0.33286440277504603	11.283153435041683
2.2737367544323203e-8	10.938998953888019	0.3125251701129795	10.934533649461645
2.1399875335833604e-8	10.302979101791644	0.28134767275783645	10.29913694728782
2.021099337273174e-8	9.735802335872807	0.2509167348620998	9.732568413083596
1.9147256879430066e-8	9.227818179772623	0.22517018980887393	9.225070554991087
1.8189894035458565e-8	8.77021942275895	0.2031942901606017	8.767865236406434
1.732370860519863e-8	8.355863211808769	0.18428628665113433	8.353830772706106
1.653626730496233e-8	7.9788963281233976	0.1679010224570466	7.9771295502579695
1.5817299161268318e-8	7.63447612249743	0.1536083971735203	7.632930638051231
1.5158245029548802e-8	7.31856186015042	0.1410668909514012	7.317202186158702
1.4551915228366852e-8	7.027754995068682	0.13000140842250513	7.026552490697054
1.3992226181121971e-8	6.759176712395215	0.12018922922990884	6.758108047269066
1.3473995581821158e-8	6.510372038215624	0.11144780739559751	6.509418058644457
1.2992781453898974e-8	6.279234754772914	0.10362690491295858	6.278379613413498
1.2544754507212804e-8	6.063947474210774	0.0966015537564503	6.063177971146738
1.2126596023639042e-8	5.862933859870127	0.09026744354170539	5.862238926711199
1.1735415506747462e-8	5.6748198711320725	0.08453670344257959	5.674190172664861
1.1368683772161601e-8	5.498402375892192	0.07933508638106622	5.497829992941379
1.0699937667916802e-8	5.176837615599087	0.07136742975872101	5.1763456596571364
1.010549668636587e-8	4.8905350307498985	0.06360098504778315	4.890121450607629
9.573628439715033e-9	4.634242679571369	0.057037162479553455	4.633891666327247
9.094947017729282e-9	4.403476749138334	0.051439858524165744	4.40317628776738
8.661854302599316e-9	4.194604309602048	0.04662811543472144	4.194345137561176
8.268133652481165e-9	4.004650650925274	0.042461502183979455	4.0044255339297425
7.908649580634159e-9	3.831156631732373	0.03882958150596182	3.830959853674665
7.579122514774401e-9	3.6720716399519957	0.03564461636794316	3.671898635619415
7.275957614183426e-9	3.525672119918351	0.032836131341925326	3.5255192079533555
6.996113090560986e-9	3.390498880097418	0.03034703849883978	3.3903630651002845
6.736997790910579e-9	3.265308265827015	0.028130659057464796	3.265187090642621
6.496390726949487e-9	3.149033788259978	0.026148557515544693	3.14892522180868
6.272377253606402e-9	3.0407556526188086	0.02436882718795473	3.0406580043133298
6.063298011819521e-9	2.939676380750453	0.022764826531873252	2.939588234126517
5.867707753373731e-9	2.8451011263489514	0.021314148947858224	2.8450212874786542
5.684341886080801e-9	2.7564216841930036	0.019997858405899894	2.7563491409378043
5.349968833958401e-9	2.5947479800884645	0.01798228131709946	2.5946856683867896
5.052748343182935e-9	2.450919722849662	0.016018888169208625	2.4508673736200595
4.786814219857517e-9	2.322199626163033	0.014360387044856524	2.3221552237168925
4.547473508864641e-9	2.206325883032244	0.012946769355163095	2.2062878967399686
4.330927151299658e-9	2.101466714150775	0.011732068344835929	2.1014339650000915
4.1340668262405825e-9	2.0061228189678366	0.01068064747788215	2.0060943867507612
3.9543247903170795e-9	1.9190551997439198	0.009764485704670357	1.919030357884705
3.7895612573872004e-9	1.8392310314251334	0.008961346854067636	1.839209199960603
3.637978807091713e-9	1.7657824777312818	0.008253365980250768	1.7657631892790213
3.498056545280493e-9	1.6979750199308958	0.00762608983368813	1.6979578943728773
3.3684988954552896e-9	1.6351827943064345	0.007067694963634986	1.635167520006345
3.2481953634747434e-9	1.5768692243857845	0.006568458983206648	1.576855543847188
3.136188626803201e-9	1.5225716400767901	0.006120305569655956	1.5225593390820145
3.0316490059097605e-9	1.4718889821716223	0.005716500679279716	1.4718778812993278
2.9338538766868654e-9	1.4244718721568306	0.005351376067675439	1.4244618202465689
2.8421709430404003e-9	1.3800145518163942	0.005020148453625643	1.3800054207627255
2.6749844169792006e-9	1.298954476382622	0.004513046192027674	1.29894663636676
2.5263741715914674e-9	1.2268713217124152	0.00401930504907559	1.226864737950884
2.3934071099287583e-9	1.1623679695321572	0.003602375062462091	1.162362387333752
2.2737367544323206e-9	1.1043085529475778	0.0032471206285890138	1.1043037790032217
2.165463575649829e-9	1.051773359590271	0.0029419410072076915	1.051769245094624
2.0670334131202913e-9	1.0040097574664104	0.0026778547966519223	1.0040061863262837
1.9771623951585398e-9	0.9603958942386068	0.0024477961199331935	0.9603927748398197
1.8947806286936002e-9	0.920413479460971	0.0022461644218454637	0.920410738702478
1.8189894035458565e-9	0.8836270825558008	0.002068458306369546	0.8836246615539376
1.7490282726402464e-9	0.849668214124118	0.0019110394155814722	0.8496660650050819
1.6842494477276448e-9	0.8182229348088681	0.0017709307813080677	0.8182210183388136
1.6240976817373717e-9	0.7890221236195407	0.0016456860555177258	0.7890204073903897
1.5680943134016004e-9	0.7618337535787394	0.001533273123383614	0.7618322106378809
1.5158245029548803e-9	0.7364567151318565	0.0014319982077297848	0.7364553229109947
1.4669269383434327e-9	0.7127158311764724	0.001340435999844309	0.7127145706668976
1.4210854715202002e-9	0.6904578087222756	0.0012573837796541758	0.6904566638186622
1.3374922084896003e-9	0.6498719617484744	0.0011302420584677945	0.6498709789025048
1.2631870857957337e-9	0.6137881952257526	0.001006482347962823	0.6137873700164983
1.1967035549643792e-9	0.5815007483019206	0.0009019939216633272	0.5815000487383116
1.1368683772161603e-9	0.5524404478615427	0.0008129743321706376	0.5524398496725206
1.0827317878249145e-9	0.5261464854390212	0.0007365129181442057	0.5261459699442309
1.0335167065601456e-9	0.5022418002668073	0.0006703542032400967	0.5022413528976739
9.885811975792699e-10	0.48041487985985126	0.0006127263888725704	0.4804144891207255
9.473903143468001e-10	0.46040610994078884	0.0005622234909566125	0.4604057666619261
9.094947017729282e-10	0.44199739836089125	0.0005177172774073085	0.441997095156311
8.745141363201232e-10	0.4250041932148506	0.000478294633654969	0.42500392408123655
8.421247238638224e-10	0.40926927371200045	0.0004432096631582333	0.40926903372957846
8.120488408686859e-10	0.3946578713960558	0.0004118485764074138	0.39465765650195594
7.840471567008002e-10	0.38105380025870533	0.00038370234081418865	0.38105360707401126
7.579122514774401e-10	0.3683563607119111	0.00035834609563761415	0.3683561864079376
7.334634691717164e-10	0.35647784252167763	0.00033542287221027936	0.35647768471589747
7.105427357601001e-10	0.3453414958619872	0.0003146310565716268	0.3453413525361438
6.687461042448001e-10	0.3250346208490467	0.0002828026053815446	0.32503449782010824
6.315935428978668e-10	0.30698219822449635	0.00025182399365725525	0.3069820949362034
5.983517774821896e-10	0.2908295380216584	0.0002256712037889215	0.2908294504660747
5.684341886080801e-10	0.2762917444311734	0.00020339137427211466	0.2762916695681752
5.413658939124572e-10	0.2631381753678072	0.000184255747898533	0.2631381108576221
5.167583532800728e-10	0.2511801146548706	0.00016769928154586648	0.2511800586730263
4.942905987896349e-10	0.24026165952590853	0.0001532784007788826	0.24026161063281717
4.736951571734001e-10	0.23025288582669942	0.00014064096154825018	0.23025284287418257
4.547473508864641e-10	0.22104465326699552	0.00012950452789974482	0.22104461533026207
4.372570681600616e-10	0.21254460924973367	0.00011964044532324536	0.21254457557718526
4.210623619319112e-10	0.20467408058512152	0.00011086200136736649	0.20467405056084045
4.0602442043434293e-10	0.19736563115567657	0.0001030155209822314	0.19736560427106087
3.920235783504001e-10	0.1905611248098861	9.597359092222975e-5	0.19056110064196952
3.7895612573872006e-10	0.18421017561648442	8.962985235503931e-5	0.184210153811199
3.667317345858582e-10	0.17826889802369636	8.389495963142992e-5	0.17826887828283097
3.5527136788005004e-10	0.17269889132866845	7.869341554370517e-5	0.17269887339961887
3.3437305212240007e-10	0.162541965820552	7.073097686870486e-5	0.1625419504310761
3.157967714489334e-10	0.15351312049618077	6.298148402308326e-5	0.15351310757654404
2.991758887410948e-10	0.1454345568274628	5.643942549237217e-5	0.14543454587611487
2.842170943040401e-10	0.13816374969709105	5.086634848216875e-5	0.13816374033361656
2.706829469562286e-10	0.13158531859576725	4.607989498421866e-5	0.13158531052740213
2.583791766400364e-10	0.1256048590351789	4.1938678046472204e-5	0.12560485203364735
2.4714529939481747e-10	0.12014438300135649	3.8331710658741757e-5	0.12014437688654679
2.3684757858670003e-10	0.11513889918748797	3.51708854197561e-5	0.1151388938157534
2.2737367544323206e-10	0.11053381389614035	3.238553881173558e-5	0.11053380915178607
2.186285340800308e-10	0.10628293168033191	2.99184647930713e-5	0.10628292746933331
2.105311809659556e-10	0.10234690024848506	2.77229520454933e-5	0.1023468964937935
2.0301221021717146e-10	0.09869198857639751	2.5760555464972857e-5	0.09869198521439093
1.9601178917520005e-10	0.09528911780317181	2.3999400689182234e-5	0.0952891147809419
1.8947806286936003e-10	0.09211308593281904	2.2412881148779462e-5	0.09211308320607699
1.833658672929291e-10	0.08914194258208502	2.0978646632146023e-5	0.08914194011352977
1.7763568394002502e-10	0.08635648095443789	1.9677811657607825e-5	0.08635647871247369
1.6718652606120003e-10	0.08127714617706351	1.7686536206303168e-5	0.0812771442526999
1.578983857244667e-10	0.07676206511537313	1.5748557775272993e-5	0.07676206349988067
1.495879443705474e-10	0.07272222496958625	1.4112560175530644e-5	0.07272222360023625
1.4210854715202004e-10	0.06908634388422812	1.271890083065498e-5	0.06908634271344363
1.353414734781143e-10	0.06579671674197374	1.1521968958428191e-5	0.06579671573314096
1.291895883200182e-10	0.06280612970178759	1.0486402110196715e-5	0.06280612882635846
1.2357264969740873e-10	0.06007557960113712	9.584441785502083e-6	0.06007557883658749
1.1842378929335001e-10	0.057572563480857764	8.794052240609337e-6	0.057572562809223994
1.1368683772161603e-10	0.055269778605373715	8.097560777094542e-6	0.05526977801218796
1.093142670400154e-10	0.053144122465017325	7.480660577888282e-6	0.05314412193852182
1.052655904829778e-10	0.05117591499053709	6.931669634550332e-6	0.051175914521097085
1.0150610510858573e-10	0.049348287429035236	6.440973403036175e-6	0.04934828700869503
9.800589458760003e-11	0.04764669765422245	6.0006006690161804e-6	0.04764669727636616
9.473903143468002e-11	0.046058542410846566	5.6038976423708085e-6	0.046058542069936204
9.168293364646455e-11	0.04457284460573683	5.245275091949701e-6	0.04457284429710821
8.881784197001251e-11	0.043179999229562525	4.92001021643377e-6	0.04317999894926492
8.359326303060002e-11	0.0406401138321924	4.4221081182542975e-6	0.040640113591604486
7.894919286223336e-11	0.038382408714455626	3.937537838017683e-6	0.03838240851248544
7.47939721852737e-11	0.03636234907381436	3.5284780605162376e-6	0.036362348902618635
7.105427357601002e-11	0.03454428915907297	3.1800144574772106e-6	0.03454428901270301
6.767073673905715e-11	0.032899372696425774	2.8807416689661543e-6	0.032899372570303724
6.45947941600091e-11	0.03140398986651671	2.6218171212082572e-6	0.03140398975707321
6.178632484870437e-11	0.03003863679947268	2.396299729326944e-6	0.03003863670389157
5.921189464667501e-11	0.02878706018947524	2.198679441972553e-6	0.028787060105510583
5.6843418860808015e-11	0.02763560719717047	2.0245372166548185e-6	0.027635607123013405
5.46571335200077e-11	0.026572725371301915	1.8702956997999566e-6	0.026572725305482433
5.26327952414889e-11	0.025588573696471807	1.733033871494439e-6	0.02558857363778533
5.0753052554292866e-11	0.024674716986097838	1.6103476793267829e-6	0.024674716933549723
4.9002947293800014e-11	0.023823883503127585	1.5002439832101178e-6	0.0238238834558907
4.736951571734001e-11	0.023029771055673817	1.4010590909346524e-6	0.023029771013055794
4.584146682323227e-11	0.022286890621789072	1.311395458166258e-6	0.022286890583206792
4.4408920985006255e-11	0.021590439294077106	1.2300722218335785e-6	0.02159043925903665
4.179663151530001e-11	0.020320442092866278	1.1055862900490469e-6	0.020320442062790135
3.947459643111668e-11	0.019191548388903065	9.844342638617715e-7	0.01919154836365469
3.739698609263685e-11	0.018181483677909945	8.82161767843121e-7	0.018181483656508794
3.552713678800501e-11	0.017272423878523402	7.950397733460994e-7	0.01727242386022579
3.383536836952858e-11	0.016449939925118562	7.202165976625025e-7	0.016449939909352184
3.229739708000455e-11	0.015702226183356677	6.554813573747664e-7	0.01570222616967531
3.0893162424352184e-11	0.015019530146182144	5.990985942684865e-7	0.015019530134233731
2.9605947323337503e-11	0.014393724704152976	5.496906571911035e-7	0.014393724693656742
2.8421709430404007e-11	0.01381798306972294	5.061526826996154e-7	0.013817983060452755
2.732856676000385e-11	0.01328652871817041	4.6759024728706726e-7	0.013286528709942503
2.631639762074445e-11	0.01279444089661323	4.332730261704491e-7	0.012794440889277016
2.5376526277146433e-11	0.012337501809237629	4.025999595653693e-7	0.012337501802668766
2.4501473646900007e-11	0.011912075419049492	3.7507272536157853e-7	0.011912075413144579
2.3684757858670004e-11	0.011515010489039733	3.5027535637096753e-7	0.011515010483712215
2.2920733411616136e-11	0.011143562389404267	3.278584502659167e-7	0.011143562384581251
2.2204460492503128e-11	0.010795329565762736	3.075267643541731e-7	0.010795329561382476
2.0898315757650004e-11	0.010160317339482153	2.764039813337058e-7	0.01016031733572247
1.973729821555834e-11	0.00959586020142948	2.461147906653401e-7	0.009595860198273302
1.8698493046318424e-11	0.009090819123424085	2.2054572478537112e-7	0.009090819120748836
1.7763568394002505e-11	0.008636281763351236	1.9876446315251602e-7	0.008636281761063949
1.691768418476429e-11	0.00822503335622863	1.800580473229348e-7	0.008225033354257762
1.6148698540002275e-11	0.007851170903726199	1.6387372297912088e-7	0.00785117090201597
1.5446581212176092e-11	0.007509818009292144	1.4977760622389014e-7	0.007509818007798544
1.4802973661668752e-11	0.007196911004074718	1.3742526436084655e-7	0.007196911002762648
1.4210854715202004e-11	0.006909036402335539	1.265404688196326e-7	0.006909036401176732
1.3664283380001925e-11	0.006643305866942025	1.1689960128909349e-7	0.006643305865913507
1.3158198810372225e-11	0.006397258960160384	1.0832007630099267e-7	0.006397258959243332
1.2688263138573216e-11	0.0061687867334530916	1.0065162083462731e-7	0.006168786732631962
1.2250736823450003e-11	0.005956071126205762	9.376964670806513e-8	0.005956071125467629
1.1842378929335002e-11	0.005757536484650933	8.757016273003366e-8	0.005757536483984977
1.1460366705808068e-11	0.005571810464177036	8.19658110205235e-8	0.005571810463574144
1.1102230246251564e-11	0.00539769226242483	7.688277961194063e-8	0.0053976922618772846
1.0449157878825002e-11	0.005080182742860097	6.910192106992642e-8	0.005080182742390126
9.86864910777917e-12	0.004797951602341838	6.152947622248058e-8	0.004797951601947308
9.349246523159212e-12	0.004545428882731286	5.513709097845115e-8	0.004545428882396873
8.881784197001252e-12	0.0043181583376158935	4.969168094111252e-8	0.004318158337329977
8.458842092382144e-12	0.004112532526461943	4.501499899601428e-8	0.00411253252621558
8.074349270001138e-12	0.00392559990481573	4.0968854185186166e-8	0.003925599904601948
7.723290606088046e-12	0.0037549222386450403	3.744477123400949e-8	0.0037549222384583372
7.401486830834376e-12	0.003598467664992372	3.435664100991355e-8	0.003598467664828361
7.105427357601002e-12	0.0034545294179972766	3.163540410433285e-8	0.0034545294178524237
6.8321416900009626e-12	0.003321663310401214	2.922515532962459e-8	0.0033216633102726477
6.5790994051861124e-12	0.003198639108013664	2.708024691533716e-8	0.003198639107899031
6.344131569286608e-12	0.0030844023239082765	2.5163108736424304e-8	0.0030844023238056338
6.125368411725002e-12	0.0029780439172495334	2.3442595188750364e-8	0.0029780439171572656
5.921189464667501e-12	0.00287877605233683	2.1892705752654794e-8	0.0028787760522535847
5.730183352904034e-12	0.0027859125494381666	2.0491602650548797e-8	0.002785912549362804
5.551115123125782e-12	0.0026988530010810695	1.922083087976102e-8	0.0026988530010126255
5.224578939412501e-12	0.002540097389692013	1.727559622615288e-8	0.002540097389633266
4.934324553889585e-12	0.002398981176562903	1.5382466177513715e-8	0.002398981176513586
4.674623261579606e-12	0.0022727192716083277	1.3784355407628614e-8	0.0022727192715665256
4.440892098500626e-12	0.0021590835327826748	1.242299068116449e-8	0.002159083532746935
4.229421046191072e-12	0.002056270225309175	1.1253810652026696e-8	0.0020562702252783795
4.037174635000569e-12	0.001962803565638519	1.0242266395446537e-8	0.001962803565611796
3.861645303044023e-12	0.0018774644278158734	9.361239091888442e-9	0.0018774644277925352
3.700743415417188e-12	0.0017992368732293674	8.589200808362696e-9	0.001799236873208866
3.552713678800501e-12	0.0017272675132012519	7.90888712462136e-9	0.001727267513183145
3.4160708450004813e-12	0.0016608342494288913	7.306320686058468e-9	0.0016608342494128204
3.2895497025930562e-12	0.001599321960986358	6.7700900386517646e-9	0.0015993219609720289
3.172065784643304e-12	0.0015422034012463075	6.290802795395077e-9	0.001542203401233477
3.062684205862501e-12	0.0014890240471583842	5.860671550875118e-9	0.0014890240471468507
2.9605947323337505e-12	0.001439389978668688	5.473197279355619e-9	0.0014393899786582824
2.865091676452017e-12	0.0013929581040541127	5.122919451755847e-9	0.0013929581040446923
2.775557561562891e-12	0.0013494282180055513	4.805224687445422e-9	0.0013494282179969956
2.6122894697062505e-12	0.0012700501994092183	4.318913467116821e-9	0.0012700501994018748
2.4671622769447924e-12	0.0011994919321276526	3.845628787018185e-9	0.001199491932121488
2.337311630789803e-12	0.00113636084336325	3.4460990236396548e-9	0.0011363608433580248
2.220446049250313e-12	0.0010795428573837928	3.1057566229926932e-9	0.0010795428573793253
2.114710523095536e-12	0.0010281361031730478	2.8134602687176232e-9	0.0010281361031691983
2.0185873175002844e-12	0.0009814026861260047	2.560573238287844e-9	0.0009814026861226643
1.9308226515220115e-12	0.0009387330410304475	2.3403154883032218e-9	0.0009387330410275302
1.850371707708594e-12	0.0008996191967972953	2.147305289999856e-9	0.0008996191967947327
1.7763568394002505e-12	0.0008636344576506323	1.9772262197111294e-9	0.000863634457648369
1.7080354225002406e-12	0.0008304177732709823	1.8265841385355325e-9	0.0008304177732689734
1.6447748512965281e-12	0.0007996615822376221	1.6925261187672457e-9	0.000799661582235831
1.586032892321652e-12	0.0007711022604457522	1.5727038521439417e-9	0.0007711022604441483
1.5313421029312504e-12	0.0007445125457122614	1.4651708097071819e-9	0.0007445125457108198
1.4802973661668753e-12	0.0007196954774590345	1.3683018176559703e-9	0.0007196954774577337
1.4325458382260085e-12	0.0006964795093605099	1.2807322152486263e-9	0.0006964795093593323
1.3877787807814455e-12	0.0006747145383687669	1.201308300287321e-9	0.0006747145383676974
1.3061447348531253e-12	0.0006350254758451521	1.079730219265368e-9	0.0006350254758442342
1.2335811384723962e-12	0.0005997463020251235	9.614086722487417e-10	0.000599746302024353
1.1686558153949015e-12	0.0005681807235712337	8.615260787057582e-10	0.0005681807235705806
1.1102230246251565e-12	0.0005397717014398193	7.764402087940859e-10	0.0005397717014392608
1.057355261547768e-12	0.000514068299216001	7.033660085879409e-10	0.0005140682992155198
1.0092936587501422e-12	0.0004907015688895717	6.401441487048472e-10	0.0004907015688891542
9.654113257610057e-13	0.00046936672729576526	5.850796159843449e-10	0.0004693667272954006
9.25185853854297e-13	0.00044980978844420556	5.368269326555732e-10	0.0004498097884438852
8.881784197001252e-13	0.0004318174040877666	4.943071835389772e-10	0.00043181740408748366
8.540177112501203e-13	0.0004152090487745544	4.56646508313596e-10	0.0004152090487743033
8.223874256482641e-13	0.00039983094155485047	4.2313195489300397e-10	0.0003998309415546266
7.93016446160826e-13	0.0003855512701784847	3.931763868276772e-10	0.00038555127017828424
7.656710514656252e-13	0.0003722564033893338	3.662930232658142e-10	0.00037225640338915363
7.401486830834376e-13	0.00035984786076067595	3.420758369434479e-10	0.0003598478607605134
7.162729191130043e-13	0.0003482398690135768	3.201833367531014e-10	0.0003482398690134296
6.938893903907227e-13	0.00033735737652584955	3.0032734851131387e-10	0.00033735737652571587
