# z G G´ G´´
1.5999999999999998e6	9.601140733863093e6	1605.853158651208	9.601140599568406e6
1.0666666666666665e6	6.402080112953507e6	3049.8640343955512	6.40207938649656e6
799999.9999999999	4.802547819172282e6	3545.949210747762	4.802546510100723e6
640000.0	3.8428326539850216e6	3789.726170907484	3.842830785307768e6
533333.3333333333	3.2030249426976894e6	3932.4810990045435	3.2030225286650644e6
457142.8571428571	2.7460207216754667e6	4025.399189154075	2.7460177712521125e6
399999.99999999994	2.403268263380956e6	4090.31554710303	2.4032647825599327e6
355555.55555555556	2.136683415170911e6	4138.0248712129605	2.1366794081978216e6
320000.0	1.9234157597399405e6	4174.444007090443	1.9234112297772425e6
290909.0909090909	1.748924163008365e6	4203.074428620787	1.7489191125148863e6
266666.6666666666	1.6035145587309971e6	4226.1147771316355	1.6035089896898472e6
246153.84615384613	1.480475684045921e6	4245.012438247432	1.4804695981075184e6
228571.42857142855	1.3750137882780738e6	4260.757724443306	1.3750071868533753e6
213333.3333333333	1.2836134597088962e6	4274.050322330189	1.2836063440321898e6
199999.99999999997	1.2036381431355933e6	4285.398178696225	1.2036305143080035e6
188235.29411764705	1.1331748131056807e6	4631.922826651517	1.133165346429206e6
177777.77777777778	1.070481533518731e6	4709.676275188711	1.070471173154138e6
168421.05263157893	1.0143682612391226e6	4708.425974902078	1.0143573335536742e6
160000.0	963859.7266937665	4686.264351195821	963848.3343704097
152380.95238095237	918159.0356320222	4660.625931840247	918147.2067586159
145454.54545454544	876611.8217429759	4636.424201312632	876599.5605692285
139130.4347826087	838676.7610103725	4614.769560113475	838664.0646652011
133333.3333333333	803902.5015942141	4595.666053277878	803889.36547448
128000.0	771909.8241892321	4578.836870875299	771896.2436317209
123076.92307692306	742377.8207665571	4563.968986557069	742363.7915154484
118518.51851851851	715033.1129321118	4550.779002854987	715018.6312256859
114285.71428571428	689641.3703076384	4539.025380127026	689626.4328521608
110344.8275862069	666000.5803200491	4528.50573171389	665985.1842364663
106666.66666666666	643935.6628724688	4519.050886823414	643919.8056420443
103225.80645161291	623294.1269153813	4510.519047315544	623277.806331279
99999.99999999999	603942.5412384068	4502.790821117223	603925.7553642881
94117.64705882352	568637.0058220498	4425.697659191796	568619.7829749641
88888.88888888889	537269.8776557434	4417.85278537385	537251.7138297319
84210.52631578947	509204.2028802409	4411.412568190447	509185.0937233481
80000.0	483944.790158476	4406.047296850902	483924.73244167765
76190.47619047618	461090.7675788551	4401.520023065787	461069.758895489
72727.27272727272	440314.14585911494	4397.654286977899	440292.1844416662
69565.21739130435	421343.97453752864	4394.315675281299	421321.0591328513
66666.66666666666	403954.45933027234	4391.400333985949	403930.58910649404
64000.0	387955.93125365954	4388.827019004892	387931.1057292151
61538.46153846153	373187.899782965	4386.53164040034	373162.11876956123
59259.259259259255	359513.6496518231	4384.463148652508	359486.9132094685
57142.85714285714	346815.99547760095	4382.580649214425	346788.303877124
55172.41379310345	334993.9146627523	4380.851095880545	334965.2683559164
53333.33333333333	323959.8537291411	4379.247686604876	323930.2533230045
51612.903225806454	313637.5559477114	4377.74850005321	313607.0021841414
49999.99999999999	303960.2963093695	4376.335576508326	303928.7900469475
47058.82352941176	286296.24940702354	4309.424876015451	286263.8141326399
44444.444444444445	270610.5885045447	4310.6179334944445	270576.2539170935
42105.26315789473	256575.74213059896	4311.618505206804	256539.5123479679
40000.0	243944.08802850178	4312.396661826527	243905.96819079376
38095.23809523809	232515.17398790637	4312.954313149032	232475.1697702769
36363.63636363636	222124.9943820004	4313.303461059405	222083.11179028568
34782.608695652176	212638.06601602628	4313.458503180769	212594.3112944871
33333.33333333333	203941.4858586094	4313.434182051377	203895.865430799
32000.0	195940.4149137494	4313.244355849517	195892.9353491315
30769.230769230766	188554.6045068535	4312.902089137298	188505.27248940666
29629.629629629628	181715.6943364614	4312.4192344629055	181664.51664683587
28571.42857142857	175365.0896788702	4311.806792094798	175312.0731731441
27586.206896551725	169452.27762197415	4311.074640538572	169397.42922110215
26666.666666666664	163933.48020296602	4310.231920976099	163876.80687712843
25806.451612903227	158770.56807282582	4309.286809686731	158712.07683525435
24999.999999999996	153930.1779908675	4308.246883746215	153869.8758857264
23529.41176470588	145086.77643099183	4242.940830479503	145024.72254152276
22222.222222222223	137240.9128569137	4243.933275685448	137175.27908537496
21052.631578947367	130220.4289331283	4244.373909302636	130151.24049215188
20000.0	123901.50577569117	4244.274450527448	123828.79014135699
19047.619047619046	118183.91859410098	4243.686468511419	118107.70397994392
18181.81818181818	112985.66846153003	4242.666967156233	112905.98325467337
17391.304347826088	108239.01776305451	4241.2670724569825	108155.89036169468
16666.666666666664	103887.51885456844	4239.53185777366	103800.9775646898
16000.0	99883.75551825641	4237.4992543668495	99793.8285491646
15384.615384615383	96187.6064546536	4235.202398238065	96094.32187242531
14814.814814814814	92764.89402924308	4232.669135234378	92668.27977387048
14285.714285714284	89586.3232316352	4229.924115157877	89486.4070803104
13793.103448275862	86626.63954065065	4226.988146717004	86523.4491297783
13333.333333333332	83863.95581419414	4223.879941043822	83757.51860608548
12903.225806451614	81279.20888169375	4220.6153495465605	81169.55218864506
12499.999999999998	78855.71857981097	4217.208849859171	78742.86953277112
11764.70588235294	74420.57636167767	4150.324269103247	74304.75754933589
11111.111111111111	70491.47771562015	4146.269042534178	70369.43145683852
10526.315789473683	66975.05703281419	4141.648120693095	66846.87737952366
10000.0	63809.39217601084	4136.427064332059	63675.17963079032
9523.809523809523	60944.372898248046	4130.6525571798165	60804.22927241636
9090.90909090909	58339.00640311143	4124.390707946743	58193.03282516284
8695.652173913044	55959.430109041874	4117.701367031007	55807.72664766674
8333.333333333332	53777.4264389888	4110.63984509262	53620.09170511356
8000.0	51769.29208731749	4103.2509799044465	51606.423385252216
7692.3076923076915	49914.97106482789	4095.575632693416	49746.66417599771
7407.407407407407	48197.3779989389	4087.6464539119725	48023.727390118525
7142.857142857142	46601.86883487521	4079.4939062581307	46422.96746624149
6896.551724137931	45115.81878718589	4071.1421831961916	44931.75832484631
6666.666666666666	43728.28687634589	4062.614519362535	43539.15750685891
6451.612903225807	42429.74330932086	4053.929218130483	42235.633950365256
6249.999999999999	41211.84997932618	4045.104395558898	41012.84809846199
5882.35294117647	38976.89784709201	3973.8904139530728	38773.789610515734
5555.555555555556	37000.59785838483	3958.903429058673	36788.195464269505
5263.157894736842	35230.75473088618	3943.5341927824625	35009.350422111725
5000.0	33636.38126102025	3927.659731998393	33406.28134597374
4761.9047619047615	32192.41848773038	3911.301111582628	31953.928267173935
4545.454545454545	30878.375376542932	3894.529375973095	30631.792419549587
4347.826086956522	29677.324656832017	3877.4068265833193	29422.93858689466
4166.666666666666	28575.16334301801	3860.000130131266	28313.254123741182
4000.0	27560.042640228614	3842.357621764126	27290.881961521332
3846.1538461538457	26621.938612276044	3824.5300107988073	26345.78876542309
3703.7037037037035	25752.310039813332	3806.552319576567	25469.425431779902
3571.428571428571	24943.837556162587	3788.46308901826	24654.46368208754
3448.2758620689656	24190.209242869638	3770.287885392044	23894.584166188823
3333.333333333333	23485.95627301787	3752.056580826859	23184.309639762436
3225.8064516129034	22826.31354368923	3733.7880862772104	22518.868011549443
3124.9999999999995	22207.112949623857	3715.5059927837938	21894.0832366861
2941.176470588235	21066.668259580685	3637.122090040853	20750.32179175449
2777.777777777778	20059.08234436807	3603.803005459031	19732.698457027698
2631.578947368421	19155.204229255698	3570.7621891931867	18819.444902884985
2500.0	18339.49749591949	3537.791677773183	17995.032604791693
2380.9523809523807	17599.411716657065	3504.8711155162996	17246.888740756272
2272.7272727272725	16924.696416509167	3472.079270866901	16564.721981603394
2173.913043478261	16306.877897494722	3439.465100916727	15940.023418532915
2083.333333333333	15738.90097357923	3407.105755874362	15365.696672276887
2000.0	15214.831131306322	3375.0360615406344	14835.774935522186
1923.0769230769229	14729.651295222095	3343.3124085869226	14345.204404867385
1851.8518518518517	14279.080232313969	3311.9543112070205	13889.675695326252
1785.7142857142856	13859.452111024279	3281.0017636615153	13465.490716814793
1724.1379310344828	13467.600194709725	3250.463435201666	13069.458384377005
1666.6666666666665	13100.783335065411	3220.367490426706	12698.809283508845
1612.9032258064517	12756.608328822316	3190.715191297547	12351.129204368399
1562.4999999999998	12432.984120416162	3161.5261261592814	12024.302337022833
1470.5882352941176	11835.05463517568	3078.0353694161754	11427.782658163236
1388.888888888889	11305.483485940515	3025.311626728185	10893.183483814864
1315.7894736842104	10828.920088728997	2974.5183294304325	10412.384500966185
1250.0	10397.517290933136	2925.3841802344236	9977.499346694425
1190.4761904761904	10004.925946334504	2877.76066358892	9582.120681495178
1136.3636363636363	9645.972148315372	2831.664081564175	9220.97918961187
1086.9565217391305	9316.36038032723	2787.0271580325466	8889.715988518417
1041.6666666666665	9012.520550521554	2743.8641547172356	8584.680318685792
1000.0	8731.433860077208	2702.1045867737166	8302.804830600273
961.5384615384614	8470.553329675085	2661.744256862847	8041.479417490747
925.9259259259259	8227.69277348182	2622.708804788333	7798.482345949802
892.8571428571428	8000.984709312149	2584.9820240208924	7571.897004987301
862.0689655172414	7788.805603674091	2548.490078548021	7360.074119964229
833.3333333333333	7589.7540111338	2513.2103361850923	7161.573832309071
806.4516129032259	7402.598010206687	2479.0722980756714	6975.1457218921105
781.2499999999999	7226.264622366086	2446.050448032217	6799.686580875699
735.2941176470588	6900.062461000896	2369.8005003727953	6480.347795770424
694.4444444444445	6609.630268745762	2312.181539862416	6192.013308790578
657.8947368421052	6347.370130840194	2258.0712831653973	5932.134662836476
625.0	6109.210679253896	2207.1088763232938	5696.588938265142
595.2380952380952	5891.825133137111	2158.911176156728	5482.03483507098
568.1818181818181	5692.5109198440605	2113.3289540322717	5285.690239182839
543.4782608695652	5509.001395240645	2070.093854612081	5105.272549615806
520.8333333333333	5339.419634886038	2029.0884257822242	4938.846241559172
500.0	5182.1623063856505	1990.0940025878444	4784.802193465069
480.7692307692307	5035.882344733934	1953.0094202791654	4641.752383992901
462.96296296296293	4899.411812742739	1917.6538894680205	4508.529657333005
446.4285714285714	4771.757640608447	1883.9410293713727	4384.1119030604395
431.0344827586207	4652.047929324334	1851.721290204616	4267.63145083239
416.66666666666663	4539.533756954907	1820.9216269754952	4158.318308997767
403.2258064516129	4433.550436161159	1791.4180731516833	4055.5136243354327
390.62499999999994	4333.522012829031	1763.1490849268991	3958.6258145971838
367.6470588235294	4148.415784375345	1703.9817275400026	3782.300859564756
347.22222222222223	3982.7185448236687	1655.5635525914117	3622.3136709309515
328.9473684210526	3832.630889611478	1610.5540502363085	3477.811838968792
312.5	3695.9516527135042	1568.6326792025682	3346.5579536194286
297.6190476190476	3570.8594199412664	1529.3770143608608	3226.769738442447
284.09090909090907	3455.878191191648	1492.588945228082	3116.93315824016
271.7391304347826	3349.7582572971232	1457.964997027438	3015.827987431154
260.41666666666663	3251.4683949922987	1425.3567424499622	2922.397112027424
250.0	3160.1202218289654	1394.5332534954453	2835.777992246177
240.38461538461536	3074.9700853283493	1365.3792924157328	2755.209685941625
231.48148148148147	2995.3681228247	1337.7155918123462	2680.0647728471995
223.2142857142857	2920.763806777522	1311.4515421838191	2609.780846639274
215.51724137931035	2850.67015727987	1286.4459136177195	2543.8901817771753
208.33333333333331	2784.6704200227923	1262.6266566157456	2481.9676214957476
201.61290322580646	2722.392050553571	1239.8809735092173	2423.657081446778
195.31249999999997	2663.513428931922	1218.1509193594034	2368.6308542625475
183.8235294117647	2554.5540517838735	1175.319988811129	2268.120218900756
173.61111111111111	2456.4823602582665	1138.24287410236	2176.857539164018
164.4736842105263	2367.374982156198	1103.8273880558006	2094.2849384735036
156.25	2286.0020854823106	1071.886453950532	2019.124801657101
148.8095238095238	2211.3319423719227	1042.0876753138725	1950.3954051200255
142.04545454545453	2142.5286072679505	1014.2632705096447	1887.246367344927
135.8695652173913	2078.8782553156357	988.1595638492895	1829.0094250160012
130.20833333333331	2019.7933743045635	963.6495208362329	1775.0901035938186
125.0	1964.7639422489272	940.5422915442332	1725.0152308250117
120.19230769230768	1913.364418766153	918.7420255299436	1678.3552929953403
115.74074074074073	1865.2200824250194	898.102673750385	1634.7652869094102
111.60714285714285	1820.014657230006	878.550678816999	1593.9266160279294
107.75862068965517	1777.466192850396	859.9721380041177	1555.5815596048662
104.16666666666666	1737.334379764444	842.3096083644698	1519.4884898439998
100.80645161290323	1699.402687226529	825.4727390658252	1485.4508576226654
97.65624999999999	1663.4850170126815	809.4159667494171	1453.2818703186206
91.91176470588235	1597.052411559018	779.3420936259868	1393.9879147141626
86.80555555555556	1536.9212319240287	751.969626185533	1340.3986550400832
82.23684210526315	1482.1285642355308	726.5693118304106	1291.821239966722
78.125	1431.9664429258605	703.066735926974	1247.4874983336435
74.4047619047619	1385.8282601216576	681.207434366777	1206.845639638829
71.02272727272727	1343.2228393504906	660.8576168024738	1169.4078871236284
67.93478260869566	1303.7261543081436	641.8117839472872	1134.8037360766407
65.10416666666666	1266.9909559253053	623.9695432933437	1102.6912947143526
62.5	1232.7127255010637	607.1784732681522	1072.80704938587
60.09615384615384	1200.6389164844945	591.3651407572897	1044.902425145129
57.87037037037037	1170.5447942764945	576.414256675862	1018.7844326002504
55.80357142857142	1142.2419548094592	562.2707268106767	994.2677270729087
53.87931034482759	1115.5605993712861	548.8453355125151	971.2076238146908
52.08333333333333	1090.357086948015	536.0958277852139	949.4629221244227
50.403225806451616	1066.5005191750763	523.9518737526205	928.9229200487117
48.82812499999999	1043.8793151227867	512.3804896947518	909.4780142045131
45.955882352941174	1002.0887527561445	491.6796562053933	873.1740857779229
43.40277777777778	964.0449396194583	471.897864719001	840.651563300475
41.118421052631575	929.2885555238062	453.530750297747	811.1023843892242
39.0625	897.3994321250751	436.5681487620901	784.0497383870802
37.20238095238095	868.0067536625155	420.81300129924944	759.1785971306466
35.51136363636363	840.8117803891142	406.1646877057268	736.2028908541595
33.96739130434783	815.5531402773693	392.4637931286566	714.9119496129193
32.55208333333333	792.0189809711854	379.638911763038	695.1031311208512
31.25	770.0210081694211	367.5747226753404	676.6248416016058
30.04807692307692	749.4047991900662	356.22094304671475	659.328592421118
28.935185185185183	730.0309387501665	345.4912707956808	643.1025993855372
27.90178571428571	711.7839458455446	335.3486971160865	627.8356766750329
26.939655172413794	694.5581365760971	325.72671646094744	613.4436496269482
26.041666666666664	678.2652606615876	316.5972695631439	599.8415896930567
25.201612903225808	662.8235838121924	307.90799675502353	586.9648786698799
24.414062499999996	648.1644002944406	299.6371594166491	574.74747716347
22.977941176470587	621.1447720284473	285.5037410233495	551.6415880623432
21.70138888888889	596.3942859898721	271.3407822354	531.0935174310175
20.559210526315788	573.7396209462358	258.23592385615046	512.3391067190663
19.53125	552.923647801766	246.19040263280252	495.0907451668936
18.601190476190474	533.711193441406	235.0468237011624	479.1665980352184
17.755681818181817	515.9154065287901	224.73176216939362	464.3967503826936
16.983695652173914	499.36963990986214	215.12330884475665	450.6572969068501
16.276041666666664	483.94122196948734	206.1724153499479	437.82649699405954
15.625	469.50957828404324	197.7911592657879	425.8143978504671
15.02403846153846	455.9777212948896	189.94531386914446	414.53161526768037
14.467592592592592	443.2558834465898	182.56842639374247	403.9115594955527
13.950892857142856	431.2712846827322	175.6352503802633	393.887267902577
13.469827586206897	419.9554882575533	169.0940274479833	384.4084052138567
13.020833333333332	409.2526842612787	162.92556656971152	375.42378631754326
12.600806451612904	399.109645642368	157.08871338020165	366.8945970893131
12.207031249999998	389.48277637580503	151.56857052926188	358.78099381255066
11.488970588235293	371.8206309939023	142.5658922637037	343.40289456519974
10.850694444444445	355.5789860227253	133.26169682410327	329.6630635368637
10.279605263157894	340.7320014241105	124.78074336009388	317.0616073903973
9.765625	327.11378460296595	117.10364339270217	305.4343870317002
9.300595238095237	314.5666256986595	110.09631812698689	294.6709397587788
8.877840909090908	302.969158787059	103.7052572690823	284.66740380818385
8.491847826086957	292.20927074052696	97.83243704221087	275.34536888985883
8.138020833333332	282.2005772609979	92.44324037237365	266.62973036759416
7.8125	272.86134421291536	87.46616642106316	258.4627301900256
7.51201923076923	264.12811528999805	82.87697862661085	250.78889070365693
7.233796296296296	255.9395832710783	78.62127686532737	243.56470415279543
6.975446428571428	248.24791843822226	74.68128045206156	236.74825312755908
6.734913793103448	241.0060759466519	71.01459096094702	230.30600624788906
6.510416666666666	234.1772389645171	67.60785150265357	224.2056147027538
6.300403225806452	227.72461529979876	64.42745342000528	218.42070336681545
6.103515624999999	221.61935492579605	61.463199001669516	212.92584071973775
5.744485294117647	210.48757262110385	56.836740605434734	202.6687029249336
5.425347222222222	200.2895984920485	52.03589494403204	193.4119668000914
5.139802631578947	191.02583491644253	47.774109440752284	184.95541103916636
4.8828125	182.5829102721114	44.021486405952196	177.19657970187924
4.650297619047619	174.8501722232302	40.67355626156375	170.05365196763836
4.438920454545454	167.7462195909897	37.69662977263123	163.45567683887185
4.2459239130434785	161.19285780809884	35.01846800899918	157.34307835632515
4.069010416666666	155.13226159243877	32.61824813022217	151.66432829014246
3.90625	149.50756692660215	30.444480572329027	146.37501894446848
3.756009615384615	144.27640159700212	28.483312424809064	141.43684446101784
3.616898148148148	139.39633504432285	26.69688136606969	136.8159886457541
3.487723214285714	134.8355594511971	25.07565227776521	132.48335652210022
3.367456896551724	130.56175304023765	23.59123467285518	128.41271355886175
3.255208333333333	126.55055629907058	22.236936413486518	124.58154742395357
3.150201612903226	122.7769149227959	20.991144113691476	120.96918081378288
3.0517578124999996	119.22184877529317	19.849083000750465	117.55791393788932
2.8722426470588234	112.759588759186	18.114585928673044	111.29504316802912
2.712673611111111	106.90010300046492	16.340072194909936	105.64390215329581
2.5699013157894735	101.61516812521268	14.8005349569268	100.53152022178928
2.44140625	96.82984738716077	13.47850436960021	95.88716944919958
2.3251488095238093	92.47271895196988	12.31948949742641	91.64842567601917
2.219460227272727	88.49179650236891	11.309571931313604	87.7661189238029
2.1229619565217392	84.83785809351444	10.414087357922664	84.19625259117444
2.034505208333333	81.47434496397463	9.624729316197751	80.90385326360334
1.953125	78.36623751143783	8.918479296182454	77.85709928286984
1.8780048076923075	75.48699960360791	8.289867271999752	75.03042855913678
1.808449074074074	72.81105159313938	7.723136055215794	72.40029284175189
1.743861607142857	70.31864188458398	7.214470140205092	69.94757191703268
1.683728448275862	67.9906691811571	6.7528418710252	67.65449151657616
1.6276041666666665	65.81211778240909	6.3354753618459	65.50646226858179
1.575100806451613	63.76844886118942	5.954509142527868	63.489832973742196
1.5258789062499998	61.84803720742098	5.6078529646172806	61.59327635008356
1.4361213235294117	58.3538938233716	5.079484871522318	58.13239852087046
1.3563368055555556	55.21493431767624	4.552403466035891	55.02694425813345
1.2849506578947367	52.395696301957074	4.1010406289211225	52.23495435746887
1.220703125	49.850872867718266	3.715815026812004	49.712194121361485
1.1625744047619047	47.5414336949086	3.3813442007342958	47.421033615512336
1.1097301136363635	45.436731481229025	3.091142490360766	45.33146154495346
1.0614809782608696	43.51026048289337	2.8361047339387673	43.41772998703827
1.0172526041666665	41.74062636923608	2.6119524258628184	41.658823725847036
0.9765625	40.10918386350951	2.4129889129773865	40.03653474893475
0.9390024038461537	38.60054045273202	2.23625268344568	38.53570937687255
0.904224537037037	37.20119574595407	2.078033089927379	37.14311165486755
0.8719308035714285	35.89979582690077	1.9362244659322219	35.84754350343532
0.841864224137931	34.68632381642601	1.8083277470358279	34.63915430054929
0.8138020833333333	33.552224528021725	1.6928151993372234	33.50949339336057
0.7875504032258065	32.489908069932234	1.5879539052951839	32.451079008059274
0.7629394531249999	31.492807820516333	1.4926162700386096	31.45741631301577
0.7180606617647058	29.676794356585177	1.3464469341689167	29.646234228591545
0.6781684027777778	28.053881436357592	1.2030579327236304	28.02807369862795
0.6424753289473684	26.599245959898788	1.0813199967636173	26.57725781001101
0.6103515625	25.288060823639004	0.9772801248787351	25.269169827629533
0.5812872023809523	24.100062984549535	0.8875266372647446	24.08371508566318
0.5548650568181818	23.01869527625051	0.8096454068819325	23.004451885145897
0.5307404891304348	22.030198884363998	0.7415640455767449	22.017714360281374
0.5086263020833333	21.123115151079467	0.6817510248974262	21.11211048724912
0.48828125	20.28777375184041	0.6288835441838674	20.278024294632836
0.46950120192307687	19.51599435941508	0.5819523776893348	19.507315737097787
0.4521122685185185	18.800782120662667	0.5400800187392273	18.793023224643438
0.43596540178571425	18.136142049146017	0.5025801322694509	18.129177081088105
0.4209321120689655	17.516889759201362	0.46885167803950306	17.51061406518952
0.40690104166666663	16.938532152271762	0.4384150267876163	16.932857518382153
0.39377520161290325	16.397145417067648	0.41084716506991475	16.391997512061078
0.38146972656249994	15.889296080108176	0.38580486264367087	15.884611563689607
0.3590303308823529	14.963855489763565	0.34742739075877355	14.959821701032327
0.3390842013888889	14.13897925625637	0.30993710778822664	14.135581820288255
0.3212376644736842	13.400299860899787	0.27819955813030006	13.397411741373293
0.30517578125	12.734979874786026	0.2511075041255237	12.732503973397257
0.29064360119047616	12.132604757126286	0.22778759341996418	12.13046623196847
0.2774325284090909	11.584646466383068	0.2075765336214077	11.582786613495538
0.2653702445652174	11.084047989641165	0.18994017750200143	11.082420429023566
0.25431315104166663	10.624924426392075	0.17446252639875987	10.623491982085058
0.244140625	10.202325334893985	0.16080203684432115	10.201058030614588
0.23475060096153844	9.812059446649497	0.14868713250716026	9.81093281605834
0.22605613425925924	9.450552041944016	0.1378912047183077	9.449546016246154
0.21798270089285712	9.11473755991628	0.1282308888193882	9.113835505718829
0.21046605603448276	8.801970480439211	0.11955105762352852	8.801158553460128
0.20345052083333331	8.509957044170744	0.11172429721941479	8.509223617642334
0.19688760080645162	8.236697618541445	0.10464152666927476	8.236032892733165
0.19073486328124997	7.980441879214164	0.09821198660343078	7.979837529248494
0.17951516544117646	7.513323859996162	0.0883644325154938	7.512804213624487
0.16954210069444445	7.097528057418587	0.07876029402837362	7.0970910478821265
0.1606188322368421	6.725342602719853	0.07064016169661004	6.724971605257091
0.152587890625	6.390248461831971	0.06371500544240105	6.3899308135556
0.14532180059523808	6.086963541087372	0.057760272759191184	6.086689486200007
0.13871626420454544	5.811163808128136	0.052603539281515545	5.810925715628565
0.1326851222826087	5.559274619100586	0.04810769555622491	5.559066463013753
0.12715657552083331	5.32831578863319	0.04416493618418397	5.32813275001755
0.1220703125	5.115782411000333	0.04068773401385609	5.115620606045878
0.11737530048076922	4.919554166795509	0.0376058939325482	4.919410431827841
0.11302806712962962	4.7378238992794115	0.0348614232220184	4.737695640472708
0.10899135044642856	4.569042131576148	0.03240703128388759	4.568927202795124
0.10523302801724138	4.411872492428094	0.030203065431989622	4.411769108224295
0.10172526041666666	4.265156482815396	0.02821672742858819	4.265063145979836
0.09844380040322581	4.127884679783614	0.026420163452441695	4.127800128949489
0.09536743164062499	3.9991736337779566	0.024790049851898366	3.9990967988451
0.08975758272058823	3.7645099955251724	0.022294426303981194	3.7644439781944836
0.08477105034722222	3.555773371755728	0.019862891408485687	3.555717893313809
0.08030941611842105	3.368969775734827	0.017808704679471273	3.36892270612616
0.0762939453125	3.2008148145886905	0.016057929361432275	3.200774534420545
0.07266090029761904	3.048648569152442	0.014553430026590661	3.0486138318701
0.06935813210227272	2.9102941221953125	0.013251215093804279	2.9102639541772017
0.06634256114130435	2.783952531743784	0.012116457144122834	2.7839261646941895
0.06357828776041666	2.668124326847389	0.011121699204346474	2.6681011471309777
0.06103515625	2.561549586850585	0.010244744718077885	2.561529100186071
0.05868765024038461	2.4631620133185144	0.009467742510642004	2.463143817503775
0.05651403356481481	2.3720530538861597	0.008776009240344714	2.3720368192994963
0.05449567522321428	2.2874438165505406	0.0081575338573252	2.2874292707134507
0.05261651400862069	2.2086627004303723	0.007602291828378034	2.2086496167186276
0.05086263020833333	2.135127564901458	0.007101961881917411	2.135115753428712
0.049221900201612906	2.066331291259586	0.006649512293905552	2.0663205920729633
0.04768371582031249	2.0018300924395898	0.006239030947822971	2.0018203699357064
0.044878791360294115	1.8842216486362509	0.005610637188298177	1.8842132952348714
0.04238552517361111	1.779643844532498	0.004998531351977522	1.7796368247669896
0.04015470805921052	1.6860643941995719	0.0044814931473934	1.686058438372389
0.03814697265625	1.6018349218454562	0.004040829507574794	1.6018298250877119
0.03633045014880952	1.525620769179791	0.003662177667999043	1.5256163737347161
0.03467906605113636	1.4563297714749548	0.0033344236364475934	1.4563259542091895
0.033171280570652176	1.3930595651524533	0.003048820625869368	1.3930562288563708
0.03178914388020833	1.3350580817362232	0.002798436989124552	1.3350551488083262
0.030517578125	1.2816935011476598	0.002577700955607001	1.2816909090502007
0.029343825120192304	1.232431146763435	0.0023821087827416852	1.232428844627706
0.028257016782407406	1.1868155025383798	0.0022079752229340506	1.1868134486560395
0.02724783761160714	1.1444560888206683	0.002052271683023422	1.1444542487227878
0.026308257004310345	1.1050162527436114	0.0019124818987121739	1.1050145977499664
0.025431315104166664	1.0682042043894089	0.0017865087196708284	1.0682027104729723
0.024610950100806453	1.033765782659214	0.0016725865672740652	1.0337644295733879
0.023841857910156247	1.0014785806123638	0.0015692261183627616	1.0014773511940969
0.022439395680147058	0.9426047957851329	0.0014109823930709647	0.9426037397368093
0.021192762586805556	0.8902632251712631	0.0012568389253703371	0.8902623379927148
0.02007735402960526	0.8434288187788621	0.0011266338839578142	0.8434280663119992
0.019073486328125	0.8012758489884548	0.0010156626920049363	0.8012752052830944
0.01816522507440476	0.7631358043332056	0.0009203097213927107	0.7631352494055725
0.01733953302556818	0.7284616783034568	0.0008377789431796476	0.728461196552796
0.016585640285326088	0.6968015596471911	0.0007658664789704115	0.6968011387586092
0.015894571940104164	0.6677788316685478	0.0007028287448727189	0.6677784618092785
0.0152587890625	0.6410771145549039	0.0006472606609121325	0.6410767878028951
0.014671912560096152	0.6164286881620294	0.000598029424654308	0.6164283980722886
0.014128508391203703	0.5936054809273038	0.0005542050098171115	0.593605222217378
0.01362391880580357	0.5724119942778462	0.0005150256534755708	0.5724117625815505
0.013154128502155173	0.5526796860734853	0.0004798559561812538	0.5526794777595306
0.012715657552083332	0.5342624809840492	0.0004481684229663291	0.5342622930099935
0.012305475050403226	0.5170331461441516	0.00041951701182797014	0.517032975947566
0.011920928955078123	0.5008803492370419	0.000393527103695968	0.5008801946456256
0.011219697840073529	0.4714259760622414	0.00035374396245163586	0.4714258433427743
0.010596381293402778	0.44524197286958855	0.00031500902974995136	0.4452418614350122
0.01003867701480263	0.4218135626009347	0.000282301392590627	0.4218134681349286
0.0095367431640625	0.4007274935888757	0.00025443644213937505	0.4007274128133978
0.00908261253720238	0.38164921148249675	0.00023050089739638113	0.38164914187581744
0.00866976651278409	0.36430498011433304	0.0002097913836322726	0.3643049197083124
0.008292820142663044	0.34846865991825954	0.00019175159704040094	0.34846860716074934
0.007947285970052082	0.33395179567450134	0.00017594299328162625	0.3339517493265861
0.00762939453125	0.3205960792421834	0.00016201121804239733	0.32059603830650435
0.007335956280048076	0.3082675542543647	0.00014967139853761687	0.3082675179198096
0.007064254195601851	0.296852106176631	0.00013868923963429347	0.2968520737788379
0.006811959402901785	0.28625192047950077	0.00012887320669711404	0.286251891469557
0.006577064251077586	0.2763826720242607	0.00012006341681864005	0.27638264594588063
0.006357828776041666	0.26717127768219073	0.00011212725752948727	0.26717125415323484
0.006152737525201613	0.2585540829171568	0.00010495262893714846	0.2585540616158982
0.005960464477539062	0.2504753891109684	9.844536295321186e-5	0.2504753697647765
0.005609848920036764	0.23574383560312773	8.848468620904529e-5	0.23574381899709443
0.005298190646701389	0.22264853687455166	7.878986647291926e-5	0.22264852293364878
0.005019338507401315	0.21093153655333588	7.0605325391989e-5	0.21093152473643975
0.00476837158203125	0.20038611144709736	6.363327319694467e-5	0.2003861013436188
0.00454130626860119	0.1908449101969496	5.764522652056233e-5	0.1908449014910003
0.004334883256392045	0.18217100628264662	5.246451070020007e-5	0.18217099872786335
0.004146410071331522	0.17425128427476125	4.7952116116695765e-5	0.17425127767680276
0.003973642985026041	0.1669914797592154	4.399791145815322e-5	0.16699147396306266
0.003814697265625	0.16031240933445354	4.0513420110745775e-5	0.16031240421527018
0.003667978140024038	0.15414707071476227	3.742711901317407e-5	0.15414706617108445
0.0035321270978009257	0.14843838709019502	3.4680536468147466e-5	0.14843838303888576
0.0034059797014508925	0.143137434883524	3.222559688910145e-5	0.14313743125592965
0.003288532125538793	0.13820203809769682	3.002240858474709e-5	0.13820203483672816
0.003178914388020833	0.1335956438124638	2.803769558856703e-5	0.13359564087033052
0.0030763687626008066	0.12928641528664003	2.6243489815544965e-5	0.1292864126230935
0.002980232238769531	0.12524649511057898	2.4616169651811896e-5	0.125246492691526
0.002804924460018382	0.11787962742292651	2.2125127619117614e-5	0.11787962534656571
0.0026490953233506945	0.11133115445515669	1.970076400071837e-5	0.11133115271206821
0.0025096692537006577	0.10547195593470785	1.7654174244434884e-5	0.1054719544572067
0.002384185791015625	0.10019864605149409	1.5910748206396296e-5	0.10019864478824393
0.002270653134300595	0.09542753058112761	1.4413424858159076e-5	0.09542752949262194
0.0021674416281960225	0.091090131727021	1.3117966556289013e-5	0.0910901307824563
0.002073205035665761	0.0871298803435661	1.19896470779086e-5	0.08712987951863878
0.0019868214925130205	0.08349963507131794	1.1000900090329294e-5	0.0834996343466453
0.0019073486328125	0.08015979685568954	1.012961711409136e-5	0.08015979621566083
0.001833989070012019	0.07707685856052524	9.3579005818812e-6	0.07707685799245392
0.0017660635489004629	0.07422227687767378	8.671136479087482e-6	0.07422227637116408
0.0017029898507254463	0.07157158596169219	8.05729719957397e-6	0.07157158550816
0.0016442660627693966	0.06910369444400369	7.506410906268944e-6	0.06910369403631055
0.0015894571940104165	0.06680032303953251	7.010153897755682e-6	0.06680032267170302
0.0015381843813004033	0.06464555100005244	6.5615341495960316e-6	0.06464555066705403
0.0014901161193847654	0.06262544760482712	6.154643595050163e-6	0.06262544730239704
0.001402462230009191	0.05894174104834676	5.531792712893834e-6	0.058941740788762215
0.0013245476616753472	0.05566729868134962	4.92562020648641e-6	0.055667298463432324
0.0012548346268503288	0.052737524834749784	4.413908049603335e-6	0.05273752465003706
0.0011920928955078125	0.05010072056941998	3.97799896605129e-6	0.050100720411493355
0.0011353265671502975	0.0477150341261547	3.6036252805611736e-6	0.04771503399007479
0.0010837208140980113	0.045546222980403415	3.2797252903537288e-6	0.045546222862319005
0.0010366025178328805	0.04356599969660681	2.997615981733604e-6	0.04356599959347935
0.0009934107462565103	0.04175079131057307	2.750404524046293e-6	0.04175079121997928
0.00095367431640625	0.04008079645424347	2.5325629044490374e-6	0.040080796374231654
0.0009169945350060095	0.03853926006291843	2.339616007465686e-6	0.0385392599919025
0.0008830317744502314	0.03711190925567174	2.1679097762848715e-6	0.037111909192352
0.0008514949253627231	0.03578651009638096	2.0144368619338355e-6	0.035786510039684236
0.0008221330313846983	0.03455251605776506	1.8767039497019015e-6	0.03455251600679891
0.0007947285970052083	0.03340078679144052	1.752629837397816e-6	0.0334007867454579
0.0007690921906502017	0.03232336132866652	1.6404662765043303e-6	0.03232336128703828
0.0007450580596923827	0.03131327380529019	1.5387360667686878e-6	0.0313132737674834
0.0007012311150045955	0.029471352348595832	1.3830121188915755e-6	0.029471352316145293
0.0006622738308376736	0.02783407969608207	1.2314587859771976e-6	0.027834079668840453
0.0006274173134251644	0.026369149127500584	1.1035226024234364e-6	0.026369149104409923
0.0005960464477539062	0.02505070966498043	9.94538754370614e-7	0.02505070964523833
0.0005676632835751488	0.023857834267174527	9.009399609351808e-7	0.023857834250163495
0.0005418604070490056	0.02277340076532137	8.199605369727384e-7	0.022773400750559954
0.0005183012589164402	0.02178326472597108	7.494295247337014e-7	0.021783264713079425
0.0004967053731282551	0.020875639095946114	6.876235710374057e-7	0.020875639084621284
0.000476837158203125	0.020040622731042308	6.331605559228792e-7	0.020040622721040315
0.00045849726750300476	0.019269837724771435	5.849216106679375e-7	0.019269837715894005
0.0004415158872251157	0.01855614732996922	5.419931522725809e-7	0.01855614732205388
0.00042574746268136157	0.01789343432523367	5.036232860172098e-7	0.017893434318146256
0.00041106651569234915	0.01727642523618427	4.6918864110922376e-7	0.017276425229813222
0.00039736429850260413	0.016700549712171994	4.381688791324571e-7	0.01670054970642392
0.00038454609532510083	0.01616182712017649	4.101269119563734e-7	0.016161827114972743
0.00037252902984619135	0.015656774402177574	3.846934135700782e-7	0.01565677439745154
0.0003506155575022978	0.014735796629169068	3.457610223498127e-7	0.014735796625112596
0.0003311369154188368	0.013917147435878114	3.078714136337453e-7	0.01391714743247279
0.0003137086567125822	0.013184671240437745	2.7588634910564164e-7	0.013184671237551314
0.0002980232238769531	0.01252544217684878	2.4863956528734036e-7	0.012525442174380938
0.0002838316417875744	0.011928996434010585	2.2523919580444478e-7	0.011928996431884142
0.0002709302035245028	0.01138677270092645	2.0499378583140636e-7	0.01138677269908122
0.0002591506294582201	0.010891698581959777	1.8736057256052952e-7	0.010891698580348276
0.00024835268656412757	0.010437880407753895	1.7190869763521695e-7	0.010437880406338253
0.0002384185791015625	0.01002036749116626	1.5829261822156822e-7	0.010020367489915978
0.00022924863375150238	0.00963497078541946	1.4623260329853517e-7	0.009634970784309754
0.00022075794361255786	0.009278121840258308	1.3550025159620365e-7	0.009278121839268866
0.00021287373134068078	0.008946761981647585	1.2590758075133024e-7	0.008946761980761638
0.00020553325784617457	0.008638254419712596	1.1729874224708053e-7	0.008638254418916197
0.00019868214925130207	0.008350313935015697	1.0954364756034943e-7	0.008350313934297172
0.00019227304766255041	0.00808095017388422	1.0253302032833442e-7	0.008080950173233738
0.00018626451492309568	0.007828421575823492	9.617452821816015e-8	0.007828421575232725
0.0001753077787511489	0.007367928428147939	8.644125447575558e-8	0.007367928427640871
0.0001655684577094184	0.006958600614771499	7.696869332604108e-8	0.006958600614345826
0.0001568543283562911	0.006592359789285246	6.897229952516862e-8	0.006592359788924436
0.00014901161193847656	0.0062627429244253695	6.216050086709048e-8	0.006262742924116884
0.0001419158208937872	0.005964518042035917	5.631032458532399e-8	0.005964518041770107
0.0001354651017622514	0.005693404429965486	5.124890314147759e-8	0.0056934044297348285
0.00012957531472911006	0.005445865845668065	4.68405419988907e-8	0.005445865845466625
0.00012417634328206378	0.005218955418774166	4.297752501852561e-8	0.005218955418597209
0.00011920928955078125	0.00501019777695245	3.9573464438748404e-8	0.005010197776796163
0.00011462431687575119	0.004817498373431446	3.6558425924777226e-8	0.004817498373292732
0.00011037897180627893	0.00463907296391513	3.387530836188309e-8	0.004639072963791449
0.00010643686567034039	0.004473392195552692	3.147711517956347e-8	0.004473392195441947
0.00010276662892308729	0.004319137660235742	2.9324883243545946e-8	0.004319137660136191
9.934107462565103e-5	0.004175166737217316	2.7386090319407942e-8	0.004175166737127499
9.613652383127521e-5	0.004040484240370526	2.5633416474587087e-8	0.004040484240289215
9.313225746154784e-5	0.003914219381576865	2.4043779014681486e-8	0.0039142193815030184
8.765388937557444e-5	0.0036839717424455368	2.161043844806663e-8	0.0036839717423821526
8.27842288547092e-5	0.003479307031577935	1.924227820474134e-8	0.0034793070315247256
7.842716417814555e-5	0.0032961859368960673	1.7243164029486256e-8	0.003296185936850966
7.450580596923828e-5	0.003131376921201849	1.5540201410272644e-8	0.0031313769211632884
7.09579104468936e-5	0.002982263977266204	1.4077646797296238e-8	0.0029822639772329775
6.77325508811257e-5	0.0028467067348502536	1.2812282881484622e-8	0.0028467067348214212
6.478765736455503e-5	0.0027229370614991442	1.1710185303705355e-8	0.002722937061473964
6.208817164103189e-5	0.0026094815131053792	1.0744425059185544e-8	0.0026094815130832593
5.9604644775390625e-5	0.0025051023963133297	9.893404920333438e-9	0.0025051023962937937
5.7312158437875595e-5	0.0024087524318915535	9.139640858009661e-9	0.002408752431874214
5.5189485903139464e-5	0.002319539492899993	8.468857762245677e-9	0.002319539492884533
5.3218432835170196e-5	0.002236698898954953	7.869306283235543e-9	0.00223669889894111
5.138331446154364e-5	0.0021595714427095273	7.331245520862723e-9	0.0021595714426970833
4.9670537312825516e-5	0.0020875858110331615	6.84654489428825e-9	0.0020875858110219344
4.8068261915637603e-5	0.0020202444085397953	6.40837422838773e-9	0.002020244408529631
4.656612873077392e-5	0.0019571118392024147	6.010963263720966e-9	0.001957111839193184
4.382694468778722e-5	0.0018419877533132486	5.402625199749384e-9	0.0018419877533053257
4.13921144273546e-5	0.00173965519683503	4.810582628415057e-9	0.0017396551968283788
3.9213582089072776e-5	0.0016480944790097391	4.310802166990449e-9	0.0016480944790041015
3.725290298461914e-5	0.0015656898253468294	3.8850598714905566e-9	0.0015656898253420092
3.54789552234468e-5	0.0014911332276940136	3.5194199750532674e-9	0.0014911332276898602
3.386627544056285e-5	0.001423354497391001	3.2030778736162846e-9	0.0014233544973873968
3.2393828682277515e-5	0.001361469565414996	2.927552567553799e-9	0.0013614695654118486
3.1044085820515946e-5	0.0013047417074815025	2.6861116870530345e-9	0.0013047417074787376
2.9802322387695312e-5	0.0012525520751152865	2.4733561083516963e-9	0.0012525520751128444
2.8656079218937797e-5	0.00120437702723914	2.2849144314381253e-9	0.0012043770272369724
2.7594742951569732e-5	0.0011597704991851052	2.117218301503377e-9	0.0011597704991831727
2.6609216417585098e-5	0.0011183501497716917	1.9673300553010834e-9	0.0011183501497699613
2.569165723077182e-5	0.0010797863745022598	1.8328143993072831e-9	0.0010797863745007044
2.4835268656412758e-5	0.0010437935161223522	1.7116390289797733e-9	0.0010437935161209488
2.4034130957818802e-5	0.0010101227763582316	1.6020961192010165e-9	0.0010101227763569612
2.328306436538696e-5	0.0009785564567043842	1.5027430812550762e-9	0.0009785564567032304
2.191347234389361e-5	0.000920994347178937	1.3506582193602884e-9	0.0009209943471779466
2.06960572136773e-5	0.0008698280186787946	1.2026473210383075e-9	0.0008698280186779633
1.9606791044536388e-5	0.0008240476171450847	1.077701928759509e-9	0.0008240476171443799
1.862645149230957e-5	0.0007828452538597238	9.712661789845312e-10	0.0007828452538591213
1.77394776117234e-5	0.0007455669236120792	8.798560202174931e-10	0.0007455669236115601
1.6933137720281426e-5	0.0007116775311868411	8.007703624378183e-10	0.0007116775311863906
1.6196914341138758e-5	0.0006807350413737361	7.318888899496196e-10	0.0006807350413733426
1.5522042910257973e-5	0.0006523710914728704	6.715286156212022e-10	0.0006523710914725248
1.4901161193847656e-5	0.0006262762567972165	6.1833965011408e-10	0.0006262762567969113
1.4328039609468899e-5	0.0006021887164428553	5.712291645074419e-10	0.0006021887164425843
1.3797371475784866e-5	0.0005798854377762611	5.293050471749524e-10	0.0005798854377760196
1.3304608208792549e-5	0.0005591752499593324	4.918329252191307e-10	0.0005591752499591161
1.284582861538591e-5	0.0005398933505379662	4.5820399598697127e-10	0.0005398933505377718
1.2417634328206379e-5	0.0005218969107125699	4.279100972135985e-10	0.0005218969107123945
1.2017065478909401e-5	0.0005050615312011522	4.0052433663135005e-10	0.0005050615312009934
1.164153218269348e-5	0.0004892783626279628	3.756860884868098e-10	0.0004892783626278186
1.0956736171946805e-5	0.00046049729122001136	3.3766478952537295e-10	0.0004604972912198876
1.034802860683865e-5	0.0004349141144046849	3.0066204095328333e-10	0.000434914114404581
9.803395522268194e-6	0.0004120239029825725	2.694256608592427e-10	0.00041202390298248443
9.313225746154785e-6	0.00039142271222641217	2.42816682846373e-10	0.0003914227122263369
8.8697388058617e-6	0.0003727835392472904	2.1996413601849456e-10	0.0003727835392472255
8.466568860140713e-6	0.0003558388362162437	2.0019271572489208e-10	0.0003558388362161874
8.098457170569379e-6	0.0003403675853534189	1.8297232138771514e-10	0.00034036758535336973
7.761021455128987e-6	0.00032618560516944894	1.6788222727305952e-10	0.00032618560516940574
7.450580596923828e-6	0.00031313818320848747	1.5458498242664802e-10	0.0003131381832084493
7.164019804734449e-6	0.0003010944089272404	1.4280736870410444e-10	0.0003010944089272065
6.898685737892433e-6	0.00028994276593404916	1.3232631546391618e-10	0.00028994276593401896
6.6523041043962745e-6	0.00027958766874803555	1.2295829342887808e-10	0.0002795876687480085
6.422914307692955e-6	0.0002699467160906821	1.1455103784610996e-10	0.0002699467160906578
6.2088171641031895e-6	0.00026094849351912725	1.0697756142409141e-10	0.0002609484935191053
6.0085327394547004e-6	0.00025253080135608603	1.0013114129500591e-10	0.0002525308013560662
5.82076609134674e-6	0.00024463921488290916	9.392153501693368e-11	0.0002446392148828911
5.478368085973403e-6	0.0002302486750176412	8.441623997018322e-11	0.00023024867501762573
5.174014303419325e-6	0.00021745708346865958	7.516553523407835e-11	0.0002174570834686466
4.901697761134097e-6	0.0002060119750937905	6.735643887978377e-11	0.0002060119750937795
4.656612873077393e-6	0.00019571137743734063	6.070418265517654e-11	0.00019571137743733122
4.43486940293085e-6	0.00018639178898395534	5.499105040011257e-11	0.00018639178898394724
4.2332844300703565e-6	0.0001779194357638243	5.004819455004709e-11	0.00017791943576381727
4.049228585284689e-6	0.00017018380884334462	4.574309004456978e-11	0.00017018380884333846
3.880510727564493e-6	0.00016309281744298062	4.19705767077623e-11	0.00016309281744297522
3.725290298461914e-6	0.0001565691053067086	3.8646238285941956e-11	0.00015656910530670383
3.5820099023672247e-6	0.0001505472171400737	3.570186123235599e-11	0.00015054721714006947
3.4493428689462165e-6	0.00014497139472850276	3.3081581554315434e-11	0.00014497139472849897
3.3261520521981373e-6	0.00013979384531610835	3.073958113758172e-11	0.00013979384531610496
3.2114571538464777e-6	0.00013497336825076667	2.8637766965659856e-11	0.00013497336825076363
3.1044085820515948e-6	0.00013047425630027484	2.6744397704282355e-11	0.0001304742563002721
3.0042663697273502e-6	0.00012626540961691664	2.503278711381511e-11	0.00012626540961691414
2.91038304567337e-6	0.00012231961583368965	2.3480390719547133e-11	0.0001223196158336874
2.7391840429867014e-6	0.00011512434486072726	2.1104064002313208e-11	0.00011512434486072534
2.5870071517096626e-6	0.00010872854830090734	1.879138230312671e-11	0.00010872854830090572
2.4508488805670485e-6	0.00010300599344752159	1.6839116005439094e-11	0.00010300599344752022
2.3283064365386963e-6	9.785569404970408e-5	1.5176046482694734e-11	9.78556940497029e-5
2.217434701465425e-6	9.319589933205519e-5	1.37477659863445e-11	9.319589933205417e-5
2.1166422150351783e-6	8.895972229583622e-5	1.2512046604265141e-11	8.895972229583534e-5
2.0246142926423447e-6	8.509190846333162e-5	1.1435775721001312e-11	8.509190846333086e-5
1.9402553637822466e-6	8.154641243605335e-5	1.0492647328167e-11	8.154641243605267e-5
1.862645149230957e-6	7.828455607897232e-5	9.661560005349446e-12	7.828455607897173e-5
1.7910049511836123e-6	7.527361173914841e-5	8.925465694523773e-12	7.527361173914789e-5
1.7246714344731083e-6	7.248570030462269e-5	8.270401085940022e-12	7.248570030462222e-5
1.6630760260990686e-6	6.989692539357493e-5	7.684890225054083e-12	6.989692539357451e-5
1.6057285769232388e-6	6.748668667673851e-5	7.15943933931386e-12	6.748668667673813e-5
1.5522042910257974e-6	6.52371305353147e-5	6.686099658037232e-12	6.523713053531435e-5
1.5021331848636751e-6	6.313270704317832e-5	6.258202363900188e-12	6.313270704317801e-5
1.455191522836685e-6	6.115981001490231e-5	5.870095194249379e-12	6.115981001490202e-5
1.3695920214933507e-6	5.7562174268340036e-5	5.2760161644146515e-12	5.756217426833979e-5
1.2935035758548313e-6	5.436427579209849e-5	4.697845707236261e-12	5.436427579209829e-5
1.2254244402835243e-6	5.1502998198916695e-5	4.20977912351368e-12	5.1502998198916525e-5
1.1641532182693481e-6	4.892784835761087e-5	3.79401306181005e-12	4.892784835761072e-5
1.1087173507327124e-6	4.659795087604702e-5	3.436942916827449e-12	4.659795087604689e-5
1.0583211075175891e-6	4.44798622513988e-5	3.1280090534943748e-12	4.447986225139869e-5
1.0123071463211724e-6	4.254595524208103e-5	2.858946677702207e-12	4.254595524208094e-5
9.701276818911233e-7	4.07732071466671e-5	2.6231618930345574e-12	4.077320714666701e-5
9.313225746154785e-7	3.91422788958907e-5	2.4153900553827267e-12	3.914227889589063e-5
8.955024755918062e-7	3.763680666185249e-5	2.2313678088828785e-12	3.7636806661852424e-5
8.623357172365541e-7	3.624285088740312e-5	2.0675989746168474e-12	3.624285088740306e-5
8.315380130495343e-7	3.494846338066805e-5	1.921221256308182e-12	3.4948463380667995e-5
8.028642884616194e-7	3.374334397620919e-5	1.7898625520195621e-12	3.374334397620914e-5
7.761021455128987e-7	3.261856586395172e-5	1.671524946064825e-12	3.261856586395168e-5
7.510665924318376e-7	3.1566354080268505e-5	1.5645506196317992e-12	3.1566354080268465e-5
7.275957614183425e-7	3.0579905531965573e-5	1.467522483624582e-12	3.057990553196554e-5
6.847960107466753e-7	2.8781087593664355e-5	1.3190047244788472e-12	2.8781087593664328e-5
6.467517879274156e-7	2.718213830646068e-5	1.174462109295156e-12	2.7182138306460656e-5
6.127122201417621e-7	2.5751499468247382e-5	1.0524447967389691e-12	2.5751499468247358e-5
5.820766091346741e-7	2.4463924511995015e-5	9.485032791197677e-13	2.4463924511994995e-5
5.543586753663562e-7	2.3298975740528054e-5	8.592350762927354e-13	2.3298975740528037e-5
5.291605537587946e-7	2.2239931401569977e-5	7.820022762238079e-13	2.2239931401569964e-5
5.061535731605862e-7	2.127297787364436e-5	7.147380129667841e-13	2.127297787364435e-5
4.850638409455617e-7	2.038660380549352e-5	6.557898136573858e-13	2.038660380549351e-5
4.6566128730773926e-7	1.957113966204634e-5	6.038468539910156e-13	1.9571139662046328e-5
4.477512377959031e-7	1.8818403528995848e-5	5.578426293215877e-13	1.881840352899584e-5
4.3116785861827706e-7	1.8121425627474527e-5	5.168990794941652e-13	1.812142562747452e-5
4.1576900652476716e-7	1.747423186130455e-5	4.80305990561611e-13	1.7474231861304542e-5
4.014321442308097e-7	1.6871672147564042e-5	4.474649702962265e-13	1.6871672147564035e-5
3.8805107275644935e-7	1.630928308104946e-5	4.1788124083514163e-13	1.6309283081049452e-5
3.755332962159188e-7	1.5783177179804087e-5	3.911376606047436e-13	1.578317717980408e-5
3.6379788070917124e-7	1.528995289711157e-5	3.668806245206851e-13	1.5289952897111564e-5
3.4239800537333767e-7	1.4390543911705668e-5	3.297511841925564e-13	1.4390543911705664e-5
3.233758939637078e-7	1.3591069255833108e-5	2.93615529956481e-13	1.3591069255833104e-5
3.0635611007088106e-7	1.287574982632103e-5	2.63111533105898e-13	1.2875749826321027e-5
2.9103830456733704e-7	1.2231962339294807e-5	2.3712548905416634e-13	1.2231962339294804e-5
2.771793376831781e-7	1.1649487945890244e-5	2.1480876953099054e-13	1.164948794589024e-5
2.645802768793973e-7	1.1119965769752534e-5	1.9550023727658915e-13	1.1119965769752532e-5
2.530767865802931e-7	1.0636488999972865e-5	1.786841716179509e-13	1.0636488999972863e-5
2.4253192047278083e-7	1.0193301960787103e-5	1.639484573318321e-13	1.0193301960787101e-5
2.3283064365386963e-7	9.785569884548413e-6	1.5096138000680117e-13	9.785569884548411e-6
2.2387561889795154e-7	9.409201814015228e-6	1.3946065626314032e-13	9.409201814015226e-6
2.1558392930913853e-7	9.060712859680593e-6	1.2922477080619387e-13	9.060712859680591e-6
2.0788450326238358e-7	8.737115973394724e-6	1.2007616287022324e-13	8.737115973394722e-6
2.0071607211540486e-7	8.435836113647158e-6	1.1186691394219382e-13	8.435836113647156e-6
1.9402553637822467e-7	8.15464157779313e-6	1.0447031093590028e-13	8.154641577793129e-6
1.877666481079594e-7	7.891588624819505e-6	9.778441582545724e-14	7.891588624819503e-6
1.8189894035458562e-7	7.644976481337985e-6	9.17201567575337e-14	7.644976481337983e-6
1.7119900268666884e-7	7.195271984571165e-6	8.243763123848078e-14	7.195271984571164e-6
1.616879469818539e-7	6.795534653567293e-6	7.34040497090019e-14	6.7955346535672925e-6
1.5317805503544053e-7	6.437874936209809e-6	6.577788370907977e-14	6.437874936209809e-6
1.4551915228366852e-7	6.1159811904717306e-6	5.928120629511004e-14	6.1159811904717306e-6
1.3858966884158905e-7	5.824743991851678e-6	5.3702192735391115e-14	5.824743991851678e-6
1.3229013843969864e-7	5.559982902118201e-6	4.887505902365588e-14	5.559982902118201e-6
1.2653839329014654e-7	5.318244515774196e-6	4.4671209114616735e-14	5.318244515774196e-6
1.2126596023639041e-7	5.096650994903504e-6	4.0987114605686563e-14	5.096650994903504e-6
1.1641532182693481e-7	4.8927849556555626e-6	3.7740345254715304e-14	4.8927849556555626e-6
1.1193780944897577e-7	4.704600919386941e-6	3.48651648238791e-14	4.704600919386941e-6
1.0779196465456927e-7	4.530356441326085e-6	3.2306025432945525e-14	4.530356441326085e-6
1.0394225163119179e-7	4.3685579973831104e-6	3.0019376064823465e-14	4.3685579973831104e-6
1.0035803605770243e-7	4.217918066789682e-6	2.7966393390154415e-14	4.217918066789682e-6
9.701276818911234e-8	4.0773207982138015e-6	2.611808129146896e-14	4.0773207982138015e-6
9.38833240539797e-8	3.945794321138892e-6	2.444526434881667e-14	3.945794321138892e-6
9.094947017729281e-8	3.822488248864724e-6	2.2930711575788576e-14	3.822488248864724e-6
8.559950134333442e-8	3.5976359994651434e-6	2.060924220249453e-14	3.5976359994651434e-6
8.084397349092696e-8	3.3977673331962646e-6	1.8350846962839853e-14	3.3977673331962646e-6
7.658902751772027e-8	3.2189374738672284e-6	1.644447069788541e-14	3.2189374738672284e-6
7.275957614183426e-8	3.0579906004420373e-6	1.4820551228923423e-14	3.0579906004420373e-6
6.929483442079453e-8	2.9123720006524796e-6	1.3425548618140724e-14	2.9123720006524796e-6
6.614506921984932e-8	2.7799914553696296e-6	1.2218931526140715e-14	2.7799914553696296e-6
6.326919664507327e-8	2.6591222618339944e-6	1.1167719419295364e-14	2.6591222618339944e-6
6.063298011819521e-8	2.548325501079196e-6	1.0246611537737455e-14	2.548325501079196e-6
5.820766091346741e-8	2.4463924811731205e-6	9.43508640148008e-15	2.4463924811731205e-6
5.5968904724487885e-8	2.352300462788303e-6	8.716291028298086e-15	2.352300462788303e-6
5.389598232728463e-8	2.2651782235345797e-6	8.076757420157206e-15	2.2651782235345797e-6
5.1971125815595895e-8	2.18427900136288e-6	7.504592858441807e-15	2.18427900136288e-6
5.0179018028851214e-8	2.10895903588648e-6	6.99184988832518e-15	2.10895903588648e-6
4.850638409455617e-8	2.038660401436052e-6	6.529184961647463e-15	2.038660401436052e-6
4.694166202698985e-8	1.9728971627519123e-6	6.111567826254982e-15	1.9728971627519123e-6
4.5474735088646405e-8	1.9112441264811374e-6	5.732425876027809e-15	1.9112441264811374e-6
4.279975067166721e-8	1.7988180015274853e-6	5.152310810546594e-15	1.7988180015274853e-6
4.042198674546348e-8	1.6988836682013433e-6	4.58783590504914e-15	1.6988836682013433e-6
3.829451375886013e-8	1.609468738374196e-6	4.1111177274268454e-15	1.609468738374196e-6
3.637978807091713e-8	1.5289953015225061e-6	3.705054848185618e-15	1.5289953015225061e-6
3.464741721039726e-8	1.4561860015078999e-6	3.356387201841647e-15	1.4561860015078999e-6
3.307253460992466e-8	1.389995728762413e-6	3.0546912599176355e-15	1.389995728762413e-6
3.1634598322536636e-8	1.3295611319037321e-6	2.791929602380068e-15	1.3295611319037321e-6
3.0316490059097604e-8	1.2741627514464815e-6	2.5616530667280826e-15	1.2741627514464815e-6
2.9103830456733704e-8	1.22319624142294e-6	2.358938675970048e-15	1.22319624142294e-6
2.7984452362243943e-8	1.1761502321678366e-6	2.1789890934378863e-15	1.1761502321678366e-6
2.6947991163642316e-8	1.1325891124851062e-6	2.019063899828861e-15	1.1325891124851062e-6
2.5985562907797947e-8	1.0921395013493496e-6	1.876315819240672e-15	1.0921395013493496e-6
2.5089509014425607e-8	1.0544795185660927e-6	1.7478786827451533e-15	1.0544795185660927e-6
2.4253192047278084e-8	1.019330201300381e-6	1.632380243494753e-15	1.019330201300381e-6
2.3470831013494924e-8	9.864485819215044e-7	1.5277660421482628e-15	9.864485819215044e-7
2.2737367544323203e-8	9.556220637528296e-7	1.4332325403224766e-15	9.556220637528296e-7
2.1399875335833604e-8	8.994090012124702e-7	1.2880776309612888e-15	8.994090012124702e-7
2.021099337273174e-8	8.494418345014402e-7	1.146896760197817e-15	8.494418345014402e-7
1.9147256879430066e-8	8.047343695472483e-7	1.027800273981348e-15	8.047343695472483e-7
1.8189894035458565e-8	7.644976510866411e-7	9.262845305375495e-16	7.644976510866411e-7
1.732370860519863e-8	7.280930010493701e-7	8.3911759757456575e-16	7.280930010493701e-7
1.653626730496233e-8	6.949978646506171e-7	7.636937469849243e-16	6.949978646506171e-7
1.5817299161268318e-8	6.647805661985328e-7	6.979199079747173e-16	6.647805661985328e-7
1.5158245029548802e-8	6.37081375949978e-7	6.40475953408651e-16	6.37081375949978e-7
1.4551915228366852e-8	6.115981209205086e-7	5.896092747135666e-16	6.115981209205086e-7
1.3992226181121971e-8	5.880751162773677e-7	5.448100999974755e-16	5.880751162773677e-7
1.3473995581821158e-8	5.662945564220466e-7	5.048497370605775e-16	5.662945564220466e-7
1.2992781453898974e-8	5.460697508416071e-7	4.689951260233255e-16	5.460697508416071e-7
1.2544754507212804e-8	5.272397594387597e-7	4.3692771709564903e-16	5.272397594387597e-7
1.2126596023639042e-8	5.096651007957851e-7	4.081579982168493e-16	5.096651007957851e-7
1.1735415506747462e-8	4.932242910971562e-7	3.8194158050222895e-16	4.932242910971562e-7
1.1368683772161601e-8	4.778110320044575e-7	3.582871429237391e-16	4.778110320044575e-7
1.0699937667916802e-8	4.497045007184171e-7	3.220193716616526e-16	4.497045007184171e-7
1.010549668636587e-8	4.247209173509263e-7	2.8674495065785536e-16	4.247209173509263e-7
9.573628439715033e-9	4.0236718486365906e-7	2.5695003620004376e-16	4.0236718486365906e-7
9.094947017729282e-9	3.822488256246509e-7	2.3151920009749834e-16	3.822488256246509e-7
8.661854302599316e-9	3.640465005985374e-7	2.0977945099918858e-16	3.640465005985374e-7
8.268133652481165e-9	3.4749893239265843e-7	1.9092344742232094e-16	3.4749893239265843e-7
7.908649580634159e-9	3.3239028316094986e-7	1.7451128072147662e-16	3.3239028316094986e-7
7.579122514774401e-9	3.1854068803165934e-7	1.600981327119829e-16	3.1854068803165934e-7
7.275957614183426e-9	3.05799060512542e-7	1.4744412115092783e-16	3.05799060512542e-7
6.996113090560986e-9	2.940375581870321e-7	1.361816087542406e-16	2.940375581870321e-7
6.736997790910579e-9	2.831472782558798e-7	1.2619150680262084e-16	2.831472782558798e-7
6.496390726949487e-9	2.730348754625536e-7	1.1726976645172642e-16	2.730348754625536e-7
6.272377253606402e-9	2.636198797583194e-7	1.0925289302427243e-16	2.636198797583194e-7
6.063298011819521e-9	2.5483255043426574e-7	1.0197655745607965e-16	2.5483255043426574e-7
5.867707753373731e-9	2.466121455826904e-7	9.552734800375418e-17	2.466121455826904e-7
5.684341886080801e-9	2.3890551603424226e-7	8.957176653346888e-17	2.3890551603424226e-7
5.349968833958401e-9	2.2485225038725689e-7	8.051520970960916e-17	2.2485225038725689e-7
5.052748343182935e-9	2.123604587005092e-7	7.167587040586864e-17	2.123604587005092e-7
4.786814219857517e-9	2.011835924543355e-7	6.422715137500559e-17	2.011835924543355e-7
4.547473508864641e-9	1.911244128326735e-7	5.791097669934503e-17	1.911244128326735e-7
4.330927151299658e-9	1.8202325031773182e-7	5.2444868327971544e-17	1.8202325031773182e-7
4.1340668262405825e-9	1.7374946621316677e-7	4.7730847889683096e-17	1.7374946621316677e-7
3.9543247903170795e-9	1.6619514159589172e-7	4.362782527267491e-17	1.6619514159589172e-7
3.7895612573872004e-9	1.5927034402999738e-7	4.001408766466183e-17	1.5927034402999738e-7
3.637978807091713e-9	1.528995302693346e-7	3.6850578213215435e-17	1.528995302693346e-7
3.498056545280493e-9	1.4701877910560883e-7	3.4055869327427173e-17	1.4701877910560883e-7
3.3684988954552896e-9	1.415736391391569e-7	3.154786531976599e-17	1.415736391391569e-7
3.2481953634747434e-9	1.3651743774170872e-7	2.930697266695029e-17	1.3651743774170872e-7
3.136188626803201e-9	1.3180993988889184e-7	2.7313227293600296e-17	1.3180993988889184e-7
3.0316490059097605e-9	1.2741627522623747e-7	2.5504625488590842e-17	1.2741627522623747e-7
2.9338538766868654e-9	1.2330607279986764e-7	2.388184077774885e-17	1.2330607279986764e-7
2.8421709430404003e-9	1.194527580251217e-7	2.2382468375070132e-17	1.194527580251217e-7
2.6749844169792006e-9	1.1242612520063628e-7	2.011845845248194e-17	1.1242612520063628e-7
2.5263741715914674e-9	1.0618022935652162e-7	1.793450792968135e-17	1.0618022935652162e-7
2.3934071099287583e-9	1.0059179623279697e-7	1.606197284521703e-17	1.0059179623279697e-7
2.2737367544323206e-9	9.55622064214153e-8	1.4462161692698208e-17	9.55622064214153e-8
2.165463575649829e-9	9.101162516348306e-8	1.3116423593976325e-17	9.101162516348306e-8
2.0670334131202913e-9	8.687473311079272e-8	1.1932724277803442e-17	8.687473311079272e-8
1.9771623951585398e-9	8.309757080179859e-8	1.0901737125863837e-17	8.309757080179859e-8
1.8947806286936002e-9	7.963517201854195e-8	1.0003524354734516e-17	7.963517201854195e-8
1.8189894035458565e-9	7.644976513793596e-8	9.217875273728931e-18	7.644976513793596e-8
1.7490282726402464e-9	7.350938955582614e-8	8.51397774396442e-18	7.350938955582614e-8
1.6842494477276448e-9	7.078681957238122e-8	7.881742318539283e-18	7.078681957238122e-8
1.6240976817373717e-9	6.825871887346507e-8	7.33198182076988e-18	6.825871887346507e-8
1.5680943134016004e-9	6.590496994688029e-8	6.833555074130738e-18	6.590496994688029e-8
1.5158245029548803e-9	6.37081376153906e-8	6.36566902809887e-18	6.37081376153906e-8
1.4669269383434327e-9	6.165303640206439e-8	5.970462082223378e-18	6.165303640206439e-8
1.4210854715202002e-9	5.972637901456235e-8	5.5956189225480205e-18	5.972637901456235e-8
1.3374922084896003e-9	5.6213062602072874e-8	5.034790043422526e-18	5.6213062602072874e-8
1.2631870857957337e-9	5.309011467982406e-8	4.478441723610951e-18	5.309011467982406e-8
1.1967035549643792e-9	5.0295898117804386e-8	4.0129093748348356e-18	5.0295898117804386e-8
1.1368683772161603e-9	4.7781103211981476e-8	3.623339895241724e-18	4.7781103211981476e-8
1.0827317878249145e-9	4.5505812582895097e-8	3.2791072917908988e-18	4.5505812582895097e-8
1.0335167065601456e-9	4.3437366556446567e-8	2.9753602777301196e-18	4.3437366556446567e-8
9.885811975792699e-10	4.154878540186528e-8	2.733258933320442e-18	4.154878540186528e-8
9.473903143468001e-10	3.981758601015678e-8	2.5008823078012457e-18	3.981758601015678e-8
9.094947017729282e-10	3.8224882569784434e-8	2.304469988780956e-18	3.8224882569784434e-8
8.745141363201232e-10	3.6754694778667094e-8	2.1232642438650605e-18	3.6754694778667094e-8
8.421247238638224e-10	3.539340978689413e-8	1.9782877200620256e-18	3.539340978689413e-8
8.120488408686859e-10	3.4129359437383124e-8	1.8277599362060422e-18	3.4129359437383124e-8
7.840471567008002e-10	3.295248497404665e-8	1.7031472031829858e-18	3.295248497404665e-8
7.579122514774401e-10	3.1854068808266814e-8	1.599283435128506e-18	3.1854068808266814e-8
7.334634691717164e-10	3.0826518201564156e-8	1.4899914597733232e-18	3.0826518201564156e-8
7.105427357601001e-10	2.986318950778229e-8	1.4015281896828658e-18	2.986318950778229e-8
6.687461042448001e-10	2.8106531301474098e-8	1.2574002634327326e-18	2.8106531301474098e-8
6.315935428978668e-10	2.6545057340303565e-8	1.1196141907206245e-18	2.6545057340303565e-8
5.983517774821896e-10	2.514794905925439e-8	1.004523593864583e-18	2.514794905925439e-8
5.684341886080801e-10	2.3890551606307813e-8	9.045333846928443e-19	2.3890551606307813e-8
5.413658939124572e-10	2.2752906291735963e-8	8.197749934849186e-19	2.2752906291735963e-8
5.167583532800728e-10	2.1718683278487266e-8	7.451476363418954e-19	2.1718683278487266e-8
4.942905987896349e-10	2.07743927011724e-8	6.807091137420975e-19	2.07743927011724e-8
4.736951571734001e-10	1.9908793005300213e-8	6.265252753111004e-19	1.9908793005300213e-8
4.547473508864641e-10	1.9112441285095998e-8	5.74813109400285e-19	1.9112441285095998e-8
4.372570681600616e-10	1.837734738952348e-8	5.334322823446164e-19	1.837734738952348e-8
4.210623619319112e-10	1.76967048936212e-8	4.9195348817095305e-19	1.76967048936212e-8
4.0602442043434293e-10	1.7064679718855274e-8	4.582496474939514e-19	1.7064679718855274e-8
3.920235783504001e-10	1.647624248717601e-8	4.270970341889625e-19	1.647624248717601e-8
3.7895612573872006e-10	1.5927034404274885e-8	3.985093004354966e-19	1.5927034404274885e-8
3.667317345858582e-10	1.541325910091542e-8	3.7249833684151387e-19	1.541325910091542e-8
3.5527136788005004e-10	1.493159475401571e-8	3.4907123220892137e-19	1.493159475401571e-8
3.3437305212240007e-10	1.4053265650846983e-8	3.156470438487515e-19	1.4053265650846983e-8
3.157967714489334e-10	1.3272528670249315e-8	2.7860723294683244e-19	1.3272528670249315e-8
2.991758887410948e-10	1.2573974529715238e-8	2.5177902353882043e-19	1.2573974529715238e-8
2.842170943040401e-10	1.1945275803233347e-8	2.261350380853326e-19	1.1945275803233347e-8
2.706829469562286e-10	1.1376453145940254e-8	2.0559329924732414e-19	1.1376453145940254e-8
2.583791766400364e-10	1.0859341639309096e-8	1.8498275085883723e-19	1.0859341639309096e-8
2.4714529939481747e-10	1.0387196350646661e-8	1.7082800714929218e-19	1.0387196350646661e-8
2.3684757858670003e-10	9.954396502705736e-9	1.5793681757700424e-19	9.954396502705736e-9
2.2737367544323206e-10	9.556220642598765e-9	1.4239753602123682e-19	9.556220642598765e-9
2.186285340800308e-10	9.188673694808868e-9	1.3335835190883382e-19	9.188673694808868e-9
2.105311809659556e-10	8.848352446854483e-9	1.2299060767493407e-19	8.848352446854483e-9
2.0301221021717146e-10	8.532339859468566e-9	1.1521629631305258e-19	8.532339859468566e-9
1.9601178917520005e-10	8.238121243625824e-9	1.0611964629253327e-19	8.238121243625824e-9
1.8947806286936003e-10	7.963517202172988e-9	9.962756892171512e-20	7.963517202172988e-9
1.833658672929291e-10	7.706629550491403e-9	9.443732245738302e-20	7.706629550491403e-9
1.7763568394002502e-10	7.465797377039002e-9	8.661074270520357e-20	7.465797377039002e-9
1.6718652606120003e-10	7.026632825450632e-9	7.826448233856026e-20	7.026632825450632e-9
1.578983857244667e-10	6.636264335149482e-9	7.062307868430747e-20	6.636264335149482e-9
1.495879443705474e-10	6.286987264879549e-9	6.294564636419713e-20	6.286987264879549e-9
1.4210854715202004e-10	5.972637901636364e-9	5.588344519342285e-20	5.972637901636364e-9
1.353414734781143e-10	5.6882265729881115e-9	5.13997620037273e-20	5.6882265729881115e-9
1.291895883200182e-10	5.429670819671268e-9	4.689689367107097e-20	5.429670819671268e-9
1.2357264969740873e-10	5.1935981753382744e-9	4.238080223677046e-20	5.1935981753382744e-9
1.1842378929335001e-10	4.977198251366513e-9	3.9158334571396313e-20	4.977198251366513e-9
1.1368683772161603e-10	4.778110321312339e-9	3.592630400736739e-20	4.778110321312339e-9
1.093142670400154e-10	4.5943368474162165e-9	3.333972863829181e-20	4.5943368474162165e-9
1.052655904829778e-10	4.4241762234382135e-9	3.0747296187910216e-20	4.4241762234382135e-9
1.0150610510858573e-10	4.2661699297442505e-9	2.814963420064833e-20	4.2661699297442505e-9
9.800589458760003e-11	4.119060621822544e-9	2.6857012612920958e-20	4.119060621822544e-9
9.473903143468002e-11	3.9817586010953795e-9	2.4907014136682507e-20	3.9817586010953795e-9
9.168293364646455e-11	3.8533147752539474e-9	2.3609020784257958e-20	3.8533147752539474e-9
8.881784197001251e-11	3.732898688527376e-9	2.1652799963407332e-20	3.732898688527376e-9
8.359326303060002e-11	3.5133164127322313e-9	1.97277115306233e-20	3.5133164127322313e-9
7.894919286223336e-11	3.318132167580771e-9	1.7494149510107834e-20	3.318132167580771e-9
7.47939721852737e-11	3.1434936324452113e-9	1.5573874811015624e-20	3.1434936324452113e-9
7.105427357601002e-11	2.986318950823278e-9	1.429586977371985e-20	2.986318950823278e-9
6.767073673905715e-11	2.8441132864985957e-9	1.3012643979656778e-20	2.8441132864985957e-9
6.45947941600091e-11	2.7148354098396388e-9	1.1398786675399672e-20	2.7148354098396388e-9
6.178632484870437e-11	2.596799087672872e-9	1.0432100783869884e-20	2.596799087672872e-9
5.921189464667501e-11	2.4885991256867985e-9	1.0115682039947994e-20	2.4885991256867985e-9
5.6843418860808015e-11	2.38905516065932e-9	8.818262288310423e-21	2.38905516065932e-9
5.46571335200077e-11	2.2971684237110096e-9	8.171523819526333e-21	2.2971684237110096e-9
5.26327952414889e-11	2.2120881117218935e-9	7.850701046633561e-21	2.2120881117218935e-9
5.0753052554292866e-11	2.133084964874749e-9	7.201353299933412e-21	2.133084964874749e-9
4.9002947293800014e-11	2.0595303109135918e-9	6.550600089437857e-21	2.0595303109135918e-9
4.736951571734001e-11	1.9908793005499993e-9	6.554604949019134e-21	1.9908793005499993e-9
4.584146682323227e-11	1.9266573876289465e-9	5.574830313977972e-21	1.9266573876289465e-9
4.4408920985006255e-11	1.8664493442657008e-9	5.5775806147666665e-21	1.8664493442657008e-9
4.179663151530001e-11	1.7566582063678004e-9	4.851239973980597e-21	1.7566582063678004e-9
3.947459643111668e-11	1.6590660837919145e-9	4.373588171780217e-21	1.6590660837919145e-9
3.739698609263685e-11	1.5717468162239867e-9	3.893865821525867e-21	1.5717468162239867e-9
3.552713678800501e-11	1.493159475412869e-9	3.574178932260116e-21	1.493159475412869e-9
3.383536836952858e-11	1.4220566432504104e-9	3.2530466528418833e-21	1.4220566432504104e-9
3.229739708000455e-11	1.357417704920886e-9	2.9312688964843454e-21	1.357417704920886e-9
3.0893162424352184e-11	1.2983995438373918e-9	2.6080649479905255e-21	1.2983995438373918e-9
2.9605947323337503e-11	1.2442995628442194e-9	2.447453054247747e-21	1.2442995628442194e-9
2.8421709430404007e-11	1.194527580330448e-9	2.123041334509697e-21	1.194527580330448e-9
2.732856676000385e-11	1.1485842118563181e-9	2.2882616444305584e-21	1.1485842118563181e-9
2.631639762074445e-11	1.106044055861577e-9	1.7990226460692536e-21	1.106044055861577e-9
2.5376526277146433e-11	1.0665424824380082e-9	1.8003709784303544e-21	1.0665424824380082e-9
2.4501473646900007e-11	1.0297651554573975e-9	1.6376815498254585e-21	1.0297651554573975e-9
2.3684757858670004e-11	9.954396502754883e-10	1.4747864829339382e-21	9.954396502754883e-10
2.2920733411616136e-11	9.63328693815032e-10	1.4755545636862341e-21	9.63328693815032e-10
2.2204460492503128e-11	9.332246721333525e-10	1.4762746393915132e-21	9.332246721333525e-10
2.0898315757650004e-11	8.783291031843314e-10	1.2129343986882202e-21	8.783291031843314e-10
1.973729821555834e-11	8.295330418963277e-10	1.0528999060269276e-21	8.295330418963277e-10
1.8698493046318424e-11	7.858734081123595e-10	1.0545452782883614e-21	7.858734081123595e-10
1.7763568394002505e-11	7.46579737706741e-10	8.934018164746438e-22	7.46579737706741e-10
1.691768418476429e-11	7.110283216254823e-10	8.132834321747422e-22	7.110283216254823e-10
1.6148698540002275e-11	6.787088524606756e-10	6.513826867054024e-22	6.787088524606756e-10
1.5446581212176092e-11	6.491997719189337e-10	6.520361130084373e-22	6.491997719189337e-10
1.4802973661668752e-11	6.221497814223135e-10	5.711295356916642e-22	6.221497814223135e-10
1.4210854715202004e-11	5.972637901654638e-10	6.531861433017808e-22	5.972637901654638e-10
1.3664283380001925e-11	5.742921059283064e-10	4.903436584544008e-22	5.742921059283064e-10
1.3158198810372225e-11	5.530220279309562e-10	4.0882027443865154e-22	5.530220279309562e-10
1.2688263138573216e-11	5.332712412191728e-10	4.909605220463623e-22	5.332712412191728e-10
1.2250736823450003e-11	5.148825777288486e-10	4.0943615118900257e-22	5.148825777288486e-10
1.1842378929335002e-11	4.97719825137899e-10	4.0971329572666075e-22	4.97719825137899e-10
1.1460366705808068e-11	4.816643469076555e-10	4.099725599715671e-22	4.816643469076555e-10
1.1102230246251564e-11	4.666123360667795e-10	3.2815748876359303e-22	4.666123360667795e-10
1.0449157878825002e-11	4.3916455159226815e-10	2.8301286544244387e-22	4.3916455159226815e-10
9.86864910777917e-12	4.147665209482675e-10	2.834989420907238e-22	4.147665209482675e-10
9.349246523159212e-12	3.929367040562551e-10	2.4336284680210694e-22	3.929367040562551e-10
8.881784197001252e-12	3.7328986885345297e-10	2.437106416812725e-22	3.7328986885345297e-10
8.458842092382144e-12	3.5551416081281085e-10	2.0329227252501123e-22	3.5551416081281085e-10
8.074349270001138e-12	3.3935442623040737e-10	1.6285606140918048e-22	3.3935442623040737e-10
7.723290606088046e-12	3.245998859595267e-10	1.6305500408414132e-22	3.245998859595267e-10
7.401486830834376e-12	3.110748907112191e-10	1.6316829570164543e-22	3.110748907112191e-10
7.105427357601002e-12	2.9863189508276474e-10	1.2249211927531873e-22	2.9863189508276474e-10
6.8321416900009626e-12	2.871460529642014e-10	1.2262658554193014e-22	2.871460529642014e-10
6.5790994051861124e-12	2.7651101396554244e-10	1.635806142818632e-22	2.7651101396554244e-10
6.344131569286608e-12	2.6663562060961236e-10	8.183763815637896e-23	2.6663562060961236e-10
6.125368411725002e-12	2.574412888644675e-10	1.2286001622943985e-22	2.574412888644675e-10
5.921189464667501e-12	2.4885991256897743e-10	8.196285371039586e-23	2.4885991256897743e-10
5.730183352904034e-12	2.408321734538518e-10	8.199266492787061e-23	2.408321734538518e-10
5.551115123125782e-12	2.333061680334214e-10	8.202061294425319e-23	2.333061680334214e-10
5.224578939412501e-12	2.195822757961707e-10	1.0108683024843224e-22	2.195822757961707e-10
4.934324553889585e-12	2.0738326047415436e-10	6.075045129303074e-23	2.0738326047415436e-10
4.674623261579606e-12	1.9646835202814921e-10	6.086853917779775e-23	1.9646835202814921e-10
4.440892098500626e-12	1.8664493442673892e-10	4.0626059417598887e-23	1.8664493442673892e-10
4.229421046191072e-12	1.7775708040642013e-10	4.0664985194191976e-23	1.7775708040642013e-10
4.037174635000569e-12	1.6967721311522656e-10	6.108303943908777e-23	1.6967721311522656e-10
3.861645303044023e-12	1.6229994297977835e-10	4.076872002368089e-23	1.6229994297977835e-10
3.700743415417188e-12	1.555374453556224e-10	4.0796835886279786e-23	1.555374453556224e-10
3.552713678800501e-12	1.493159475413989e-10	4.085585728045162e-23	1.493159475413989e-10
3.4160708450004813e-12	1.4357302648211007e-10	2.0443625131900535e-23	1.4357302648211007e-10
3.2895497025930562e-12	1.382555069827791e-10	4.0899386424570405e-23	1.382555069827791e-10
3.172065784643304e-12	1.3331781030481823e-10	2.0463491219838068e-23	1.3331781030481823e-10
3.062684205862501e-12	1.2872064443223907e-10	2.0472396707534208e-23	1.2872064443223907e-10
2.9605947323337505e-12	1.24429956284504e-10	4.098142685520297e-23	1.24429956284504e-10
2.865091676452017e-12	1.2041608672693468e-10	2.05152217825505e-23	1.2041608672693468e-10
2.775557561562891e-12	1.1665308401671856e-10	2.0521675800690364e-23	1.1665308401671856e-10
2.6122894697062505e-12	1.0979113789808902e-10	2.0216524004687406e-23	1.0979113789808902e-10
2.4671622769447924e-12	1.0369163023708501e-10	2.0267616302776267e-23	1.0369163023708501e-10
2.337311630789803e-12	9.823417601407864e-11	1.0148766601940792e-23	9.823417601407864e-11
2.220446049250313e-12	9.33224672133753e-11	1.0159372030919391e-23	9.33224672133753e-11
2.114710523095536e-12	8.887854020321783e-11	2.0332492597097766e-23	8.887854020321783e-11
2.0185873175002844e-12	8.483860655761488e-11	1.017769049915516e-23	8.483860655761488e-11
1.9308226515220115e-12	8.11499714898929e-11	1.0185655050562016e-23	8.11499714898929e-11
1.850371707708594e-12	7.77687226778144e-11	1.0210224014654156e-23	7.77687226778144e-11
1.7763568394002505e-12	7.46579737706994e-11	4.571482430455704e-27	7.46579737706994e-11
1.7080354225002406e-12	7.178651324106008e-11	1.0221812565950985e-23	7.178651324106008e-11
1.6447748512965281e-12	6.912775349139148e-11	1.0226963033194024e-23	6.912775349139148e-11
1.586032892321652e-12	6.665890515241072e-11	4.08168074147834e-27	6.665890515241072e-11
1.5313421029312504e-12	6.436032221612636e-11	2.0482746636726003e-23	6.436032221612636e-11
1.4802973661668753e-12	6.221497814225029e-11	3.809568692046468e-27	6.221497814225029e-11
1.4325458382260085e-12	6.020804336346814e-11	3.686679379399815e-27	6.020804336346814e-11
1.3877787807814455e-12	5.832654200836263e-11	1.0260837900345771e-23	5.832654200836263e-11
1.3061447348531253e-12	5.4895568949046133e-11	5.0619063257017336e-24	5.4895568949046133e-11
1.2335811384723962e-12	5.1845815118543805e-11	5.0684913959825465e-24	5.1845815118543805e-11
1.1686558153949015e-12	4.91170880070417e-11	5.0743833009706415e-24	4.91170880070417e-11
1.1102230246251565e-12	4.6661233606688426e-11	2.8571765190348945e-27	4.6661233606688426e-11
1.057355261547768e-12	4.443927010160812e-11	2.721120494318953e-27	4.443927010160812e-11
1.0092936587501422e-12	4.241930327880921e-11	5.088845249577792e-24	4.241930327880921e-11
9.654113257610057e-13	4.057498574494807e-11	5.0928275252812116e-24	4.057498574494807e-11
9.25185853854297e-13	3.888436133890731e-11	2.3809804325290965e-27	3.888436133890731e-11
8.881784197001252e-13	3.732898688535245e-11	5.108125030664441e-24	3.732898688535245e-11
8.540177112501203e-13	3.5893256620529936e-11	2.1978280915653264e-27	3.5893256620529936e-11
8.223874256482641e-13	3.456387674569554e-11	2.1164270511369838e-27	3.456387674569554e-11
7.93016446160826e-13	3.3329452576207833e-11	5.1158728049600195e-24	3.3329452576207833e-11
7.656710514656252e-13	3.218016110806144e-11	1.9704665648516796e-27	3.218016110806144e-11
7.401486830834376e-13	3.110748907112748e-11	5.1201771240131224e-24	3.110748907112748e-11
7.162729191130043e-13	3.0104021681734963e-11	1.843339689699962e-27	3.0104021681734963e-11
6.938893903907227e-13	2.916327100418078e-11	1.7857353243968403e-27	2.916327100418078e-11
