# τ	Fs	F	Δζ	ΔG	Δr²
0.0	1.0	1.0	1234.8496649611188	123.30297150062937	0.0
3.125e-7	0.9999838611727643	0.999988615494636	1234.2530610754304	123.24599734836009	3.125e-7
6.25e-7	0.9999677243671108	0.9999772323611927	1233.6569616505683	123.18906970635108	6.249397046062031e-7
9.375000000000001e-7	0.9999515913422052	0.9999658518406181	1233.061375690168	123.13218936966148	9.372588883206211e-7
1.25e-6	0.9999354620956533	0.9999544739312483	1232.4663026629985	123.07535629128319	1.249457644232492e-6
1.5625e-6	0.999919336624871	0.9999430986312855	1231.8717420379423	123.01857042422951	1.5615360769607145e-6
1.8750000000000003e-6	0.9999032149272765	0.9999317259389336	1231.2776932844943	122.96183172156508	1.873494291013525e-6
2.1875000000000002e-6	0.9998870970002909	0.9999203558523985	1230.6841558727492	122.90514013640576	2.185332390786386e-6
2.5e-6	0.9998709828413374	0.9999089883698875	1230.0911292734054	122.84849562191847	2.4970504805621187e-6
2.8125e-6	0.9998548724478417	0.9998976234896095	1229.498612957765	122.79189813132135	2.8086486645110387e-6
3.125e-6	0.999838765817232	0.9998862612097758	1228.9066063977316	122.73534761788352	3.1201270466910883e-6
3.4375e-6	0.9998226629469391	0.9998749015285984	1228.3151090658082	122.67884403492516	3.43148573104797e-6
3.7500000000000005e-6	0.999806563834396	0.9998635444442918	1227.7241204351028	122.62238733581727	3.7427248214152815e-6
4.0625000000000005e-6	0.9997904684770385	0.999852189955072	1227.133639979318	122.56597747398176	4.053844421514647e-6
4.3750000000000005e-6	0.9997743768723043	0.9998408380591566	1226.5436671727591	122.50961440289134	4.364844634955851e-6
4.6875000000000004e-6	0.9997582890176341	0.9998294887547649	1225.954201490328	122.4532980760695	4.675725565236974e-6
5.0e-6	0.9997422049104706	0.999818142040118	1225.3652424075226	122.39702844709039	4.9864873157445185e-6
5.3125e-6	0.9997261269547656	0.9998067995931808	1224.7768831433928	122.34081405830656	5.297050755676171e-6
5.625e-6	0.9997100535414506	0.9997954602908355	1224.1890604832824	122.28464912023671	5.607468906675383e-6
5.9375e-6	0.9996939841324309	0.9997841237575013	1223.6017530139375	122.22853167280869	5.917759513423387e-6
6.25e-6	0.9996779185466329	0.9997727898667951	1223.0149532521255	122.17246103207935	6.227928560025989e-6
6.5625e-6	0.9996618567220013	0.9997614585754089	1222.4286583569574	122.11643693939116	6.5379781098186785e-6
6.875e-6	0.9996457986361582	0.9997501298677282	1221.8428670349283	122.06045927784031	6.8479089189715905e-6
7.1875e-6	0.999629744279953	0.9997388037373731	1221.2575785085592	122.00452797779386	7.15772130780344e-6
7.500000000000001e-6	0.9996136936486473	0.9997274801810415	1220.6727921727295	121.94864298540462	7.467415451257004e-6
7.8125e-6	0.999597646738975	0.9997161591964597	1220.0885074801456	121.89280425211925	7.776991475736803e-6
8.125000000000001e-6	0.999581603548162	0.9997048407816975	1219.504723903175	121.83701173118178	8.086449491392609e-6
8.4375e-6	0.9995655640736001	0.99969352493494	1218.921440921132	121.78126537646847	8.395789602882056e-6
8.750000000000001e-6	0.9995495283127381	0.9996822116544121	1218.338658016036	121.72556514209974	8.705011912958749e-6
9.0625e-6	0.9995334962630452	0.999670900938353	1217.7563746711987	121.6699109823102	9.014116523668529e-6
9.375000000000001e-6	0.9995174679219988	0.9996595927850089	1217.1745903707565	121.61430285140618	9.323103536748367e-6
9.6875e-6	0.9995014432870808	0.9996482871926272	1216.5933045995066	121.55874070375073	9.63197305375944e-6
1.0e-5	0.9994854223557771	0.9996369841594589	1216.012516842862	121.50322449375902	9.94072517613157e-6
1.0625e-5	0.9994533915906295	0.9996143857614536	1214.8524331313183	121.39232968822402	1.0557877776610123e-5
1.125e-5	0.9994213756087191	0.9995917975785834	1213.6943352564933	121.28161808216653	1.1174562057278534e-5
1.1875e-5	0.9993893743907599	0.9995692195974327	1212.5382191645062	121.1710893163789	1.1790778795552264e-5
1.25e-5	0.9993573879170081	0.9995466518042666	1211.384080782946	121.06074302999039	1.240652878710424e-5
1.3125e-5	0.9993254161675912	0.9995240941852602	1210.2319160394018	120.95057886210049	1.3021812832578275e-5
1.375e-5	0.9992934591226205	0.9995015467265789	1209.0817208676262	120.84059645232287	1.3636631733090447e-5
1.4375e-5	0.999261516762226	0.9994790094144004	1207.9334912095742	120.7307954409643	1.4250986288803586e-5
1.5000000000000002e-5	0.9992295890665707	0.9994564822349244	1206.7872230160679	120.62117546908404	1.4864877298382778e-5
1.5625e-5	0.9991976760158515	0.9994339651743759	1205.642912246999	120.51173617851157	1.5478305558888413e-5
1.6250000000000002e-5	0.9991657775903044	0.9994114582190049	1204.5005548713877	120.40247721185212	1.6091271865671403e-5
1.6875e-5	0.9991338937702002	0.999388961355088	1203.3601468673799	120.29339821248634	1.6703777012412686e-5
1.7500000000000002e-5	0.9991020245358475	0.9993664745689272	1202.2216842222406	120.18449882456994	1.731582179106739e-5
1.8125e-5	0.9990701698675923	0.9993439978468518	1201.085162932328	120.07577869303174	1.7927406991920542e-5
1.8750000000000002e-5	0.9990383297458193	0.9993215311752158	1199.9505790030778	119.96723746357223	1.8538533403536778e-5
1.9375e-5	0.9990065041509492	0.9992990745403988	1198.8179284489763	119.85887478266153	1.914920181281767e-5
2.0e-5	0.9989746930634388	0.999276627928807	1197.6872072935455	119.75069029753799	1.975941300495218e-5
2.125e-5	0.9989111143067163	0.999231764703108	1195.4315358806527	119.5348543805598	2.097846790599006e-5
2.25e-5	0.9988475933373854	0.9991869414019383	1193.183534103709	119.31972699154215	2.2195703657736967e-5
2.375e-5	0.9987841300061996	0.9991421579214823	1190.9431707970157	119.10530536437899	2.3411126249404502e-5
2.5e-5	0.9987207241606646	0.9990974141556651	1188.7104147216612	118.89158672605465	2.46247417980726e-5
2.625e-5	0.998657375647567	0.9990527099979124	1186.485234708599	118.67856830927337	2.583655644643087e-5
2.75e-5	0.9985940843138629	0.9990080453417687	1184.267599706013	118.46624735664354	2.7046576327630288e-5
2.875e-5	0.9985308500069247	0.9989634200810689	1182.0574787944483	118.25462112201717	2.8254807554768686e-5
3.0000000000000004e-5	0.9984676725746695	0.9989188341100295	1179.8548411915851	118.04368687091588	2.946125621634402e-5
3.125e-5	0.9984045518655553	0.9988742873232412	1177.6596562531931	117.8334418806194	3.066592837593962e-5
3.2500000000000004e-5	0.9983414877286192	0.9988297796157011	1175.4718934731893	117.62388344017559	3.186883007108351e-5
3.375e-5	0.9982784800134494	0.9987853108827885	1173.291522483032	117.41500885035077	3.306996731406355e-5
3.5000000000000004e-5	0.9982155285702131	0.9987408810202882	1171.118513051262	117.20681542359404	3.4269346091168074e-5
3.625e-5	0.9981526332496239	0.9986964899243648	1168.9528350827263	116.99930048397285	3.546697236362212e-5
3.7500000000000003e-5	0.9980897939029726	0.9986521374915862	1166.794458618069	116.79246136713283	3.666285206687279e-5
3.875e-5	0.9980270103820903	0.9986078236188962	1164.643353832945	116.58629542023196	3.785699111153454e-5
4.0e-5	0.9979642825393799	0.9985635482036368	1162.499491037508	116.38080000190045	3.9049395382681875e-5
4.25e-5	0.9978389931079051	0.9984751122025237	1158.2333626722202	115.97180929936366	4.142903070095451e-5
4.5e-5	0.9977139245693385	0.9983868287654606	1153.9958459634656	115.56546900116825	4.380179939081387e-5
4.75e-5	0.9975890758059588	0.998298697115072	1149.7867105884495	115.16175859802986	4.6167745907226535e-5
5.0e-5	0.9974644456799349	0.9982107164600157	1145.6057266953985	114.76065761593895	4.852691546698285e-5
5.25e-5	0.9973400330520898	0.9981228860080243	1141.4526659627309	114.36214570997343	5.0879353292925444e-5
5.5e-5	0.9972158367887728	0.9980352049706921	1137.32730194088	113.96620269467084	5.322510434697334e-5
5.75e-5	0.9970918557634426	0.9979476725645681	1133.2294101501357	113.5728085528048	5.556421326053551e-5
6.000000000000001e-5	0.9969680888578033	0.9978602880119545	1129.158768103058	113.18194343750126	5.789672429661236e-5
6.25e-5	0.9968445349614838	0.9977730505406738	1125.1151552964375	112.79358767164544	6.022268135644254e-5
6.500000000000001e-5	0.9967211929725334	0.9976859593844222	1121.0983531987122	112.40772174689863	6.25421279671526e-5
6.75e-5	0.9965980617968923	0.9975990137823924	1117.108145230591	112.02432632209796	6.485510729672632e-5
7.000000000000001e-5	0.9964751403488128	0.9975122129795764	1113.1443167489194	111.64338222195529	6.716166214454131e-5
7.25e-5	0.9963524275503133	0.9974255562263769	1109.2066550263992	111.26487043537382	6.946183495710159e-5
7.500000000000001e-5	0.9962299223315878	0.9973390427788977	1105.2949492353673	110.88877211413526	7.175566781893869e-5
7.75e-5	0.9961076236304625	0.9972526718985618	1101.4089904277682	110.51506857123536	7.404320246826788e-5
8.0e-5	0.995985530392803	0.9971664428523982	1097.548571519223	110.14374127959265	7.632448028797294e-5
8.5e-5	0.9957419547791243	0.9969944064185458	1089.9034610238582	109.40813561063355	8.086848209674403e-5
9.0e-5	0.9954991881380753	0.9968229283650645	1082.3580491215948	108.6818146055568	8.538796095341272e-5
9.5e-5	0.9952572226164937	0.996652003231793	1074.9107613901385	107.9646371647294	8.988322359833904e-5
0.0001	0.9950160502773346	0.9964816255005435	1067.560040143309	107.25646359536708	9.435457951671e-5
0.000105	0.9947756632277173	0.9963117896839928	1060.3043515074046	106.55715624378749	9.880233581483687e-5
0.00011	0.9945360536700042	0.9961424903613008	1053.142187462655	105.86657968021682	0.00010322679532161367
0.000115	0.9942972139080125	0.9959737221823063	1046.0720661438343	105.18460072864328	0.0001076282562640257
0.00012000000000000002	0.9940591363573017	0.9958054798747895	1039.0925316468247	104.51108845281185	0.00011200701197381598
0.000125	0.9938218135379893	0.9956377582393574	1032.2021536023474	103.84591412128361	0.0001163633510922701
0.00013000000000000002	0.9935852380804431	0.9954705521535102	1025.3995267534399	103.18895117287443	0.00012069755745580012
0.000135	0.9933494027167777	0.9953038565656122	1018.6832704668795	102.5400751759948	0.00012500991035376748
0.00014000000000000001	0.9931143002859822	0.9951376664985635	1012.052028301432	101.89916379308734	0.0001293006844339094
0.000145	0.9928799237254361	0.9949719770437888	1005.5044675293344	101.2660967406905	0.00013357014996024473
0.00015000000000000001	0.9926462660759231	0.9948067833648252	999.0392787188543	100.64075575497648	0.0001378185727206586
0.000155	0.9924133204733119	0.9946420806914298	992.6551752731012	100.02302455319555	0.0001420462142791581
0.00016	0.9921810801535055	0.994477864323121	986.350893028855	99.41278880049745	0.00014625333188370297
0.00017	0.9917186804535031	0.9941508662467371	973.9764100090384	98.21431666555647	0.00015460731775987068
0.00018	0.9912590206039461	0.9938257569126916	961.9064694585229	97.04449103933781	0.00016288228254477899
0.00019	0.9908020517196504	0.9935025023548917	950.1318275454886	95.90247319523722	0.00017108006635256601
0.0002	0.9903477250584728	0.993181068710668	938.6434899358835	94.78744599303694	0.00017920249739073247
0.00021	0.9898959927486249	0.9928614227240877	927.4327474414392	93.69861714681088	0.0001872513633369623
0.00022	0.9894468081310103	0.9925435319852464	916.4911808258063	92.63521972253764	0.00019522839980304658
0.00023	0.9890001257199483	0.9922273649012029	905.8106547687935	91.59651165847158	0.0002031352910406158
0.00024000000000000003	0.9885559012868114	0.9919128907555654	895.3833094499781	90.58177506895932	0.00021097366823895656
0.00025	0.988114091740671	0.9916000796238732	885.2015507125392	89.59031541649388	0.0002187451133094613
0.00026000000000000003	0.9876746551826981	0.9912889024128401	875.2580408880616	88.62146074033053	0.00022645115823322767
0.00027	0.9872375507831042	0.990979330773222	865.5456892289569	87.67456084601248	0.000234093288995839
0.00028000000000000003	0.9868027388318551	0.9906713371364648	856.0576432779069	86.74898657649172	0.00024167294500730745
0.00029	0.9863701806201517	0.9903648946307737	846.7872799589319	85.8441290548391	0.00024919152287128534
0.00030000000000000003	0.9859398384902427	0.9900599771171044	837.7281975841589	84.95939900687051	0.0002566503757741672
0.00031	0.9855116757220955	0.9897565591088883	828.8742075972854	84.09422605711681	0.0002640508170647458
0.00032	0.9850856565825682	0.9894546158075417	820.2193271824964	83.24805810041072	0.0002713941196066014
0.00034	0.9842398702695797	0.9888550292003759	803.4819879326864	81.6104363181627	0.0002859156259087604
0.00036	0.9834022414006706	0.9882610520396948	787.473718668193	80.04260136679474	0.00030022327152299833
0.00038	0.9825725246004132	0.9876725140929017	772.1538249533234	78.54077672421819	0.00031432561692373715
0.0004	0.9817504809112191	0.9870892496268134	757.48391175241	77.1013911663265	0.000328230936395636
0.00042	0.9809358804003548	0.9865110991894784	743.4279328731506	75.72108422386862	0.0003419471200778528
0.00044	0.9801285040074434	0.9859379109090093	729.9521012422512	74.39669880739355	0.00035548162450116654
0.00046	0.9793281423606184	0.9853695396494787	717.0247526439532	73.1252694943758	0.0003688415103725815
0.00048000000000000007	0.9785345963168107	0.984805847403017	704.6162103443677	71.90401079660879	0.00038203343841630656
0.0005	0.9777476754859052	0.9842467022449062	692.698648669693	70.73030526060062	0.00039506371741146446
0.0005200000000000001	0.9769671986353651	0.9836919786309364	681.2459704797674	69.60169275362878	0.0004079383033640491
0.00054	0.9761929923008068	0.9831415564138178	670.2336875773591	68.51585996337195	0.0004206628442374178
0.0005600000000000001	0.9754248911813873	0.9825953211334209	659.6388146939091	67.47063106898788	0.0004332426780733959
0.00058	0.9746627368665658	0.9820531631150101	649.439766111539	66.46395861217229	0.00044568287342504267
0.0006000000000000001	0.9739063782322593	0.9815149777593145	639.6162643512604	65.49391541386682	0.00045798822623620945
0.00062	0.9731556702759457	0.9809806647170455	630.1492508706004	64.55868664469492	0.00047016329633428676
0.00064	0.9724104745113925	0.98045012817729	621.0208073895985	63.65656281957922	0.0004822124032976033
0.00068	0.970935960888182	0.9793999293192917	603.7077708871666	61.94476335504265	0.0005059528295824087
0.00072	0.9694819448591678	0.9783637638537279	587.558724171756	60.34715995308263	0.0005292367644010378
0.00076	0.9680475367099396	0.9773410166759842	572.4656509666901	58.85336433786917	0.0005520909177203842
0.0008	0.9666318985299373	0.9763311089037082	558.3316538718167	57.454028530915636	0.0005745400656633111
0.00084	0.9652342439509395	0.9753334974096748	545.0701906063418	56.14077816414551	0.0005966070757217224
0.00088	0.9638538456903982	0.9743476802027733	532.6040306369338	54.90611789236395	0.0006183127752992179
0.00092	0.9624900237583436	0.9733731880455054	520.8641721838189	53.743332360388465	0.0006396763217655656
0.0009600000000000001	0.961142148585517	0.9724095867789999	509.7888929737676	52.646398720390465	0.0006607151867957984
0.001	0.9598096297648137	0.9714564693399954	499.32287596737166	51.609905813613466	0.0006814455009311977
0.0010400000000000001	0.9584919188157157	0.9705134578231956	489.4164739907582	50.62898571551455	0.000701882032454783
0.00108	0.9571884994832197	0.96958019659803	480.0250377961918	49.69925108206075	0.0007220384776384148
0.0011200000000000001	0.9558988904908011	0.9686563543513943	471.108355179967	48.81674246210118	0.0007419274271142422
0.00116	0.9546226372397683	0.9677416181919453	462.63013550503393	47.97787985266393	0.0007615606090591591
0.0012000000000000001	0.9533593145189362	0.9668356956518092	454.5575810150671	47.179422085217844	0.0007809488471129909
0.00124	0.9521085193705161	0.9659383096139587	446.8609896168369	46.41842922441969	0.000800102265449037
0.00128	0.9508698737076329	0.9650492002398654	439.5134257440749	45.692231135518895	0.0008190302420367928
0.00136	0.9484273518508913	0.9632946601047778	425.76205193279395	44.33397218365809	0.0008562493680698235
0.00144	0.9460293367500584	0.9615704176775559	413.1403238000857	43.088407721743565	0.0008926651046911905
0.00152	0.9436734979040343	0.9598748729444458	401.50760991292856	41.941523658513304	0.0009283326633713618
0.0016	0.9413577047923949	0.9582065653968032	390.74459491837166	40.881411119460445	0.0009633012819614956
0.00168	0.9390799861276761	0.956564144032584	380.7501264932978	39.89796173418356	0.0009976156051985001
0.00176	0.9368385568568357	0.9549463870492536	371.4382445614493	38.98257599443085	0.0010313152152674882
0.00184	0.9346317637463039	0.9533521630101334	362.73548971083636	38.12789966145991	0.0010644361491268964
0.0019200000000000003	0.9324581016581861	0.951780443086863	354.5788053445789	37.327616088544936	0.0010970105898758724
0.002	0.9303161684788731	0.9502302689235291	346.9137323121091	36.57626832191569	0.0011290680785288163
0.0020800000000000003	0.9282046793123935	0.9487007633161071	339.6930356489568	35.86912215868561	0.0011606352105177264
0.00216	0.9261224305088817	0.9471911045254808	332.8755083781136	35.202047738999134	0.001191736583006444
0.0022400000000000002	0.9240683124832245	0.945700535891216	326.4250662253353	34.57142871988039	0.0012223945005356799
0.00232	0.9220412807909795	0.9442283451389784	320.3099411900288	33.97408220764156	0.0012526297252839179
0.0024000000000000002	0.9200403675880424	0.9427738729563232	314.50207346141895	33.40719744816546	0.0012824612025494272
0.00248	0.9180646580847754	0.9413364961165572	308.9765561562102	32.86828060117882	0.0013119066644876132
0.00256	0.9161133007003559	0.9399156350689953	303.7112187091305	32.355112568359964	0.001340982380200335
0.00272	0.9122801346627963	0.9371210830769017	293.8775220451769	31.397675095016098	0.001398084789666304
0.00288	0.908535304962962	0.9343864268517338	284.87203481551006	30.521984188950935	0.0014538765532918223
0.00304	0.9048735763833896	0.9317081047567402	276.58576094957243	29.71715378928121	0.0015084549965309452
0.0032	0.9012902473416325	0.9290829256318571	268.9278996905108	28.974127196965846	0.0015619045134991842
0.00336	0.8977809970246478	0.9265079563570225	261.8225869349918	28.285348632367867	0.0016143013675445558
0.00352	0.8943419490471136	0.9239805701139404	255.20617872142662	27.64448679397903	0.001665712354219373
0.00368	0.8909695279317199	0.9214983430722323	249.02479631735207	27.046189544196874	0.0017161984176646422
0.0038400000000000005	0.8876605012742342	0.919059087447682	243.23257771022284	26.485906461601793	0.0017658135133951024
0.004	0.8844118689017834	0.9166607716986015	237.79014022646268	25.959735686191877	0.0018146073005117155
0.0041600000000000005	0.8812208977944489	0.9143015479353236	232.66350898483518	25.464315150510128	0.0018626241514803174
0.00432	0.8780850369979416	0.9119796904847028	227.82314446174817	24.99672595580596	0.0019099052012480724
0.0044800000000000005	0.8750019473699568	0.9096936191819167	223.24326938342256	24.55442400358834	0.0019564874929688214
0.00464	0.8719694351414214	0.9074418512472925	218.9012329839666	24.135176992082638	0.002002405574669339
0.0048000000000000004	0.8689854772986976	0.9052230211337237	214.7770744195271	23.73702004612174	0.0020476907656104006
0.00496	0.866048168777208	0.9030358421569433	210.85309351879494	23.358213292012433	0.002092372425703083
0.00512	0.8631557441626732	0.9008791234582283	207.1135592335118	22.997212214162115	0.0021364773250668015
0.00544	0.8574990357794259	0.8966527103097464	200.12919751806928	22.32286359060461	0.0022230374334622337
0.00576	0.8520033360247448	0.8925356523186447	193.73225392249515	21.705009039991772	0.00230756533122152
0.00608	0.8466577959181381	0.8885206213778204	187.84536318943947	21.136099812215598	0.0023902245858535235
0.0064	0.8414528628078999	0.8846011843410507	182.40421088796188	20.609871624611163	0.0024711522155809666
0.00672	0.8363798612684071	0.8807714937924718	177.35507085365805	20.12110324227067	0.0025504711968206135
0.00704	0.8314310739770391	0.8770263582872281	172.65291602479408	19.665427576846465	0.002628288097623544
0.00736	0.826599434292077	0.8733610181157013	168.25961124592945	19.23915426139063	0.0027047003201414116
0.007680000000000001	0.8218785950629663	0.8697712055281497	164.14271084579232	18.839149677470793	0.0027797934203947303
0.008	0.8172627024384729	0.8662529791939613	160.2743311292471	18.462726547279246	0.0028536463066105274
0.008320000000000001	0.8127464555645946	0.8628027758170093	156.63042046712852	18.107571297756603	0.0029263289401906495
0.00864	0.8083249360912519	0.8594172846755739	153.1900464748871	17.771674459604757	0.002997906299831744
0.008960000000000001	0.8039936594663365	0.8560934915861647	149.9349412934257	17.453285558610304	0.0030684364511285654
0.00928	0.7997484434361741	0.8528285815997859	146.8490351405077	17.150867685501186	0.003137973649389695
0.009600000000000001	0.7955854519294999	0.8496199764244485	143.9181635155854	16.86306855425716	0.003206566710232819
0.00992	0.7915010916411688	0.8464652574866682	141.1297517474167	16.58868983808071	0.003274261485543165
0.01024	0.787492049600781	0.8433621978790627	138.47262076908117	16.326668047247587	0.0033410994784116035
0.01088	0.7796897909874244	0.8373043805932221	133.51289537025383	15.835896314265336	0.003472288325931388
0.01152	0.7721545313878799	0.8314301764925487	128.97134058862568	15.384418645715096	0.0036004764396141203
0.01216	0.7648658817587213	0.8257258157943322	124.79223694041578	14.96698510116907	0.003725923549343787
0.0128	0.7578063970503693	0.8201795617942162	120.92964454751547	14.579269041830065	0.003848837306108939
0.01344	0.750960458413159	0.814780884233114	117.34525108740205	14.217668846749822	0.003969403701310878
0.01408	0.7443142896648107	0.8095205132692715	114.00696197003795	13.87917629273492	0.004087782541100596
0.01472	0.7378553615032066	0.8043899947357116	110.88756751555978	13.561247522089097	0.004204121037352144
0.015360000000000002	0.7315724881559712	0.7993817932722889	107.96391610271262	13.261724122039237	0.004318547525863382
0.016	0.7254554131515196	0.7944889799798565	105.21609797817948	12.978753636056014	0.004431181164558207
0.016640000000000002	0.7194949007424	0.7897053248040421	102.62694711003165	12.710742551495445	0.00454212673782569
0.01728	0.7136824278556179	0.7850250620881692	100.18152278840823	12.456305853081725	0.004651482171995643
0.017920000000000002	0.708010263665492	0.7804429692850678	97.8667985421028	12.214238135553506	0.004759334263290258
0.01856	0.7024712343999746	0.7759541863542013	95.671320505981	11.983480360705341	0.0048657646159436276
0.019200000000000002	0.6970587919929684	0.7715542827683952	93.58500653919694	11.763101536188973	0.004970846072351781
0.01984	0.691766831021701	0.7672391157149682	91.59891365983594	11.5522760601639	0.005074647482397692
0.02048	0.6865897478345478	0.7630048873036318	89.70510452052821	11.350271785837611	0.005177230688282163
0.02176	0.6765676005299536	0.7547711644786224	86.17011828314958	10.970399963290133	0.005378787620417827
0.02304	0.6669472721150097	0.7468220935228419	82.92807052431075	10.618817663551813	0.00557611910952347
0.02432	0.6576941137657452	0.7391339336448846	79.9390838538104	10.291845579695424	0.005769621787323386
0.0256	0.6487795038292802	0.731687165782738	77.17108575440339	9.986503223573585	0.005959597119174166
0.02688	0.6401781379073899	0.7244644609852817	74.59748641238603	9.700311668795633	0.006146318184384043
0.02816	0.6318678227045458	0.7174506425973127	72.19604983762078	9.431197031576106	0.006330018465289003
0.02944	0.6238284722369167	0.7106319040188807	69.94792679042986	9.177395456724708	0.006510916166990925
0.030720000000000004	0.616042240830957	0.7039959912231297	67.83709382526916	8.93740444065796	0.006689199825238713
0.032	0.6084928578800166	0.697531674495172	65.84977641238874	8.709925885827984	0.006865046268831112
0.033280000000000004	0.6011657529560335	0.6912289067894778	63.97411032098926	8.493838082022787	0.0070386093120055225
0.03456	0.5940475625190117	0.6850784270234925	62.19977216971875	8.288159219435357	0.007210033946263971
0.035840000000000004	0.5871262349555614	0.6790718902812246	60.51776730333247	8.092030556208929	0.007379447216540893
0.03712	0.5803906569749729	0.6732015635103924	58.92018602330443	7.9046921054967045	0.007546969525179261
0.038400000000000004	0.5738307432017289	0.6674604343412355	57.40006733646475	7.725472237053164	0.0077127070844646255
0.03968	0.5674371485875687	0.6618419738178971	55.95123339123266	7.553770926134781	0.007876761048508095
0.04096	0.5612013452032183	0.6563402281819403	54.56819965827934	7.389053174329357	0.008039221183843204
0.04352	0.54919123685086	0.645679918289467	51.98627527654445	7.07916781225339	0.00835931667848676
0.04608	0.5377240847961591	0.6354248087603412	49.61378312569001	6.79197982464785	0.008674003796516805
0.04864	0.5267478443450039	0.6255378503268516	47.422937476396825	6.524687989815405	0.008983855692840256
0.0512	0.5162212101031488	0.6159898144316749	45.39186662611843	6.275052477991275	0.009289287692836885
0.05376	0.5061080791480914	0.606754986544567	43.50230825046649	6.041189156180983	0.009590684868150718
0.05632	0.4963769462587799	0.5978109503177432	41.73883997388318	5.821501244284726	0.009888372115423226
0.05888	0.48699948743760035	0.589137394954039	40.088280315999285	5.614611209501887	0.010182657651682801
0.06144000000000001	0.477950715713339	0.5807164153784925	38.53935464703861	5.41933325847284	0.010473802065194281
0.064	0.46920804193902643	0.5725317021910606	37.08231637083486	5.234631547584038	0.010762052577454915
0.06656000000000001	0.46075139999699133	0.5645687792230134	35.70873009931265	5.05960373000848	0.01104761913530514
0.06912	0.4525625411119804	0.5568143858263249	34.411219540844314	4.893452911306487	0.011330701970673021
0.07168000000000001	0.4446251373947757	0.5492566681455369	33.18332893568715	4.735477514572802	0.011611472161973087
0.07424	0.43692424964767224	0.5418847048031767	32.019354149025105	4.585051980930002	0.011890093887916623
0.07680000000000001	0.42944642081738504	0.5346886682897847	30.91425065373983	4.441620479493014	0.012166708201421482
0.07936	0.42217926954618745	0.5276594558283526	29.86352918550281	4.304683270630716	0.012441451265056948
0.08192	0.41511157510752844	0.5207888276520409	28.863179407634476	4.17379275463078	0.012714440609608128
0.08704	0.4015703770254252	0.5075235474749429	27.006257700475185	3.92919141212941	0.013254972151720373
0.09216	0.3887085975533828	0.4948055086524457	25.310013637606932	3.704269572513616	0.01378979332277402
0.09728	0.3764596448106263	0.4825844078001263	23.754162581297102	3.496647936794371	0.014319632400189599
0.1024	0.3647727422899349	0.47082233209086155	22.322736193677276	3.304438125828657	0.014844984680131014
0.10752	0.35360345111613223	0.4594858387413249	21.002103294795624	3.1260309940435294	0.015366333494421998
0.11264	0.3429129341877213	0.44854579089317437	19.78057839656879	2.960048773672563	0.01588406625356263
0.11776	0.332666273702467	0.43797572509663113	18.648064877103526	2.805292256707624	0.016398563806012154
0.12288000000000002	0.32283278601294374	0.427752449256174	17.595859106463745	2.660723535156633	0.01691012822895645
0.128	0.3133847860476708	0.41785483357211334	16.61637649936935	2.5254305642559665	0.017419057026177458
0.13312000000000002	0.3042977819014289	0.40826424085022134	15.703009375367106	2.3986157226906366	0.017925585741327132
0.13824	0.2955495175299318	0.3989635774914157	14.849937041030934	2.279571095604394	0.01842994874317569
0.14336000000000002	0.28712013719334045	0.38993764233608336	14.052034367361667	2.167671336871425	0.018932331519326474
0.14848	0.2789914590986043	0.3811723903974131	13.304741903224604	2.062356360825658	0.019432920844091737
0.15360000000000001	0.27114713111275596	0.3726552322816442	12.60400755017406	1.963127000301502	0.019931864318636996
0.15872	0.26357207341164973	0.3643744561143804	11.946195613875469	1.8695326275026753	0.020429312381778305
0.16384	0.25625262394916276	0.35631948715809636	11.328048883800667	1.781168515355775	0.020925383581651972
0.17408	0.24239259419991835	0.34090544895904407	10.205479113315187	1.619329122707826	0.021912985157303916
0.18432	0.2294018826176896	0.3262754976590237	9.20712798452017	1.474227696189396	0.022896450827987344
0.19456	0.21720064676919215	0.3123652461103201	8.31681579352888	1.343730540443849	0.02387650648557196
0.2048	0.20572871253168276	0.2991274471460021	7.521441339195087	1.2261276410496995	0.024853547840095927
0.21504	0.19493136822352802	0.28651863342545103	6.8095691374643055	1.11994064999685	0.025828040935498422
0.22528	0.18475965502025107	0.2745000357892994	6.171323678828762	1.0238956331225324	0.026800283361410094
0.23552	0.1751686429481438	0.2630354905961352	5.598141350693943	0.9368802670861996	0.027770625779614005
0.24576000000000003	0.16611831292419077	0.25209284664053067	5.082634687218823	0.8579313326246953	0.028739280540277877
0.256	0.157571954670525	0.24164214343473997	4.618363680392191	0.7862027368233954	0.029706506581456328
0.26624000000000003	0.14949666457071625	0.23165655578254726	4.199734062275115	0.7209559058851678	0.030672453509305666
0.27648	0.14186206677031116	0.22211093199699006	3.8218289679764585	0.6615372667114839	0.03163731411475464
0.28672000000000003	0.13464070145570983	0.21298253615342003	3.480343066159636	0.6073718505912766	0.032601194016936716
0.29696	0.12780705064672876	0.2042499107891844	3.171470787438374	0.5579475433813601	0.03356423867824421
0.30720000000000003	0.12133787098221979	0.1958934916087957	2.891857996609789	0.5128108666342641	0.03452652292369716
0.31744	0.11521144524985039	0.1878947152088646	2.638524160049886	0.47155575205660744	0.035488157947354916
0.32768	0.10940786637656658	0.18023653158951142	2.4088289071342004	0.43382066775610784	0.03644919685240543
0.34816	0.09878197676617215	0.16597466351872664	2.0148625044490083	0.36807334624417	0.03836868976993286
0.36864	0.08920955095886689	0.15286518638418303	1.68818264495056	0.31272524872188157	0.040286646186018155
0.38912	0.08057810686207177	0.14080467222597273	1.4169943386981403	0.2660233230716126	0.04220354767398129
0.4096	0.07279749004530683	0.12971168340423853	1.1917357935928332	0.22657151126944403	0.04411938515897799
0.43008	0.06578304899429785	0.11950765197318611	1.0043641849668994	0.19319673591892123	0.046034461529759645
0.45056	0.05945824579739761	0.11012050507900832	0.8482596865229358	0.1649241766810245	0.04794877650523211
0.47104	0.05375322662889345	0.10148259453270739	0.7179770791986602	0.14093853677859314	0.04986255808878957
0.49152000000000007	0.04860598030444456	0.09353296728885743	0.609062632083203	0.12056340710920782	0.05177579146760356
0.512	0.04396039476277192	0.08621501448362981	0.5178512326316903	0.10323231685084655	0.05368864296734203
0.5324800000000001	0.039766657551021316	0.07947770283339868	0.441337278639213	0.0884733979565198	0.05560108927125744
0.55296	0.03597971290887628	0.07327371017316148	0.37703919905270306	0.07589006023469666	0.057513253596819684
0.5734400000000001	0.032559459031215245	0.0675602366169621	0.3229144501257409	0.06515047639475156	0.05942511003212774
0.59392	0.029469602786065325	0.062297605267321074	0.2772713382736806	0.055974793060393574	0.0613367518229937
0.6144000000000001	0.026677766997689645	0.05744982793882426	0.2387128238757992	0.04812793477912712	0.0632481537454138
0.63488	0.02415463729687831	0.05298355187443811	0.2060785267826872	0.041411045549048404	0.06515938766492563
0.65536	0.021874011864154448	0.048868453253558736	0.17840672190146128	0.0356565092112548	0.06707043055449984
0.69632	0.018006096150283816	0.04167471442894703	0.13556219208804532	0.02658857820535561	0.0708911067253
0.73728	0.014821407352625545	0.03553568738385747	0.10404278715592968	0.01986104366343301	0.07471137968581172
0.77824	0.012200506825763291	0.030297451434671697	0.08076288949107657	0.014859288608682544	0.07853156266258848
0.8192	0.01004746231150654	0.02583413160851366	0.06347349536572364	0.01113751067064838	0.0823513688219973
0.86016	0.008279467324260556	0.022032676154392073	0.0505268028069047	0.008363397971835641	0.08617102454631663
0.90112	0.006827648067696296	0.01879550263483058	0.040742552153937364	0.006291814937450804	0.08999037480503232
0.94208	0.005634916398492595	0.01603835902249208	0.033273164211447444	0.0047416426685236955	0.09380958947280693
0.9830400000000001	0.004654659152401815	0.013689847424564718	0.027511523004694775	0.0035794582593603615	0.09762856824137384
1.024	0.0038485395295801542	0.011688878444357061	0.023018801390341025	0.00270646787042972	0.10144743050282107
1.0649600000000001	0.0031852945490161567	0.009983758849384825	0.019477226360909972	0.0020495696549287243	0.10526610882892257
1.10592	0.002639241155937723	0.008530347905535918	0.016654436062059443	0.0015544068565680417	0.10908468689349474
1.1468800000000001	0.002189412506279594	0.007291259889883787	0.014379978375072303	0.0011805643932114372	0.11290311901538831
1.18784	0.0018185846140259918	0.006234594064289338	0.012527541061693556	0.0008978664678362308	0.11672146432518167
1.2288000000000001	0.0015126797980449826	0.00533330494368837	0.011003129790886766	0.0006837783751481821	0.12053969185790922
1.26976	0.001260130885141952	0.004564323842091741	0.009736053617534093	0.0005214109975611622	0.12435784378430342
1.31072	0.0010514721807652057	0.003908074675046457	0.008672877890533316	0.00039810187384913464	0.1281758991556622
1.39264	0.0007439947210919122	0.0028932958206168763	0.007039157684984158	0.0002358809533764275	0.1358114765703731
1.47456	0.0005292707693306567	0.0021436099389874957	0.0058138733627022075	0.00014013133691327225	0.14344680761940584
1.55648	0.00037929865970039796	0.0015902702576282633	0.004875630698964263	8.347988883042024e-5	0.1510820282673203
1.6384	0.00027455102507925263	0.001182643307298134	0.004142786449443875	4.991726843005426e-5	0.15871703575358592
1.72032	0.00020111900537270847	0.000882292726704581	0.003559552086218034	2.9971997890920325e-5	0.166351917751187
1.80224	0.0001493498199980287	0.0006607348296704007	0.0030879098329961627	1.8074900941462944e-5	0.1739866346451103
1.88416	0.000112592805690824	0.0004970172870723383	0.002701087136066006	1.094972227056874e-5	0.18162124060661594
1.9660800000000003	8.627934869948994e-5	0.00037579827293674514	0.0023799904460936683	6.6649565248668145e-6	0.18925571861982785
2.048	6.726246074605206e-5	0.0002858312887111765	0.0021106381678343477	4.077337459758355e-6	0.1968901019630215
2.1299200000000003	5.3371300142203905e-5	0.00021887889454256306	0.00188260032616887	2.507847720795793e-6	0.20452438384990096
2.21184	4.3102512500802676e-5	0.00016889730140504818	0.001687950904351614	1.5515460811313802e-6	0.21215858556143224
2.2937600000000002	3.5411740482745925e-5	0.000131451653398041	0.0015205782568688906	9.660750280263594e-7	0.21979270510006807
2.37568	2.957023938836568e-5	0.000103282621651199	0.0013757023307140505	6.058027494716183e-7	0.22742675670368168
2.4576000000000002	2.5067154298660226e-5	8.199322778442565e-5	0.0012495413715471336	3.828934992345017e-7	0.23506074056572174
2.53952	2.154242562163678e-5	6.581791339019308e-5	0.0011390698336328367	2.4415458957062116e-7	0.24269466662333863
2.62144	1.8740679298329118e-5	5.3454682950819724e-5	0.001041844608926742	1.572444086155372e-7	0.2503285360052593
2.78528	1.4740836860778191e-5	3.712429756973461e-5	0.0008833163355019742	6.990862227955467e-8	0.26559606356008536
2.94912	1.1933143076133651e-5	2.6887398988655878e-5	0.0007560875280635426	3.2628618163176124e-8	0.28086341908086554
3.11296	9.881645367391092e-6	2.0275307631586165e-5	0.0006527738292727604	1.616031259848778e-8	0.2961306376871085
3.2768	8.329958366971668e-6	1.5863687339704643e-5	0.000567946859645284	8.591490023360455e-9	0.3113977245304413
3.44064	7.120646869586211e-6	1.280840918586383e-5	0.0004975582471704801	4.933121661133539e-9	0.3266647029300664
3.60448	6.154898608022798e-6	1.060967685188317e-5	0.00043858268062504734	3.0568959025604726e-9	0.34193157937959145
3.76832	5.368520419747667e-6	8.96855840680785e-6	0.0003887331647005264	2.0297632536705623e-9	0.3571983696925917
3.9321600000000005	4.718103100424506e-6	7.70274976783758e-6	0.00034625898002009275	1.4283096712217294e-9	0.3724650795109224
4.096	4.1732266921528e-6	6.698496635089929e-6	0.00030980390454952154	1.0525587803000572e-9	0.387731719965959
4.2598400000000005	3.7118693940593657e-6	5.882800056465626e-6	0.00027830586571566697	8.037067855355157e-10	0.40299829571961665
4.42368	3.3176667198443983e-6	5.207430906677034e-6	0.00025092474743580327	6.30502541062619e-10	0.4182648148901834
4.5875200000000005	2.9781799135430498e-6	4.63948655954965e-6	0.00022698983396292127	5.04958390166718e-10	0.43353128128532015
4.75136	2.683760272283898e-6	4.155805259729558e-6	0.0002059538564134582	4.1097770818905896e-10	0.4487977009975819
4.9152000000000005	2.4268743044858665e-6	3.7396385109343967e-6	0.0001873940275167373	3.388299411559373e-10	0.4640640771371939
5.07904	2.201510602053332e-6	3.378513697020831e-6	0.00017094278016974485	2.8234230318011436e-10	0.47933041437960566
5.24288	2.002820069286029e-6	3.06290430340463e-6	0.00015630459034011047	2.3742608487995573e-10	0.49459671527530413
5.57056	1.679406192403347e-6	2.5540290505992095e-6	0.00013222155365145895	1.7343502501514944e-10	0.5251291864816383
5.89824	1.4198209138306938e-6	2.149352888612123e-6	0.00011264088898549979	1.2994367816993964e-10	0.555661546340483
6.22592	1.2091980869501849e-6	1.8234918606866052e-6	9.656955145218019e-5	9.969207947115228e-11	0.5861938158979907
6.5536	1.036716456713971e-6	1.5582895204774626e-6	8.329124382181366e-5	7.826646448487728e-11	0.6167260041361369
6.88128	8.943546032205927e-7	1.3404563868383565e-6	7.2253380806508e-5	6.28509857226587e-11	0.6472581244851432
7.20896	7.760969529736953e-7	1.1601812825954675e-6	6.303210090433587e-5	5.1599281731053185e-11	0.6777901835038391
7.53664	6.773436987214288e-7	1.0100786143275263e-6	5.5295580497806696e-5	4.327224748693599e-11	0.7083221904564
7.864320000000001	5.945123607514895e-7	8.84471536989389e-7	4.878073040474428e-5	3.702274194274016e-11	0.7388541501151915
8.192	5.247707813520042e-7	7.78918406283807e-7	4.3276631181516657e-5	3.226327635231268e-11	0.7693860689963391
8.519680000000001	4.6585253606552625e-7	6.898929453043842e-7	3.8612574311218396e-5	2.858183963521346e-11	0.7999179505789815
8.84736	4.1592560962456387e-7	6.145623329405868e-7	3.464928244343102e-5	2.5686865173148968e-11	0.8304497995210486
9.175040000000001	3.734967174304641e-7	5.506287219629249e-7	3.1272358928136224e-5	2.3370450714512268e-11	0.860981618367139
9.50272	3.373402419867878e-7	4.962134604323051e-7	2.8387321582299375e-5	2.1483367844091032e-11	0.8915134104960275
9.830400000000001	3.064445126410468e-7	4.497706590627712e-7	2.5915781373073735e-5	1.9917855382057642e-11	0.9220451777757769
10.15808	2.7997056263980894e-7	4.100215417003471e-7	2.3792460385671414e-5	1.8595650195584292e-11	0.9525769226872051
10.48576	2.57220002168339e-7	3.7590374748119143e-7	2.1962835735307782e-5	1.7459590757639428e-11	0.9831086466140097
11.14112	2.2209307913598743e-7	3.2326543719247244e-7	1.912664491804866e-5	1.562428139075134e-11	1.0441720152977965
11.79648	1.9528308049029972e-7	2.8323181697505456e-7	1.694697308048154e-5	1.4134112158346045e-11	1.105235316168915
12.45184	1.7447414860068505e-7	2.5227899753697743e-7	1.5242209130846511e-5	1.2876117874902125e-11	1.166298559843965
13.1072	1.580624811246492e-7	2.279560935286986e-7	1.3887087964151514e-5	1.1784461521169402e-11	1.227361749601581
13.76256	1.4489517412414281e-7	2.0851225628254516e-7	1.2790782580597541e-5	1.081866975192816e-11	1.2884248914810075
14.41792	1.3413583168505158e-7	1.92683449420412e-7	1.1887141607233362e-5	9.952762609501276e-12	1.3494879876115495
15.07328	1.2517515911132626e-7	1.7955083809590037e-7	1.1127900374613634e-5	9.169271817650705e-12	1.410551042089007
15.728640000000002	1.1756830386954335e-7	1.6844418556186367e-7	1.0477785344308755e-5	8.455877054417609e-12	1.471614056469793
16.384	1.1098986037984282e-7	1.588734858445303e-7	9.91096921169042e-6	7.80347072270731e-12	1.53267703371162
17.039360000000002	1.0520130609922781e-7	1.504797402756446e-7	9.408499596559142e-6	7.205019624769829e-12	1.5937399750737324
17.69472	1.0002737314963764e-7	1.4299929981700046e-7	8.956431557312916e-6	6.654879847140529e-12	1.6548028828186587
18.350080000000002	9.5338882041066e-8	1.3623797425315625e-7	8.544470116982903e-6	6.148374381629684e-12	1.7158657580457097
19.00544	9.104026000249073e-8	1.3005221206909153e-7	8.164982841210188e-6	5.681525779072536e-12	1.7769286025718238
19.660800000000002	8.706045995588833e-8	1.243354101080571e-7	7.812281240623923e-6	5.250882239779355e-12	1.8379914174016379
20.31616	8.334635044680823e-8	1.1900794964110492e-7	7.48209757454624e-6	4.853401106378247e-12	1.8990542040509928
20.97152	7.98579022126726e-8	1.1400994134757932e-7	7.17120379009309e-6	4.486368481628226e-12	1.9601169634590294
22.28224	7.355877921338927e-8	1.0499643653917976e-7	6.608049283246709e-6	3.843918321015454e-12	2.0822423805734
23.59296	6.784799965149295e-8	9.683394808973385e-8	6.09650134701874e-6	3.2942616268560987e-12	2.2043677018038768
24.90368	6.262982152174801e-8	8.938031427343114e-8	5.628457502069147e-6	2.823420107399026e-12	2.3264929368099008
26.2144	5.784099230214256e-8	8.254258096062434e-8	5.19856999119451e-6	2.419981494590588e-12	2.448618091143712
27.52512	5.343440536609377e-8	7.625211203288629e-8	4.802794101635754e-6	2.0742468209213196e-12	2.5707431715975857
28.83584	4.9372806550034456e-8	7.045496287834466e-8	4.437887760322135e-6	1.7779367506112074e-12	2.6928681831846393
30.14656	4.5625320280058893e-8	6.510663189167328e-8	4.101136121537542e-6	1.523972041908402e-12	2.8149931314963705
31.457280000000004	4.216543307824578e-8	6.01690331807861e-8	3.7901903661620765e-6	1.3062938200731338e-12	2.93711802098904
32.768	3.89697935569313e-8	5.560870140965641e-8	3.5029711048178746e-6	1.1197134956779073e-12	3.0592428563354863
34.078720000000004	3.601747862481211e-8	5.1395697923421236e-8	3.23760880731586e-6	9.597861831456087e-13	3.181367641435861
35.38944	3.328952822543599e-8	4.750292030291842e-8	2.992405606573447e-6	8.22703269436876e-13	3.303492380230199
36.700160000000004	3.076863626100747e-8	4.390564625008034e-8	2.7658095761606244e-6	7.052008950854623e-13	3.4256170760991864
38.01088	2.8438933675784672e-8	4.0581215490855815e-8	2.556396402570973e-6	6.044818028205661e-13	3.547741732383123
39.321600000000004	2.6285827090722045e-8	3.750879463690935e-8	2.362855546861939e-6	5.181485076122811e-13	3.669866351994906
40.63232	2.4295871955423988e-8	3.466919340105958e-8	2.1839792221687196e-6	4.4414609519614284e-13	3.7919909377759713
41.94304	2.245666804067561e-8	3.204471388199674e-8	2.018653216738552e-6	3.8071323629752117e-13	3.9141154922267742
44.56448	1.927713913971035e-8	2.750792585746618e-8	1.7327823865229397e-6	2.8238681657039994e-13	4.15836449090184
47.18592	1.65513941339229e-8	2.3618358252139214e-8	1.48777550140153e-6	2.0955822823293433e-13	4.402613391844473
49.80736	1.421138163805204e-8	2.0279215983543793e-8	1.277437667217424e-6	1.5551691887229292e-13	4.6468622104751365
52.4288	1.220229257221085e-8	1.7412300316278758e-8	1.0968447589575406e-6	1.1541245472908086e-13	4.891110958034977
55.05024	1.047729245192488e-8	1.4950773913636206e-8	9.417877767528871e-7	8.565036967296344e-14	5.135359644993811
57.67168	8.996194380581036e-9	1.2837289852385911e-8	8.086545394878036e-7	6.356342298379377e-14	5.379608279559716
60.29312	7.724501358453288e-9	1.1022621430027825e-8	6.943442412840841e-7	4.717226767439208e-14	5.6238568694910684
62.91456000000001	6.632598623863492e-9	9.464508945691562e-9	5.96194908107578e-7	3.5008028232893104e-14	5.868105420797308
65.536	5.695061754615219e-9	8.126672292225858e-9	5.11921213064373e-7	2.5980645917397293e-14	6.11235393923661
68.15744000000001	4.890063146620792e-9	6.977963984567169e-9	4.3956113086426596e-7	1.928118030004713e-14	6.356602429200682
70.77888	4.198862749836971e-9	5.991642432814329e-9	3.774301642322966e-7	1.430930855737547e-14	6.600850894968498
73.40032000000001	3.605371035765479e-9	5.1447482948718466e-9	3.240820620060407e-7	1.06195234285857e-14	6.845099339743798
76.02176	3.0957739091232566e-9	4.417569226526373e-9	2.782751045594114e-7	7.881207065733647e-15	7.089347766710467
78.64320000000001	2.658210758860521e-9	3.793180462844248e-9	2.389431653866782e-7	5.849001971784193e-15	7.333596178201083
81.26464	2.2824981016553763e-9	3.257050460882955e-9	2.0517087058905978e-7	4.340823271610834e-15	7.577844576588049
83.88608	1.959892350529207e-9	2.7967023741634156e-9	1.761722750509101e-7	3.221541555680637e-15	7.82209296356587
89.12896	1.4690710521252614e-9	2.096378029607368e-9	1.3204297201644543e-7	1.8336171976010477e-15	8.310589696320484
94.37184	1.1021727516607907e-9	1.572808718261124e-9	9.906618359621357e-8	1.0457194224231293e-15	8.79908640048378
99.61472	8.269642893029011e-10	1.1800833578045415e-9	7.432982119829481e-8	5.964543981696792e-16	9.287583085375513
104.8576	6.204795098856606e-10	8.85428143344865e-10	5.577041498534189e-8	3.4020946896511074e-16	9.776079754632544
110.10048	4.655536152414227e-10	6.643478794159541e-10	4.184525343935267e-8	1.9405269118390152e-16	10.26457641335623
115.34336	3.4931183934245845e-10	4.984701199852413e-10	3.1397123713173825e-8	1.1068706011495808e-16	10.753073063292225
120.58624	2.620946457993795e-10	3.7401063489310786e-10	2.3557801673199133e-8	6.313612118642976e-17	11.241569707516623
125.82912000000002	1.9665462037522514e-10	2.806273121857378e-10	1.7675870670793787e-8	3.6013287377428165e-17	11.730066346803547
131.072	1.4755409106155406e-10	2.1056055604175962e-10	1.3262578278728633e-8	2.0542411415095603e-17	12.218562983035936
136.31488000000002	1.1071319758312555e-10	1.5798837813021203e-10	9.95121569669285e-9	1.1717739202480443e-17	12.707059616495812
141.55776	8.307082480942169e-11	1.1854254681844504e-10	7.466641606007735e-9	6.684053900881945e-18	13.1955562483547
146.80064000000002	6.233021125931416e-11	8.894556850292035e-11	5.602416820343238e-9	3.812762312105273e-18	13.684052878658001
152.04352	4.6768084911759684e-11	6.673832297460735e-11	4.20364892057866e-9	2.1749193466235534e-18	14.17254950814745
157.28640000000001	3.509146130361841e-11	5.0075713252375025e-11	3.1541208951736043e-9	1.2406525695772668e-18	14.661046136765016
162.52928	2.6330200884961408e-11	3.757334416956086e-11	2.3666339110419154e-9	7.077188507932368e-19	15.149542764988881
167.77216	1.9756395783806626e-11	2.8192486726698165e-11	1.7757615814194499e-9	4.0371498755292423e-19	15.638039392724759
178.25792	1.1707662120834778e-11	1.670794955076886e-11	1.0521511811488875e-9	1.4549653790671064e-19	16.61503264372496
188.74368	6.964601272003839e-12	9.939089855453947e-12	6.259122947516454e-10	5.285852254092396e-20	17.5920258937418
199.22944	4.144415175794228e-12	5.914430763164723e-12	3.724617680326277e-10	1.9215467850725487e-20	18.56901914466957
209.7152	2.4662763487357927e-12	3.5195844906021014e-12	2.2164618221281882e-10	6.985782727622627e-21	19.546012395367892
220.20096	1.4676462365528236e-12	2.0944550306540863e-12	1.3189851646697104e-10	2.539736849933407e-21	20.523005646688123
230.68672	8.733764951015655e-13	1.2463819539856e-12	7.849103056884076e-11	9.233588427278884e-22	21.499998897940422
241.17248	5.197351392705414e-13	7.417058948494139e-13	4.670900521032091e-11	3.357069482130488e-22	22.476992149579097
251.65824000000003	3.0928806800839833e-13	4.413801658551918e-13	2.7795961992945224e-11	1.220557147411286e-22	23.45398540120111
262.144	1.8405379666485188e-13	2.6266029396871413e-13	1.654105972140732e-11	4.437759789044689e-23	24.430978653053476
272.62976000000003	1.0952844959764262e-13	1.563063362193607e-13	9.843408185045232e-12	1.6135307216271777e-23	25.407971904904105
283.11552	6.517929430281284e-14	9.301635035918353e-14	5.857714674538347e-12	5.8667602414312694e-24	26.384965156888967
293.60128000000003	3.8787601820463854e-14	5.535317900304989e-14	3.485872457840828e-12	2.1331773610038234e-24	27.361958408875555
304.08704	2.3082176957328798e-14	3.294021305469796e-14	2.0744135223940013e-12	7.75644966570964e-25	28.33895166093932
314.57280000000003	1.3736027970608304e-14	1.9602470213065824e-14	1.2344677226498882e-12	2.8203709730469815e-25	29.315944913005012
325.05856	8.174216305941384e-15	1.1665295927653736e-14	7.346233051974186e-13	1.0255494147941753e-25	30.292938165114734
335.54432	4.864426418605244e-15	6.941946654227249e-15	4.371698649451228e-13	3.729184690799056e-26	31.269931417225894
356.51584	1.9689690491562603e-15	2.8102673564786005e-15	1.7689218626544722e-13	6.435676093549883e-27	33.223917921302295
377.48736	8.098270070389807e-16	1.1558248252534407e-15	7.275942880786677e-14	1.147695976982489e-27	35.177904425371814
398.45888	3.3371099173507725e-16	4.76286435451748e-16	2.9982765801091616e-14	2.05439559555711e-28	37.13189092953443
419.4304	1.3754326337302738e-16	1.9630749826217198e-16	1.2357790509579248e-14	3.679038851102776e-29	39.085877433701114
440.40192	5.669123796607165e-17	8.091210698971706e-17	5.0935133084967e-15	6.588980018984774e-30	41.03986393790111
461.37344	2.3366399469113346e-17	3.334950388223288e-17	2.099390738108544e-15	1.1800979933340519e-30	42.99385044210256
482.34496	9.630888498881396e-18	1.3745607702308544e-17	8.653022073008253e-16	2.113645354819678e-31	44.9478369463158
503.31648000000007	3.969536854964347e-18	5.665489473574921e-18	3.566492172865388e-16	3.785819907596058e-32	46.90182345052958
524.288	1.6361098428544041e-18	2.335124622337671e-18	1.4699882944980757e-16	6.781116184529777e-33	48.855809954747535
545.2595200000001	6.74348447018436e-19	9.624584154762527e-19	6.058788114354235e-17	1.214661770368418e-33	50.80979645896567
566.23104	2.7794294888939316e-19	3.966918514932354e-19	2.4972214069335588e-17	2.1758150519348073e-34	52.76378296318529
587.2025600000001	1.1455826773460724e-19	1.635023738577655e-19	1.0292664393794235e-17	3.8976290379906586e-35	54.71776946740499
608.17408	4.721682206155072e-20	6.738983352519523e-20	4.242268131334227e-18	6.982169752012783e-36	56.671755971625196
629.1456000000001	1.9461067222316972e-20	2.7775653657478925e-20	1.7485095196634123e-18	1.250809425930676e-36	58.625742475845435
650.11712	8.02114132305942e-21	1.144811039515274e-20	7.20671759892149e-19	2.240795367868687e-37	60.57972898006585
671.08864	3.306018830333382e-21	4.718489233680455e-21	2.9703433053517654e-19	4.0144221708710396e-38	62.53371548428626
713.03168	7.26690161552432e-22	1.0374881564671697e-21	6.523844866125513e-20	2.1512769325943153e-39	66.441688492727
754.97472	1.708302375270796e-22	2.4387595760408607e-22	1.5339295943758614e-20	1.3212430998585266e-40	70.34966150116774
796.91776	4.076109868337123e-23	5.818891737086207e-23	3.660231061048522e-21	8.358013862675404e-42	74.25763450960858
838.8608	9.755732544389627e-24	1.3926846796111704e-23	8.760448925407288e-22	5.3196341179765975e-43	78.1656075180494
880.80384	2.3363786917976217e-24	3.335307623705434e-24	2.0980240236036725e-22	3.3901480451585877e-44	82.07358052649025
922.74688	5.59603331357552e-25	7.988640937977152e-25	5.0251340518793095e-23	2.1611501144362104e-45	85.98155353493111
964.68992	1.3403786314043933e-25	1.9134631386229735e-25	1.2036351813469491e-23	1.3778188317310381e-46	89.88952654337199
1006.6329600000001	3.21052554032014e-26	4.583199237570527e-26	2.8829924171990517e-24	8.784577656492603e-48	93.79749955181286
1048.576	7.68996732827573e-27	1.0977845318276205e-26	6.905447926350813e-25	5.601005721816987e-49	97.70547256025374
1090.5190400000001	1.841926504508662e-27	2.6294499845797363e-27	1.6540157699257846e-25	3.5712909757255105e-50	101.6134455686946
1132.46208	4.411837572790986e-28	6.2981374824222375e-28	3.9617480503163596e-26	2.2771780223608576e-51	105.52141857713548
1174.4051200000001	1.0567352012838458e-28	1.508546843755948e-28	9.489285259060465e-27	1.4520445550043667e-52	109.42939158557635
1216.34816	2.5311175096257143e-29	3.613307630177125e-29	2.2728963231446546e-27	9.259188895233404e-54	113.33736459401722
1258.2912000000001	6.062586467731819e-30	8.654671326990844e-30	5.44408947687578e-28	5.904388669964477e-55	117.24533760245808
1300.23424	1.4521220324380464e-30	2.0729830559123175e-30	1.3039784519313472e-28	3.7651733826799493e-56	121.15331061089894
1342.17728	3.4781462590659966e-31	4.965242698060622e-31	3.123310291174776e-29	2.4010556147515363e-57	125.0612836193398
1426.06336	1.8544693953369287e-32	2.650105567487893e-32	1.6605091766059848e-30	8.347260243997265e-60	132.87722963622156
1509.94944	8.24781263441359e-34	1.1791227236932256e-33	7.378059733684587e-32	2.0265485480503457e-62	140.69317565310328
1593.83552	1.7940365421602004e-35	2.568855109971223e-35	1.5972162903809727e-33	1.1679553522925102e-65	148.509121669985
1677.7216	-2.204516404826226e-36	-3.144396444044638e-36	-1.9847712999815064e-34	2.2179652270631822e-67	156.32506768686676
1761.60768	-4.638543927111607e-37	-6.622198242926412e-37	-4.1651268298259924e-35	1.2012754350085445e-68	164.1410137037485
1845.49376	-6.076829963128585e-38	-8.677343724244933e-38	-5.453379143257822e-36	2.5326726928149095e-70	171.95695972063027
1929.37984	-6.882799550606469e-39	-9.829059343974103e-39	-6.175136500304117e-37	3.9940207280868974e-72	179.772905737512
2013.2659200000003	-7.28864848387857e-40	-1.0409093194625007e-39	-6.538428755441278e-38	5.507316336700632e-74	187.58885175439374
2097.152	-7.442676463207658e-41	-1.0629329893863755e-40	-6.676120475139139e-39	7.061922205417543e-76	195.4047977712755
2181.0380800000003	-7.439551123931855e-42	-1.062502669620809e-41	-6.6730261168633e-40	8.677726380133845e-78	203.22074378815725
2264.92416	-7.339656942130576e-43	-1.0482458507205035e-42	-6.583245100273471e-41	1.0387943642619058e-79	211.03668980503898
2348.8102400000002	-7.181465203090282e-44	-1.0256591623400256e-43	-6.441244332383649e-42	1.2231541264318491e-81	218.8526358219207
2432.69632	-6.989442242391797e-45	-9.982382678435798e-45	-6.2689433811763265e-43	1.4250325003477892e-83	226.66858183880245
2516.5824000000002	-6.77910523064421e-46	-9.682002124797189e-46	-6.080244068026086e-44	1.6488245065013304e-85	234.4845278556842
2600.46848	-6.56025432322932e-47	-9.369452187480814e-47	-5.88392622374903e-45	1.8991738536737875e-87	242.3004738725659
2684.35456	-6.339038918888174e-48	-9.053519043713544e-48	-5.6854988961859704e-46	2.1810547925431567e-89	250.1164198894476
2852.12672	1.368588397813356e-48	1.9564932892983672e-48	1.225218501006268e-46	1.5071126281688926e-90	265.748311923211
3019.89888	1.2660612978114925e-49	1.809034659307194e-49	1.1345006486745738e-47	1.9209776711734783e-92	281.38020395697447
3187.67104	6.276472630450919e-51	8.965788514177626e-51	5.6268113521385164e-49	7.024440323921781e-95	297.0120959907379
3355.4432	1.4744880565816224e-52	2.104980607232453e-52	1.323241276348247e-50	5.7748306015169885e-98	312.64398802450137
3523.21536	-5.734525592765802e-54	-8.20193771588843e-54	-5.129977172611529e-52	1.2902296339790653e-100	328.27588005826476
3690.98752	-8.676359581540723e-55	-1.2398599657236468e-54	-7.7733636767923895e-53	4.403819340467143e-102	343.90777209202815
3858.75968	-5.315863793698e-56	-7.594400742906858e-56	-4.764764941456826e-54	2.4596325783104072e-104	359.5396641257915
4026.5318400000006	-1.8188229207360478e-57	-2.5975064907752693e-57	-1.6312428300711774e-55	4.285490138005511e-107	375.17155615955494
4194.304	3.15114662946671e-60	4.57495867086854e-60	2.7465080183027283e-58	1.8059316562181888e-112	390.80344819331833
4362.0761600000005	5.317378927852088e-60	7.599835981365322e-60	4.762636750835023e-58	8.072547522021598e-112	406.4353402270817
4529.84832	4.1490396844876545e-61	5.928010011199555e-61	3.7182998845118078e-59	7.314436113350242e-114	422.0672322608451
4697.6204800000005	1.8247508660326442e-62	2.6064354116529534e-62	1.6360658091735799e-60	2.105086489279515e-116	437.6991242946085
4865.39264	2.982284559488525e-64	4.255347961846924e-64	2.678686357505228e-62	8.388581945587224e-120	453.33101632837196
5033.1648000000005	-2.7065686806200213e-65	-3.869578066742402e-65	-2.4228925818182342e-63	1.0202100082771871e-121	468.96290836213535
5200.93696	-2.987266446187569e-66	-4.26854574330866e-66	-2.676670522866872e-64	1.850919548958748e-123	484.5948003958988
5368.70912	-1.6263023685510325e-67	-2.323253655538092e-67	-1.45784133856283e-65	8.161964337743526e-126	500.2266924296622
5704.25344	2.1811908314550007e-68	3.1307989973848034e-68	1.9338771006007433e-66	3.0030721958643152e-127	531.490476497189
6039.79776	9.349705217867078e-70	1.3383969909447896e-69	8.342354400857637e-68	1.164174494793205e-129	562.7542605647159
6375.34208	1.028341731568432e-71	1.4636211643398882e-71	9.288638739706312e-70	3.005887197052461e-133	594.0180446322427
6710.8864	-6.116269209496439e-73	-8.78325110850824e-73	-5.418595789915781e-71	2.1304084994427357e-135	625.2818286997694
7046.43072	-3.2311953906755743e-74	-4.626498018685562e-74	-2.881155549942455e-72	1.254420603934738e-137	656.5456127672962
7381.97504	-5.0293855076500834e-76	-7.174352893080344e-76	-4.521088583498425e-74	6.433038669794527e-141	687.809396834823
7717.51936	1.5934089165959168e-77	2.2909524361997397e-77	1.4078919639318288e-75	1.2992393032489805e-143	719.0731809023498
8053.063680000001	1.0868192394593879e-78	1.556679254833079e-78	9.683384819692791e-77	1.2800449860230298e-145	750.3369649698766
8388.608	2.1751865314362513e-80	3.1065348724173303e-80	1.9503688636446428e-78	1.0814955117665569e-148	781.6007490374034
8724.152320000001	-3.6525717181603644e-82	-5.2635872662108495e-82	-3.2109195903596547e-80	6.10478581911817e-152	812.8645331049303
9059.69664	-3.557140555916991e-83	-5.0968240883535345e-83	-3.1668495709359796e-81	1.2367639040126732e-153	844.1283171724572
9395.240960000001	-8.748504950596596e-85	-1.2503930790170653e-84	-7.831246546935366e-83	1.575121600475391e-156	875.392101239984
9730.78528	6.203934839087345e-87	8.999765639227545e-87	5.37274939444012e-85	1.5440658653528506e-160	906.6558853075107
10066.329600000001	1.1310940729365901e-87	1.6213172708009056e-87	1.0061224385124544e-85	1.1277028671386422e-161	937.9196693750375
10401.87392	3.345916800895846e-89	4.784901655840998e-89	2.991428506546764e-87	2.0762069082752525e-164	969.1834534425643
10737.41824	1.8467935401088537e-93	-1.290920788608871e-93	7.005938978505001e-91	2.371736500594637e-171	1000.4472375100911
11408.50688	-3.223983185083253e-91	-4.669865172859683e-91	-2.7960897901041245e-89	1.3955264685546738e-167	1062.974805645145
12079.59552	-4.3187898452570424e-93	-6.199841951413698e-93	-3.8288267580176025e-91	9.52282029521078e-171	1125.5023737801985
12750.68416	3.9185405530952786e-95	5.7452407956221776e-95	3.312231164148305e-93	2.589976089055332e-174	1188.0299419152523
13421.7728	1.8576497361574195e-96	2.681118277256624e-96	1.6260766102177389e-94	2.268327017672104e-176	1250.557510050306
14092.86144	1.3447605558215614e-98	1.9138211115853344e-98	1.2127403525658636e-96	4.584837815531418e-180	1313.0850781853596
14763.95008	-3.846764817010246e-100	-5.588450742740395e-100	-3.3186617427377545e-98	1.2476091724160891e-182	1375.6126463204132
15435.03872	-9.386692147823801e-102	-1.3514892388751188e-101	-8.2590429718318e-100	2.8078652250565814e-185	1438.1402144554668
16106.127360000002	-1.0757989217572388e-104	-1.396241007726821e-104	-1.1485837672039503e-102	1.9733602566303375e-190	1500.6677825905203
16777.216	2.727197260926958e-105	3.947513331881275e-105	2.37190177001869e-103	3.058008226016825e-191	1563.195350725574
17448.304640000002	4.064588665256947e-107	5.834054907004686e-107	3.60026845906518e-105	2.5602315457865202e-194	1625.7229188606277
18119.39328	-2.784823518601664e-109	-4.0984205092620187e-109	-2.3327111815619915e-107	3.905670820386691e-198	1688.2504869956813
18790.481920000002	-1.626127060410201e-110	-2.347909035639847e-110	-1.4220149826862677e-108	5.274074513425019e-200	1750.7780551307349
19461.57056	-1.3743151098280009e-112	-1.960590270608531e-112	-1.233218132623988e-110	1.441391452277393e-203	1813.3056232657887
20132.659200000002	3.097527827025488e-114	4.504922862514722e-114	2.6657094972811416e-112	2.4473269871576332e-206	1875.8331914008425
20803.74784	8.450979459697215e-116	1.2173914356855976e-115	7.427476881149705e-114	6.904197402208733e-209	1938.3607595358958
21474.83648	2.0886480420651905e-118	2.877599703738283e-118	2.009249948850325e-116	1.8359579772839657e-213	2000.8883276709496
22817.01376	-1.7159148752860417e-118	-2.5759705710656593e-118	-1.363529053547874e-116	7.669995305340376e-213	2125.943463941057
24159.19104	-7.240251525168923e-121	-1.0486377330132347e-120	-6.301011992958287e-119	1.396788585904807e-216	2250.9986002111646
25501.36832	7.86546564659391e-123	1.1940394452017754e-122	6.184198767550621e-121	1.1372043510208984e-219	2376.053736481272
26843.5456	8.353866844733075e-125	1.2273818100948895e-124	7.016882921937317e-123	1.235865328279383e-222	2501.1088727513793
28185.72288	-1.4287207587722898e-127	-2.338858214575971e-127	-9.35342710678115e-126	1.8533499758771321e-227	2626.164009021487
29527.90016	-6.222773502981222e-129	-9.241269217520349e-129	-5.1101615969839596e-127	4.668822767682754e-229	2751.2191452915945
30870.07744	-1.8792049699185403e-131	-2.64824293678553e-131	-1.7008438053699692e-129	4.365034156044001e-233	2876.2742815617016
32212.254720000004	3.2990134047208004e-133	4.9627989684714034e-133	2.637715066510488e-131	8.860025714632087e-236	3001.3294178318088
33554.432	2.7558661931601935e-135	4.026714382895812e-135	2.335772200856757e-133	5.863549599764446e-239	3126.3845541019164
34896.609280000004	-9.484555327578582e-138	-1.4807879399601897e-137	-6.981412476349322e-136	4.420858695576811e-243	3251.439690372024
36238.78656	-2.271464957419128e-139	-3.36217651964729e-139	-1.8770920904148495e-137	2.697190383906455e-245	3376.494826642131
37580.963840000004	-4.0038623706871575e-142	-5.413189549842232e-142	-3.8804652373013824e-140	9.728109327721814e-250	3501.5499629122387
38923.14112	1.3342919498365412e-143	1.998349751461206e-143	1.0766142837842815e-141	6.319773713460872e-252	3626.605099182346
40265.318400000004	8.744555676671074e-146	1.2707164988910433e-145	7.489649770637989e-144	2.5812179577334152e-255	3751.660235452453
41607.49568	-4.928959805325289e-148	-7.559238871648734e-148	-3.7796708241227017e-146	5.547917826351265e-259	3876.71537172256
42949.67296	-8.080907247201402e-150	-1.192330339073626e-149	-6.720137924599718e-148	1.4801265249296406e-261	4001.7705079926677
45634.02752	-7.505166194668668e-151	-1.2669970280365952e-150	-3.966721140447673e-149	2.1492007728915656e-262	4251.880780532882
48318.38208	-4.818999319538869e-154	-7.15221080943283e-154	-4.109468824043639e-152	7.500782138703293e-267	4501.991053073097
51002.73664	6.066172487063481e-156	1.1209273760287132e-155	3.11109019482558e-154	1.2818631758143575e-269	4752.101325613312
53687.0912	1.0769662103597182e-158	1.6949167328678898e-158	7.80185472302983e-157	2.339618473847375e-273	5002.211598153527
56371.44576	-4.371680220802395e-161	-8.755335831706132e-161	-2.0843486058316843e-159	4.807177309677392e-277	5252.321870693742
59055.80032	-1.5485073026479074e-163	-2.5510376335493564e-163	-1.0280274455986841e-161	3.358216880432869e-280	5502.4321432339575
61740.15488	2.296218484424189e-166	5.3878888147629906e-166	7.820285084145728e-165	5.576776580510173e-285	5752.542415774172
64424.50944000001	1.7935332211442934e-168	3.081106103364415e-168	1.1128715909163899e-166	3.240222664053484e-287	6002.652688314387
67108.864	-6.630707892267066e-174	-1.4572564468581197e-171	6.092259956649243e-170	2.785871103482965e-292	6252.762960854601
69793.21856000001	-1.765168083650558e-173	-3.169786590679568e-173	-1.0241273592481128e-171	2.2585175228717094e-294	6502.8732333948155
72477.57312	-2.1978413930218293e-176	-2.512986542898706e-176	-1.8739040718985164e-174	2.1692979948010907e-298	6752.98350593503
75161.92768000001	1.4684974810628046e-178	2.7916671701800476e-178	7.793852634978451e-177	1.0765573162056053e-301	7003.093778475245
77846.28224	3.999986523554458e-181	5.956678851841086e-181	2.819796952089547e-179	4.0427465341760875e-305	7253.204051015459
80530.63680000001	-9.534014766112639e-184	-2.004361050610846e-183	-4.200504346142741e-182	2.573663231605396e-309	7503.314323555674
83214.99136	-5.138499692650997e-186	-8.377984710320312e-186	-3.308335462542976e-184	4.58010996102e-312	7753.424596095889
85899.34592	3.0366341821712327e-189	9.328127180560893e-189	4.264802347131324e-189	2.184e-320	8003.534868636103
91268.05504	1.6498419130518612e-189	5.0256775625034074e-189	-6.347312154366389e-189	5.205681e-317	8503.755413716532
96636.76416	-3.848351109961626e-194	5.791892885130145e-194	-6.942707104031417e-192	5.8e-322	9003.975958796962
102005.47328	-2.6220934145200583e-195	-1.2344261596902754e-194	3.2499481258406266e-194	0.0	9504.196503877392
107374.1824	2.241135792199199e-199	-2.9679737097220645e-199	1.9845101914773968e-197	0.0	10004.417048957823
112742.89152	4.4776620139061996e-201	3.1183845492799327e-200	-2.3918780607102582e-200	0.0	10504.637594038251
118111.60064	-4.537968847579398e-205	1.7093455345019876e-204	-1.5038869661814155e-203	0.0	11004.858139118682
123480.30976	-8.048589421698332e-207	-7.959933962645174e-206	3.8462224865562354e-207	0.0	11505.078684199112
128849.01888000002	5.480171997744862e-211	-7.497562184259351e-210	-4.882256212457019e-210	0.0	12005.299229279542
134217.728	1.4575965684413144e-212	2.032622362028031e-211	4.4193708322611805e-213	0.0	12505.519774359971
139586.43712000002	-3.8419626310657335e-217	2.726289616198085e-215	1.903051781160675e-215	0.0	13005.7403194404
144955.14624	-2.629606123094693e-218	-5.185618610712069e-217	-5.269806852395475e-220	0.0	13505.960864520828
150323.85536000002	-1.8918051254690702e-223	-8.983123827262385e-221	-1.553758056372484e-221	0.0	14006.181409601257
155692.56448	4.738458411410472e-224	1.3221345621785109e-222	-2.3649309435599856e-225	0.0	14506.401954681687
161061.27360000001	1.6474521577062718e-228	2.8040136343605673e-226	2.2301226701446815e-228	0.0	15006.622499762116
166429.98272	-8.542493282263402e-230	-3.3691106381991054e-228	-1.9750626061693833e-231	0.0	15506.843044842544
171798.69184	-5.212179642813647e-234	-8.459706887052042e-232	6.506401723998107e-234	0.0	16007.063589922975
182536.11008	-1.476972002093824e-234	-3.584126505569951e-232	7.797563935066435e-235	0.0	17007.50468008383
193273.52832	-1.4423108007499747e-239	-5.793329152620386e-237	6.982920789796402e-239	0.0	18007.94577024469
204010.94656	1.330891614502388e-240	4.580103745022667e-238	-5.9213225001956155e-242	0.0	19008.38686040555
214748.3648	3.119862364382573e-245	1.6191934262657698e-242	1.7405596229048553e-245	0.0	20008.827950566407
225485.78304	-1.1999995824464666e-246	-5.851179999148429e-244	-3.7676517500519925e-248	0.0	21009.269040727264
236223.20128	-4.447047357774943e-251	-3.19217873603481e-248	-8.723665111540099e-252	0.0	22009.710130888125
246960.61952	1.0813916127883897e-252	7.47284396348502e-250	2.9159754095688085e-256	0.0	23010.151221048985
257698.03776000004	5.470630321467927e-257	5.513854245427937e-254	-2.3195783917740425e-258	0.0	24010.592311209843
268435.456	-9.742924432222992e-259	-9.541197756639113e-256	1.3552403244377445e-261	0.0	25011.0334013707
279172.87424000003	-6.250611504124383e-263	-8.878219955971184e-260	4.789329375854163e-265	0.0	26011.474491531557
289910.29248	8.776350754201106e-265	1.2178509802516292e-261	5.445071445108812e-269	0.0	27011.915581692414
300647.71072000003	6.823827175413381e-269	1.3684499944293304e-265	1.8392721692260858e-271	0.0	28012.35667185327
311385.12896	-7.904050713625492e-271	-1.5540296836118245e-267	-2.8456735555189434e-275	0.0	29012.797762014132
322122.54720000003	-7.222440112854995e-275	-2.0472817101813744e-271	-1.569832579128688e-278	0.0	30013.23885217499
332859.96544	7.116990383893549e-277	1.9824304101399548e-273	-1.149192683041398e-282	0.0	31013.679942335846
343597.38368	7.475311356674705e-281	2.9971493349534253e-277	-1.0844434773670287e-284	0.0	32014.121032496707
365072.22016	3.256161815171446e-281	1.3084563977420096e-277	-1.1081830384127023e-285	0.0	34015.003212818425
386547.05664	1.8662743257709542e-286	1.0635598124669301e-282	-2.551538247572161e-290	0.0	36015.885393140146
408021.89312	-1.4678580830031448e-287	-8.361387960955143e-284	-1.8346960265950593e-293	0.0	38016.76757346186
429496.7296	-1.8346075619126864e-292	-1.4817746480788608e-288	-4.1737343009016805e-297	0.0	40017.649753783575
450971.56608	6.616343411116186e-294	5.34238214820546e-290	2.3467780390534663e-300	0.0	42018.53193410529
472446.40256	1.2747975263525106e-298	1.4594660370636996e-294	-1.3663805023226361e-304	0.0	44019.414114427
493921.23904	-2.9820016149601892e-300	-3.412942322450897e-296	1.9638919243485945e-307	0.0	46020.29629474872
515396.0755200001	-7.764982780960294e-305	-1.2601310684043734e-300	1.5785204090525e-311	0.0	48021.17847507044
536870.912	1.3438585317898292e-306	2.1800192005123343e-302	4.800151204e-315	0.0	50022.06065539215
558345.7484800001	4.4100333953123e-311	1.014469587000585e-306	1.956386e-318	0.0	52022.94283571387
579820.58496	-6.0555701468e-313	-1.3922877123636845e-308	-2.6e-322	0.0	54023.82501603559
601295.4214400001	-2.397939e-317	-7.8190467136e-313	0.0	0.0	56024.70719635731
622770.25792	2.72843e-319	8.89067789e-315	0.0	0.0	58025.589376679025
644245.0944000001	1.5e-323	5.85e-319	0.0	0.0	60026.47155700074
665719.93088	-0.0	-5.677e-321	0.0	0.0	62027.35373732245
687194.76736	0.0	-0.0	0.0	0.0	64028.23591764417
730144.44032	0.0	-0.0	0.0	0.0	68030.0002782876
773094.11328	0.0	0.0	0.0	0.0	72031.76463893104
816043.78624	0.0	0.0	0.0	0.0	76033.52899957448
858993.4592	0.0	0.0	0.0	0.0	80035.29336021791
901943.13216	0.0	0.0	0.0	0.0	84037.05772086134
944892.80512	0.0	0.0	0.0	0.0	88038.82208150478
987842.47808	0.0	0.0	0.0	0.0	92040.58644214823
1.0307921510400001e6	0.0	0.0	0.0	0.0	96042.35080279165
1.073741824e6	0.0	0.0	0.0	0.0	100044.1151634351
1.1166914969600001e6	0.0	0.0	0.0	0.0	104045.87952407854
1.15964116992e6	0.0	0.0	0.0	0.0	108047.64388472197
1.2025908428800001e6	0.0	0.0	0.0	0.0	112049.4082453654
1.24554051584e6	0.0	0.0	0.0	0.0	116051.17260600884
1.2884901888000001e6	0.0	0.0	0.0	0.0	120052.93696665227
1.33143986176e6	0.0	0.0	0.0	0.0	124054.7013272957
1.37438953472e6	0.0	0.0	0.0	0.0	128056.46568793914
1.46028888064e6	0.0	0.0	0.0	0.0	136059.994409226
1.54618822656e6	0.0	0.0	0.0	0.0	144063.52313051285
1.63208757248e6	0.0	0.0	0.0	0.0	152067.05185179974
1.7179869184e6	0.0	0.0	0.0	0.0	160070.5805730866
1.80388626432e6	0.0	0.0	0.0	0.0	168074.10929437345
1.88978561024e6	0.0	0.0	0.0	0.0	176077.63801566034
1.97568495616e6	0.0	0.0	0.0	0.0	184081.16673694723
2.0615843020800003e6	0.0	0.0	0.0	0.0	192084.6954582341
2.147483648e6	0.0	0.0	0.0	0.0	200088.224179521
2.2333829939200003e6	0.0	0.0	0.0	0.0	208091.7529008079
2.31928233984e6	0.0	0.0	0.0	0.0	216095.28162209474
2.4051816857600003e6	0.0	0.0	0.0	0.0	224098.81034338163
2.49108103168e6	0.0	0.0	0.0	0.0	232102.3390646685
2.5769803776000002e6	0.0	0.0	0.0	0.0	240105.86778595537
2.66287972352e6	0.0	0.0	0.0	0.0	248109.39650724223
2.74877906944e6	0.0	0.0	0.0	0.0	256112.9252285291
2.92057776128e6	0.0	0.0	0.0	0.0	272119.9826711028
3.09237645312e6	0.0	0.0	0.0	0.0	288127.0401136766
3.26417514496e6	0.0	0.0	0.0	0.0	304134.09755625034
3.4359738368e6	0.0	0.0	0.0	0.0	320141.15499882406
3.60777252864e6	0.0	0.0	0.0	0.0	336148.21244139783
3.77957122048e6	0.0	0.0	0.0	0.0	352155.2698839716
3.95136991232e6	0.0	0.0	0.0	0.0	368162.3273265454
4.1231686041600006e6	0.0	0.0	0.0	0.0	384169.3847691191
4.294967296e6	0.0	0.0	0.0	0.0	400176.44221169286
4.466765987840001e6	0.0	0.0	0.0	0.0	416183.49965426663
4.63856467968e6	0.0	0.0	0.0	0.0	432190.55709684035
4.8103633715200005e6	0.0	0.0	0.0	0.0	448197.61453941406
4.98216206336e6	0.0	0.0	0.0	0.0	464204.6719819878
5.1539607552000005e6	0.0	0.0	0.0	0.0	480211.7294245615
5.32575944704e6	0.0	0.0	0.0	0.0	496218.78686713526
5.49755813888e6	0.0	0.0	0.0	0.0	512225.84430970903
5.84115552256e6	0.0	0.0	0.0	0.0	544239.9591948565
6.18475290624e6	0.0	0.0	0.0	0.0	576254.0740800039
6.52835028992e6	0.0	0.0	0.0	0.0	608268.1889651514
6.8719476736e6	0.0	0.0	0.0	0.0	640282.303850299
7.21554505728e6	0.0	0.0	0.0	0.0	672296.4187354465
7.55914244096e6	0.0	0.0	0.0	0.0	704310.5336205941
7.90273982464e6	0.0	0.0	0.0	0.0	736324.6485057416
8.246337208320001e6	0.0	0.0	0.0	0.0	768338.7633908892
8.589934592e6	0.0	0.0	0.0	0.0	800352.8782760366
8.933531975680001e6	0.0	0.0	0.0	0.0	832366.9931611841
9.27712935936e6	0.0	0.0	0.0	0.0	864381.1080463317
9.620726743040001e6	0.0	0.0	0.0	0.0	896395.2229314791
9.96432412672e6	0.0	0.0	0.0	0.0	928409.3378166265
1.0307921510400001e7	0.0	0.0	0.0	0.0	960423.4527017741
1.065151889408e7	0.0	0.0	0.0	0.0	992437.5675869215
1.099511627776e7	0.0	0.0	0.0	0.0	1.0244516824720689e6
1.168231104512e7	0.0	0.0	0.0	0.0	1.088479912242364e6
1.236950581248e7	0.0	0.0	0.0	0.0	1.1525081420126588e6
1.305670057984e7	0.0	0.0	0.0	0.0	1.2165363717829539e6
1.37438953472e7	0.0	0.0	0.0	0.0	1.280564601553249e6
1.443109011456e7	0.0	0.0	0.0	0.0	1.3445928313235438e6
1.511828488192e7	0.0	0.0	0.0	0.0	1.4086210610938387e6
1.580547964928e7	0.0	0.0	0.0	0.0	1.4726492908641337e6
1.6492674416640002e7	0.0	0.0	0.0	0.0	1.5366775206344288e6
1.7179869184e7	0.0	0.0	0.0	0.0	1.600705750404724e6
1.7867063951360002e7	0.0	0.0	0.0	0.0	1.6647339801750188e6
1.855425871872e7	0.0	0.0	0.0	0.0	1.7287622099453139e6
1.9241453486080002e7	0.0	0.0	0.0	0.0	1.7927904397156087e6
1.992864825344e7	0.0	0.0	0.0	0.0	1.8568186694859036e6
2.0615843020800002e7	0.0	0.0	0.0	0.0	1.9208468992561987e6
2.130303778816e7	0.0	0.0	0.0	0.0	1.9848751290264935e6
2.199023255552e7	0.0	0.0	0.0	0.0	2.0489033587967884e6
2.336462209024e7	0.0	0.0	0.0	0.0	2.176959818337378e6
2.473901162496e7	0.0	0.0	0.0	0.0	2.3050162778779683e6
2.611340115968e7	0.0	0.0	0.0	0.0	2.433072737418558e6
2.74877906944e7	0.0	0.0	0.0	0.0	2.5611291969591477e6
2.886218022912e7	0.0	0.0	0.0	0.0	2.689185656499738e6
3.023656976384e7	0.0	0.0	0.0	0.0	2.817242116040328e6
3.161095929856e7	0.0	0.0	0.0	0.0	2.9452985755809178e6
3.2985348833280005e7	0.0	0.0	0.0	0.0	3.0733550351215075e6
3.4359738368e7	0.0	0.0	0.0	0.0	3.201411494662097e6
3.5734127902720004e7	0.0	0.0	0.0	0.0	3.329467954202687e6
3.710851743744e7	0.0	0.0	0.0	0.0	3.4575244137432766e6
3.8482906972160004e7	0.0	0.0	0.0	0.0	3.585580873283867e6
3.985729650688e7	0.0	0.0	0.0	0.0	3.7136373328244565e6
4.1231686041600004e7	0.0	0.0	0.0	0.0	3.841693792365046e6
4.260607557632e7	0.0	0.0	0.0	0.0	3.9697502519056364e6
4.398046511104e7	0.0	0.0	0.0	0.0	4.097806711446226e6
4.672924418048e7	0.0	0.0	0.0	0.0	4.353919630527406e6
4.947802324992e7	0.0	0.0	0.0	0.0	4.610032549608585e6
5.222680231936e7	0.0	0.0	0.0	0.0	4.866145468689765e6
5.49755813888e7	0.0	0.0	0.0	0.0	5.122258387770945e6
5.772436045824e7	0.0	0.0	0.0	0.0	5.378371306852125e6
6.047313952768e7	0.0	0.0	0.0	0.0	5.634484225933305e6
6.322191859712e7	0.0	0.0	0.0	0.0	5.890597145014484e6
6.597069766656001e7	0.0	0.0	0.0	0.0	6.146710064095665e6
6.8719476736e7	0.0	0.0	0.0	0.0	6.402822983176845e6
7.146825580544001e7	0.0	0.0	0.0	0.0	6.6589359022580255e6
7.421703487488e7	0.0	0.0	0.0	0.0	6.915048821339206e6
7.696581394432001e7	0.0	0.0	0.0	0.0	7.171161740420386e6
7.971459301376e7	0.0	0.0	0.0	0.0	7.427274659501567e6
8.246337208320001e7	0.0	0.0	0.0	0.0	7.683387578582746e6
8.521215115264e7	0.0	0.0	0.0	0.0	7.939500497663925e6
8.796093022208e7	0.0	0.0	0.0	0.0	8.195613416745105e6
9.345848836096e7	0.0	0.0	0.0	0.0	8.707839254907465e6
9.895604649984e7	0.0	0.0	0.0	0.0	9.220065093069825e6
1.0445360463872e8	0.0	0.0	0.0	0.0	9.732290931232184e6
1.099511627776e8	0.0	0.0	0.0	0.0	1.0244516769394545e7
1.1544872091648e8	0.0	0.0	0.0	0.0	1.0756742607556904e7
1.2094627905536e8	0.0	0.0	0.0	0.0	1.1268968445719264e7
1.2644383719424e8	0.0	0.0	0.0	0.0	1.1781194283881623e7
1.3194139533312002e8	0.0	0.0	0.0	0.0	1.2293420122043984e7
1.37438953472e8	0.0	0.0	0.0	0.0	1.2805645960206343e7
1.4293651161088002e8	0.0	0.0	0.0	0.0	1.3317871798368702e7
1.4843406974976e8	0.0	0.0	0.0	0.0	1.3830097636531062e7
1.5393162788864002e8	0.0	0.0	0.0	0.0	1.4342323474693423e7
1.5942918602752e8	0.0	0.0	0.0	0.0	1.4854549312855782e7
1.6492674416640002e8	0.0	0.0	0.0	0.0	1.536677515101814e7
1.7042430230528e8	0.0	0.0	0.0	0.0	1.58790009891805e7
1.7592186044416e8	0.0	0.0	0.0	0.0	1.6391226827342859e7
1.8691697672192e8	0.0	0.0	0.0	0.0	1.7415678503667578e7
1.9791209299968e8	0.0	0.0	0.0	0.0	1.8440130179992296e7
2.0890720927744e8	0.0	0.0	0.0	0.0	1.9464581856317014e7
2.199023255552e8	0.0	0.0	0.0	0.0	2.0489033532641735e7
2.3089744183296e8	0.0	0.0	0.0	0.0	2.1513485208966456e7
2.4189255811072e8	0.0	0.0	0.0	0.0	2.2537936885291174e7
2.5288767438848e8	0.0	0.0	0.0	0.0	2.35623885616159e7
2.6388279066624004e8	0.0	0.0	0.0	0.0	2.458684023794062e7
2.74877906944e8	0.0	0.0	0.0	0.0	2.561129191426534e7
2.8587302322176003e8	0.0	0.0	0.0	0.0	2.6635743590590056e7
2.9686813949952e8	0.0	0.0	0.0	0.0	2.7660195266914774e7
3.0786325577728003e8	0.0	0.0	0.0	0.0	2.868464694323949e7
3.1885837205504e8	0.0	0.0	0.0	0.0	2.970909861956421e7
3.2985348833280003e8	0.0	0.0	0.0	0.0	3.073355029588893e7
3.4084860461056e8	0.0	0.0	0.0	0.0	3.175800197221365e7
3.5184372088832e8	0.0	0.0	0.0	0.0	3.2782453648538366e7
3.7383395344384e8	0.0	0.0	0.0	0.0	3.48313570011878e7
3.9582418599936e8	0.0	0.0	0.0	0.0	3.6880260353837244e7
4.1781441855488e8	0.0	0.0	0.0	0.0	3.892916370648668e7
4.398046511104e8	0.0	0.0	0.0	0.0	4.0978067059136115e7
4.6179488366592e8	0.0	0.0	0.0	0.0	4.302697041178556e7
4.8378511622144e8	0.0	0.0	0.0	0.0	4.5075873764435e7
5.0577534877696e8	0.0	0.0	0.0	0.0	4.7124777117084436e7
5.277655813324801e8	0.0	0.0	0.0	0.0	4.917368046973388e7
5.49755813888e8	0.0	0.0	0.0	0.0	5.122258382238332e7
5.717460464435201e8	0.0	0.0	0.0	0.0	5.3271487175032765e7
5.9373627899904e8	0.0	0.0	0.0	0.0	5.53203905276822e7
6.157265115545601e8	0.0	0.0	0.0	0.0	5.736929388033164e7
6.3771674411008e8	0.0	0.0	0.0	0.0	5.9418197232981086e7
6.597069766656001e8	0.0	0.0	0.0	0.0	6.146710058563052e7
6.8169720922112e8	0.0	0.0	0.0	0.0	6.351600393827996e7
7.0368744177664e8	0.0	0.0	0.0	0.0	6.55649072909294e7
7.4766790688768e8	0.0	0.0	0.0	0.0	6.96627139962283e7
7.9164837199872e8	0.0	0.0	0.0	0.0	7.376052070152718e7
8.3562883710976e8	0.0	0.0	0.0	0.0	7.785832740682605e7
8.796093022208e8	0.0	0.0	0.0	0.0	8.195613411212492e7
9.2358976733184e8	0.0	0.0	0.0	0.0	8.605394081742379e7
9.6757023244288e8	0.0	0.0	0.0	0.0	9.015174752272268e7
1.01155069755392e9	0.0	0.0	0.0	0.0	9.424955422802155e7
1.0555311626649601e9	0.0	0.0	0.0	0.0	9.834736093332043e7
1.099511627776e9	0.0	0.0	0.0	0.0	1.024451676386193e8
1.1434920928870401e9	0.0	0.0	0.0	0.0	1.0654297434391819e8
1.18747255799808e9	0.0	0.0	0.0	0.0	1.1064078104921706e8
1.2314530231091201e9	0.0	0.0	0.0	0.0	1.1473858775451595e8
1.27543348822016e9	0.0	0.0	0.0	0.0	1.1883639445981482e8
1.3194139533312001e9	0.0	0.0	0.0	0.0	1.2293420116511369e8
1.36339441844224e9	0.0	0.0	0.0	0.0	1.2703200787041257e8
1.40737488355328e9	0.0	0.0	0.0	0.0	1.3112981457571147e8
1.49533581377536e9	0.0	0.0	0.0	0.0	1.3932542798630923e8
1.58329674399744e9	0.0	0.0	0.0	0.0	1.47521041396907e8
1.67125767421952e9	0.0	0.0	0.0	0.0	1.5571665480750474e8
1.7592186044416e9	0.0	0.0	0.0	0.0	1.639122682181025e8
1.84717953466368e9	0.0	0.0	0.0	0.0	1.721078816287003e8
1.93514046488576e9	0.0	0.0	0.0	0.0	1.8030349503929806e8
2.02310139510784e9	0.0	0.0	0.0	0.0	1.884991084498958e8
2.1110623253299203e9	0.0	0.0	0.0	0.0	1.9669472186049357e8
2.199023255552e9	0.0	0.0	0.0	0.0	2.0489033527109134e8
2.2869841857740803e9	0.0	0.0	0.0	0.0	2.130859486816891e8
2.37494511599616e9	0.0	0.0	0.0	0.0	2.2128156209228685e8
2.4629060462182403e9	0.0	0.0	0.0	0.0	2.2947717550288463e8
2.55086697644032e9	0.0	0.0	0.0	0.0	2.376727889134824e8
2.6388279066624002e9	0.0	0.0	0.0	0.0	2.4586840232408014e8
2.72678883688448e9	0.0	0.0	0.0	0.0	2.5406401573467788e8
2.81474976710656e9	0.0	0.0	0.0	0.0	2.6225962914527565e8
2.99067162755072e9	0.0	0.0	0.0	0.0	2.7865085596647114e8
3.16659348799488e9	0.0	0.0	0.0	0.0	2.950420827876666e8
3.34251534843904e9	0.0	0.0	0.0	0.0	3.1143330960886216e8
3.5184372088832e9	0.0	0.0	0.0	0.0	3.278245364300577e8
3.69435906932736e9	0.0	0.0	0.0	0.0	3.442157632512532e8
3.87028092977152e9	0.0	0.0	0.0	0.0	3.6060699007244873e8
4.04620279021568e9	0.0	0.0	0.0	0.0	3.769982168936442e8
4.2221246506598406e9	0.0	0.0	0.0	0.0	3.933894437148397e8
4.398046511104e9	0.0	0.0	0.0	0.0	4.0978067053603524e8
4.573968371548161e9	0.0	0.0	0.0	0.0	4.261718973572308e8
4.74989023199232e9	0.0	0.0	0.0	0.0	4.4256312417842627e8
4.9258120924364805e9	0.0	0.0	0.0	0.0	4.5895435099962175e8
5.10173395288064e9	0.0	0.0	0.0	0.0	4.7534557782081723e8
5.2776558133248005e9	0.0	0.0	0.0	0.0	4.917368046420127e8
5.45357767376896e9	0.0	0.0	0.0	0.0	5.081280314632082e8
5.62949953421312e9	0.0	0.0	0.0	0.0	5.2451925828440374e8
5.98134325510144e9	0.0	0.0	0.0	0.0	5.573017119267948e8
6.33318697598976e9	0.0	0.0	0.0	0.0	5.900841655691857e8
6.68503069687808e9	0.0	0.0	0.0	0.0	6.228666192115767e8
7.0368744177664e9	0.0	0.0	0.0	0.0	6.556490728539678e8
7.38871813865472e9	0.0	0.0	0.0	0.0	6.884315264963589e8
7.74056185954304e9	0.0	0.0	0.0	0.0	7.2121398013875e8
8.09240558043136e9	0.0	0.0	0.0	0.0	7.539964337811409e8
8.444249301319681e9	0.0	0.0	0.0	0.0	7.86778887423532e8
8.796093022208e9	0.0	0.0	0.0	0.0	8.19561341065923e8
9.147936743096321e9	0.0	0.0	0.0	0.0	8.523437947083141e8
9.49978046398464e9	0.0	0.0	0.0	0.0	8.85126248350705e8
9.851624184872961e9	0.0	0.0	0.0	0.0	9.179087019930961e8
1.020346790576128e10	0.0	0.0	0.0	0.0	9.506911556354872e8
1.0555311626649601e10	0.0	0.0	0.0	0.0	9.834736092778782e8
1.090715534753792e10	0.0	0.0	0.0	0.0	1.0162560629202693e9
1.125899906842624e10	0.0	0.0	0.0	0.0	1.0490385165626602e9
1.196268651020288e10	0.0	0.0	0.0	0.0	1.1146034238474422e9
1.266637395197952e10	0.0	0.0	0.0	0.0	1.1801683311322243e9
1.337006139375616e10	0.0	0.0	0.0	0.0	1.2457332384170065e9
1.40737488355328e10	0.0	0.0	0.0	0.0	1.3112981457017884e9
1.477743627730944e10	0.0	0.0	0.0	0.0	1.3768630529865704e9
1.548112371908608e10	0.0	0.0	0.0	0.0	1.4424279602713523e9
1.618481116086272e10	0.0	0.0	0.0	0.0	1.5079928675561345e9
1.6888498602639362e10	0.0	0.0	0.0	0.0	1.5735577748409164e9
1.7592186044416e10	0.0	0.0	0.0	0.0	1.6391226821256986e9
1.8295873486192642e10	0.0	0.0	0.0	0.0	1.7046875894104807e9
1.899956092796928e10	0.0	0.0	0.0	0.0	1.770252496695263e9
1.9703248369745922e10	0.0	0.0	0.0	0.0	1.8358174039800448e9
2.040693581152256e10	0.0	0.0	0.0	0.0	1.901382311264827e9
2.1110623253299202e10	0.0	0.0	0.0	0.0	1.9669472185496092e9
2.181431069507584e10	0.0	0.0	0.0	0.0	2.032512125834391e9
2.251799813685248e10	0.0	0.0	0.0	0.0	2.098077033119173e9
2.392537302040576e10	0.0	0.0	0.0	0.0	2.2292068476887374e9
2.533274790395904e10	0.0	0.0	0.0	0.0	2.3603366622583017e9
2.674012278751232e10	0.0	0.0	0.0	0.0	2.491466476827866e9
2.81474976710656e10	0.0	0.0	0.0	0.0	2.62259629139743e9
2.955487255461888e10	0.0	0.0	0.0	0.0	2.7537261059669943e9
3.096224743817216e10	0.0	0.0	0.0	0.0	2.884855920536558e9
3.236962232172544e10	0.0	0.0	0.0	0.0	3.015985735106122e9
3.3776997205278725e10	0.0	0.0	0.0	0.0	3.147115549675686e9
3.5184372088832e10	0.0	0.0	0.0	0.0	3.27824536424525e9
3.6591746972385284e10	0.0	0.0	0.0	0.0	3.409375178814814e9
3.799912185593856e10	0.0	0.0	0.0	0.0	3.540504993384378e9
3.9406496739491844e10	0.0	0.0	0.0	0.0	3.6716348079539423e9
4.081387162304512e10	0.0	0.0	0.0	0.0	3.8027646225235066e9
4.2221246506598404e10	0.0	0.0	0.0	0.0	3.9338944370930705e9
4.362862139015168e10	0.0	0.0	0.0	0.0	4.065024251662635e9
4.503599627370496e10	0.0	0.0	0.0	0.0	4.196154066232199e9
4.785074604081152e10	0.0	0.0	0.0	0.0	4.458413695371328e9
5.066549580791808e10	0.0	0.0	0.0	0.0	4.720673324510456e9
5.348024557502464e10	0.0	0.0	0.0	0.0	4.982932953649585e9
5.62949953421312e10	0.0	0.0	0.0	0.0	5.2451925827887125e9
5.910974510923776e10	0.0	0.0	0.0	0.0	5.507452211927841e9
6.192449487634432e10	0.0	0.0	0.0	0.0	5.76971184106697e9
6.473924464345088e10	0.0	0.0	0.0	0.0	6.031971470206099e9
6.755399441055745e10	0.0	0.0	0.0	0.0	6.294231099345227e9
7.0368744177664e10	0.0	0.0	0.0	0.0	6.556490728484356e9
7.318349394477057e10	0.0	0.0	0.0	0.0	6.818750357623485e9
7.599824371187712e10	0.0	0.0	0.0	0.0	7.081009986762612e9
7.881299347898369e10	0.0	0.0	0.0	0.0	7.343269615901741e9
8.162774324609024e10	0.0	0.0	0.0	0.0	7.60552924504087e9
8.444249301319681e10	0.0	0.0	0.0	0.0	7.867788874179998e9
8.725724278030336e10	0.0	0.0	0.0	0.0	8.130048503319125e9
9.007199254740993e10	0.0	0.0	0.0	0.0	8.392308132458254e9
9.570149208162305e10	0.0	0.0	0.0	0.0	8.91682739073651e9
1.0133099161583617e11	0.0	0.0	0.0	0.0	9.441346649014765e9
1.0696049115004929e11	0.0	0.0	0.0	0.0	9.965865907293022e9
1.125899906842624e11	0.0	0.0	0.0	0.0	1.049038516557128e10
1.1821949021847552e11	0.0	0.0	0.0	0.0	1.1014904423849535e10
1.2384898975268864e11	0.0	0.0	0.0	0.0	1.1539423682127792e10
1.2947848928690176e11	0.0	0.0	0.0	0.0	1.206394294040605e10
1.351079888211149e11	0.0	0.0	0.0	0.0	1.2588462198684305e10
1.40737488355328e11	0.0	0.0	0.0	0.0	1.311298145696256e10
1.4636698788954114e11	0.0	0.0	0.0	0.0	1.3637500715240818e10
1.5199648742375424e11	0.0	0.0	0.0	0.0	1.4162019973519073e10
1.5762598695796738e11	0.0	0.0	0.0	0.0	1.4686539231797329e10
1.6325548649218048e11	0.0	0.0	0.0	0.0	1.5211058490075586e10
1.6888498602639362e11	0.0	0.0	0.0	0.0	1.5735577748353842e10
1.7451448556060672e11	0.0	0.0	0.0	0.0	1.6260097006632097e10
1.8014398509481985e11	0.0	0.0	0.0	0.0	1.6784616264910355e10
1.914029841632461e11	0.0	0.0	0.0	0.0	1.783365478146687e10
2.0266198323167233e11	0.0	0.0	0.0	0.0	1.8882693298023384e10
2.1392098230009857e11	0.0	0.0	0.0	0.0	1.99317318145799e10
2.251799813685248e11	0.0	0.0	0.0	0.0	2.098077033113641e10
2.3643898043695105e11	0.0	0.0	0.0	0.0	2.2029808847692924e10
2.476979795053773e11	0.0	0.0	0.0	0.0	2.3078847364249435e10
2.5895697857380353e11	0.0	0.0	0.0	0.0	2.412788588080595e10
2.702159776422298e11	0.0	0.0	0.0	0.0	2.517692439736246e10
2.81474976710656e11	0.0	0.0	0.0	0.0	2.6225962913918976e10
2.927339757790823e11	0.0	0.0	0.0	0.0	2.7275001430475487e10
3.039929748475085e11	0.0	0.0	0.0	0.0	2.8324039947032e10
3.1525197391593475e11	0.0	0.0	0.0	0.0	2.9373078463588512e10
3.2651097298436096e11	0.0	0.0	0.0	0.0	3.0422116980145023e10
3.3776997205278723e11	0.0	0.0	0.0	0.0	3.1471155496701538e10
3.4902897112121344e11	0.0	0.0	0.0	0.0	3.2520194013258057e10
3.602879701896397e11	0.0	0.0	0.0	0.0	3.3569232529814568e10
3.828059683264922e11	0.0	0.0	0.0	0.0	3.566730956292759e10
4.0532396646334467e11	0.0	0.0	0.0	0.0	3.776538659604062e10
4.2784196460019714e11	0.0	0.0	0.0	0.0	3.986346362915365e10
4.503599627370496e11	0.0	0.0	0.0	0.0	4.196154066226667e10
4.728779608739021e11	0.0	0.0	0.0	0.0	4.40596176953797e10
4.953959590107546e11	0.0	0.0	0.0	0.0	4.615769472849273e10
5.1791395714760706e11	0.0	0.0	0.0	0.0	4.825577176160576e10
5.404319552844596e11	0.0	0.0	0.0	0.0	5.035384879471878e10
5.62949953421312e11	0.0	0.0	0.0	0.0	5.245192582783181e10
5.854679515581646e11	0.0	0.0	0.0	0.0	5.455000286094484e10
6.07985949695017e11	0.0	0.0	0.0	0.0	5.664807989405786e10
6.305039478318695e11	0.0	0.0	0.0	0.0	5.874615692717088e10
6.530219459687219e11	0.0	0.0	0.0	0.0	6.084423396028391e10
6.755399441055745e11	0.0	0.0	0.0	0.0	6.2942310993396935e10
6.980579422424269e11	0.0	0.0	0.0	0.0	6.504038802650996e10
7.205759403792794e11	0.0	0.0	0.0	0.0	6.7138465059622986e10
7.656119366529844e11	0.0	0.0	0.0	0.0	7.133461912584903e10
8.106479329266893e11	0.0	0.0	0.0	0.0	7.553077319207507e10
8.556839292003943e11	0.0	0.0	0.0	0.0	7.972692725830113e10
9.007199254740992e11	0.0	0.0	0.0	0.0	8.392308132452718e10
9.457559217478042e11	0.0	0.0	0.0	0.0	8.811923539075322e10
9.907919180215092e11	0.0	0.0	0.0	0.0	9.231538945697928e10
1.0358279142952141e12	0.0	0.0	0.0	0.0	9.651154352320534e10
1.0808639105689192e12	0.0	0.0	0.0	0.0	1.0070769758943138e11
1.125899906842624e12	0.0	0.0	0.0	0.0	1.0490385165565744e11
1.170935903116329e12	0.0	0.0	0.0	0.0	1.091000057218835e11
1.215971899390034e12	0.0	0.0	0.0	0.0	1.1329615978810956e11
1.261007895663739e12	0.0	0.0	0.0	0.0	1.174923138543356e11
1.3060438919374438e12	0.0	0.0	0.0	0.0	1.2168846792056166e11
1.351079888211149e12	0.0	0.0	0.0	0.0	1.2588462198678772e11
1.3961158844848538e12	0.0	0.0	0.0	0.0	1.3008077605301376e11
1.4411518807585588e12	0.0	0.0	0.0	0.0	1.342769301192398e11
