# τ	Fs	F	Δζ	ΔG	Δr²
0.0	1.0	1.0	1464.4218180899163	148.22532085164568	0.0
3.125e-7	0.9999838611727643	0.999988618769479	1463.704265170457	148.15773265574842	3.125e-7
6.25e-7	0.9999677246945226	0.99997723914134	1462.987325886278	148.09019917401184	6.249284950284136e-7
9.375000000000001e-7	0.9999515926514184	0.999965862586764	1462.2710134348029	148.0227215546535	9.372140665486567e-7
1.25e-6	0.9999354650404578	0.9999544891036687	1461.555327158463	147.95529974234645	1.249356833622945e-6
1.5625e-6	0.9999193418583793	0.9999431186897838	1460.8402663995746	147.88793368177306	1.561356931534699e-6
1.8750000000000003e-6	0.9999032231019247	0.9999317513428412	1460.125830501215	147.82062331767585	1.8732144954160108e-6
2.1875000000000002e-6	0.9998871087678392	0.9999203870605747	1459.412018807213	147.7533685948577	2.1849296602440895e-6
2.5e-6	0.9998709988528709	0.9999090258407206	1458.6988306621633	147.6861694581818	2.4965025608414532e-6
2.8125e-6	0.9998548933537715	0.9998976676810176	1457.9862654114143	147.61902585257138	2.8079333318761223e-6
3.125e-6	0.9998387922672958	0.9998863125792063	1457.2743224010712	147.55193772300996	3.1192221078618124e-6
3.4375e-6	0.9998226955902016	0.9998749605330299	1456.5630009779932	147.48490501454083	3.430369023158127e-6
3.7500000000000005e-6	0.9998066033192504	0.9998636115402337	1455.8523004897968	147.41792767226744	3.7413742119707485e-6
4.0625000000000005e-6	0.9997905154512066	0.9998522655985651	1455.1422202848498	147.35100564135314	4.052237808351632e-6
4.3750000000000005e-6	0.9997744319828377	0.9998409227057741	1454.432759712271	147.28413886702089	4.3629599461991965e-6
4.6875000000000004e-6	0.9997583529109146	0.9998295828596125	1453.7239181219352	147.21732729455357	4.673540759258516e-6
5.0e-6	0.9997422782322116	0.9998182460578348	1453.015694864466	147.15057086929374	4.983980381121509e-6
5.3125e-6	0.9997262107791199	0.9998069142800908	1452.3082059383325	147.08387988467138	5.294185102277054e-6
5.625e-6	0.9997101486552005	0.999795586200922	1451.6013726849455	147.01724736675806	5.6042177447413855e-6
5.9375e-6	0.9996940912261085	0.9997842613769796	1450.8951684616466	146.950670955298	5.914099340888704e-6
6.25e-6	0.9996780382782401	0.9997729396589798	1450.1895839598226	146.8841498275292	6.223836990983957e-6
6.5625e-6	0.9996619897382518	0.99976162099567	1449.4846156476724	146.8176836730818	6.533433150445345e-6
6.875e-6	0.9996459455795608	0.99975030536848	1448.7802619189301	146.75127235237397	6.842888726071382e-6
7.1875e-6	0.9996299057911741	0.9997389927697351	1448.0765218094773	146.68491578277684	7.152204108274342e-6
7.500000000000001e-6	0.9996138703672975	0.999727683195395	1447.373394569681	146.6186139006796	7.461379515210734e-6
7.8125e-6	0.9995978393038738	0.9997163766426324	1446.6708795218728	146.55236664884825	7.770415107509108e-6
8.125000000000001e-6	0.9995818125974253	0.9997050731090258	1445.968976012865	146.48617397221335	8.07931102651862e-6
8.4375e-6	0.99956579024467	0.9996937725922896	1445.2676833981127	146.42003581646551	8.38806740706062e-6
8.750000000000001e-6	0.9995497722423935	0.9996824750901866	1444.5670010364493	146.35395212758831	8.696684381679987e-6
9.0625e-6	0.9995337585874065	0.9996711806004965	1443.8669282883227	146.28792285170172	9.005162082062535e-6
9.375000000000001e-6	0.9995177492765288	0.9996598891210053	1443.16746451521	146.2219479350104	9.313500639507708e-6
9.6875e-6	0.9995017443065861	0.9996486006495032	1442.4686090794216	146.15602732378622	9.621700185086289e-6
1.0e-5	0.9994857436744088	0.9996373151837841	1441.7703613440397	146.09016096436235	9.929760849693095e-6
1.0625e-5	0.9994537554064813	0.9996147532579508	1440.375686195129	145.9585907668006	1.0545466232333563e-5
1.125e-5	0.9994217844502652	0.9995922033278545	1438.98343414592	145.8272369274191	1.1160617715232489e-5
1.1875e-5	0.999389830781452	0.9995696653765734	1437.5936001801738	145.69609902340767	1.1775216301323603e-5
1.25e-5	0.9993578943751599	0.9995471393867871	1436.2061792582324	145.56517662994284	1.2389263016975534e-5
1.3125e-5	0.9993259752063465	0.9995246253410627	1434.8211663403813	145.43446932214746	1.3002758894829538e-5
1.375e-5	0.9992940732499513	0.9995021232219551	1433.4385563946387	145.30397667574363	1.361570496800607e-5
1.4375e-5	0.9992621884809393	0.9994796330120362	1432.0583443993075	145.17369826726716	1.4228102268252355e-5
1.5000000000000002e-5	0.9992303208743181	0.9994571546939088	1430.6805253438238	145.04363367413907	1.4839951825252899e-5
1.5625e-5	0.999198470405141	0.9994346882502064	1429.3050942290092	144.9137824746868	1.5451254666479177e-5
1.6250000000000002e-5	0.9991666370485112	0.9994122336635977	1427.932046067147	144.78414424815085	1.606201181706773e-5
1.6875e-5	0.9991348207795798	0.9993897909167853	1426.5613758819743	144.65471857468447	1.667222429985903e-5
1.7500000000000002e-5	0.9991030215735471	0.999367359992506	1425.193078708679	144.52550503535346	1.7281893135338723e-5
1.8125e-5	0.999071239405661	0.9993449408735294	1423.8271495938593	144.39650321213333	1.7891019341697388e-5
1.8750000000000002e-5	0.9990394742512202	0.9993225335426605	1422.4635835955116	144.26771268790822	1.8499603934778892e-5
1.9375e-5	0.9990077260855711	0.9993001379827378	1421.1023757829937	144.1391330464678	1.910764792814235e-5
2.0e-5	0.9989759948841095	0.9992777541766344	1419.7435212370021	144.0107638725065	1.9715152333011375e-5
2.125e-5	0.9989125832430991	0.9992330217349413	1417.032850512646	143.75465511808218	2.092854774413154e-5
2.25e-5	0.9988492391541477	0.9991883360964297	1414.3315335179823	143.49938322300795	2.2139797314226384e-5
2.375e-5	0.9987859624294219	0.9991436971303482	1411.6395317112274	143.24494493138303	2.3348908751593115e-5
2.5e-5	0.9987227528770255	0.9990991047031201	1408.956806457552	142.99133697874439	2.45558899272706e-5
2.625e-5	0.9986596103041887	0.9990545586805617	1406.2833192093583	142.73855610721546	2.5760748743112928e-5
2.75e-5	0.998596534518383	0.9990100589286561	1403.6190315660199	142.4865990705306	2.696349308671751e-5
2.875e-5	0.9985335253276388	0.9989656053137778	1400.963905292913	142.2354626356396	2.8164130817696482e-5
3.0000000000000004e-5	0.9984705825406984	0.9989211977027979	1398.3179023274433	141.98514358322353	2.936266976203248e-5
3.125e-5	0.9984077059670158	0.9988768359630832	1395.6809847802244	141.73563870779822	3.055911771149393e-5
3.2500000000000004e-5	0.9983448954168042	0.9988325199625302	1393.0531149351614	141.48694481773077	3.17534824223791e-5
3.375e-5	0.998282150701	0.9987882495695393	1390.4342552486592	141.23905873517782	3.294577161638839e-5
3.5000000000000004e-5	0.9982194716312972	0.9987440246530386	1387.8243683490543	140.99197729604685	3.413599297985847e-5
3.625e-5	0.9981568580201088	0.9986998450824588	1385.2234170356091	140.74569734991695	3.532415416479147e-5
3.7500000000000003e-5	0.9980943096805998	0.9986557107277537	1382.6313642778841	140.50021575999438	3.651026278814569e-5
3.875e-5	0.9980318264266467	0.9986116214593745	1380.0481732147111	140.25552940303174	3.7694326432877035e-5
4.0e-5	0.9979694080728723	0.9985675771482911	1377.4738071535705	140.011635169284	3.887635264723799e-5
4.25e-5	0.9978447650857747	0.9984796227158579	1372.3513906955973	139.52620956815468	4.1234332650691984e-5
4.5e-5	0.9977203794147352	0.9983918465224296	1367.2638338897661	139.0439151201039	4.3584255814469144e-5
4.75e-5	0.997596249657029	0.9983042475916832	1362.2108522295778	138.56472768358202	4.592617908239285e-5
5.0e-5	0.9974723743850888	0.9982168249300226	1357.1921617895953	138.0886231553174	4.826016034718156e-5
5.25e-5	0.9973487521701266	0.9981295775430129	1352.2074805583302	137.61557758281623	5.058625747792472e-5
5.5e-5	0.9972253815907086	0.9980425044413552	1347.2565288687617	137.14556720087188	5.2904527980815827e-5
5.75e-5	0.9971022612347916	0.9979556046422966	1342.3390295209413	136.67856844207702	5.521502890737193e-5
6.000000000000001e-5	0.9969793897010949	0.9978688771705901	1337.4547078103387	136.21455793944068	5.7517816809205734e-5
6.25e-5	0.9968567655987376	0.997782321058237	1332.6032915171374	135.7535125256602	5.981294774414272e-5
6.500000000000001e-5	0.9967343875478044	0.9976959353448877	1327.784510890519	135.2954092320197	6.210047726376194e-5
6.75e-5	0.996612254178729	0.997609719077402	1322.9980986236967	134.84022528645423	6.438046043021657e-5
7.000000000000001e-5	0.9964903641327605	0.9975236713101857	1318.2437898337398	134.38793811206554	6.66529518074426e-5
7.25e-5	0.9963687160613268	0.997437791104736	1313.521322035482	133.93852532508686	6.89180054789738e-5
7.500000000000001e-5	0.9962473086264892	0.9973520775299668	1308.830435121241	133.4919647333834	7.117567503957766e-5
7.75e-5	0.9961261405003077	0.9972665296617584	1304.1708713350686	133.0482343344402	7.342601361298648e-5
8.0e-5	0.9960052103652888	0.9971811465832809	1299.5423752528257	132.60731231388792	7.566907384360037e-5
8.5e-5	0.9957640571628513	0.997010869990047	1290.377484027474	131.73379925823903	8.0133634628383e-5
9.0e-5	0.9955238398387716	0.9968412413617733	1281.333828470968	130.87126023003097	8.456972278805105e-5
9.5e-5	0.9952845485931898	0.9966722538791466	1272.4094681517822	130.01952911997847	8.897772751887019e-5
0.0001	0.9950461735270347	0.9965039006541138	1263.6024834888983	129.17844145065877	9.335804113354016e-5
0.000105	0.9948087048027692	0.9963361748415803	1254.9109846306517	128.34783513472158	9.771105250621491e-5
0.00011	0.9945721327073448	0.9961690696833334	1246.333114019207	127.52755069802997	0.00010203714470768702
0.000115	0.9943364476605596	0.9960025785137223	1237.8670467578272	126.71743131567713	0.00010633669456399968
0.00012000000000000002	0.994101640227003	0.9958366947680903	1229.5109903675595	125.91732279670187	0.00011061007233574475
0.000125	0.9938677011076559	0.9956714119768003	1221.2631842417982	125.12707354240015	0.00011485764195145463
0.00013000000000000002	0.9936346211460976	0.9955067237696734	1213.1218991154776	124.34653450634502	0.00011907976091362156
0.000135	0.9934023913184532	0.9953426238688663	1205.0854364420054	123.57555914583355	0.00012327678059980923
0.00014000000000000001	0.9931710027389142	0.9951791060928313	1197.1521278512455	122.814003380666	0.000127449046192588
0.000145	0.9929404466497083	0.995016164349211	1189.3203345397474	122.06172554545688	0.00013159689698082885
0.00015000000000000001	0.9927107144264951	0.9948537926387079	1181.5884467470714	121.31858634969473	0.00013572066629103505
0.000155	0.9924817975685376	0.9946919850481254	1173.9548831684083	120.58444883170498	0.0001398206817815192
0.00016	0.9922536877040357	0.9945307357541919	1166.4180904516743	119.85917832021174	0.00014389726537273597
0.00017	0.9917998458029776	0.9942098820440755	1151.6281966233694	118.43466386129687	0.00015198178856091243
0.00018	0.9913491314383631	0.9938911916630175	1137.2072782187377	117.04404427975376	0.0001599764214442888
0.00019	0.9909014842915129	0.993574622658799	1123.1439915036012	115.68633170816403	0.00016788345486490975
0.0002	0.9904568442864025	0.9932601332519846	1109.4273025993155	114.36056351215784	0.0001757051605943602
0.00021	0.9900151524965589	0.9929476824644213	1096.0465319049028	113.06580621938892	0.00018344375521819504
0.00022	0.9895763515559233	0.9926372304065606	1082.9913600751156	111.80115614507223	0.00019110138643634806
0.00023	0.9891403856159128	0.9923287382456686	1070.2518203187392	110.56573883007582	0.00019868013372792846
0.00024000000000000003	0.9887072004361925	0.992022168270578	1057.8182878459902	109.35870823402173	0.0002061820069498825
0.00025	0.9882767432425359	0.9917174837909984	1045.6814674334355	108.17924575501195	0.00021360895085858496
0.00026000000000000003	0.9878489627819113	0.9914146491774248	1033.8323819373404	107.02655933093537	0.00022096284498375238
0.00027	0.9874238091758257	0.9911136297573689	1022.262360215921	105.89988247935847	0.00022824550833010194
0.00028000000000000003	0.987001233971397	0.990814391852434	1010.9630263382351	104.7984734482623	0.00023545869930104895
0.00029	0.9865811900003855	0.990516902678561	999.9262883495903	103.72161431896181	0.00024260412018487586
0.00030000000000000003	0.9861636314296748	0.9902211303826539	989.1443282899414	102.66861021714678	0.00024968341700145144
0.00031	0.9857485136267801	0.9899270439473818	978.6095917922456	101.63878847895035	0.000256698183744371
0.00032	0.9853357932100258	0.9896346132275539	968.3147788644605	100.63149791931471	0.00026364996214617764
0.00034	0.9845173278938835	0.9890545684397423	948.4145078425236	98.68179248112271	0.0002773721728533967
0.00036	0.9837079473665746	0.9884807958255297	929.391797389634	96.81485727679718	0.00029086013451438855
0.00038	0.9829073554731362	0.9879130896406236	911.1971000926857	95.02623658611883	0.00030412411347047517
0.0004	0.9821152644254861	0.9873512499995782	893.7837000296581	93.31171536740702	0.0003171739964754899
0.00042	0.981331397998753	0.9867950850673481	877.1077723520809	91.66732609994672	0.0003300191715710275
0.00044	0.9805554936253406	0.9862444125325316	861.1282716338499	90.08934038265325	0.00034266847646395945
0.00046	0.9797873009889616	0.9856990586064102	845.8067615054626	88.57425516942645	0.0003551302438179234
0.00048000000000000007	0.9790265825432084	0.9851588584019428	831.1072466884325	87.118779090537	0.0003674123036705828
0.0005	0.9782731117554613	0.9846236546915245	816.9960028875988	85.71981842510947	0.0003795220407769085
0.0005200000000000001	0.9775266734735759	0.9840932981797639	803.4414250875916	84.37446459422245	0.0003914664001486474
0.00054	0.9767870622790582	0.9835676463386144	790.4138787094594	83.0799817768506	0.0004032519400335842
0.0005600000000000001	0.976054082854217	0.9830465636796665	777.8855686341418	81.83379602021174	0.0004148848353731221
0.00058	0.9753275484797091	0.9825299206908761	765.8304107647559	80.63348447024207	0.00042637092529871837
0.0006000000000000001	0.974607281412867	0.982017594115821	754.2239194571672	79.47676593736875	0.00043771571439595237
0.00062	0.9738931115190733	0.9815094659845996	743.0430967597855	78.36149153901148	0.0004489244152289399
0.00064	0.973184876657295	0.9810054238973203	732.2663356305429	77.28563652434825	0.00046000194779303
0.00068	0.9717854453734636	0.9800090668073764	711.8383055239947	75.2440380223477	0.00048178617992493855
0.00072	0.9704079482198439	0.9790278024352533	692.7973591454696	73.33851618656365	0.0005030991854328142
0.00076	0.9690513537483101	0.9780609161269002	675.0136451882602	71.55675210689009	0.0005239708946523375
0.0008	0.9677146943345655	0.9771077378432809	658.3707997135436	69.88765233692833	0.0005444288912013495
0.00084	0.9663970657171487	0.9761676415430515	642.7650048104799	68.32127191308716	0.0005644984573062473
0.00088	0.9650976347862581	0.9752400507533013	628.1037154384984	66.84870426468261	0.0005842024742287059
0.00092	0.9638156257964354	0.9743244287815221	614.3043323033227	65.461964552581	0.0006035618493874336
0.0009600000000000001	0.9625503231851541	0.9734202808393315	601.2930464419077	64.15388719981064	0.0006225955361803206
0.001	0.9613010585101839	0.9725271447878707	589.0037707428245	62.91803044172795	0.0006413209256468382
0.0010400000000000001	0.9600672129930243	0.9716445930585884	577.3772477291199	61.74859603302772	0.0006597538510634922
0.00108	0.9588482063435755	0.9707722247300116	566.3602304967227	60.640355136126516	0.0006779089136843884
0.0011200000000000001	0.9576434994062133	0.9699096675068762	555.9048044269947	59.588586467284166	0.000695799466587074
0.00116	0.956452584662056	0.9690565709791469	545.9677603809995	58.589018905744744	0.0007134378844360213
0.0012000000000000001	0.9552749889139194	0.9682126086160302	536.510077928324	57.63778377305386	0.0007308355330125561
0.00124	0.9541102651741324	0.9673774720020568	527.4964434238872	56.73137021752775	0.0007480029943315977
0.00128	0.9529579953115888	0.9665508727936775	518.8948544536213	55.86658824854017	0.0007649500274622759
0.00136	0.9506889835021632	0.9649220245319652	502.8050039592583	54.249655109890824	0.0007982230182455905
0.00144	0.9484652969436643	0.9633242317595144	488.04711488967934	52.76757963702348	0.0008307156076013565
0.00152	0.9462843874182069	0.9617557384142279	474.4545637425348	51.40359524588205	0.0008624844496885113
0.0016	0.944143938482155	0.9602149502220074	461.886076308489	50.14344404942255	0.0008935796550006918
0.00168	0.9420418176550694	0.9587003997354325	450.22196651200437	48.975016538770475	0.0009240463667682544
0.00176	0.9399761031939287	0.9572107659473847	439.3606032018022	47.88800705383707	0.000953924364147977
0.00184	0.937945023095492	0.9557448308059341	429.21517318004805	46.87359919400731	0.0009832496861192194
0.0019200000000000003	0.9359469711128803	0.9543014913271861	419.71124875491125	45.924219292974	0.0010120543530098924
0.002	0.9339804567677263	0.9528797239787404	410.78454126814324	45.033323344051055	0.0010403676426291465
0.0020800000000000003	0.9320441196150585	0.951478595447799	402.3793351983368	44.195234108333686	0.001068215797862002
0.00216	0.9301366896485025	0.9500972343850452	394.44704497685245	43.40499891942737	0.0010956230146006796
0.0022400000000000002	0.9282570003890545	0.9487348412368011	386.94514640607946	42.65828150801115	0.0011226111494607633
0.00232	0.9264039572502731	0.9473906656276453	379.8362148369223	41.95126563525472	0.0011492004965639366
0.0024000000000000002	0.9245765493524333	0.9460640152067767	373.0872092096426	41.28058201291494	0.0011754095110813759
0.00248	0.9227738239112354	0.9447542373034776	366.66881014187703	40.64324170984926	0.001201255430829372
0.00256	0.9209948967677398	0.943460726797525	360.5549305207083	40.03658586414683	0.0012267540228507931
0.00272	0.917504878962237	0.9409200821441205	349.1424203209642	38.905319559846234	0.0012767651795516364
0.00288	0.9141007049931754	0.938438113683674	338.698137702572	37.87134765889516	0.0013255492142455018
0.00304	0.910776982346599	0.9360111305484901	329.09402044752653	36.921645357768305	0.0013732002517301933
0.0032	0.9075289029156786	0.933635848544984	320.2234462170286	36.045382480084825	0.0014197991349439003
0.00336	0.9043520690694269	0.9313092630622563	311.9973750522037	35.233528466176914	0.0014654186256092916
0.00352	0.9012425550820742	0.9290286958959535	304.34116610006294	34.47852228703837	0.0015101221630281524
0.00368	0.8981967528658051	0.9267916843206542	297.19166500965173	33.77397636564416	0.0015539675357961597
0.0038400000000000005	0.895211414376103	0.9245960143311579	290.49515494945143	33.11446446229629	0.0015970057324728587
0.004	0.8922835339644529	0.9224396359903628	284.20553194913504	32.495336684594534	0.0016392836358298307
0.0041600000000000005	0.8894103840480136	0.9203206913497662	278.2830515079348	31.91258964325661	0.0016808430139546623
0.00432	0.8865894253947173	0.918237449711181	272.6931744449967	31.36274974303142	0.001721722561063205
0.0044800000000000005	0.8838183377007724	0.9161883314761963	267.4057813441931	30.842791733000276	0.0017619570294587956
0.00464	0.881094949887887	0.9141718576927552	262.39441802872136	30.350062620098992	0.0018015788150800107
0.0048000000000000004	0.8784172662717402	0.9121866704230415	257.63578723253494	29.882228928828848	0.0018406172148266037
0.00496	0.8757834113958066	0.9102314926903858	253.10923914128995	29.43722547663493	0.0018790996839740909
0.00512	0.8731916524351144	0.9083051459009531	248.79643273745825	29.01322022191123	0.001917051200262806
0.00544	0.8681282813819289	0.9045348018524539	240.74404532166278	28.221386066435294	0.0019914310088089368
0.00576	0.8632152176464023	0.9008674946700316	233.37152274556817	27.496098094473002	0.0020639432349263687
0.00608	0.8584418506165159	0.8972959948031557	226.58876569628484	26.82841895108126	0.002134741116980021
0.0064	0.8537989225226829	0.8938140112018852	220.32100496930775	26.210941653365712	0.002203951502083147
0.00672	0.8492780625077749	0.8904158499268211	214.50584338977237	25.637498003097164	0.00227168798746889
0.00704	0.844871858191384	0.8870964773803339	209.09104507033794	25.102934482643107	0.0023380487689803483
0.00736	0.8405735386372902	0.8838512893262314	204.03240158760124	24.602899357575826	0.0024031236688935023
0.007680000000000001	0.8363770445189429	0.8806761714060127	199.29233619034164	24.13370090449429	0.002466991449277227
0.008	0.8322767984171221	0.8775673311217129	194.83857623253778	23.69217513337863	0.0025297247984154276
0.008320000000000001	0.8282677664775882	0.8745213502278023	190.64330882811123	23.275600258940376	0.0025913880493658318
0.00864	0.8243452861424141	0.8715350580599756	186.6823422039101	22.881613386463833	0.0026520409799294137
0.008960000000000001	0.8205051190461335	0.8686055761010759	182.93458111947672	22.50815758480015	0.0027117369174702102
0.00928	0.8167433185995128	0.8657302201050487	179.3814783079991	22.15342753746289	0.0027705257088683983
0.009600000000000001	0.8130562751332651	0.8629065379473218	176.0066975747184	21.815835705334543	0.0028284521324128497
0.00992	0.8094406120725419	0.8601322324926549	172.79574294626374	21.49397565817689	0.0028855582625030678
0.01024	0.8058932244945276	0.8574051938357157	169.73573577568632	21.186599799468166	0.002941882127303357
0.01088	0.7989944207183253	0.8520870205521351	164.02408119158923	20.610894269283147	0.0030522480394623254
0.01152	0.7923366983933255	0.8469361631709493	158.7930525820553	20.081243595373593	0.00315987770561345
0.01216	0.7859009570664551	0.8419395789381673	153.9784212236975	19.591482947869817	0.00326500991858225
0.0128	0.7796710409907415	0.837086273613539	149.52743671857607	19.136541947576404	0.0033678331456907695
0.01344	0.7736325395157383	0.8323664194674697	145.39613906172278	18.712201234343404	0.003468516226211073
0.01408	0.7677727889217528	0.8277713946627	141.54771493249729	18.314937185192708	0.0035672042901036443
0.01472	0.7620802862375079	0.8232933461994149	137.9509486970867	17.94176888645739	0.003664031251344856
0.015360000000000002	0.7565447930144695	0.8189252942545229	134.57928012976876	17.590166702769075	0.00375911379892525
0.016	0.7511569325572076	0.8146608288077068	131.40986146767847	17.257958402881638	0.0038525603165715776
0.016640000000000002	0.7459082861964441	0.8104942023320181	128.422991371527	16.943274982014724	0.003944466022108373
0.01728	0.7407910937697563	0.806420102284773	125.6015160440119	16.644491074311624	0.004034919896792062
0.017920000000000002	0.7357983361543796	0.8024337293482968	122.93047636363852	16.360191782960126	0.004124000731527359
0.01856	0.7309235066882844	0.7985306223974087	120.39671331853599	16.089133369968117	0.00421178259172006
0.019200000000000002	0.7261606818178042	0.7947067247788165	117.98864065641516	15.830222290177257	0.004298331532120326
0.01984	0.7215043433386064	0.7909582471132544	115.69597633861797	15.582488356230105	0.004383709973918446
0.02048	0.7169494389611799	0.7872817237142812	113.50959174567409	15.34507112565776	0.004467973941824667
0.02176	0.7081339737085789	0.7801381161707225	109.42880768645678	14.898528626550048	0.004633177955858699
0.02304	0.6996721687376779	0.773246598349862	105.68516848883225	14.485017221822204	0.004794517573446744
0.02432	0.6915327699613444	0.7665855095263042	102.23267224936505	14.10019994003404	0.00495235090295772
0.0256	0.6836903072105689	0.7601372750985558	99.03447149899776	13.740578349514893	0.005106947139777748
0.02688	0.6761223001415049	0.7538863220279605	96.05998450714382	13.403244057650419	0.005258550991739812
0.02816	0.6688090697251011	0.7478190369308129	93.28359835729138	13.085764525922512	0.005407372510028074
0.02944	0.6617327953401996	0.7419230322601905	90.68357381179841	12.786070630357973	0.005553608250236081
0.030720000000000004	0.6548776758764754	0.7361873358540373	88.2414183332206	12.50240097488289	0.0056974282538710406
0.032	0.6482293030992925	0.7306018948448539	85.9412262354671	12.233234312671385	0.005838991930633028
0.033280000000000004	0.6417748022279457	0.7251577349149793	83.76929506215565	11.977257471177627	0.005978438063970658
0.03456	0.6355023639636024	0.7198465858533536	81.71369924555215	11.733321739382342	0.006115897388301723
0.035840000000000004	0.6294013599152021	0.7146610110996601	79.76404859632093	11.500423638910586	0.006251484579891378
0.03712	0.6234619873019334	0.7095941202532554	77.91120584458957	11.27767571380741	0.006385308243748008
0.038400000000000004	0.6176753664084282	0.7046396769639857	76.14713134310966	11.064294733179096	0.006517464312062657
0.03968	0.612033266743563	0.6997918748059015	74.46469065413903	10.859581484111079	0.006648044083139858
0.04096	0.6065281899967679	0.6950454280866694	72.85755217250194	10.662913387531184	0.006777128703995036
0.04352	0.5959211211136511	0.685852072315217	69.85483464538868	10.292187949502985	0.007030736232376241
0.04608	0.5857839556912895	0.6770089508577135	67.09089053695703	9.947535251267936	0.007279254881021297
0.04864	0.5760709205486377	0.6684832160149453	64.53379588942616	9.625704783109141	0.007523197490085729
0.0512	0.5667461236616417	0.6602492560012239	62.158534882530695	9.32411903428278	0.007762935007572788
0.05376	0.5577780999031046	0.6522844798942242	59.94417997043537	9.04061081387634	0.007998813817892494
0.05632	0.5491393640109279	0.6445691766204613	57.87304445210498	8.773344912974945	0.008231129218662415
0.05888	0.5408051402095674	0.6370854482554799	55.930014687249475	8.520738137740354	0.008460161150780991
0.06144000000000001	0.5327535890698488	0.6298175304983862	54.10217686687478	8.281429727914183	0.008686147938160875
0.064	0.5249649403036328	0.6227510515359608	52.37837886015593	8.054231552968991	0.00890931508688515
0.06656000000000001	0.5174216542332322	0.615873271694011	50.74898202033686	7.83811035748566	0.009129855495233883
0.06912	0.5101077633249154	0.6091725142627284	49.20556767528625	7.632154045953939	0.009347952558208647
0.07168000000000001	0.5030089996369275	0.602638355002542	47.74077835843714	7.435560922441429	0.009563764226824291
0.07424	0.4961122970490283	0.5962611851078709	46.348121063839855	7.247616397169347	0.009777441536188435
0.07680000000000001	0.48940590142535184	0.59003236936138	45.021865389887985	7.067686505825763	0.009989115388144405
0.07936	0.48287898985198474	0.5839439062834021	43.75690831108878	6.895201391681105	0.010198911630009277
0.08192	0.47652176713883365	0.5779885622385872	42.54870745034139	6.729651392339286	0.010406939934526818
0.08704	0.46431558426209746	0.5664790755190301	40.29523812271616	6.418404635435797	0.010817473042029893
0.09216	0.4526834903500757	0.5554246032293165	38.22221247600553	6.129730656535978	0.011222185213011859
0.09728	0.4415678749120224	0.5447814986852798	36.30697134143734	5.860931419435075	0.01162174222389145
0.1024	0.4309251169033738	0.5345170354278647	34.531732302808926	5.609884943517409	0.01201660905974861
0.10752	0.4207168014892668	0.5246021711705736	32.88127517144784	5.374778095644721	0.012407239930703074
0.11264	0.41090933070997804	0.5150115767166007	31.34255879564822	5.1540579069623265	0.01279400997724215
0.11776	0.40147247664578195	0.5057222458744772	29.904333943774443	4.946371168612215	0.013177283256244938
0.12288000000000002	0.3923797560335399	0.4967140724004866	28.55692642841703	4.7505484840968375	0.01355735705341949
0.128	0.38360730214503014	0.4879687713660281	27.29192307977502	4.565562026332853	0.0139345195107349
0.13312000000000002	0.3751340825710997	0.47947027488048294	26.10201166613529	4.390514589370349	0.014309006290817218
0.13824	0.36694101963525577	0.4712038822978324	24.980762797251618	4.224609706327868	0.014681047526596937
0.14336000000000002	0.35901116751253614	0.46315657733282334	23.92252502848964	4.067145071124546	0.015050832094816757
0.14848	0.35132904445712626	0.4553163697168412	22.922286177963716	3.917491437477317	0.015418546060536147
0.15360000000000001	0.34388079466487614	0.44767256592380894	21.97559288373048	3.775088931466197	0.015784342532591644
0.15872	0.3366536744956011	0.4402152521608283	21.07845669779622	3.6394318118918294	0.01614837364598582
0.16384	0.3296361999641284	0.43293552813440433	20.227310036403605	3.510066508784593	0.01651076479628363
0.17408	0.31624476361416787	0.4189260445098757	18.658610838369135	3.26951039322642	0.01723021800256535
0.18432	0.3035621980726971	0.40552605569120337	17.235648647487626	3.0493707390033125	0.017944598105740197
0.19456	0.29152376536751273	0.39268370250077494	15.941006687078756	2.8472662417392263	0.01865463547670587
0.2048	0.28008125394654754	0.38036130260678896	14.760555625378867	2.6613012519304444	0.019360789838334152
0.21504	0.26919068567966936	0.36852414576763115	13.681846859886823	2.4898209837088237	0.020063563554863634
0.22528	0.2588130274127605	0.35714164012780586	12.694087203340944	2.3313930127210973	0.020763322620948318
0.23552	0.24891266853243474	0.3461855066772763	11.787872916260158	2.184757620193469	0.021460456470004684
0.24576000000000003	0.23945826875855364	0.33563101957435665	10.955058645219983	2.048820132736047	0.02215523988349859
0.256	0.2304212497754365	0.3254553486596331	10.188499942618074	1.9226113435082792	0.022847968909124557
0.26624000000000003	0.22177629127175844	0.31563839973310137	9.481948970439275	1.8052810854963817	0.02353884876452871
0.27648	0.21350012407212085	0.3061614789311325	8.829872820330376	1.6960698048375389	0.024228106301369283
0.28672000000000003	0.20557193276571428	0.2970079694478788	8.2273866657722	1.5943049213996108	0.024915895895615853
0.29696	0.19797242763594142	0.2881622825621005	7.670127524056255	1.4993806046570586	0.02560239343648798
0.30720000000000003	0.1906841982977876	0.2796104305040303	7.154212161896198	1.4107560017053717	0.026287716010573885
0.31744	0.18369099158984611	0.27133919304857185	6.676147294715711	1.3279405611642099	0.026972001503913053
0.32768	0.17697802131096063	0.26333660612860105	6.232802482896101	1.2504932968675901	0.02765533935107168
0.34816	0.1644243338536925	0.2481798039403902	5.4454750937486756	1.1109250694634953	0.029018439970638094
0.36864	0.15280822655307588	0.23394592626745575	4.763013933217008	0.9881297561063324	0.030378967084230768
0.38912	0.14204861342968925	0.22056600231885595	4.170799834526173	0.8798570163286737	0.031737490714108654
0.4096	0.13208113451157197	0.20798723536091204	3.6564964931380746	0.7842686900253795	0.033094181183853905
0.43008	0.1228432295760429	0.19615697671788232	3.209264358027055	0.6997533591539778	0.034449429620390666
0.45056	0.11427770374175265	0.18502697179644564	2.8198354732286903	0.6249256577997535	0.035803368924854924
0.47104	0.10633126187597408	0.17455112858097258	2.4802735621667145	0.5585812967637562	0.03715629047779051
0.49152000000000007	0.09895616078361869	0.1646880450444589	2.1838342466339675	0.4996867932299285	0.03850827345802006
0.512	0.09210821590685084	0.15539852742671587	1.9247296793451347	0.44734165242142193	0.039859529494539574
0.5324800000000001	0.0857477161026878	0.14664721472033634	1.6980178521101712	0.4007688117445596	0.04121010115613599
0.55296	0.07983782944947397	0.13840059041472322	1.4994387323034941	0.3592880172107178	0.04256014434127349
0.5734400000000001	0.0743452669469177	0.13062820495809532	1.3253370083087301	0.32230893159523943	0.043909678933496794
0.59392	0.06923907135903176	0.12330114073406076	1.1725493620570455	0.2893125797427647	0.045258822159338526
0.6144000000000001	0.06449113250667896	0.11639297218414595	1.03835060533801	0.2598464299584039	0.04660758028848316
0.63488	0.06007525897722658	0.10987857180724814	0.920374010434101	0.23351126513057016	0.04795604319523209
0.65536	0.055967578808852066	0.1037348683507812	0.8165761537013433	0.2099575754265768	0.049304209174175016
0.69632	0.04868002106405209	0.09259052836430842	0.6468713710251757	0.17036508977128875	0.0519985806456435
0.73728	0.042334797628048766	0.08263427445724343	0.5137319851840892	0.13842341956098994	0.05469236945859484
0.77824	0.03681451673047182	0.0737431263743524	0.409343551359283	0.11261796056344511	0.05738591529804235
0.8192	0.032018844418415036	0.06581211046699653	0.32745123350183236	0.09175571567198966	0.06007894089235012
0.86016	0.02785381527510692	0.05873922809024833	0.26305983687078244	0.07486466070633482	0.06277172806027219
0.90112	0.02423678647976447	0.05243254856733947	0.212295054357124	0.06116835017808347	0.06546411597364835
0.94208	0.02109482959341767	0.046808174211765835	0.17214924588049083	0.05004359583070042	0.06815632549375793
0.9830400000000001	0.01836521240582231	0.041792205691383304	0.14030275620846672	0.04099414535592894	0.07084823677577373
1.024	0.015993083731624502	0.03731796898317242	0.11495397422996573	0.03362128002028074	0.07354001358183708
1.0649600000000001	0.013931307711858722	0.03332677984776901	0.09470823283915417	0.02760621266462966	0.07623156360665949
1.10592	0.012138742705947385	0.02976584968619965	0.07847830603006768	0.022691939065882044	0.07892300849668682
1.1468800000000001	0.010579981917087759	0.026588629142750633	0.06541870779069982	0.018672047028281232	0.08161427703048661
1.18784	0.009224138516834374	0.023753304743987434	0.05486727932849662	0.015379557431949386	0.08430546049965382
1.2288000000000001	0.008044594742301759	0.021222941731065585	0.046307674577113454	0.01267981093676978	0.08699650407603116
1.26976	0.007018139241710158	0.018964397828120677	0.03933297258273836	0.01046353118016024	0.08968747684255063
1.31072	0.006124742338366589	0.016948351935829643	0.03362408247835127	0.008642266039797621	0.09237833665897821
1.39264	0.004701154995877343	0.013606461351403462	0.025222762038300577	0.005951849480808057	0.09775910906464594
1.47456	0.0036065301176032975	0.01091602693065925	0.019327612581791078	0.004104792486633588	0.10313969568607928
1.55648	0.00276789216202979	0.008755466723235813	0.015142523075039525	0.002835946432920797	0.10852032289661229
1.6384	0.0021272380709689617	0.007024627204633606	0.012120390663282556	0.0019638097450205925	0.11390070920744332
1.72032	0.0016379170476808307	0.005638759154843659	0.009893213289039934	0.0013630856663704677	0.11928104149439114
1.80224	0.0012639872104139491	0.004529193725982351	0.008217638610451468	0.0009483378758079256	0.12466118193102396
1.88416	0.0009779136556482325	0.003640541527988706	0.006931192696620883	0.000661262673475674	0.13004125552689197
1.9660800000000003	0.0007588027903114418	0.0029286193498542705	0.005924470381690873	0.000462092519654746	0.1354211832838113
2.048	0.0005907274744526884	0.0023580060654758207	0.005122493163353889	0.00032358401979178586	0.14080104488587883
2.1299200000000003	0.0004616037510426842	0.0019004686133427082	0.004473240878262074	0.00022705235869126435	0.1461807938562774
2.21184	0.00036222083451300445	0.001533397280351577	0.003939827436267574	0.00015963067297972353	0.15156048127978985
2.2937600000000002	0.0002855793781953691	0.0012387549482893864	0.0034960716357636456	0.00011244570735805396	0.15694007973493623
2.37568	0.00022634021502440454	0.0010021001178411903	0.0031225611360246974	7.93572599136137e-5	0.16231962252342277
2.4576000000000002	0.0001804388126123072	0.0008119018889599297	0.0028049910453476694	5.610997766740963e-5	0.1676990935476802
2.53952	0.00014477108211156402	0.0006589272286769658	0.002532560662923894	3.9746057975542765e-5	0.17307851493332774
2.62144	0.00011696931009370084	0.0005357975006885924	0.0022970052509076323	2.82064724442482e-5	0.17845787735398033
2.78528	7.943372695190116e-5	0.00036244377260700013	0.0019211128907413674	1.4620538617518502e-5	0.18921633933229556
2.94912	5.5391996452053295e-5	0.0002467441832032949	0.001625650308739325	7.604427452105625e-6	0.19997463991324285
3.11296	3.985994247819564e-5	0.00016965158547314844	0.001390295612633642	3.975682886812922e-6	0.2107328354041475
3.2768	2.9668667941005245e-5	0.00011823941675765404	0.0012002337573416599	2.093436920105684e-6	0.22149089781688386
3.44064	2.2825099511269033e-5	8.377669390022603e-5	0.001044744677723097	1.1114948862680929e-6	0.23224886468726688
3.60448	1.8102706389342643e-5	6.050270106405069e-5	0.0009160629012515285	5.956951543916768e-7	0.24300672945842794
3.76832	1.4746659071283305e-5	4.4636834763037303e-5	0.000808468223213103	3.2267506544507073e-7	0.2537645147611382
3.9321600000000005	1.228853543319455e-5	3.369819524604428e-5	0.0007176760511110997	1.769440856348763e-7	0.26452222015439625
4.096	1.0434218133395375e-5	2.605512164639626e-5	0.0006404258660204278	9.842695970358475e-8	0.2752798600042825
4.2598400000000005	8.996229820088341e-6	2.063140451742136e-5	0.0005742027131459495	5.567746024145838e-8	0.2860374358967526
4.42368	7.853046266010128e-6	1.671461951281648e-5	0.0005170423952532298	3.2123023469609426e-8	0.29679495754553054
4.5875200000000005	6.924272151661017e-6	1.3830984454547675e-5	0.00046739412983245055	1.8966607124711325e-8	0.3075524270687684
4.75136	6.155591477268501e-6	1.1663828798097116e-5	0.000424021197886337	1.1501902879335132e-8	0.3183098513727489
4.9152000000000005	5.509409666267086e-6	1.0000084426087617e-5	0.00038592847338546625	7.18948605740519e-9	0.32906723256927944
5.07904	4.959091342771812e-6	8.695373744145076e-6	0.00035230852041236133	4.646199365111731e-9	0.3398245757675509
5.24288	4.4852879107085215e-6	7.65095964938737e-6	0.00032250120791137523	3.110748677946155e-9	0.35058188288476994
5.57056	3.7337792301448075e-6	6.139159974611741e-6	0.00027357304413951056	1.6029141217619592e-9	0.37209636557516274
5.89824	3.143167110335971e-6	5.043261441574771e-6	0.0002338383453253963	9.245836683123946e-10	0.39361073847143535
6.22592	2.671550893546895e-6	4.216242314125359e-6	0.0002012379668553293	5.85625493926711e-10	0.41512502188288586
6.5536	2.2893505313771595e-6	3.571905427792937e-6	0.00017423899016729	3.9847355155368147e-10	0.4366392228421815
6.88128	1.9756118447157568e-6	3.057150113381253e-6	0.00015169055596073186	2.8569743072683955e-10	0.4581533553304
7.20896	1.7153205968983522e-6	2.6380239088051826e-6	0.0001327216984786997	2.1285539138909225e-10	0.4796674250925022
7.53664	1.4974468965379565e-6	2.291807752926849e-6	0.0001166593140353669	1.6329651567252325e-10	0.5011814418152192
7.864320000000001	1.3137623081762585e-6	2.002671768754445e-6	0.00010299406103569105	1.2827350743471417e-10	0.5226954099359673
8.192	1.1579497892524997e-6	1.7591263645580799e-6	9.130973420450855e-5	1.0282091488118067e-10	0.5442093363461372
8.519680000000001	1.0250846709144276e-6	1.5525636235114311e-6	8.127922807228451e-5	8.392725118416238e-11	0.5657232244551309
8.84736	9.112789584752e-7	1.3763796672326832e-6	7.263855427724738e-5	6.966553468418759e-11	0.5872370792752319
9.175040000000001	8.134226934660435e-7	1.2254028444384608e-6	6.517248587538718e-5	5.874901724815338e-11	0.6087509034251951
9.50272	7.289990658075166e-7	1.0955154691126467e-6	5.870393972458275e-5	5.028997944427482e-11	0.6302647006120343
9.830400000000001	6.559500535945703e-7	9.833925269941257e-7	5.308602946316959e-5	4.366043881442372e-11	0.6517784728493093
10.15808	5.925774693290198e-7	8.863178250760002e-7	4.819604262347892e-5	3.840762938045947e-11	0.6732922229154559
10.48576	5.374688592089728e-7	8.020503389453793e-7	4.3930822474302126e-5	3.420024713290155e-11	0.6948059523615989
11.14112	4.5078153928921314e-7	6.696367599267075e-7	3.720436652544199e-5	2.817384492965895e-11	0.7378333348555315
11.79648	3.8367339393513885e-7	5.674134857467584e-7	3.1966088018369704e-5	2.3975911775660982e-11	0.7808606540624927
12.45184	3.312990918097382e-7	4.879049867513174e-7	2.7851915575305806e-5	2.0924090991672744e-11	0.8238879214369088
13.1072	2.900918133778164e-7	4.255459644332496e-7	2.459643466592918e-5	1.8609439083584055e-11	0.8669151411145269
13.76256	2.574020070275909e-7	3.762167430588707e-7	2.1999087314606118e-5	1.6782607998750058e-11	0.9099423199141774
14.41792	2.3124004770226915e-7	3.368477043512572e-7	1.9907646003232737e-5	1.5288968214952813e-11	0.952969460467913
15.07328	2.1009889198979477e-7	3.0512653295964397e-7	1.8206218376558327e-5	1.4030674723440726e-11	0.9959965672402028
15.728640000000002	1.92831595946906e-7	2.7929881162242394e-7	1.6806367920024275e-5	1.2944495419384212e-11	1.039023641967215
16.384	1.7856280838374343e-7	2.580277919066283e-7	1.564048428240696e-5	1.1988649956908552e-11	1.0820506876911657
17.039360000000002	1.6662314213011576e-7	2.402922567404376e-7	1.4656799845142257e-5	1.1134868469859108e-11	1.1250777056253685
17.69472	1.5649991154672173e-7	2.2531057175216285e-7	1.3815624131271083e-5	1.0363529618644448e-11	1.1681046979391514
18.350080000000002	1.477999110567184e-7	2.1248356880235588e-7	1.3086487792696434e-5	9.66064316291412e-12	1.2111316655388449
19.00544	1.402211775037665e-7	2.013513234106814e-7	1.2445970349206477e-5	9.015951727069197e-12	1.2541586100437754
19.660800000000002	1.33531507467824e-7	1.9156031841099417e-7	1.1876044678617315e-5	8.421719937894344e-12	1.2971855321806731
20.31616	1.2755208131856333e-7	1.8283843623345078e-7	1.1362813392968643e-5	7.871950624052177e-12	1.3402124332125172
20.97152	1.2214496173832268e-7	1.7497587936672665e-7	1.0895543306322293e-5	7.361869730197006e-12	1.383239313759192
22.28224	1.1287499331420151e-7	1.6155065581132835e-7	1.0086672836897618e-5	6.458717410070042e-12	1.4692929960747054
23.59296	1.0478632120037681e-7	1.498867323191387e-7	9.375009101524724e-6	5.671520898151123e-12	1.555346605871504
24.90368	9.756870110166212e-8	1.395098669137084e-7	8.736168424174212e-6	4.982932752562382e-12	1.6414001503279938
26.2144	9.102948627174518e-8	1.3012719317915337e-7	8.154946525384462e-6	4.379446852194588e-12	1.7274536324706136
27.52512	8.504139686780462e-8	1.2154703516228436e-7	7.621166619679012e-6	3.849906954930434e-12	1.8135070572748202
28.83584	7.95174711574852e-8	1.1363934061660852e-7	7.127787286607433e-6	3.384890517248948e-12	1.8995604276505296
30.14656	7.439610928730595e-8	1.0631255607532681e-7	6.669751333243372e-6	2.9763282866952384e-12	1.9856137476233136
31.457280000000004	6.963187406695914e-8	9.949957967789066e-8	6.243272546408396e-6	2.6172472417892126e-12	2.0716670199334537
32.768	6.518978549204487e-8	9.314908432701517e-8	5.845392352128477e-6	2.301585661040297e-12	2.1577202479350372
34.078720000000004	6.104176733432581e-8	8.722012119745692e-8	5.473703270015653e-6	2.0240532647437883e-12	2.243773434152236
35.38944	5.716442370256429e-8	8.16787463194626e-8	5.126175511966488e-6	1.7800210227553898e-12	2.3298265814317665
36.700160000000004	5.353763859557803e-8	7.649589830449912e-8	4.801047443985296e-6	1.5654315557819388e-12	2.4158796920622736
38.01088	5.0143685468428335e-8	7.164605119160391e-8	4.496755645665236e-6	1.3767245110462905e-12	2.501932768488431
39.321600000000004	4.696665345955657e-8	6.71063483624528e-8	4.2118895802277385e-6	1.2107733437438052e-12	2.5879858127627875
40.63232	4.399207080135422e-8	6.28560358789035e-8	3.9451616071594464e-6	1.0648311029347638e-12	2.6740388270007336
41.94304	4.1206651517367775e-8	5.8876082883346074e-8	3.6953866071513754e-6	9.364835576057901e-13	2.7600918130294354
44.56448	3.628190256565077e-8	5.183932988656624e-8	3.2536859562580682e-6	7.293898582050365e-13	2.9321976835224692
47.18592	3.194987890426141e-8	4.5649651563150516e-8	2.8652127278575406e-6	5.682380573580245e-13	3.1043034625714774
49.80736	2.813575406081209e-8	4.0200016809640083e-8	2.5231755062610544e-6	4.426975837771776e-13	3.2764091622303684
52.4288	2.477729218000694e-8	3.540145804361719e-8	2.221997542610618e-6	3.448943339807085e-13	3.4485147916479595
55.05024	2.1819941113242194e-8	3.1176015359347794e-8	1.9567887353608004e-6	2.686993992762376e-13	3.620620359487757
57.67168	1.9215729577791486e-8	2.7455141869834828e-8	1.723247877662824e-6	2.0933841119458269e-13	3.7927258728531403
60.29312	1.692244662374132e-8	2.417852405235242e-8	1.517589973678695e-6	1.630919973598441e-13	3.964831338464136
62.91456000000001	1.490294015624049e-8	2.129307767709333e-8	1.336483528862384e-6	1.2706262084276961e-13	4.136936761827602
65.536	1.3124505648120137e-8	1.875207381235836e-8	1.1769958065096984e-6	9.89929670608214e-14	4.309042148167096
68.15744000000001	1.1558350879065198e-8	1.651437377137306e-8	1.0365448647645335e-6	7.712447200093325e-14	4.48114750174126
70.77888	1.0179126211573953e-8	1.454375782761536e-8	9.12857453264166e-7	6.008711598334972e-14	4.653252826615638
73.40032000000001	8.964511881727894e-9	1.2808335455848746e-8	8.039320140039258e-7	4.681357167038485e-14	4.825358126078415
76.02176	7.89485512702894e-9	1.128002681370368e-8	7.080061467763031e-7	3.647232336199848e-14	4.997463403296845
78.64320000000001	6.952850997060642e-9	9.934106655215263e-9	6.235279894287079e-7	2.841556486067413e-14	5.169568660806799
81.26464	6.1232615092111295e-9	8.74880304246123e-9	5.49131035261583e-7	2.2138609938878425e-14	5.341673901077743
83.88608	5.392668497426091e-9	7.704944204064903e-9	4.836119710165288e-7	1.7248271355713807e-14	5.513779126063281
89.12896	4.234928451508662e-9	6.050908814609547e-9	3.7976543446275874e-7	1.0732123397215976e-14	5.857989521920814
94.37184	3.3272465278544193e-9	4.754003118633552e-9	2.9837063701829636e-7	6.684430515830137e-15	6.202199876854447
99.61472	2.6141861781688517e-9	3.735173603806797e-9	2.3442722230565022e-7	4.163559450713113e-15	6.546410201238945
104.8576	2.05395434774907e-9	2.934708616972364e-9	1.8418848582095237e-7	2.5934007176483427e-15	6.890620500751508
110.10048	1.6137898392509275e-9	2.305797276664655e-9	1.4471674943198945e-7	1.6153930664155283e-15	7.234830781603027
115.34336	1.2679579750142943e-9	1.8116694320429992e-9	1.1370427578872433e-7	1.006214231376328e-15	7.5790410471069976
120.58624	9.962406836743462e-10	1.4234372530365425e-9	8.93380175523644e-8	6.267672631229016e-16	7.923251301234808
125.82912000000002	7.827536203413312e-10	1.1184050042447796e-9	7.01935509468665e-8	3.9041430483904485e-16	8.267461545892772
131.072	6.150170909558038e-10	8.787415612907666e-10	5.515176222817672e-8	2.4319165571979437e-16	8.611671783639357
136.31488000000002	4.832262070900942e-10	6.904375958282553e-10	4.3333399608256854e-8	1.5148691174546299e-16	8.955882015543445
141.55776	3.796775259190731e-10	5.424863500595032e-10	3.4047657673556717e-8	9.436371182698409e-17	9.300092243267338
146.80064000000002	2.983186133211131e-10	4.2624004616228137e-10	2.6751784761263527e-8	5.878118657012259e-17	9.644302467387183
152.04352	2.3439416929909597e-10	3.349042656763796e-10	2.1019349442362328e-8	3.6616352482700423e-17	9.988512688993467
157.28640000000001	1.8416801140607006e-10	2.6314071597577675e-10	1.6515309505458254e-8	2.280946930185284e-17	10.332722908376937
162.52928	1.4470465166118656e-10	2.0675514481571848e-10	1.2976424937278985e-8	1.4208839942019272e-17	10.676933126260664
167.77216	1.1369769139245788e-10	1.6245214895182284e-10	1.0195869275404826e-8	8.851265666982332e-18	11.021143342773792
178.25792	7.306932546197769e-11	1.0440675643034539e-10	6.551753675480631e-9	3.721207612021789e-18	11.709563767962806
188.74368	4.7048942818310113e-11	6.722678270827734e-11	4.218687612064314e-9	1.5708469909468479e-18	12.397984190398581
199.22944	3.029801367448389e-11	4.3291863077282977e-11	2.7167036348512164e-9	6.63256132681148e-19	13.086404612734572
209.7152	1.9511118068325097e-11	2.787881078130683e-11	1.7494853815151786e-9	2.8005418557504966e-19	13.77482503404704
220.20096	1.2564674233427131e-11	1.795325948678372e-11	1.1266251042600053e-9	1.182529602390221e-19	14.463245455640326
230.68672	8.091354789496412e-12	1.1561476692581561e-11	7.255201246046099e-10	4.993337178236838e-20	15.151665876819392
241.17248	5.21065323261885e-12	7.445334680003803e-12	4.672189150760172e-10	2.1085243596621744e-20	15.840086298311826
251.65824000000003	3.355552225669619e-12	4.794640454756235e-12	3.0087927307178396e-10	8.903794864323993e-21	16.528506719638735
262.144	2.1609102035588986e-12	3.0876548966299285e-12	1.9376039498783446e-10	3.759935345481443e-21	17.216927141217152
272.62976000000003	1.3915868245816123e-12	1.9883934929550156e-12	1.247781723200167e-10	1.5877942352273056e-21	17.905347562730785
283.11552	8.961583396874839e-13	1.280491699619792e-12	8.035503268059253e-11	6.7052746990075805e-22	18.593767984423767
293.60128000000003	5.771119049946055e-13	8.246165420433747e-13	5.1747382014393644e-11	2.8317006004798227e-22	19.282188406092267
304.08704	3.7165171537763576e-13	5.310411112625086e-13	3.332456650356556e-11	1.1958766489579292e-22	19.970608827881463
314.57280000000003	2.3933877414841985e-13	3.419834252548216e-13	2.1460579531358667e-11	5.0504912289624064e-23	20.659029249661984
325.05856	1.5413127864049937e-13	2.2023319050009407e-13	1.3820354401474976e-11	2.1329905100837003e-23	21.347449671521172
335.54432	9.925886038929627e-14	1.4182776787237794e-13	8.90015761930092e-12	9.008493605463566e-24	22.035870093377667
356.51584	4.6050854034680466e-14	6.580689619987938e-14	4.1281994717937145e-12	2.0098001621548187e-24	23.41271093666029
377.48736	2.1536766440844394e-14	3.0775836242745994e-14	1.9307158862752053e-12	4.558821323427441e-25	24.7895517799236
398.45888	1.007819834490569e-14	1.4401621322684616e-14	9.034880467640472e-13	1.035307294455291e-25	26.166392623429086
419.4304	4.7163029456476296e-15	6.739538424217001e-15	4.228061006801774e-13	2.3514648248685137e-26	27.543233466941057
440.40192	2.2070897225369887e-15	3.1539039412939673e-15	1.9786068661722817e-13	5.341074313224812e-27	28.92007431055443
461.37344	1.0328496299160645e-15	1.475929393820237e-15	9.25926677698443e-14	1.2132148703012919e-27	30.29691515417076
482.34496	4.833406233037112e-16	6.90687807960393e-16	4.333040783671143e-14	2.755913928918944e-28	31.673755997829257
503.31648000000007	2.2618762170145077e-16	3.2321933556348046e-16	2.027721455471807e-14	6.260545877597123e-29	33.05059684148903
524.288	1.0584829668244702e-16	1.5125591906395124e-16	9.489062816237615e-15	1.422253611351366e-29	34.42743768516631
545.2595200000001	4.953344475571915e-17	7.07826865428048e-17	4.440562289813086e-15	3.231169615922331e-30	35.80427852884414
566.23104	2.3179971231245492e-17	3.3123895681136085e-17	2.0780324038436036e-15	7.341078559680735e-31	37.18111937252923
587.2025600000001	1.0847434123322687e-17	1.5500850999576466e-17	9.7244810171462e-16	1.6679264849926373e-31	38.557960216214546
608.17408	5.07622617658315e-18	7.253865340908648e-18	4.55072262312439e-16	3.789748166061027e-32	39.93480105990289
629.1456000000001	2.3754984711583017e-18	3.394558398693128e-18	2.129580912772328e-16	8.611121143601758e-33	41.31164190359132
650.11712	1.1116508800540469e-18	1.5885355913859807e-18	9.965699699885196e-17	1.956700830410523e-33	42.68848274728102
671.08864	5.202139103642925e-19	7.433793600780554e-19	4.6636004008772887e-17	4.446353887301137e-34	44.06532359097075
713.03168	1.4673518614079793e-19	2.097263235752521e-19	1.3147546339416995e-17	3.803130845216183e-35	46.81900527834888
754.97472	4.280747388552079e-20	6.118194844371962e-20	3.835978582047936e-18	3.484370075214235e-36	49.57268696572699
796.91776	1.2538894630965471e-20	1.792089183242797e-20	1.1236286414717456e-18	3.218017984367592e-37	52.32636865310612
838.8608	3.674482692564582e-21	5.251656818391828e-21	3.2927619967159676e-19	2.974959556221895e-38	55.08005034048528
880.80384	1.076845705241427e-21	1.5390531150165059e-21	9.649785286300151e-20	2.750782932206968e-39	57.83373202786465
922.74688	3.1558172359824383e-22	4.510368013227358e-22	2.827977823032271e-20	2.543746030359566e-40	60.587413715244026
964.68992	9.248460458210844e-23	1.3218116830678218e-22	8.287691609123279e-21	2.352485374260913e-41	63.34109540262346
1006.6329600000001	2.7103554159438284e-23	3.87370365659691e-23	2.4287922412807977e-21	2.1757710385785763e-42	66.09477709000288
1048.576	7.942959364826888e-24	1.1352264354755252e-23	7.1178109338243745e-22	2.012474004586767e-43	68.84845877738232
1090.5190400000001	2.327757881805377e-24	3.3268863620036474e-24	2.0859404165588451e-22	1.8615558493121812e-44	71.60214046476176
1132.46208	6.821701211057335e-25	9.74973608429819e-25	6.113033464397212e-23	1.722061094040989e-45	74.3558221521412
1174.4051200000001	1.9991576539958713e-25	2.8572432525322664e-25	1.7914764811209524e-23	1.5931102931255277e-46	77.10950383952064
1216.34816	5.858694991106482e-26	8.373385108038027e-26	5.250068182636372e-24	1.4738937069888336e-47	79.86318552690008
1258.2912000000001	1.716936579861152e-26	2.4538862960675142e-26	1.5385736720426706e-24	1.3636655275226197e-48	82.61686721427954
1300.23424	5.031612177653494e-27	7.191298996609943e-27	4.508906102792897e-25	1.2617386037826201e-49	85.37054890165902
1342.17728	1.4745504154191134e-27	2.1074623121584816e-27	1.3213675787419972e-25	1.1674796295128776e-50	88.1242305890385
1426.06336	1.8526645916322208e-28	2.649117844310473e-28	1.658145338869365e-26	2.129109668480862e-52	93.63159396379744
1509.94944	2.689016502021718e-29	3.8446068077837524e-29	2.4074924574439836e-27	5.198145501048002e-54	99.1389573385564
1593.83552	4.060280530314395e-30	5.804913522099917e-30	3.635565404846056e-28	1.3730284217921506e-55	104.64632071331535
1677.7216	6.1892973720882e-31	8.84866693291734e-31	5.541996945689414e-29	3.6959855581258315e-57	110.1536840880743
1761.60768	9.455469622114314e-32	1.351820311724114e-31	8.466619556572573e-30	9.993523462899398e-59	115.66104746283327
1845.49376	1.4452567146650135e-32	2.0662397345494184e-32	1.2941135868219875e-30	2.7050644441022375e-60	121.16841083759222
1929.37984	2.2093124139027486e-33	3.158586783459814e-33	1.978265746661053e-31	7.3242848491837615e-62	126.67577421235114
2013.2659200000003	3.37738366971914e-34	4.828542698195789e-34	3.0241819149150343e-32	1.9833522339603492e-63	132.18313758711008
2097.152	5.163043901399196e-35	7.381446852634755e-35	4.623100412970823e-33	5.3710631130519654e-65	137.69050096186902
2181.0380800000003	7.892804600694485e-36	1.1284102798977859e-35	7.067386648616802e-34	1.454586175060731e-66	143.19786433662796
2264.92416	1.2065812087636618e-36	1.725012488414925e-36	1.0803986912317555e-34	3.9394358322655665e-68	148.7052277113869
2348.8102400000002	1.844511467358288e-37	2.6370420138084463e-37	1.6516150957116888e-35	1.0669440237970532e-69	154.21259108614584
2432.69632	2.819718565236101e-38	4.0312660064193657e-38	2.524836386342898e-36	2.8897507519005336e-71	159.71995446090477
2516.5824000000002	4.310521274873412e-39	6.162621410215502e-39	3.859732995604951e-37	7.826880293205362e-73	165.2273178356637
2600.46848	6.589515328471153e-40	9.420830082387516e-40	5.900392954332176e-38	2.11994792276831e-74	170.73468121042265
2684.35456	1.0073417345555886e-40	1.440165914723818e-40	9.019953205530798e-39	5.742073112951764e-76	176.24204458518156
2852.12672	-1.3455796983478516e-42	-1.9253081303574498e-42	-1.2052883985948112e-40	1.364882716291601e-79	187.25677133469938
3019.89888	-3.930011886287354e-43	-5.620961017691097e-43	-3.516350829678612e-41	1.5460096673172409e-80	198.2714980842172
3187.67104	-3.4748534000111325e-44	-4.969965533115251e-44	-3.108449337967129e-42	1.6078410094710043e-82	209.28622483373502
3355.4432	-2.3599987312134735e-45	-3.375416051462181e-45	-2.1109701071642558e-43	9.868657370036499e-85	220.30095158325284
3523.21536	-1.3934555550863308e-46	-1.992999161384185e-46	-1.2463502806706028e-44	4.5784718987190106e-87	231.31567833277066
3690.98752	-7.426527548653732e-48	-1.0621810339504542e-47	-6.642223771446761e-46	1.730691876546941e-89	242.3304050822885
3858.75968	-3.605449921162695e-49	-5.156689575338729e-49	-3.224540125907879e-47	5.428567709164e-92	253.34513183180636
4026.5318400000006	-1.5784717561884813e-50	-2.2575991716736326e-50	-1.411631786928854e-48	1.3846909936309546e-94	264.3598585813242
4194.304	-5.990386234234496e-52	-8.567665435075063e-52	-5.35676216673634e-50	2.653857489857398e-97	275.374585330842
4362.0761600000005	-1.7271935735196735e-53	-2.470262529021716e-53	-1.5441891647335936e-51	2.935206256347707e-100	286.38931208035984
4529.84832	-1.2399856479626437e-55	-1.7731632360004246e-55	-1.1057813284393025e-53	2.0032817867374987e-104	297.4040388298777
4697.6204800000005	3.2817411773199843e-56	4.693882072811479e-56	2.936770892179743e-54	1.8806646924745042e-105	308.41876557939554
4865.39264	3.5155812086109e-57	5.028242389047998e-57	3.1450271698016646e-55	2.87070192732151e-107	319.43349232891336
5033.1648000000005	2.5680950478877427e-58	3.6730534623041886e-58	2.2971659254462765e-56	2.0384155460156287e-109	330.4482190784312
5200.93696	1.585360762105467e-59	2.267475391512733e-59	1.4180216760941756e-57	1.0338151373401077e-111	341.462945827949
5368.70912	8.753104273904354e-61	1.2519163159400856e-60	7.82882625851543e-59	4.194111376510838e-114	352.4776725774668
5704.25344	-2.312514419017059e-61	-3.3171580066382535e-61	-2.054966561031501e-59	4.958046930240246e-115	374.50712607650246
6039.79776	-1.1384775737281736e-62	-1.6304517577594216e-62	-1.0153898783687098e-60	2.074115225306044e-117	396.53657957553816
6375.34208	-2.695250229884365e-64	-3.8541059627408465e-64	-2.411263958232649e-62	2.0040032407310553e-120	418.5660330745738
6710.8864	-7.1516165380530274e-68	-7.744586771922605e-68	-9.641916365369875e-66	5.490048726627485e-127	440.59548657360943
7046.43072	2.8445541950915927e-67	4.078850285067005e-67	2.5301119643733057e-65	6.476944236774155e-126	462.62494007264513
7381.97504	1.2976215653893034e-68	1.858008459452097e-68	1.1576792043760515e-66	2.323315080389295e-128	484.6543935716808
7717.51936	2.848276945188337e-70	4.072075711040973e-70	2.5492915940743625e-68	1.9302416567699998e-131	506.6838470707164
8053.063680000001	-9.343793037315391e-73	-1.3662421248371386e-72	-7.964786274685233e-71	3.2282112791482773e-136	528.713300569752
8388.608	-3.4640489532866086e-73	-4.9662059396731254e-73	-3.0823683268134446e-71	8.283689266381535e-137	550.7427540687877
8724.152320000001	-1.47118286491282e-74	-2.1063019374938726e-74	-1.3128133498603866e-72	2.5745525010204e-139	572.7722075678233
9059.69664	-2.974101871607816e-76	-4.2508838011992564e-76	-2.6633223020436574e-74	1.8154499940014437e-142	594.801661066859
9395.240960000001	2.216404316644166e-78	3.2056963264037025e-78	1.93529490118663e-76	1.6423745360322257e-146	616.8311145658946
9730.78528	4.179746082407986e-79	5.991248393004349e-79	3.720531949290198e-77	1.0399896901122772e-147	638.8605680649302
10066.329600000001	1.6588999346851822e-80	2.3748035728355703e-80	1.4806559744573054e-78	2.822073655361417e-150	660.8900215639658
10401.87392	3.061433560543532e-82	4.3743653132175415e-82	2.7432858746011898e-80	1.6597520487370404e-153	682.9194750630015
10737.41824	-3.8240958623041875e-84	-5.511763756578365e-84	-3.3642560065990213e-82	4.2768125236892924e-157	704.9489285620372
11408.50688	-5.776935758220239e-84	-8.337678618022203e-84	-5.0575162680501077e-82	2.5651988143018703e-156	749.0078355601084
12079.59552	-1.058794128051963e-85	-1.5198427467734161e-85	-9.393155979017015e-84	2.335596751329542e-159	793.0667425581797
12750.68416	6.643283622918402e-89	1.116241288146183e-88	3.7201367897815085e-87	9.667085862620148e-166	837.125649556251
13421.7728	3.9005813761981305e-89	5.626660620286579e-89	3.4214520005104052e-87	2.1577196566006797e-165	881.1845565543223
14092.86144	7.101164680988967e-91	1.0187273188149695e-90	6.303753582258643e-89	1.9327183931568893e-168	925.2434635523937
14763.95008	-5.582025194465663e-94	-9.102949693588224e-94	-3.4908829831290284e-92	1.5639998139017555e-174	969.302370550465
15435.03872	-2.6387237732100536e-94	-3.8060920073238727e-94	-2.3148627300472616e-92	1.8147323867294644e-174	1013.3612775485362
16106.127360000002	-4.764845404476963e-96	-6.8353111464162445e-96	-4.230200484859916e-94	1.599116099688101e-177	1057.4201845466075
16777.216	4.513173872918247e-99	7.215176060606898e-99	3.0155668812965635e-97	2.1443319383609883e-183	1101.4790915446788
17448.304640000002	1.7850088297464045e-99	2.5745860447046996e-99	1.5660731815799192e-97	1.5260690303535806e-183	1145.53799854275
18119.39328	3.196955516555614e-101	4.585912540586777e-101	2.8385252774613823e-99	1.3229139494074617e-186	1189.5969055408214
18790.481920000002	-3.547840957448558e-104	-5.590836349433305e-104	-2.4790193620292272e-102	2.6625752530199082e-192	1233.6558125388926
19461.57056	-1.2074225641421044e-104	-1.7414383155446807e-104	-1.0594271101484296e-102	1.2831582118312193e-192	1277.714719536964
20132.659200000002	-2.1448344973023668e-106	-3.0765387785908315e-106	-1.9045589059703164e-104	1.0942658659019824e-195	1321.7736265350354
20803.74784	2.732113836957411e-109	4.2585347842201e-109	1.9717087854742597e-107	3.0946787031966363e-201	1365.8325335331067
21474.83648	8.166781258714836e-110	1.1778273179148773e-109	7.166424630753614e-108	1.078775534251479e-201	1409.891440531178
22817.01376	1.8482556617433507e-110	2.717218249350942e-110	1.5448612747403377e-108	2.662063625437533e-202	1498.0092545273205
24159.19104	1.1227242857799557e-112	1.6191808598170578e-112	9.861750840586469e-111	5.633471070094969e-206	1586.127068523463
25501.36832	-9.250382360600698e-115	-1.3818572014825332e-114	-7.509328345298598e-113	1.6934135680822412e-209	1674.2448825196059
26843.5456	-1.660365294823089e-116	-2.4207257809279975e-116	-1.4205220887489164e-114	3.1411894329021295e-212	1762.3626965157484
28185.72288	-2.7925885973775794e-119	-3.769441094160955e-119	-2.7543696575819668e-117	6.1217516301332116e-217	1850.480510511891
29527.90016	1.3399539070419856e-120	1.973287224239475e-120	1.1218208149748576e-118	5.263941276368628e-219	1938.5983245080336
30870.07744	1.17025119914897e-122	1.691809856382873e-122	1.0180751148796999e-120	2.247276246148035e-222	2026.7161385041763
32212.254720000004	-4.379863128414977e-125	-6.663974260371862e-125	-3.405972748739447e-123	1.3038028398945926e-226	2114.8339525003194
33554.432	-1.3771023907348533e-126	-2.013479032776987e-126	-1.170480681997762e-124	7.981616430277305e-229	2202.951766496462
34896.609280000004	-5.343344856214089e-129	-7.57291398636851e-129	-4.833573213537208e-127	7.055563784785141e-233	2291.0695804926045
36238.78656	9.054381180810849e-131	1.340178628068417e-130	7.496978049454713e-129	8.798332410660373e-236	2379.1873944887475
37580.963840000004	1.1093305684117087e-132	1.6109969672356835e-132	9.562502588245642e-131	7.419997970104521e-239	2467.30520848489
38923.14112	-7.897177080984385e-136	-1.379873726489098e-135	-3.968637867371161e-134	6.624854836412758e-245	2555.4230224810326
40265.318400000004	-1.0763833606056437e-136	-1.5790239438588336e-136	-9.08511988917637e-135	1.799647782122135e-245	2643.540836477175
41607.49568	-6.604271239127641e-139	-9.484209331396912e-139	-5.82288013236958e-137	3.8320807988492714e-249	2731.6586504733173
42949.67296	5.423397101599008e-141	8.094981012155137e-141	4.408224906177682e-139	1.1384637665215566e-252	2819.7764644694603
45634.02752	1.5876010728529898e-141	2.5086460166978714e-141	1.0947331611778903e-139	1.0599550625884346e-252	2996.0120924617454
48318.38208	2.618530506456184e-144	3.8405014879592154e-144	2.2325560243257194e-142	6.0640860536183796e-257	3172.247720454031
51002.73664	-2.1300646672376165e-146	-3.4692807918517625e-146	-1.4543590235453947e-144	3.496579301348428e-260	3348.483348446316
53687.0912	-8.915505442627069e-149	-1.3466122103577e-148	-7.043618499443414e-147	1.1126111915946794e-263	3524.7189764386007
56371.44576	1.8429490779365286e-151	3.22134126129687e-151	1.0866408130029662e-149	3.59159503502608e-268	3700.954604430886
59055.80032	1.963969395713232e-153	3.0363086636253877e-153	1.4806727049314053e-151	9.044525086124409e-271	3877.190232423171
61740.15488	9.116565940422896e-157	7.609709733357859e-157	1.2126973215599202e-154	8.228549943183471e-276	4053.4258604154566
64424.50944000001	-3.2888776119845505e-158	-5.208232043961116e-158	-2.3707296965118227e-156	4.265139241608307e-278	4229.661488407743
67108.864	-8.601161445571248e-161	-1.2417033974943292e-160	-7.182053559536552e-159	5.309052880171631e-282	4405.897116400028
69793.21856000001	4.0112524200742834e-163	6.599522081751353e-163	2.684032747722692e-161	1.005648077187621e-285	4582.132744392313
72477.57312	2.3778042445757305e-165	3.6047594162256476e-165	1.8441622484709107e-163	6.439012914907232e-289	4758.368372384599
75161.92768000001	-2.0743221609964937e-168	-4.0603605633975437e-168	-8.513129401333118e-167	1.861016164514379e-294	4934.604000376884
77846.28224	-4.6604570991427184e-170	-7.259770990853035e-170	-3.4537736095426617e-168	4.1544165870576314e-296	5110.839628369169
80530.63680000001	-6.205989683289242e-173	-8.198170299709317e-173	-5.816440131917453e-171	1.5980393499402573e-300	5287.075256361454
83214.99136	6.955118646944477e-175	1.114604714755083e-174	4.896027051894552e-173	1.535717016173064e-303	5463.31088435374
85899.34592	2.577069512659057e-177	3.8199247535266134e-177	2.0710722895844933e-175	3.727045796444074e-307	5639.546512346026
91268.05504	1.7240830383095554e-178	2.9552299472044476e-178	5.50930211203191e-177	2.4064106252219557e-308	5992.017768330597
96636.76416	2.9958899058035896e-182	4.6802108122882565e-182	2.409398091965783e-180	2.85758610193e-313	6344.489024315168
102005.47328	-4.208322371246653e-184	-9.101709877307505e-184	-1.0216994792793983e-182	2.77087716e-316	6696.960280299737
107374.1824	-1.943894032823697e-187	-3.4603198142060767e-187	-1.109115764465268e-185	1.686e-320	7049.431536284307
112742.89152	9.445347065650049e-190	2.580459980358341e-189	1.796041922496211e-188	0.0	7401.902792268877
118111.60064	7.87571402469977e-193	1.5924199849572936e-192	3.619640135410537e-191	0.0	7754.374048253449
123480.30976	-1.9113534181930606e-195	-6.844381899519482e-195	-2.2793853349411745e-194	0.0	8106.845304238019
128849.01888000002	-2.578266169281446e-198	-5.972366102753191e-198	-9.868246506124465e-197	0.0	8459.316560222589
134217.728	3.317211779663549e-201	1.7122406198916037e-200	-6.394922673607333e-203	0.0	8811.78781620716
139586.43712000002	7.341294058267846e-204	1.9798256983630988e-203	2.348541443858886e-202	0.0	9164.25907219173
144955.14624	-4.214441505282554e-207	-4.0586587152490446e-206	1.2942146003846361e-205	0.0	9516.7303281763
150323.85536000002	-1.8686261510440215e-209	-6.019182468091074e-209	-4.877860149192911e-208	0.0	9869.20158416087
155692.56448	4.343529918360807e-214	9.138475754327041e-212	-5.765510915956521e-211	0.0	10221.67284014544
161061.27360000001	4.2744981853514953e-215	1.7129557742388785e-214	8.437297602524253e-214	0.0	10574.144096130012
166429.98272	2.1181666007289038e-218	-1.957439251451761e-217	1.8367743705273665e-216	0.0	10926.615352114582
171798.69184	-8.657666873447944e-221	-4.62233624433496e-220	-9.973257784964616e-220	0.0	11279.086608099153
182536.11008	-3.7929916060200003e-221	-2.181541601649073e-220	5.598537963908347e-221	0.0	11984.029120068295
193273.52832	-4.204257466756606e-226	-4.741001632824682e-225	1.6329732728273662e-224	0.0	12688.971632037435
204010.94656	3.377552321862748e-227	2.7821187956282453e-226	-3.8308198170454835e-227	0.0	13393.914144006578
214748.3648	8.838420381119271e-232	1.3054424875579798e-230	-9.171234528386985e-231	0.0	14098.856655975718
225485.78304	-3.0376122840539513e-233	-3.552879021073413e-232	5.789036110549527e-234	0.0	14803.79916794486
236223.20128	-1.3317563152050867e-237	-2.5797632689844337e-236	1.331723948405455e-237	0.0	15508.741679914001
246960.61952	2.7363631621045128e-239	4.5359185048764645e-238	-1.1654909374491354e-241	0.0	16213.684191883141
257698.03776000004	1.6986471772111266e-243	4.4642184798258635e-242	1.8420677697715225e-244	0.0	16918.626703852282
268435.456	-2.4642692716111242e-245	-5.787974751650566e-244	-8.53436969913371e-248	0.0	17623.569215821422
279172.87424000003	-1.9793537517946285e-249	-7.195223888092396e-248	-1.0824996188548662e-250	0.0	18328.511727790563
289910.29248	2.2183436869267816e-251	7.381771713738315e-250	9.298251026366138e-255	0.0	19033.454239759703
300647.71072000003	2.186883370604822e-255	1.1096374280834205e-253	1.7621654325585906e-257	0.0	19738.396751728844
311385.12896	-1.9962185499535775e-257	-9.409507438681556e-256	2.882427256662373e-262	0.0	20443.339263697984
322122.54720000003	-2.333557384890056e-261	-1.6605244320748037e-259	-4.268885030424158e-266	0.0	21148.281775667125
332859.96544	1.7956732647243654e-263	1.1987928981909886e-261	2.3760011407970383e-268	0.0	21853.224287636265
343597.38368	2.429459216077785e-267	2.4311209010496758e-265	-5.284245915622958e-271	0.0	22558.166799605406
365072.22016	1.0520634768806279e-267	1.0615823417068182e-265	-1.6975671361120353e-272	0.0	23968.05182354369
386547.05664	8.437190791206207e-273	1.2085319953358294e-270	-3.8828101520482055e-277	0.0	25377.93684748197
408021.89312	-4.742271236390051e-274	-6.785001480321497e-272	-1.587129810350511e-280	0.0	26787.82187142025
429496.7296	-8.100602444474567e-279	-1.6443541107769672e-276	-5.392833819206479e-284	0.0	28197.70689535853
450971.56608	2.1372322471971697e-280	4.33544818451063e-278	3.363777274424298e-287	0.0	29607.59191929681
472446.40256	5.588499021498425e-285	1.6082439976016844e-282	1.472225387124741e-291	0.0	31017.476943235095
493921.23904	-9.630256944785082e-287	-2.76952784862265e-284	7.821478677819948e-295	0.0	32427.361967173376
515396.0755200001	-3.392045087525999e-291	-1.3839655134747597e-288	2.685402849759356e-298	0.0	33837.24699111166
536870.912	4.3385516958147385e-293	1.7687440353231933e-290	-5.017528636657732e-302	0.0	35247.13201504994
558345.7484800001	1.922346359843141e-297	1.1120038026948563e-294	-3.1050707270358912e-307	0.0	36657.01703898822
579820.58496	-1.9542148619604586e-299	-1.129305723520467e-296	-1.879820924115806e-309	0.0	38066.9020629265
601295.4214400001	-1.0437210142622316e-303	-8.55985509735014e-301	-8.4872263006e-313	0.0	39476.78708686478
622770.25792	8.800763259649451e-306	7.208502838866574e-303	4.6720725e-317	0.0	40886.67211080306
644245.0944000001	5.50283951566556e-310	6.3983694852503034e-307	-1.337e-320	0.0	42296.55713474135
665719.93088	-3.962677109094e-312	-4.60007886078795e-309	0.0	0.0	43706.44215867963
687194.76736	-2.8399024e-316	-4.68142306134e-313	0.0	0.0	45116.32718261791
730144.44032	-1.2404455e-316	-2.04523867e-313	0.0	0.0	47936.09723049448
773094.11328	-5.0e-322	-1.16426e-318	0.0	0.0	50755.86727837104
816043.78624	3.0e-323	6.5365e-320	0.0	0.0	53575.63732624761
858993.4592	0.0	0.0	0.0	0.0	56395.407374124174
901943.13216	0.0	0.0	0.0	0.0	59215.17742200074
944892.80512	0.0	0.0	0.0	0.0	62034.947469877305
987842.47808	0.0	0.0	0.0	0.0	64854.717517753874
1.0307921510400001e6	0.0	0.0	0.0	0.0	67674.48756563044
1.073741824e6	0.0	0.0	0.0	0.0	70494.257613507
1.1166914969600001e6	0.0	0.0	0.0	0.0	73314.02766138356
1.15964116992e6	0.0	0.0	0.0	0.0	76133.79770926012
1.2025908428800001e6	0.0	0.0	0.0	0.0	78953.56775713668
1.24554051584e6	0.0	0.0	0.0	0.0	81773.33780501325
1.2884901888000001e6	0.0	0.0	0.0	0.0	84593.1078528898
1.33143986176e6	0.0	0.0	0.0	0.0	87412.87790076635
1.37438953472e6	0.0	0.0	0.0	0.0	90232.64794864293
1.46028888064e6	0.0	0.0	0.0	0.0	95872.18804439605
1.54618822656e6	0.0	0.0	0.0	0.0	101511.7281401492
1.63208757248e6	0.0	0.0	0.0	0.0	107151.26823590232
1.7179869184e6	0.0	0.0	0.0	0.0	112790.80833165545
1.80388626432e6	0.0	0.0	0.0	0.0	118430.34842740858
1.88978561024e6	0.0	0.0	0.0	0.0	124069.88852316172
1.97568495616e6	0.0	0.0	0.0	0.0	129709.42861891484
2.0615843020800003e6	0.0	0.0	0.0	0.0	135348.96871466798
2.147483648e6	0.0	0.0	0.0	0.0	140988.5088104211
2.2333829939200003e6	0.0	0.0	0.0	0.0	146628.04890617423
2.31928233984e6	0.0	0.0	0.0	0.0	152267.58900192735
2.4051816857600003e6	0.0	0.0	0.0	0.0	157907.12909768047
2.49108103168e6	0.0	0.0	0.0	0.0	163546.6691934336
2.5769803776000002e6	0.0	0.0	0.0	0.0	169186.20928918672
2.66287972352e6	0.0	0.0	0.0	0.0	174825.74938493985
2.74877906944e6	0.0	0.0	0.0	0.0	180465.289480693
2.92057776128e6	0.0	0.0	0.0	0.0	191744.36967219925
3.09237645312e6	0.0	0.0	0.0	0.0	203023.44986370552
3.26417514496e6	0.0	0.0	0.0	0.0	214302.53005521177
3.4359738368e6	0.0	0.0	0.0	0.0	225581.61024671802
3.60777252864e6	0.0	0.0	0.0	0.0	236860.69043822426
3.77957122048e6	0.0	0.0	0.0	0.0	248139.77062973054
3.95136991232e6	0.0	0.0	0.0	0.0	259418.85082123682
4.1231686041600006e6	0.0	0.0	0.0	0.0	270697.93101274304
4.294967296e6	0.0	0.0	0.0	0.0	281977.0112042493
4.466765987840001e6	0.0	0.0	0.0	0.0	293256.09139575553
4.63856467968e6	0.0	0.0	0.0	0.0	304535.1715872618
4.8103633715200005e6	0.0	0.0	0.0	0.0	315814.251778768
4.98216206336e6	0.0	0.0	0.0	0.0	327093.3319702743
5.1539607552000005e6	0.0	0.0	0.0	0.0	338372.4121617805
5.32575944704e6	0.0	0.0	0.0	0.0	349651.49235328677
5.49755813888e6	0.0	0.0	0.0	0.0	360930.572544793
5.84115552256e6	0.0	0.0	0.0	0.0	383488.73292780557
6.18475290624e6	0.0	0.0	0.0	0.0	406046.89331081806
6.52835028992e6	0.0	0.0	0.0	0.0	428605.05369383056
6.8719476736e6	0.0	0.0	0.0	0.0	451163.21407684305
7.21554505728e6	0.0	0.0	0.0	0.0	473721.3744598555
7.55914244096e6	0.0	0.0	0.0	0.0	496279.534842868
7.90273982464e6	0.0	0.0	0.0	0.0	518837.6952258805
8.246337208320001e6	0.0	0.0	0.0	0.0	541395.855608893
8.589934592e6	0.0	0.0	0.0	0.0	563954.0159919055
8.933531975680001e6	0.0	0.0	0.0	0.0	586512.176374918
9.27712935936e6	0.0	0.0	0.0	0.0	609070.3367579305
9.620726743040001e6	0.0	0.0	0.0	0.0	631628.497140943
9.96432412672e6	0.0	0.0	0.0	0.0	654186.6575239555
1.0307921510400001e7	0.0	0.0	0.0	0.0	676744.817906968
1.065151889408e7	0.0	0.0	0.0	0.0	699302.9782899804
1.099511627776e7	0.0	0.0	0.0	0.0	721861.1386729929
1.168231104512e7	0.0	0.0	0.0	0.0	766977.459439018
1.236950581248e7	0.0	0.0	0.0	0.0	812093.7802050431
1.305670057984e7	0.0	0.0	0.0	0.0	857210.1009710681
1.37438953472e7	0.0	0.0	0.0	0.0	902326.4217370932
1.443109011456e7	0.0	0.0	0.0	0.0	947442.7425031182
1.511828488192e7	0.0	0.0	0.0	0.0	992559.0632691433
1.580547964928e7	0.0	0.0	0.0	0.0	1.0376753840351686e6
1.6492674416640002e7	0.0	0.0	0.0	0.0	1.0827917048011937e6
1.7179869184e7	0.0	0.0	0.0	0.0	1.1279080255672187e6
1.7867063951360002e7	0.0	0.0	0.0	0.0	1.1730243463332437e6
1.855425871872e7	0.0	0.0	0.0	0.0	1.2181406670992686e6
1.9241453486080002e7	0.0	0.0	0.0	0.0	1.2632569878652939e6
1.992864825344e7	0.0	0.0	0.0	0.0	1.3083733086313189e6
2.0615843020800002e7	0.0	0.0	0.0	0.0	1.3534896293973438e6
2.130303778816e7	0.0	0.0	0.0	0.0	1.3986059501633688e6
2.199023255552e7	0.0	0.0	0.0	0.0	1.443722270929394e6
2.336462209024e7	0.0	0.0	0.0	0.0	1.533954912461444e6
2.473901162496e7	0.0	0.0	0.0	0.0	1.6241875539934942e6
2.611340115968e7	0.0	0.0	0.0	0.0	1.7144201955255442e6
2.74877906944e7	0.0	0.0	0.0	0.0	1.8046528370575944e6
2.886218022912e7	0.0	0.0	0.0	0.0	1.8948854785896444e6
3.023656976384e7	0.0	0.0	0.0	0.0	1.9851181201216946e6
3.161095929856e7	0.0	0.0	0.0	0.0	2.0753507616537446e6
3.2985348833280005e7	0.0	0.0	0.0	0.0	2.1655834031857946e6
3.4359738368e7	0.0	0.0	0.0	0.0	2.2558160447178446e6
3.5734127902720004e7	0.0	0.0	0.0	0.0	2.3460486862498946e6
3.710851743744e7	0.0	0.0	0.0	0.0	2.4362813277819445e6
3.8482906972160004e7	0.0	0.0	0.0	0.0	2.5265139693139945e6
3.985729650688e7	0.0	0.0	0.0	0.0	2.6167466108460445e6
4.1231686041600004e7	0.0	0.0	0.0	0.0	2.7069792523780945e6
4.260607557632e7	0.0	0.0	0.0	0.0	2.7972118939101445e6
4.398046511104e7	0.0	0.0	0.0	0.0	2.8874445354421944e6
4.672924418048e7	0.0	0.0	0.0	0.0	3.0679098185062944e6
4.947802324992e7	0.0	0.0	0.0	0.0	3.248375101570395e6
5.222680231936e7	0.0	0.0	0.0	0.0	3.4288403846344943e6
5.49755813888e7	0.0	0.0	0.0	0.0	3.6093056676985947e6
5.772436045824e7	0.0	0.0	0.0	0.0	3.7897709507626947e6
6.047313952768e7	0.0	0.0	0.0	0.0	3.970236233826795e6
6.322191859712e7	0.0	0.0	0.0	0.0	4.150701516890895e6
6.597069766656001e7	0.0	0.0	0.0	0.0	4.331166799954995e6
6.8719476736e7	0.0	0.0	0.0	0.0	4.511632083019095e6
7.146825580544001e7	0.0	0.0	0.0	0.0	4.6920973660831945e6
7.421703487488e7	0.0	0.0	0.0	0.0	4.872562649147294e6
7.696581394432001e7	0.0	0.0	0.0	0.0	5.053027932211394e6
7.971459301376e7	0.0	0.0	0.0	0.0	5.233493215275494e6
8.246337208320001e7	0.0	0.0	0.0	0.0	5.413958498339594e6
8.521215115264e7	0.0	0.0	0.0	0.0	5.594423781403694e6
8.796093022208e7	0.0	0.0	0.0	0.0	5.774889064467794e6
9.345848836096e7	0.0	0.0	0.0	0.0	6.135819630595994e6
9.895604649984e7	0.0	0.0	0.0	0.0	6.496750196724194e6
1.0445360463872e8	0.0	0.0	0.0	0.0	6.857680762852395e6
1.099511627776e8	0.0	0.0	0.0	0.0	7.218611328980595e6
1.1544872091648e8	0.0	0.0	0.0	0.0	7.579541895108796e6
1.2094627905536e8	0.0	0.0	0.0	0.0	7.940472461236996e6
1.2644383719424e8	0.0	0.0	0.0	0.0	8.3014030273651965e6
1.3194139533312002e8	0.0	0.0	0.0	0.0	8.662333593493396e6
1.37438953472e8	0.0	0.0	0.0	0.0	9.023264159621596e6
1.4293651161088002e8	0.0	0.0	0.0	0.0	9.384194725749798e6
1.4843406974976e8	0.0	0.0	0.0	0.0	9.745125291877998e6
1.5393162788864002e8	0.0	0.0	0.0	0.0	1.0106055858006198e7
1.5942918602752e8	0.0	0.0	0.0	0.0	1.0466986424134398e7
1.6492674416640002e8	0.0	0.0	0.0	0.0	1.08279169902626e7
1.7042430230528e8	0.0	0.0	0.0	0.0	1.11888475563908e7
1.7592186044416e8	0.0	0.0	0.0	0.0	1.1549778122519e7
1.8691697672192e8	0.0	0.0	0.0	0.0	1.2271639254775397e7
1.9791209299968e8	0.0	0.0	0.0	0.0	1.29935003870318e7
2.0890720927744e8	0.0	0.0	0.0	0.0	1.37153615192882e7
2.199023255552e8	0.0	0.0	0.0	0.0	1.44372226515446e7
2.3089744183296e8	0.0	0.0	0.0	0.0	1.5159083783801002e7
2.4189255811072e8	0.0	0.0	0.0	0.0	1.5880944916057402e7
2.5288767438848e8	0.0	0.0	0.0	0.0	1.6602806048313804e7
2.6388279066624004e8	0.0	0.0	0.0	0.0	1.7324667180570204e7
2.74877906944e8	0.0	0.0	0.0	0.0	1.8046528312826604e7
2.8587302322176003e8	0.0	0.0	0.0	0.0	1.8768389445083003e7
2.9686813949952e8	0.0	0.0	0.0	0.0	1.9490250577339403e7
3.0786325577728003e8	0.0	0.0	0.0	0.0	2.0212111709595803e7
3.1885837205504e8	0.0	0.0	0.0	0.0	2.0933972841852203e7
3.2985348833280003e8	0.0	0.0	0.0	0.0	2.1655833974108603e7
3.4084860461056e8	0.0	0.0	0.0	0.0	2.2377695106365006e7
3.5184372088832e8	0.0	0.0	0.0	0.0	2.3099556238621406e7
3.7383395344384e8	0.0	0.0	0.0	0.0	2.4543278503134206e7
3.9582418599936e8	0.0	0.0	0.0	0.0	2.598700076764701e7
4.1781441855488e8	0.0	0.0	0.0	0.0	2.7430723032159805e7
4.398046511104e8	0.0	0.0	0.0	0.0	2.887444529667261e7
4.6179488366592e8	0.0	0.0	0.0	0.0	3.031816756118541e7
4.8378511622144e8	0.0	0.0	0.0	0.0	3.176188982569821e7
5.0577534877696e8	0.0	0.0	0.0	0.0	3.320561209021101e7
5.277655813324801e8	0.0	0.0	0.0	0.0	3.464933435472381e7
5.49755813888e8	0.0	0.0	0.0	0.0	3.609305661923661e7
5.717460464435201e8	0.0	0.0	0.0	0.0	3.753677888374941e7
5.9373627899904e8	0.0	0.0	0.0	0.0	3.898050114826221e7
6.157265115545601e8	0.0	0.0	0.0	0.0	4.042422341277501e7
6.3771674411008e8	0.0	0.0	0.0	0.0	4.186794567728781e7
6.597069766656001e8	0.0	0.0	0.0	0.0	4.331166794180061e7
6.8169720922112e8	0.0	0.0	0.0	0.0	4.475539020631341e7
7.0368744177664e8	0.0	0.0	0.0	0.0	4.619911247082621e7
7.4766790688768e8	0.0	0.0	0.0	0.0	4.908655699985181e7
7.9164837199872e8	0.0	0.0	0.0	0.0	5.1974001528877415e7
8.3562883710976e8	0.0	0.0	0.0	0.0	5.4861446057903014e7
8.796093022208e8	0.0	0.0	0.0	0.0	5.774889058692862e7
9.2358976733184e8	0.0	0.0	0.0	0.0	6.063633511595422e7
9.6757023244288e8	0.0	0.0	0.0	0.0	6.352377964497982e7
1.01155069755392e9	0.0	0.0	0.0	0.0	6.641122417400542e7
1.0555311626649601e9	0.0	0.0	0.0	0.0	6.929866870303102e7
1.099511627776e9	0.0	0.0	0.0	0.0	7.218611323205662e7
1.1434920928870401e9	0.0	0.0	0.0	0.0	7.507355776108222e7
1.18747255799808e9	0.0	0.0	0.0	0.0	7.796100229010782e7
1.2314530231091201e9	0.0	0.0	0.0	0.0	8.084844681913342e7
1.27543348822016e9	0.0	0.0	0.0	0.0	8.373589134815902e7
1.3194139533312001e9	0.0	0.0	0.0	0.0	8.662333587718461e7
1.36339441844224e9	0.0	0.0	0.0	0.0	8.951078040621021e7
1.40737488355328e9	0.0	0.0	0.0	0.0	9.239822493523581e7
1.49533581377536e9	0.0	0.0	0.0	0.0	9.817311399328701e7
1.58329674399744e9	0.0	0.0	0.0	0.0	1.0394800305133821e8
1.67125767421952e9	0.0	0.0	0.0	0.0	1.097228921093894e8
1.7592186044416e9	0.0	0.0	0.0	0.0	1.1549778116744061e8
1.84717953466368e9	0.0	0.0	0.0	0.0	1.212726702254918e8
1.93514046488576e9	0.0	0.0	0.0	0.0	1.27047559283543e8
2.02310139510784e9	0.0	0.0	0.0	0.0	1.328224483415942e8
2.1110623253299203e9	0.0	0.0	0.0	0.0	1.3859733739964542e8
2.199023255552e9	0.0	0.0	0.0	0.0	1.4437222645769662e8
2.2869841857740803e9	0.0	0.0	0.0	0.0	1.5014711551574782e8
2.37494511599616e9	0.0	0.0	0.0	0.0	1.55922004573799e8
2.4629060462182403e9	0.0	0.0	0.0	0.0	1.616968936318502e8
2.55086697644032e9	0.0	0.0	0.0	0.0	1.6747178268990144e8
2.6388279066624002e9	0.0	0.0	0.0	0.0	1.7324667174795264e8
2.72678883688448e9	0.0	0.0	0.0	0.0	1.7902156080600387e8
2.81474976710656e9	0.0	0.0	0.0	0.0	1.8479644986405507e8
2.99067162755072e9	0.0	0.0	0.0	0.0	1.963462279801575e8
3.16659348799488e9	0.0	0.0	0.0	0.0	2.078960060962599e8
3.34251534843904e9	0.0	0.0	0.0	0.0	2.1944578421236232e8
3.5184372088832e9	0.0	0.0	0.0	0.0	2.3099556232846472e8
3.69435906932736e9	0.0	0.0	0.0	0.0	2.4254534044456714e8
3.87028092977152e9	0.0	0.0	0.0	0.0	2.5409511856066954e8
4.04620279021568e9	0.0	0.0	0.0	0.0	2.6564489667677197e8
4.2221246506598406e9	0.0	0.0	0.0	0.0	2.771946747928744e8
4.398046511104e9	0.0	0.0	0.0	0.0	2.887444529089768e8
4.573968371548161e9	0.0	0.0	0.0	0.0	3.002942310250792e8
4.74989023199232e9	0.0	0.0	0.0	0.0	3.118440091411816e8
4.9258120924364805e9	0.0	0.0	0.0	0.0	3.2339378725728405e8
5.10173395288064e9	0.0	0.0	0.0	0.0	3.3494356537338644e8
5.2776558133248005e9	0.0	0.0	0.0	0.0	3.4649334348948884e8
5.45357767376896e9	0.0	0.0	0.0	0.0	3.5804312160559124e8
5.62949953421312e9	0.0	0.0	0.0	0.0	3.695928997216936e8
5.98134325510144e9	0.0	0.0	0.0	0.0	3.9269245595389843e8
6.33318697598976e9	0.0	0.0	0.0	0.0	4.157920121861032e8
6.68503069687808e9	0.0	0.0	0.0	0.0	4.388915684183081e8
7.0368744177664e9	0.0	0.0	0.0	0.0	4.6199112465051293e8
7.38871813865472e9	0.0	0.0	0.0	0.0	4.850906808827177e8
7.74056185954304e9	0.0	0.0	0.0	0.0	5.081902371149226e8
8.09240558043136e9	0.0	0.0	0.0	0.0	5.312897933471274e8
8.444249301319681e9	0.0	0.0	0.0	0.0	5.543893495793322e8
8.796093022208e9	0.0	0.0	0.0	0.0	5.77488905811537e8
9.147936743096321e9	0.0	0.0	0.0	0.0	6.005884620437418e8
9.49978046398464e9	0.0	0.0	0.0	0.0	6.236880182759466e8
9.851624184872961e9	0.0	0.0	0.0	0.0	6.467875745081514e8
1.020346790576128e10	0.0	0.0	0.0	0.0	6.698871307403562e8
1.0555311626649601e10	0.0	0.0	0.0	0.0	6.92986686972561e8
1.090715534753792e10	0.0	0.0	0.0	0.0	7.160862432047658e8
1.125899906842624e10	0.0	0.0	0.0	0.0	7.391857994369707e8
1.196268651020288e10	0.0	0.0	0.0	0.0	7.853849119013803e8
1.266637395197952e10	0.0	0.0	0.0	0.0	8.315840243657898e8
1.337006139375616e10	0.0	0.0	0.0	0.0	8.777831368301995e8
1.40737488355328e10	0.0	0.0	0.0	0.0	9.239822492946091e8
1.477743627730944e10	0.0	0.0	0.0	0.0	9.701813617590187e8
1.548112371908608e10	0.0	0.0	0.0	0.0	1.0163804742234282e9
1.618481116086272e10	0.0	0.0	0.0	0.0	1.062579586687838e9
1.6888498602639362e10	0.0	0.0	0.0	0.0	1.1087786991522477e9
1.7592186044416e10	0.0	0.0	0.0	0.0	1.1549778116166575e9
1.8295873486192642e10	0.0	0.0	0.0	0.0	1.201176924081067e9
1.899956092796928e10	0.0	0.0	0.0	0.0	1.2473760365454767e9
1.9703248369745922e10	0.0	0.0	0.0	0.0	1.2935751490098863e9
2.040693581152256e10	0.0	0.0	0.0	0.0	1.339774261474296e9
2.1110623253299202e10	0.0	0.0	0.0	0.0	1.3859733739387057e9
2.181431069507584e10	0.0	0.0	0.0	0.0	1.4321724864031153e9
2.251799813685248e10	0.0	0.0	0.0	0.0	1.4783715988675249e9
2.392537302040576e10	0.0	0.0	0.0	0.0	1.5707698237963443e9
2.533274790395904e10	0.0	0.0	0.0	0.0	1.6631680487251635e9
2.674012278751232e10	0.0	0.0	0.0	0.0	1.7555662736539829e9
2.81474976710656e10	0.0	0.0	0.0	0.0	1.847964498582802e9
2.955487255461888e10	0.0	0.0	0.0	0.0	1.9403627235116212e9
3.096224743817216e10	0.0	0.0	0.0	0.0	2.0327609484404404e9
3.236962232172544e10	0.0	0.0	0.0	0.0	2.1251591733692598e9
3.3776997205278725e10	0.0	0.0	0.0	0.0	2.217557398298079e9
3.5184372088832e10	0.0	0.0	0.0	0.0	2.309955623226898e9
3.6591746972385284e10	0.0	0.0	0.0	0.0	2.4023538481557174e9
3.799912185593856e10	0.0	0.0	0.0	0.0	2.4947520730845366e9
3.9406496739491844e10	0.0	0.0	0.0	0.0	2.587150298013356e9
4.081387162304512e10	0.0	0.0	0.0	0.0	2.6795485229421754e9
4.2221246506598404e10	0.0	0.0	0.0	0.0	2.7719467478709946e9
4.362862139015168e10	0.0	0.0	0.0	0.0	2.864344972799814e9
4.503599627370496e10	0.0	0.0	0.0	0.0	2.9567431977286334e9
4.785074604081152e10	0.0	0.0	0.0	0.0	3.1415396475862722e9
5.066549580791808e10	0.0	0.0	0.0	0.0	3.3263360974439106e9
5.348024557502464e10	0.0	0.0	0.0	0.0	3.511132547301549e9
5.62949953421312e10	0.0	0.0	0.0	0.0	3.6959289971591873e9
5.910974510923776e10	0.0	0.0	0.0	0.0	3.880725447016826e9
6.192449487634432e10	0.0	0.0	0.0	0.0	4.0655218968744645e9
6.473924464345088e10	0.0	0.0	0.0	0.0	4.2503183467321033e9
6.755399441055745e10	0.0	0.0	0.0	0.0	4.435114796589742e9
7.0368744177664e10	0.0	0.0	0.0	0.0	4.61991124644738e9
7.318349394477057e10	0.0	0.0	0.0	0.0	4.804707696305018e9
7.599824371187712e10	0.0	0.0	0.0	0.0	4.989504146162657e9
7.881299347898369e10	0.0	0.0	0.0	0.0	5.174300596020295e9
8.162774324609024e10	0.0	0.0	0.0	0.0	5.3590970458779335e9
8.444249301319681e10	0.0	0.0	0.0	0.0	5.543893495735572e9
8.725724278030336e10	0.0	0.0	0.0	0.0	5.728689945593211e9
9.007199254740993e10	0.0	0.0	0.0	0.0	5.91348639545085e9
9.570149208162305e10	0.0	0.0	0.0	0.0	6.283079295166126e9
1.0133099161583617e11	0.0	0.0	0.0	0.0	6.652672194881403e9
1.0696049115004929e11	0.0	0.0	0.0	0.0	7.02226509459668e9
1.125899906842624e11	0.0	0.0	0.0	0.0	7.391857994311957e9
1.1821949021847552e11	0.0	0.0	0.0	0.0	7.761450894027234e9
1.2384898975268864e11	0.0	0.0	0.0	0.0	8.13104379374251e9
1.2947848928690176e11	0.0	0.0	0.0	0.0	8.500636693457787e9
1.351079888211149e11	0.0	0.0	0.0	0.0	8.870229593173063e9
1.40737488355328e11	0.0	0.0	0.0	0.0	9.23982249288834e9
1.4636698788954114e11	0.0	0.0	0.0	0.0	9.609415392603617e9
1.5199648742375424e11	0.0	0.0	0.0	0.0	9.979008292318893e9
1.5762598695796738e11	0.0	0.0	0.0	0.0	1.034860119203417e10
1.6325548649218048e11	0.0	0.0	0.0	0.0	1.0718194091749447e10
1.6888498602639362e11	0.0	0.0	0.0	0.0	1.1087786991464724e10
1.7451448556060672e11	0.0	0.0	0.0	0.0	1.1457379891180002e10
1.8014398509481985e11	0.0	0.0	0.0	0.0	1.1826972790895279e10
1.914029841632461e11	0.0	0.0	0.0	0.0	1.2566158590325832e10
2.0266198323167233e11	0.0	0.0	0.0	0.0	1.3305344389756388e10
2.1392098230009857e11	0.0	0.0	0.0	0.0	1.4044530189186941e10
2.251799813685248e11	0.0	0.0	0.0	0.0	1.4783715988617495e10
2.3643898043695105e11	0.0	0.0	0.0	0.0	1.5522901788048048e10
2.476979795053773e11	0.0	0.0	0.0	0.0	1.6262087587478603e10
2.5895697857380353e11	0.0	0.0	0.0	0.0	1.7001273386909157e10
2.702159776422298e11	0.0	0.0	0.0	0.0	1.774045918633971e10
2.81474976710656e11	0.0	0.0	0.0	0.0	1.8479644985770264e10
2.927339757790823e11	0.0	0.0	0.0	0.0	1.9218830785200817e10
3.039929748475085e11	0.0	0.0	0.0	0.0	1.9958016584631374e10
3.1525197391593475e11	0.0	0.0	0.0	0.0	2.0697202384061928e10
3.2651097298436096e11	0.0	0.0	0.0	0.0	2.143638818349248e10
3.3776997205278723e11	0.0	0.0	0.0	0.0	2.2175573982923035e10
3.4902897112121344e11	0.0	0.0	0.0	0.0	2.2914759782353592e10
3.602879701896397e11	0.0	0.0	0.0	0.0	2.3653945581784145e10
3.828059683264922e11	0.0	0.0	0.0	0.0	2.5132317180645252e10
4.0532396646334467e11	0.0	0.0	0.0	0.0	2.6610688779506363e10
4.2784196460019714e11	0.0	0.0	0.0	0.0	2.808906037836747e10
4.503599627370496e11	0.0	0.0	0.0	0.0	2.956743197722858e10
4.728779608739021e11	0.0	0.0	0.0	0.0	3.1045803576089687e10
4.953959590107546e11	0.0	0.0	0.0	0.0	3.2524175174950794e10
5.1791395714760706e11	0.0	0.0	0.0	0.0	3.40025467738119e10
5.404319552844596e11	0.0	0.0	0.0	0.0	3.548091837267301e10
5.62949953421312e11	0.0	0.0	0.0	0.0	3.695928997153412e10
5.854679515581646e11	0.0	0.0	0.0	0.0	3.8437661570395226e10
6.07985949695017e11	0.0	0.0	0.0	0.0	3.991603316925633e10
6.305039478318695e11	0.0	0.0	0.0	0.0	4.139440476811744e10
6.530219459687219e11	0.0	0.0	0.0	0.0	4.287277636697855e10
6.755399441055745e11	0.0	0.0	0.0	0.0	4.435114796583966e10
6.980579422424269e11	0.0	0.0	0.0	0.0	4.5829519564700775e10
7.205759403792794e11	0.0	0.0	0.0	0.0	4.730789116356188e10
7.656119366529844e11	0.0	0.0	0.0	0.0	5.02646343612841e10
8.106479329266893e11	0.0	0.0	0.0	0.0	5.322137755900632e10
8.556839292003943e11	0.0	0.0	0.0	0.0	5.617812075672854e10
9.007199254740992e11	0.0	0.0	0.0	0.0	5.913486395445075e10
9.457559217478042e11	0.0	0.0	0.0	0.0	6.209160715217297e10
9.907919180215092e11	0.0	0.0	0.0	0.0	6.504835034989519e10
1.0358279142952141e12	0.0	0.0	0.0	0.0	6.800509354761739e10
1.0808639105689192e12	0.0	0.0	0.0	0.0	7.096183674533961e10
1.125899906842624e12	0.0	0.0	0.0	0.0	7.391857994306183e10
1.170935903116329e12	0.0	0.0	0.0	0.0	7.687532314078404e10
1.215971899390034e12	0.0	0.0	0.0	0.0	7.983206633850626e10
1.261007895663739e12	0.0	0.0	0.0	0.0	8.278880953622847e10
1.3060438919374438e12	0.0	0.0	0.0	0.0	8.57455527339507e10
1.351079888211149e12	0.0	0.0	0.0	0.0	8.870229593167293e10
1.3961158844848538e12	0.0	0.0	0.0	0.0	9.165903912939514e10
1.4411518807585588e12	0.0	0.0	0.0	0.0	9.461578232711736e10
