# τ	Fs	F	Δζ	ΔG	Δr²
0.0	1.0	1.0	1004.5939634436091	99.90317179936098	0.0
3.125e-7	0.9999838611727643	0.9999884635712667	1004.1235208546062	99.85573101016553	3.125e-7
6.25e-7	0.9999677240387242	0.9999769282997757	1003.6534641116249	99.80832988847645	6.249509475603788e-7
9.375000000000001e-7	0.9999515900290944	0.9999653952086054	1003.1837989229928	99.7609689476265	9.373038438828279e-7
1.25e-6	0.9999354591420561	0.9999538642964758	1002.7145248971804	99.71364814690605	1.2495587579546566e-6
1.5625e-6	0.9999193313756649	0.9999423355620175	1002.2456416428521	99.66636744563498	1.5617157663909324e-6
1.8750000000000003e-6	0.9999032067279785	0.9999308090038623	1001.7771487690972	99.61912680317825	1.8737749457312815e-6
2.1875000000000002e-6	0.999887085197056	0.9999192846206432	1001.3090458854386	99.57192617894599	2.185736372438765e-6
2.5e-6	0.9998709667809587	0.9999077624109942	1000.8413326018291	99.52476553239329	2.497600122899964e-6
2.8125e-6	0.999854851477749	0.9998962423735509	1000.3740085286443	99.47764482302031	2.8093662734250645e-6
3.125e-6	0.9998387392854915	0.9998847245069499	999.9070732766927	99.43056401037205	3.1210349002479437e-6
3.4375e-6	0.9998226302022525	0.9998732088098291	999.4405264572101	99.38352305403843	3.4326060795262545e-6
3.7500000000000005e-6	0.9998065242261	0.9998616952808278	998.9743676818558	99.33652191365421	3.74407988734151e-6
4.0625000000000005e-6	0.9997904213551037	0.9998501839185863	998.5085965627183	99.28956054889883	4.055456399699169e-6
4.3750000000000005e-6	0.9997743215873349	0.9998386747217461	998.0432127123103	99.24263891949659	4.366735692528722e-6
4.6875000000000004e-6	0.9997582249208671	0.9998271676889503	997.5782157435732	99.19575698521638	4.677917841683772e-6
5.0e-6	0.999742131353775	0.9998156628188426	997.1136052698689	99.14891470587159	4.989002922942125e-6
5.3125e-6	0.9997260428598342	0.9998041615048161	996.6494512496237	99.10211917625055	5.299926459799166e-6
5.625e-6	0.9997099581183886	0.9997926628145587	996.1857062576403	99.05536558485755	5.610731630987788e-6
5.9375e-6	0.999693876687914	0.9997811664363812	995.7223542336308	99.00865230168579	5.921432881177453e-6
6.25e-6	0.9996777984199496	0.9997696722654806	995.2593895694545	98.96197875692806	6.232035075962956e-6
6.5625e-6	0.9996617232637295	0.999758180266023	994.7968101402614	98.91534473409807	6.542539887529598e-6
6.875e-6	0.9996456512010573	0.9997466904251654	994.3346149822374	98.86875013447614	6.852947923431298e-6
7.1875e-6	0.9996295822245937	0.9997352027377294	993.8728035187452	98.82219489861575	7.163259436257668e-6
7.500000000000001e-6	0.9996135163306215	0.9997237172010933	993.4113753024482	98.77567898018667	7.473474560214565e-6
7.8125e-6	0.99959745351663	0.9997122338134886	992.9503299293771	98.72920233725885	7.783593389992563e-6
8.125000000000001e-6	0.9995813937805135	0.9997007525734313	992.4896670102931	98.68276492939795	8.093616007059285e-6
8.4375e-6	0.9995653371203	0.9996892734795337	992.0293861611466	98.63636671669717	8.403542488424463e-6
8.750000000000001e-6	0.999549283534067	0.9996777965304403	991.5694869998955	98.59000765945495	8.713372909561996e-6
9.0625e-6	0.9995332330199065	0.9996663217248084	991.1099691454446	98.54368771806733	9.023107345384126e-6
9.375000000000001e-6	0.999517185575918	0.999654849061298	990.6508322172929	98.497406852992	9.332745870566254e-6
9.6875e-6	0.9995011412002043	0.9996433785385735	990.1920758354162	98.45116502473645	9.64228855965528e-6
1.0e-5	0.9994850998908685	0.9996319101552994	989.7336996202263	98.4049621938539	9.951735487105765e-6
1.0625e-5	0.9994530264612488	0.9996089798000001	988.8180860380145	98.31267335269825	1.0570342453275361e-5
1.125e-5	0.9994209652736172	0.9995860579859314	987.90398853337	98.22054002418959	1.1188567297045543e-5
1.1875e-5	0.9993889163134347	0.9995631447028541	986.9914041149289	98.12856189744737	1.1806410589287505e-5
1.25e-5	0.9993568795658184	0.9995402399402861	986.0803297777252	98.03673866020712	1.2423872914360335e-5
1.3125e-5	0.9993248550157857	0.9995173436876749	985.1707625166591	97.94507000020471	1.3040954860366484e-5
1.375e-5	0.9992928426483415	0.9994944559344584	984.2626993309764	97.85355560563704	1.3657657015842935e-5
1.4375e-5	0.9992608424485016	0.9994715766700836	983.3561372257442	97.76219516531387	1.4273979968721627e-5
1.5000000000000002e-5	0.9992288544013045	0.9994487058840135	982.4510732123457	97.67098836870781	1.4889924305922627e-5
1.5625e-5	0.9991968784918153	0.9994258435657285	981.5475043086128	97.57993490596935	1.5505490613282146e-5
1.6250000000000002e-5	0.9991649147051243	0.9994029897047282	980.645427538886	97.48903446793148	1.6120679475468385e-5
1.6875e-5	0.9991329630263481	0.9993801442905303	979.7448399340029	97.3982867461093	1.6735491476017044e-5
1.7500000000000002e-5	0.9991010234406298	0.999357307312672	978.8457385312964	97.30769143269985	1.73499271972831e-5
1.8125e-5	0.9990690959331394	0.9993344787607074	977.9481203745812	97.21724822057996	1.7963987220488125e-5
1.8750000000000002e-5	0.9990371804890745	0.9993116586242112	977.0519825141372	97.1269568033053	1.8577672125676172e-5
1.9375e-5	0.9990052770936567	0.9992888468927767	976.1573220066934	97.03681687510839	1.9190982491762335e-5
2.0e-5	0.998973385732136	0.9992660435560159	975.2641359154202	96.94682813089749	1.9803918896489152e-5
2.125e-5	0.9989096390324324	0.9992204620113329	973.4821742204083	96.7673028699805	2.1028672889724564e-5
2.25e-5	0.998845940285566	0.9991749139166379	971.7060747691014	96.58837866587783	2.225193819182505e-5
2.375e-5	0.9987822893788285	0.9991293991925545	969.9358145321243	96.41005312617163	2.347371921299662e-5
2.5e-5	0.9987186861970345	0.9990839177579638	968.1713704247956	96.23232385297864	2.469402045885386e-5
2.625e-5	0.9986551306244312	0.9990384695313486	966.412719411242	96.05518845365026	2.591284645529749e-5
2.75e-5	0.9985916225453703	0.9989930544312647	964.6598385388617	95.87864454431241	2.7130201722544114e-5
2.875e-5	0.998528161844494	0.9989476723764744	962.9127049493699	95.70268975100012	2.8346090767488807e-5
3.0000000000000004e-5	0.9984647484068312	0.9989023232860132	961.1712958822834	95.52732171001324	2.9560518080243146e-5
3.125e-5	0.9984013821177954	0.9988570070791879	959.4355886756632	95.35253806799196	3.077348813399887e-5
3.2500000000000004e-5	0.9983380628632145	0.9988117236755982	957.7055607661562	95.17833648191989	3.1985005384071186e-5
3.375e-5	0.998274790529307	0.9987664729951201	955.9811896886088	95.00471461908253	3.319507426859299e-5
3.5000000000000004e-5	0.9982115650027087	0.9987212549579241	954.2624530757336	94.83167015703185	3.4403699207839044e-5
3.625e-5	0.9981483861704424	0.998676069484454	952.5493286575921	94.65920078353219	3.561088460500907e-5
3.7500000000000003e-5	0.9980852539199443	0.9986309164954452	950.8417942612302	94.48730419652084	3.6816634845585316e-5
3.875e-5	0.9980221681390357	0.9985857959119061	949.1398278101528	94.31597810405326	3.802095429812199e-5
4.0e-5	0.997959128715948	0.9985407076551343	947.4434073239553	94.14522022426331	3.9223847313608884e-5
4.25e-5	0.9978331883518966	0.9984506277055146	944.0671090304251	93.80539922740985	4.162537703731221e-5
4.5e-5	0.9977074320403537	0.9983606760921184	940.7127307604325	93.46782369704917	4.402125463094527e-5
4.75e-5	0.9975818589340637	0.9982708522183726	937.3801018494313	93.13247591755633	4.641151301081354e-5
5.0e-5	0.9974564681701978	0.9981811554767566	934.0690519473504	92.7993382088159	4.879618567585301e-5
5.25e-5	0.9973312588845425	0.9980915852587859	930.7794117917775	92.46839300561966	5.1175306150486354e-5
5.5e-5	0.997206230216729	0.9980021409587011	927.5110134577023	92.13962288326135	5.354890778545095e-5
5.75e-5	0.9970813813114155	0.997912821974291	924.263690429842	91.81301056493952	5.5917023707671046e-5
6.000000000000001e-5	0.9969567113191757	0.9978236277075266	921.0372776195148	91.48853892343486	5.827968679033804e-5
6.25e-5	0.9968322193962367	0.9977345575643691	917.8316113597278	91.16619098058248	6.063692965908682e-5
6.500000000000001e-5	0.996707904704883	0.9976456109550624	914.6465293965219	90.84594990632873	6.29887846809631e-5
6.75e-5	0.9965837664130385	0.9975567872938287	911.4818708757779	90.52779901735234	6.533528397674195e-5
7.000000000000001e-5	0.9964598036946132	0.9974680859991225	908.3374763319312	90.21172177585396	6.767645941204662e-5
7.25e-5	0.9963360157290704	0.9973795064933175	905.2131876741041	89.89770178810821	7.001234261022759e-5
7.500000000000001e-5	0.9962124017017684	0.9972910482029536	902.1088481747369	89.58572280324535	7.234296494377027e-5
7.75e-5	0.9960889608035277	0.9972027105584245	899.0243024558761	89.27576871182015	7.466835754711507e-5
8.0e-5	0.995965692230968	0.9971144929942236	895.959396477993	88.96782354461413	7.698855130814625e-5
8.5e-5	0.9957196678457626	0.9969384151385658	889.8878404854503	88.35789129288992	8.161350420591809e-5
9.0e-5	0.9954743229358897	0.9967628106870062	883.8930118617288	87.75580491486049	8.621803878042056e-5
9.5e-5	0.9952296515044053	0.9965876754186174	877.9737376564977	87.16144284846924	9.080238466387726e-5
0.0001	0.9949856474857698	0.9964130050644626	872.1288568183674	86.57468479558192	9.53667737980888e-5
0.000105	0.9947423048431844	0.9962387953759906	866.357225400438	85.99541225523042	9.991143662829037e-5
0.00011	0.9944996176079933	0.9960650421528593	860.657718071624	85.42350867733647	0.00010443660065664399
0.000115	0.9942575798841999	0.9958917412460093	855.0292283588407	84.85885948670426	0.00010894249021439252
0.00012000000000000002	0.9940161858567947	0.9957188885636172	849.4706685205518	84.30135206879687	0.00011342932621247132
0.000125	0.9937754297860628	0.9955464800669883	843.9809692553134	83.75087573904007	0.00011789732630811764
0.00013000000000000002	0.9935353060124019	0.995374511774041	838.5590794064328	83.2073217113312	0.00012234670478949343
0.000135	0.9932958089496221	0.9952029797544906	833.2039656236117	82.67058306257584	0.0001267776727819062
0.00014000000000000001	0.9930569330893303	0.9950318801330228	827.9146120598035	82.14055470044707	0.00013119043814794313
0.000145	0.9928186729942358	0.9948612090844909	822.6900200390247	81.61713332859475	0.00013558520569386211
0.00015000000000000001	0.9925810233024375	0.9946909628370179	817.529207762716	81.10021741542566	0.00013996217707204953
0.000155	0.9923439787208582	0.9945211376672787	812.4312099891073	80.58970716053695	0.00014432155098330037
0.00016	0.9921075340294693	0.9943517299035638	807.3950777505715	80.08550446466836	0.0001486635230801526
0.00017	0.9916364173317436	0.9940141476161628	797.5043713120722	79.09560474741252	0.0001572962701127984
0.00018	0.991167637340959	0.9936781907474206	787.8500477461572	78.1297905359981	0.0001658617555935282
0.00019	0.990701156187642	0.9933438326654778	778.4251486103409	77.18734304012379	0.00017436138718282572
0.0002	0.990236936058464	0.9930110467817029	769.2228964177924	76.267562477211	0.0001827965664522122
0.00021	0.9897749397560391	0.992679806942656	760.2367214227738	75.36977079236297	0.00019116866723929514
0.00022	0.9893151309704739	0.9923500876222865	751.4602655169309	74.49331203004101	0.0001994790264231213
0.00023	0.9888574742476475	0.9920218638981032	742.8873781691923	73.63755189826838	0.00020772894455586488
0.00024000000000000003	0.9884019350609757	0.9916951115028975	734.5121105082313	72.80187713849367	0.00021591968412473895
0.00025	0.9879484797177343	0.9913698067574119	726.3287084058414	71.98569479959652	0.00022405247252863965
0.00026000000000000003	0.9874970754079753	0.9910459266059704	718.3316059565659	71.1884315482134	0.00023212850116062262
0.00027	0.9870476901077772	0.9907234485470344	710.5154187154769	70.40953296035407	0.00024014892850805273
0.00028000000000000003	0.986600292625018	0.9904023506665977	702.8749375426513	69.64846287096594	0.00024811487931334074
0.00029	0.9861548525059319	0.9900826115711058	695.4051222883334	68.90470271295185	0.000256027447557043
0.00030000000000000003	0.9857113400799035	0.9897642104201364	688.101096075047	68.17775091325107	0.0002638876956170197
0.00031	0.985269726369853	0.9894471268620547	680.9581394298634	67.46712227908213	0.0002716966571150494
0.00032	0.9848299831362723	0.9891313410661301	673.9716849820344	66.77234743813209	0.0002794553360683398
0.00034	0.9839559662174823	0.9885035631671611	660.4492637673205	65.4284074732746	0.00029482685443463165
0.00036	0.9830891003595181	0.9878807440494083	647.5013119683815	64.1425911415439	0.0003100089008747434
0.00038	0.9822291903072514	0.9872627466567958	635.0966137773784	62.91169580146172	0.0003250083009455
0.0004	0.981376045403799	0.9866494372053175	623.2056631328871	61.73269680182256	0.0003398316790566233
0.00042	0.980529481661856	0.9860406866137212	611.8007065967533	60.60275148371046	0.0003544853808713169
0.00044	0.9796893233148908	0.9854363716072752	600.855680274205	59.5191923592858	0.0003689754288726305
0.00046	0.9788554018842053	0.9848363740428254	590.3461119291863	58.479516838434265	0.00038330755206780103
0.00048000000000000007	0.9780275566887443	0.9842405812816439	580.2490224987456	57.48137687163066	0.0003974871778408298
0.0005	0.9772056336744921	0.9836488853491457	570.5428269894517	56.52256861072758	0.0004115194700792577
0.0005200000000000001	0.976389485809233	0.9830611832264635	561.207244727931	55.60102299735517	0.00042540932421979274
0.00054	0.9755789719742849	0.9824773760550892	552.2232120199517	54.71479666844742	0.0004391614030711924
0.0005600000000000001	0.9747739573450217	0.9818973694178681	543.5728040859372	53.86206378060657	0.00045278013153029703
0.00058	0.9739743123696201	0.9813210726057691	535.2391592055503	53.04110812385623	0.00046626972925674213
0.0006000000000000001	0.9731799131442072	0.9807483988945231	527.206411140375	52.250316052344296	0.00047963420483571463
0.00062	0.9723906404734624	0.9801792648698178	519.4596233100499	51.488169651601424	0.0004928773855282339
0.00064	0.9716063802394747	0.9796135906989564	511.9847302804066	50.75324062449141	0.0005060029109978233
0.00068	0.9700523505744864	0.9784922399868193	497.7941709087573	49.35931319351533	0.0005319181154448087
0.00072	0.9685170844900318	0.977383829503667	484.54134246830733	48.059064361238605	0.0005574029975760985
0.00076	0.966999840948349	0.9762878413255994	472.14087113824394	46.843852616041296	0.0005824804491931772
0.0008	0.9654999189735904	0.9752037859279432	460.5159727604021	45.70591766622202	0.0006071718516534722
0.00084	0.9640166577468896	0.9741312019920977	449.5978936089471	44.63832113979259	0.0006314970813957919
0.00088	0.9625494435016023	0.9730696613745194	439.3251225968991	43.634864320654565	0.0006554743624508173
0.00092	0.9610976999172586	0.9720187621817625	429.6425718874599	42.69000358011567	0.0006791205721947621
0.0009600000000000001	0.9596608912402899	0.9709781310979346	420.5008515766071	41.798775327753134	0.0007024512002053526
0.001	0.9582385130122975	0.9699474167200417	411.85560254640797	40.95672749457509	0.0007254806379720998
0.0010400000000000001	0.9568300947968738	0.9689262916005207	403.66692999319815	40.159861116665155	0.0007482221393411789
0.00108	0.9554351921208939	0.9679144464511837	395.8988870749892	39.404577491114416	0.0007706880679779852
0.0011200000000000001	0.9540533891213041	0.9669115921197757	388.519039596158	38.68763340647248	0.0007928898517759707
0.00116	0.952684291594498	0.9659174545859599	381.4980673376474	38.006100479245454	0.0008148381928390034
0.0012000000000000001	0.9513275295538345	0.9649317768658768	374.80942897939013	37.35733078169705	0.0008365430180424368
0.00124	0.9499827512117283	0.9639543146751577	368.4290530748948	36.73892542689986	0.0008580136581509825
0.00128	0.9486496254197655	0.9629848382424077	362.3350790667606	36.148708067889395	0.0008792587968684289
0.00136	0.9460168412670114	0.9610688110861468	350.9224511748729	35.044507657421285	0.0009211099630336471
0.00144	0.9434270550991732	0.959182223554676	340.43861988316974	34.03151860798068	0.0009621512533284545
0.00152	0.9408782012894705	0.9573236443937295	330.76884899831344	33.09836292285277	0.0010024345942546988
0.0016	0.9383683799872207	0.955491759489248	321.8156315718673	32.235386947261524	0.0010420066999979657
0.00168	0.9358958239853239	0.9536853469650942	313.4961858102064	31.434407723381224	0.001080910228829562
0.00176	0.9334589247048914	0.9519032962851087	305.74006442615	30.688470721705087	0.0011191832599742272
0.00184	0.9310561853723235	0.9501445743715081	298.48699834990884	29.991633810417895	0.001156860659993017
0.0019200000000000003	0.9286862368134755	0.9484082375640613	291.68519754905776	29.33879627864338	0.0011939737496019945
0.002	0.9263477981955066	0.946693403250887	285.2898972758582	28.725554038786075	0.0012305514145451379
0.0020800000000000003	0.9240396906156597	0.9449992601772667	279.26223895592847	28.14808743300783	0.001266619794319935
0.00216	0.9217608054986103	0.943325045575967	273.56830312960506	27.603065353062696	0.0013022031607820407
0.0022400000000000002	0.919510116741284	0.9416700543628599	268.1783678381336	27.08757108317627	0.0013373236244230856
0.00232	0.9172866551163266	0.9400336205805623	263.0662548255816	26.59903773491865	0.0013720018365852322
0.0024000000000000002	0.9150895190618318	0.9384151255572972	258.2088292381603	26.13519831060879	0.0014062567193388923
0.00248	0.9129178537124554	0.9368139826779328	253.58554862560499	25.69404131956633	0.00144010603474851
0.00256	0.9107708604256982	0.9352296445835487	249.17811895376798	25.273776483381674	0.0014735661407603055
0.00272	0.9065475202411096	0.9321090832055381	240.94188004706956	24.489194068694243	0.0015393818501085986
0.00288	0.9024142864658644	0.9290498675170734	233.39355072502062	23.77102878479885	0.0016038113553886865
0.00304	0.8983662013830344	0.9260486026853529	226.4430562629103	23.11048697638965	0.0016669530355308585
0.0032	0.8943987771320955	0.9231022236884351	220.01532151273196	22.500249031371286	0.001728893086950785
0.00336	0.8905078664356463	0.9202078982298255	214.047595747359	21.934205240494403	0.0017897098161639789
0.00352	0.8866897269896998	0.9173630757827278	208.48719828650138	21.40723181262547	0.0018494722021728193
0.00368	0.8829408919565089	0.9145653930725187	203.28950966525545	20.914994489579843	0.0019082433675218502
0.0038400000000000005	0.8792582112186957	0.9118127066982492	198.4165213535947	20.453805000526906	0.001966079449044316
0.004	0.875638749983861	0.9091030191704489	193.8355786870274	20.02049860103624	0.0020230322245204354
0.0041600000000000005	0.8720798224438486	0.9064345056269592	189.5184905572378	19.61234597925078	0.0020791481427375764
0.00432	0.8685789133650536	0.9038054564831141	185.4407345284327	19.226976018054145	0.0021344703362503508
0.0044800000000000005	0.8651337065532605	0.9012143000043993	181.58089633362812	18.86232031027365	0.0021890377857450623
0.00464	0.8617420232818547	0.8986595571311561	177.92015034740024	18.51656279725857	0.0022428868954363743
0.0048000000000000004	0.8584018464854034	0.8961398606569049	174.44189519194245	18.188103676775317	0.0022960507746196406
0.00496	0.8551112715848707	0.8936539190353614	171.13140305729837	17.87552548998638	0.0023485604948228008
0.00512	0.8518685271259766	0.8912005327466491	167.97557578417488	17.57756894902282	0.002400444471274578
0.00544	0.8455197180292551	0.886386850531054	162.07885394193963	17.020809477270575	0.0025024275892532753
0.00576	0.8393434914617242	0.8816907164271104	156.6754134984256	16.510508832989682	0.002602200464634351
0.00608	0.8333288982634397	0.8771047106283548	151.70074981572594	16.040498183425907	0.00269993625534183
0.0064	0.8274661971441198	0.8726222537561914	147.10114490494936	15.6056509308376	0.002795781950589486
0.00672	0.8217464932245011	0.8682373341853576	142.83167492048437	15.201689629182608	0.002889869947155906
0.00704	0.8161618277913889	0.8639445851096264	138.85464097413654	14.825031954037506	0.0029823154337340267
0.00736	0.8107048884868231	0.8597390703289162	135.13808603352808	14.472647972473647	0.0030732237067078046
0.007680000000000001	0.8053690759863286	0.8556163437824332	131.65478943727214	14.141961944394284	0.003162687517853035
0.008	0.8001482869310269	0.8515722887417485	128.38133932991235	13.830763372877234	0.003250792405845026
0.008320000000000001	0.7950369706275066	0.8476031680897455	125.29752002820372	13.537147311384537	0.0033376144121754284
0.00864	0.7900299643774316	0.8437055016739304	122.385725116675	13.259458235505084	0.0034232241575201253
0.008960000000000001	0.7851225420906845	0.8398761090804466	119.630574572519	12.996252816303542	0.0035076849064571694
0.00928	0.7803102867273893	0.8361120140915088	117.01853052313871	12.746263257709892	0.003591055765346587
0.009600000000000001	0.7755891319027308	0.8324104811232487	114.53764994400073	12.508373308750006	0.003673390037549253
0.00992	0.7709552612036361	0.8287689393925729	112.17732467951585	12.28159350330643	0.0037547377819122864
0.01024	0.7664051438389015	0.8251850140634361	109.92811686622107	12.065045239688116	0.0038351444068074527
0.01088	0.7575445581681457	0.8181823465582978	105.72925424936399	11.659468634229034	0.003993240824962146
0.01152	0.7489822567895118	0.8113854622940784	101.88450943795036	11.286440408298915	0.004148037827749696
0.01216	0.7406964789299352	0.8047796611102933	98.34686096359383	10.941627862311988	0.004299818058535295
0.0128	0.732668357206398	0.7983522493303374	95.07741499348512	10.621452858580039	0.004448811055305482
0.01344	0.7248809165750153	0.792091783991938	92.04369894435153	10.322935786182525	0.0045952226504601
0.01408	0.7173191080996809	0.7859881420283249	89.21849844829394	10.043587253977188	0.0047392298961731385
0.01472	0.7099692177163974	0.7800320736280583	86.57874618216472	9.781302926839006	0.0048809956111276216
0.015360000000000002	0.7028189519079169	0.7742153014422195	84.10481591845667	9.534297350885364	0.005020661916587798
0.016	0.6958570199403237	0.7685302021570642	81.77983647775288	9.301038884399269	0.005158360669977511
0.016640000000000002	0.6890732159770645	0.7629698956093012	79.58926412513613	9.08021002622177	0.0052942080147553435
0.01728	0.6824581079613126	0.7575280053350009	77.52044649440332	8.870666146287906	0.0054283124511257455
0.017920000000000002	0.6760031102459781	0.7521987351550532	75.56235483813155	8.671411003370668	0.005560770303047142
0.01856	0.6697002458872024	0.7469766844844321	73.70529663878645	8.481569604095347	0.005691672104797996
0.019200000000000002	0.6635422098710078	0.7418569138528123	71.94074227799247	8.300372614846822	0.005821098788679554
0.01984	0.6575221839390322	0.7368347996978043	70.26112947296652	8.127137916456306	0.005949126827502653
0.02048	0.6516338913279716	0.731906090469295	68.6597478171453	7.961260409526146	0.006075824999452964
0.02176	0.6402363555803194	0.7223184764079121	65.67039577959305	7.649595171531893	0.006325313756298376
0.02304	0.6293010852275369	0.7130606775481543	62.92977592517818	7.361581357613567	0.006570195201771572
0.02432	0.6187893571991271	0.7041061660034967	60.4042899666464	7.09418389096492	0.006810909527076852
0.0256	0.6086686780322413	0.6954327862161038	58.06677366262	6.844930343939099	0.007047796439793541
0.02688	0.5989102463819264	0.6870208167939487	55.89471023031245	6.61176123890398	0.007281162763299137
0.02816	0.5894887294317054	0.6788529328705174	53.86928461285123	6.392951131163112	0.007511269950382935
0.02944	0.5803812144071088	0.670913381413863	51.9745596091347	6.187031518550987	0.0077383616699976095
0.030720000000000004	0.5715672946206168	0.6631881434027482	50.1969879578422	5.992749438413363	0.007962648179307549
0.032	0.5630283720277766	0.6556643748814983	48.524923674513886	5.809021319233908	0.008184326499179443
0.033280000000000004	0.5547477509104886	0.6483305532622966	46.94833070756008	5.634909037294407	0.00840356784552775
0.03456	0.5467101242556248	0.6411760597407945	45.45847296081994	5.469590560819753	0.008620533527046783
0.035840000000000004	0.5389016561381328	0.6341913015333704	44.047732698742244	5.312345468371226	0.00883536471242954
0.03712	0.5313095939545882	0.6273673921471918	42.709407003219276	5.162535492986139	0.009048195131127248
0.038400000000000004	0.5239223405598424	0.6206962543504998	41.43759119441322	5.019595468313484	0.009259142564269041
0.03968	0.516729156324705	0.6141703710334229	40.22704101969007	4.8830199804604515	0.009468319145193117
0.04096	0.5097202221392617	0.607782872556566	39.07309571624059	4.752357544601186	0.009675824189334074
0.04352	0.4962377171677208	0.5954124684654433	36.922922211348805	4.507502740016233	0.010085825644287467
0.04608	0.48339136907792546	0.5835249612474634	34.95369422777938	4.281886743997603	0.010490188246664289
0.04864	0.47112147893835576	0.5720777055699546	33.14164890828966	4.073141002451341	0.010889547785220707
0.0512	0.4593799546199451	0.5610365540646032	31.46793967490552	3.8793527502919742	0.011284367077019462
0.05376	0.4481248420810445	0.5503715191724726	29.916838296118623	3.6989116648212925	0.011675072117289756
0.05632	0.4373195398449092	0.5400564554624279	28.475061106209246	3.530451600553058	0.012062017751531928
0.05888	0.42693123574269837	0.5300677346202202	27.131245351510643	3.3727944991000482	0.01244554035405213
0.06144000000000001	0.4169309487019219	0.5203844933402955	25.875654052352935	3.2249248672344852	0.012825921561459603
0.064	0.4072925154897255	0.5109877498065816	24.699855627996087	3.085955726266818	0.013203429075285752
0.06656000000000001	0.3979926516238698	0.5018606177969636	23.596537072696353	2.9551132669365177	0.013578287897782142
0.06912	0.3890101998698181	0.49298763911072907	22.559292385424655	2.831714228978472	0.013950713236123612
0.07168000000000001	0.380326190815302	0.48435496166700304	21.5825031676197	2.7151562690550954	0.01432088685644886
0.07424	0.3719232784827983	0.47594982785354767	20.661196856516046	2.604902482705038	0.014688983843278117
0.07680000000000001	0.3637858033993303	0.46776072820936065	19.79096953070315	2.500475244576771	0.015055152705708088
0.07936	0.35589936250354687	0.4597770033421722	18.967888416152448	2.401445325520776	0.015419537468516865
0.08192	0.3482508720615555	0.4519889778636891	18.188440845451225	2.307427872146962	0.015782260710049133
0.08704	0.33365770928032634	0.4369970579976938	16.75305309860122	2.133485356332464	0.016502578835965696
0.09216	0.3198797712933308	0.4226867782265499	15.456697114778354	1.9757464934699769	0.017217570400262228
0.09728	0.30683874471402905	0.4089983683568399	14.28134323057031	1.8321683392817372	0.017928006416760404
0.1024	0.29447404878516953	0.39588616322245584	13.212712671828095	1.701113456868599	0.018634392391785028
0.10752	0.28273284552909045	0.3833100111228812	12.238657143731432	1.5811918369108515	0.019337223303407956
0.11264	0.27156888106656835	0.3712348290170826	11.34876843221827	1.471215587462637	0.020036878565188793
0.11776	0.2609405453176267	0.35962870785410206	10.53405101308125	1.3701544006460524	0.02073373864971689
0.12288000000000002	0.25081106749029386	0.3484634805564763	9.786741332790404	1.2771171134087704	0.021428091827214387
0.128	0.24114717854205808	0.3377133884465035	9.100071969778542	1.1913230113863675	0.022120229353056155
0.13312000000000002	0.2319192475032847	0.3273555131520549	8.468143434605556	1.1120898414737783	0.022810370138282226
0.13824	0.22310025891793936	0.3173687405095501	7.885761446563165	1.0388141841024785	0.023498738912769754
0.14336000000000002	0.21466593759746513	0.3077341142673602	7.348353307172087	0.9709637109996633	0.024185503324315183
0.14848	0.20659397743031907	0.2984340360629535	6.8518567651650395	0.9080636186165206	0.024870838698596954
0.15360000000000001	0.19886416843174876	0.2894525704166197	6.392665479436143	0.8496916054204392	0.025554874614651554
0.15872	0.19145780894222586	0.2807748201039708	5.967551384896429	0.7954682908655445	0.026237749284814184
0.16384	0.18435782945974002	0.27238719095899244	5.573628250996051	0.7450538861479533	0.026919563691878718
0.17408	0.17107805321953368	0.25649551516653246	4.873376957029772	0.6548262053311712	0.028279577915943023
0.18432	0.15883466467312107	0.2416121641694022	4.268077991795412	0.576399668643142	0.029636499314820295
0.19456	0.14752501374614818	0.2276509354930161	3.7434605478382754	0.5080219157337534	0.030990999262400964
0.2048	0.13706969533539126	0.21454639165172798	3.2880839815735343	0.44829182742198614	0.032343361434909054
0.21504	0.12739704599086218	0.20223857759640768	2.8921653980245594	0.3960229593620021	0.03369398074475667
0.22528	0.11844272400850529	0.1906733844030163	2.5473921379499673	0.35021007051967673	0.03504305354801377
0.23552	0.11014780249935076	0.17980026570105803	2.24667971627514	0.30999308633503836	0.036390868720917215
0.24576000000000003	0.10245948316067996	0.16957361142407656	1.9840184144264315	0.2746398000674839	0.03773755604964544
0.256	0.09532947648989437	0.15995089902008394	1.7542716683370665	0.24352076623068314	0.0390833235295954
0.26624000000000003	0.08871434035027362	0.15089356961695322	1.5530590161163167	0.21609681775153636	0.04042825438571413
0.27648	0.08257419695641262	0.14236556091845592	1.376616689865473	0.19190187279523688	0.04177250014212546
0.28672000000000003	0.07687296521468041	0.1343339563695982	1.2217175915357374	0.17053434114457303	0.04311611355390824
0.29696	0.07157739592365649	0.12676786340379853	1.085576157611636	0.15164537056176688	0.04445920702485776
0.30720000000000003	0.06665725730329296	0.11963892430671255	0.9657933728891418	0.13493288742899098	0.0458018135935837
0.31744	0.062084605780229084	0.11292045440223794	0.8602898735990753	0.12013342768264573	0.04714401817953438
0.32768	0.057833933828869845	0.10658784708763569	0.7672707492166133	0.10701791425192199	0.048485841058328545
0.34816	0.05027589232871667	0.09507933271504088	0.6142769618267703	0.085222267781843	0.05116755833598953
0.36864	0.043719526982045884	0.08482829704118616	0.49395637645031926	0.06798525781489406	0.0538482801251018
0.38912	0.03802538882663996	0.07568799398819737	0.3990688911320791	0.05431461834594781	0.05652842365222896
0.4096	0.03308258069411133	0.06754134862600127	0.3240900234046304	0.04345840223980907	0.05920786497637167
0.43008	0.028792287546470424	0.06028098546460573	0.26465490988582124	0.03482372101553378	0.06188684485135466
0.45056	0.025068106492865116	0.053810686944850736	0.21736927683965143	0.02794524341395472	0.06456528979983589
0.47104	0.021834245410114826	0.04804337438452922	0.17959557732698758	0.022456434398995365	0.06724338514591979
0.49152000000000007	0.0190253959460676	0.04290209387164809	0.14929504981485153	0.018069749043905906	0.06992107518582279
0.512	0.016584735907486395	0.03831784809432508	0.12488042592922954	0.014558328727670846	0.07259849598085644
0.5324800000000001	0.014463375005782118	0.034229747258932595	0.10511931376859447	0.0117435377717376	0.07527560310807317
0.55296	0.012618823941354303	0.03058330856436588	0.08904841625802942	0.009483931732238783	0.07795249706957076
0.5734400000000001	0.011014479764959612	0.027330387611714385	0.07591539011735211	0.007667658274170851	0.08062914281975683
0.59392	0.009618529649628265	0.02442793214041464	0.06512896802414227	0.006205831995868072	0.08330561560744497
0.6144000000000001	0.008403531292809513	0.021837844385514036	0.05622467330730366	0.00502788856863157	0.08598188818341748
0.63488	0.007345629015497648	0.019526068360721134	0.04883536442155939	0.004077567981728481	0.0886580175632397
0.65536	0.006424219002490276	0.01746242908956372	0.0426708519105698	0.0033100490514104894	0.09133398277955086
0.69632	0.00494652457268897	0.01402595779602286	0.03329999859310718	0.0022010686676372684	0.09668491926942638
0.73728	0.0038141105455790757	0.01126979850314114	0.026488498688526835	0.0014675507618056988	0.10203542710941141
0.77824	0.002945323837947547	0.0090574355812305	0.02145305071662603	0.000980652103723206	0.10738576352201572
0.8192	0.0022795785440428815	0.007283817404806333	0.017667113651495786	0.000656999533131873	0.11273574926889962
0.86016	0.001769266799570659	0.005862382078368563	0.014768101867517874	0.0004413750108541935	0.11808553979116088
0.90112	0.0013776821019322598	0.004723057886215582	0.01250851093764463	0.000297350914776383	0.12343505091707943
0.94208	0.0010766913391876568	0.003809379244179386	0.010717643709474686	0.00020087953586970446	0.1287843904458381
0.9830400000000001	0.0008449045128244801	0.0030762573643896467	0.009276525768521076	0.00013608369303789617	0.1341335128844576
1.024	0.0006660157009193342	0.002487590526228451	0.008100601421374871	9.244225901044179e-5	0.13948248928449328
1.0649600000000001	0.0005276293353962798	0.0020145851624679724	0.007129306073338887	6.297061055644065e-5	0.1448312943930257
1.10592	0.0004202897984893312	0.0016342025176083307	0.006317972075661239	4.301460914649859e-5	0.15017997548059284
1.1468800000000001	0.0003367933221648809	0.0013280509342766611	0.005633510245752044	2.9466574508839928e-5	0.1555285187954202
1.18784	0.00027163504577039246	0.0010814099528268595	0.005050922097841455	2.024448224379648e-5	0.16087695646146813
1.2288000000000001	0.00022061059172021717	0.0008825158409219481	0.004551087032465835	1.3950535546444934e-5	0.16622528136658474
1.26976	0.0001805000849014692	0.0007219477613437284	0.0041191622732760945	9.643448406688207e-6	0.17157351585020203
1.31072	0.00014883731068274908	0.0005921686850100254	0.0037435000292796	6.688015752939869e-6	0.17692165661762466
1.39264	0.00010481399461168022	0.0004066590571110999	0.003138004035311859	3.316019872205237e-6	0.18761755964568969
1.47456	7.605855584928546e-5	0.00028261300403690007	0.002660768859844465	1.6664434415663006e-6	0.19831318373337525
1.55648	5.6894058341352184e-5	0.0001991234529106744	0.0022791577779024846	8.498949291621523e-7	0.20900860725016251
1.6384	4.386132523500978e-5	0.00014267779212296432	0.001970140885060794	4.416581296850691e-7	0.21970381679462908
1.72032	3.477637073924686e-5	0.00010422644834075993	0.0017168847406836872	2.3482370929800886e-7	0.23039885910632454
1.80224	2.826848635271623e-5	7.776685454447296e-5	0.0015070539011264948	1.2830345826286426e-7	0.24109373571500084
1.88416	2.347553151197181e-5	5.9335417038448446e-5	0.0013314923142390242	7.238021865103829e-8	0.2517884770817481
1.9660800000000003	1.9849286935758508e-5	4.6313439805949555e-5	0.0011833046122228443	4.235954254783215e-8	0.2624830878950184
2.048	1.703611859740172e-5	3.696537664353972e-5	0.0010572221946150617	2.582647745414636e-8	0.2731775886024917
2.1299200000000003	1.4803716365054321e-5	3.0135736862317096e-5	0.0009491678287927253	1.6453163922016894e-8	0.2838719843115444
2.21184	1.2996564086085177e-5	2.505123097344065e-5	0.0008559483565326061	1.0964115866739827e-8	0.2945662893717738
2.2937600000000002	1.1508238438328491e-5	2.1190876513757065e-5	0.0007750364704823007	7.634198513679434e-9	0.30526050849265524
2.37568	1.026434729355484e-5	1.820120827444823e-5	0.0007044120715813219	5.537201577321128e-9	0.3159546521294654
2.4576000000000002	9.211660354942346e-6	1.5840239433668266e-5	0.0006424461453038358	4.165103728788478e-9	0.3266487243776269
2.53952	8.311270183562925e-6	1.3940756765812691e-5	0.0005878141295443149	3.232714875612561e-9	0.3373427330868619
2.62144	7.534104954236043e-6	1.2385858187159658e-5	0.0005394308976915255	2.5758360166892267e-9	0.348036681741297
2.78528	6.2950058906299645e-6	1.0060035887496666e-5	0.00045987458305383414	1.7559741344781994e-9	0.3694243645337017
2.94912	5.324689446318927e-6	8.345917512444239e-6	0.0003955239674884418	1.2633889890668757e-9	0.3908118599761724
3.11296	4.551186656122011e-6	7.0357345089911154e-6	0.00034280196576400864	9.432658450472678e-10	0.41219920269946136
3.2768	3.925288238369061e-6	6.007025400974933e-6	0.00029914682488145955	7.232599035824959e-10	0.43358640497416223
3.44064	3.411918640876939e-6	5.181500292525791e-6	0.0002626433213697953	5.656686667721254e-10	0.45497348880125454
3.60448	2.9858245845324475e-6	4.50724807457192e-6	0.00023184642558419065	4.49274070782216e-10	0.47636046391810605
3.76832	2.628495776651356e-6	3.948629404979151e-6	0.00020565339887885302	3.613169571049778e-10	0.4977473457231146
3.9321600000000005	2.3260825340789185e-6	3.4803027389519464e-6	0.00018320904110308425	2.936778018051951e-10	0.5191341417664267
4.096	2.068092551675831e-6	3.083767935681318e-6	0.00016385759307453753	2.4095152858248563e-10	0.5405208631636438
4.2598400000000005	1.8464205857242094e-6	2.7451548409597795e-6	0.00014707001655401777	1.9940052340753315e-10	0.5619075158149965
4.42368	1.6547275569176704e-6	2.4538547410755e-6	0.00013242908661095852	1.6636296130757696e-10	0.5832941079688768
4.5875200000000005	1.4880061164665506e-6	2.2016237975251533e-6	0.00011959944761938835	1.3989758073840477e-10	0.6046806442855742
4.75136	1.3422601719106905e-6	1.9819687062501733e-6	0.00010830914617197702	1.185608739027606e-10	0.6260671310249923
4.9152000000000005	1.2142691956193625e-6	1.7897120582219113e-6	9.833576493906523e-5	1.0126209704387999e-10	0.6474535719032363
5.07904	1.1014137584736973e-6	1.6206811641843828e-6	8.949591116222481e-5	8.71660930246062e-11	0.6688399717573156
5.24288	1.0015446965348005e-6	1.471479446648766e-6	8.163718634242255e-5	7.562628908728517e-11	0.6902263335743558
5.57056	8.387051158352947e-7	1.228727619797547e-6	6.875894397254726e-5	5.872138103132172e-11	0.7329989217803653
5.89824	7.081725343776121e-7	1.034828656803725e-6	5.836966565899362e-5	4.697463043027089e-11	0.7757713933458982
6.22592	6.025597369213903e-7	8.784612258882367e-7	4.9915228157045895e-5	3.86636454893477e-11	0.8185437710618486
6.5536	5.165395757177427e-7	7.5143372138278e-7	4.299921227303853e-5	3.267895345667329e-11	0.8613160651003497
6.88128	4.461024939319265e-7	6.476187623324453e-7	3.7316768384394774e-5	2.828502374007995e-11	0.90408828906598
7.20896	3.8816902378709554e-7	5.623594453608257e-7	3.262957808682736e-5	2.498901101043898e-11	0.9468604499314474
7.53664	3.403327488235999e-7	4.92046978819998e-7	2.874930636906749e-5	2.2457806021877683e-11	0.989632556906159
7.864320000000001	3.0068991668296265e-7	4.338419869321791e-7	2.552581939344335e-5	2.0464668514752886e-11	1.0324046148379746
8.192	2.6772091766161316e-7	3.854861591032631e-7	2.2838597137651965e-5	1.8854324475465297e-11	1.0751766300782508
8.519680000000001	2.402044581809668e-7	3.4516906541978806e-7	2.0590354423701387e-5	1.7519839583341567e-11	1.1179486060146047
8.84736	2.1715375387291578e-7	3.114306197041356e-7	1.8702217621040635e-5	1.6387150845627742e-11	1.1607205471026893
9.175040000000001	1.9776816311656982e-7	2.830878296730089e-7	1.7110020950842587e-5	1.5404650003831057e-11	1.2034924557319986
9.50272	1.813959488819347e-7	2.5917876495221034e-7	1.5761423757390797e-5	1.4536131422179714e-11	1.2462643350850071
9.830400000000001	1.6750522750049704e-7	2.389190539438311e-7	1.4613641592994436e-5	1.3755997305545164e-11	1.2890361868700622
10.15808	1.556610574640486e-7	2.2166770736200906e-7	1.3631643573101807e-5	1.3045985343520632e-11	1.3318080134053065
10.48576	1.4550720756087307e-7	2.0690000412940032e-7	1.2786709536777867e-5	1.2392927937021799e-11	1.3745798159353089
11.14112	1.2975129378381558e-7	1.8402828401777698e-7	1.146646242376826e-5	1.1235324146172566e-11	1.4601233299874863
11.79648	1.1755547750421029e-7	1.6639778577923536e-7	1.0436377874406161e-5	1.0213738972859283e-11	1.5456667623120992
12.45184	1.0784379976252562e-7	1.5241296756178138e-7	9.608856564766353e-6	9.300098286106496e-12	1.631210123850075
13.1072	9.990833488612314e-8	1.4102732280743226e-7	8.92678746123035e-6	8.476761144537371e-12	1.7167534177295776
13.76256	9.325939322848973e-8	1.3152008369280877e-7	8.350560992163117e-6	7.731327234535979e-12	1.8022966501221915
14.41792	8.755535212436392e-8	1.2338946041025545e-7	7.852487714501227e-6	7.0544409168727054e-12	1.88783982334261
15.07328	8.255686535025907e-8	1.1628421180354785e-7	7.413140155899501e-6	6.438641767089346e-12	1.973382941853039
15.728640000000002	7.8095564512862e-8	1.099574232954478e-7	7.018830404645208e-6	5.877728620425941e-12	2.0589260076368734
16.384	7.405241851208315e-8	1.0423467005660181e-7	6.6598619233161606e-6	5.3663922430309466e-12	2.144469024140762
17.039360000000002	7.034272954111873e-8	9.899196238630213e-8	6.329316904150376e-6	4.899993362598361e-12	2.2300119931742906
17.69472	6.690572225080396e-8	9.414044536811083e-8	6.0222146743472685e-6	4.474421557840757e-12	2.315554917536202
18.350080000000002	6.369731672651989e-8	8.96157783704116e-8	5.734927384045895e-6	4.086000707091343e-12	2.4010977989202957
19.00544	6.068510943670807e-8	8.537075980032815e-8	5.464774137495193e-6	3.7314221122851595e-12	2.486640639682212
19.660800000000002	5.784488593482656e-8	8.137020305877443e-8	5.2097389404251145e-6	3.407694799391637e-12	2.572183441417047
20.31616	5.515819646790061e-8	7.758737460016854e-8	4.9682745683565615e-6	3.1121068669943715e-12	2.657726206157141
20.97152	5.261066934865294e-8	7.400151618305799e-8	4.7391660825196825e-6	2.8421943007454655e-12	2.7432689354013173
22.28224	4.796995159779217e-8	6.747148174493224e-8	4.321413968440185e-6	2.37816892350385e-12	2.914354265345138
23.59296	4.3758854909762905e-8	6.154706959912863e-8	3.942257622800953e-6	1.990359565169795e-12	3.085439472080762
24.90368	3.9926222218023224e-8	5.615572892798957e-8	3.5970812060702708e-6	1.665831154072509e-12	3.256524569023194
26.2144	3.6433821065191136e-8	5.124332915068879e-8	3.2824963642831905e-6	1.3942272475732559e-12	3.4276095650281904
27.52512	3.3249353267789856e-8	4.6764242978714534e-8	2.9956232363047605e-6	1.1669116257759906e-12	3.59869446941172
28.83584	3.0344569486265055e-8	4.267863630705369e-8	2.73393173647938e-6	9.766604819016094e-13	3.7697792897196347
30.14656	2.7694319124587157e-8	3.89510827020158e-8	2.495163750397101e-6	8.174292917748874e-13	3.9408640335773613
31.457280000000004	2.5275981055994425e-8	3.554973838036541e-8	2.2772853571802803e-6	6.841597562612633e-13	4.111948707396152
32.768	2.3069087024601984e-8	3.244580056913783e-8	2.078454657964349e-6	5.726186521821832e-13	4.283033317470842
34.078720000000004	2.1055051587592028e-8	2.9613121498535767e-8	1.8969983628359125e-6	4.792631384366597e-13	4.454117869199641
35.38944	1.92169642139717e-8	2.7027912756903828e-8	1.731393541453025e-6	4.0112810683885914e-13	4.625202367802334
36.700160000000004	1.7539419827186324e-8	2.4668505249363967e-8	1.580252609232024e-6	3.3573194231522825e-13	4.796286817800236
38.01088	1.6008374851153015e-8	2.2515145832305456e-8	1.442310491431658e-6	2.8099766868879245e-13	4.967371223533116
39.321600000000004	1.461102150450428e-8	2.0549820035293587e-8	1.3164133686114312e-6	2.351869621165435e-13	5.138455588776101
40.63232	1.3335676101680047e-8	1.875609470603689e-8	1.2015086508901178e-6	1.9684492860600456e-13	5.309539917143045
41.94304	1.2171678741920999e-8	1.7118976789082138e-8	1.096635960801267e-6	1.6475388836654233e-13	5.480624211780167
44.56448	1.0199445860541705e-8	1.4345354222200117e-8	9.188992312918406e-7	1.1676687552664592e-13	5.822792684998578
47.18592	8.550063273920991e-9	1.2025518842844364e-8	7.703048462680706e-7	8.282806053397015e-14	6.164961056503034
49.80736	7.167693352414764e-9	1.0081232608455509e-8	6.457631913769327e-7	5.875762906761597e-14	6.507129345041367
52.4288	6.0088701016321855e-9	8.451366862143416e-9	5.413608589572631e-7	4.1682576093527244e-14	6.849297563463589
55.05024	5.037418072746906e-9	7.085036395545174e-9	4.5383935621108536e-7	2.956966984532888e-14	7.1914657237632085
57.67168	4.2230348407389615e-9	5.93962069790432e-9	3.804686942376349e-7	2.0976831268851513e-14	7.533633834797218
60.29312	3.540321095907273e-9	4.97939597132924e-9	3.189605769575255e-7	1.4881090413329482e-14	7.87580190507139
62.91456000000001	2.9679858611879293e-9	4.174416764037163e-9	2.673968359668098e-7	1.0556770295861463e-14	8.21796994072717
65.536	2.4881816224909226e-9	3.4995808170048216e-9	2.2416953272477134e-7	7.489086047906709e-15	8.560137947811176
68.15744000000001	2.0859472005717958e-9	2.933845466462356e-9	1.8793076622462632e-7	5.312855307129425e-15	8.902305930569726
70.77888	1.7487408266303394e-9	2.4595709176552866e-9	1.575506069848407e-7	3.7690210453758114e-15	9.244473893309962
73.40032000000001	1.466048795298281e-9	2.0619698184889616e-9	1.3208183979546053e-7	2.6738099255913396e-15	9.58664183895778
76.02176	1.2290574471131778e-9	1.728645906254362e-9	1.1073041183870262e-7	1.8968539037411402e-15	9.928809770588316
78.64320000000001	1.0303782244865338e-9	1.4492073020222787e-9	9.283066227391007e-8	1.3456701101219853e-15	10.270977690209182
81.26464	8.638172070249715e-10	1.2149423650446686e-9	7.782455903153349e-8	9.546511283932913e-16	10.61314560002167
83.88608	7.241819272244876e-10	1.0185479816633534e-9	6.524429427816514e-8	6.772548515216521e-16	10.955313501396146
89.12896	5.192077167114928e-10	7.302834043356629e-10	4.677268772147823e-8	3.5460854967785383e-16	11.639649272264112
94.37184	3.7285507363358053e-10	5.244318376414224e-10	3.3588965148372494e-8	1.8631739309427548e-16	12.323985023050216
99.61472	2.6779964293304653e-10	3.7666780736766817e-10	2.4125009116999727e-8	9.792460762762497e-17	13.008320762171152
104.8576	1.9234799357899746e-10	2.7054288774153045e-10	1.732787273231303e-8	5.146895463070687e-17	13.692656491492789
110.10048	1.381551403271959e-10	1.943191019903663e-10	1.244585325493025e-8	2.705226072208941e-17	14.376992215244364
115.34336	9.923105114584108e-11	1.395712684524101e-10	8.939335813191077e-9	1.4218885745585352e-17	15.06132793396804
120.58624	7.12736818041872e-11	1.0024843829025374e-10	6.420766608055607e-9	7.47362382022547e-18	15.745663650110487
125.82912000000002	5.1193144219015214e-11	7.200459554651079e-11	4.6117899793946045e-9	3.92826275000394e-18	16.42999936367699
131.072	3.6770148323753575e-11	5.1718245436507634e-11	3.312478926228046e-9	2.064778198348806e-18	17.114335076117204
136.31488000000002	2.6410698715907522e-11	3.714738807008675e-11	2.379236734626317e-9	1.085300047908177e-18	17.79867078724107
141.55776	1.896991131721605e-11	2.6681711487665833e-11	1.7089253340041862e-9	5.704659572346032e-19	18.483006497928198
146.80064000000002	1.362547287323614e-11	1.916460879674081e-11	1.227465773973763e-9	2.9985624182709164e-19	19.167342207945072
152.04352	9.786754967609239e-12	1.3765344425126224e-11	8.816506703748156e-10	1.5761583934817733e-19	19.851677917838057
157.28640000000001	7.029536226572934e-12	9.887239031496319e-12	6.332635900353547e-10	8.284951768488635e-20	20.53601362739145
162.52928	5.049117048954886e-12	7.101724035844686e-12	4.548553435373783e-10	4.3549525165109083e-20	21.220349336952214
167.77216	3.6266445529482633e-12	5.10097669755053e-12	3.2671033367042395e-10	2.2891810003830946e-20	21.904685046342156
178.25792	1.9850182318645103e-12	2.792212071201101e-12	1.7878423545298687e-10	7.115301921346176e-21	23.273356462270335
188.74368	1.0938754962988074e-12	1.5386759958722156e-12	9.852526073792393e-11	2.242902603845994e-21	24.6420278777702
199.22944	6.033011405656415e-13	8.486179629199544e-13	5.433958590585447e-11	7.081654041080218e-22	26.01069929428222
209.7152	3.3276861751297756e-13	4.680802796470666e-13	2.997262307692823e-11	2.2363754242703927e-22	27.379370710782304
220.20096	1.8355028931060264e-13	2.581862165927293e-13	1.653245982728842e-11	7.062678244257576e-23	28.7480421278456
230.68672	1.0124374162159154e-13	1.4241186343850955e-13	9.119070743818057e-12	2.2304928595183737e-23	30.116713544920895
241.17248	5.584462069075381e-14	7.855237677451383e-14	5.029950808998081e-12	7.044304160573846e-24	31.485384962296482
251.65824000000003	3.080311174315972e-14	4.332839261667245e-14	2.7744504865219882e-12	2.2247495071457905e-24	32.85405637968362
262.144	1.6990571380849562e-14	2.389934357391926e-14	1.5303485873687522e-12	7.026350958787893e-25	34.222727797228615
272.62976000000003	9.371768883472262e-15	1.3182554035777043e-14	8.441195302812426e-13	2.2191373108894612e-25	35.5913992147812
283.11552	5.16934338882882e-15	7.271321952183444e-15	4.656051303387598e-13	7.008805774454192e-26	36.96007063241612
293.60128000000003	2.8513428987728852e-15	4.010767080236402e-15	2.568217605401888e-13	2.2136516156670147e-26	38.32874205005545
304.08704	1.572764816844043e-15	2.2122885952035704e-15	1.416596459394531e-13	6.991651770104411e-27	39.697413467737526
314.57280000000003	8.67517825135652e-16	1.220271319259991e-15	7.813772631974995e-14	2.2082866192615094e-27	41.06608488542203
325.05856	4.785125364161857e-16	6.730871798276489e-16	4.309984206960285e-14	6.974869452178037e-28	42.43475630312868
335.54432	2.639420148218676e-16	3.7126715308166623e-16	2.3773377241028126e-14	2.2030358789204986e-28	43.80342772083662
356.51584	9.237564495251167e-17	1.299618455097815e-16	8.316281585868704e-15	2.903880608289009e-29	46.54077055620242
377.48736	3.3250464471422025e-17	4.677795298510264e-17	2.9937385315269246e-15	4.05344705130364e-30	49.27811339156518
398.45888	1.2033154342428646e-17	1.6928499650125493e-17	1.0834421712461649e-15	5.718710408849284e-31	52.015456226962606
419.4304	4.358995394400579e-18	6.132319881518594e-18	3.9247698325613375e-16	8.083845184556646e-32	54.75279906236214
440.40192	1.5793110806722355e-18	2.2218052791042036e-18	1.4219872597331846e-16	1.1431313480999301e-32	57.4901418977724
461.37344	5.722167700503635e-19	8.050055723442593e-19	5.152151529295948e-17	1.616621641717963e-33	60.22748473318332
482.34496	2.0732621027626907e-19	2.9167050926286446e-19	1.8667331581648138e-17	2.28629630580818e-34	62.96482756859751
503.31648000000007	7.511849851361686e-20	1.0567815348674292e-19	6.763553248097344e-18	3.233437718004706e-35	65.70217040401187
524.288	2.721689302791512e-20	3.828925098050432e-20	2.4505667951823303e-18	4.573023741637719e-36	68.43951323942724
545.2595200000001	9.861188721581396e-21	1.3872911020785878e-20	8.878860920214233e-19	6.4676867068199535e-37	71.17685607484266
566.23104	3.5728862535248634e-21	5.026405550992406e-21	3.2169710958740983e-19	9.147463711640709e-38	73.91419891025838
587.2025600000001	1.2945189217782122e-21	1.821154302733774e-21	1.1655646251118321e-19	1.293773507699434e-38	76.65154174567412
608.17408	4.690260685665401e-22	6.59834969093122e-22	4.2230373670910106e-20	1.8298743890476243e-39	79.38888458108997
629.1456000000001	1.699358401128451e-22	2.3906903807309086e-22	1.530075684640486e-20	2.5881497502388416e-40	82.12622741650581
650.11712	6.157046724004438e-23	8.661852921935761e-23	5.5437082758866995e-21	3.6606841423662386e-41	84.86357025192164
671.08864	2.2307937244045936e-23	3.138323972907296e-23	2.0085716206278327e-21	5.1777311960248806e-42	87.60091308733747
713.03168	3.450969995986653e-24	4.857340919837125e-24	3.10301890152389e-22	1.4315622587911465e-43	93.07559875816919
754.97472	5.879071382937082e-25	8.274183157076863e-25	5.287831295967799e-23	4.8153110262813756e-45	98.55028442900094
796.91776	1.0514139042440113e-25	1.4796553634875787e-25	9.458301526517965e-24	1.7845708757786303e-46	104.02497009983271
838.8608	1.9213791226173104e-26	2.7038943553500465e-26	1.728541970116922e-24	6.904274983903345e-48	109.49965577066449
880.80384	3.543261659779433e-27	4.986270572766482e-27	3.1877286489870774e-25	2.7200850761445554e-49	114.97434144149626
922.74688	6.558780837498858e-28	9.229837552720177e-28	5.900731683316777e-26	1.0796983953983954e-50	120.44902711232804
964.68992	1.2159310342224954e-28	1.7111149933168737e-28	1.0939401765411307e-26	4.298895210059737e-52	125.92371278315981
1006.6329600000001	2.255617983416052e-29	3.1742090540347144e-29	2.0293218787324972e-27	1.713789748283853e-53	131.3983984539916
1048.576	4.1853503022647225e-30	5.8898153671797016e-30	3.765455378070246e-28	6.835694355299426e-55	136.87308412482338
1090.5190400000001	7.7668014843716995e-31	1.0929795345197253e-30	6.987599661946808e-29	2.7270983525761334e-56	142.34776979565515
1132.46208	1.4413521969742144e-31	2.0283361185679464e-31	1.2967491367642896e-29	1.0880737382387848e-57	147.82245546648693
1174.4051200000001	2.6748828035231656e-32	3.764216240463247e-32	2.4065263690048573e-30	4.341433263771839e-59	153.2971411373187
1216.34816	4.9641144450858915e-33	6.985726695896357e-33	4.466091868074135e-31	1.7322716874834695e-60	158.77182680815045
1258.2912000000001	9.212541394906119e-34	1.29643055769401e-33	8.288297202520281e-32	6.911988963251324e-62	164.24651247898223
1300.23424	1.7096888358258859e-34	2.4059515897815775e-34	1.5381650317474754e-32	2.757988559206277e-63	169.721198149814
1342.17728	3.1728855009168705e-35	4.4650282517830237e-35	2.8545670784887324e-33	1.1004832353793589e-64	175.19588382064578
1426.06336	-1.9855388604456654e-36	-2.7923193862085824e-36	-1.790218469343152e-34	5.762700279890649e-67	186.14525516230933
1509.94944	-5.020376164486628e-37	-7.064675118320175e-37	-4.5175617255797974e-35	4.8829951611818925e-68	197.09462650397288
1593.83552	-5.65226769985037e-38	-7.955403708666545e-38	-5.083291413636124e-36	8.226557646029504e-70	208.04399784563643
1677.7216	-4.406586228577478e-39	-6.203042118676803e-39	-3.9612493751360085e-37	6.647283535646393e-72	218.99336918729998
1761.60768	-2.21420362030756e-40	-3.117680487642518e-40	-1.9888560907670573e-38	2.2296690650803483e-74	229.94274052896353
1845.49376	-1.2069289525825303e-43	-1.81148456230895e-43	-8.636450547125088e-42	5.594549151001721e-81	240.89211187062708
1929.37984	1.5386505640408403e-42	2.1649033966604222e-42	1.3851508603207372e-40	1.9148735738033103e-78	251.84148321229063
2013.2659200000003	2.168173365196146e-43	3.051447143520088e-43	1.9503050117894296e-41	5.051365160752791e-80	262.7908545539542
2097.152	1.9623289214749815e-44	2.7621424164036014e-44	1.764364103303644e-42	5.500960966323018e-82	273.74022589561775
2181.0380800000003	1.231127403748366e-45	1.7332231245223295e-45	1.1063220744229385e-43	2.877956821049376e-84	284.6895972372813
2264.92416	3.4940846399696395e-47	4.922541876301794e-47	3.13308621490831e-45	3.0713209191839385e-87	295.63896857894485
2348.8102400000002	-3.7449037071310094e-48	-5.267360017002192e-48	-3.3747899852275533e-46	4.7416957132455504e-89	306.5883399206084
2432.69632	-7.711221119762696e-49	-1.0851746189872448e-48	-6.938099618112387e-47	2.666742956881847e-90	317.53771126227196
2516.5824000000002	-8.192693401299356e-50	-1.1531216434039952e-49	-7.367542822655251e-48	4.001340564066939e-92	328.4870826039355
2600.46848	-6.081960189691331e-51	-8.56162249483095e-51	-5.466913770233985e-49	2.931600856521738e-94	339.43645394559906
2684.35456	-2.7810188805848693e-52	-3.9160572634178544e-52	-2.4974334572019026e-50	8.140827514353732e-97	350.3858252872626
2852.12672	2.1974075855256707e-52	3.097673465399666e-52	1.9687495691208273e-50	8.707455331831301e-97	372.28456797058976
3019.89888	1.5488110687760307e-53	2.1816382269699844e-53	1.3902362346367943e-51	7.455935804476319e-99	394.18331065391686
3187.67104	3.88522871123353e-55	5.4658702438547915e-55	3.496855837824447e-53	8.098638429208647e-102	416.08205333724396
3355.4432	-1.9660406638311484e-56	-2.773667987180396e-56	-1.7586191240261885e-54	3.516616333427501e-104	437.98079602057106
3523.21536	-2.460211915960011e-57	-3.4663167508416577e-57	-2.2069893128694662e-55	9.508372515819885e-106	459.87953870389816
3690.98752	-1.066116800156478e-58	-1.5010433025883872e-58	-9.578753599054221e-57	3.075020577403038e-108	481.77828138722526
3858.75968	1.202603568240742e-61	1.765481454409196e-61	9.790931138897897e-60	5.515721448903697e-114	503.67702407055236
4026.5318400000006	3.22276039030224e-61	4.5423324170283826e-61	2.8887744166492697e-59	8.243390837782447e-113	525.5757667538794
4194.304	2.1202047760086613e-62	2.986254051968298e-62	1.9033949577179832e-60	6.144135328881945e-115	547.4745094372065
4362.0761600000005	4.682789662895622e-64	6.58628386496453e-64	4.216989979355241e-62	5.1776464885853225e-118	569.3732521205336
4529.84832	-3.1169458100066995e-65	-4.3963623837256805e-65	-2.7894765605107393e-63	3.889528914772365e-120	591.2719948038607
4697.6204800000005	-3.4650994145457896e-66	-4.881924208834071e-66	-3.1087688137379304e-64	8.293784364610036e-122	613.1707374871878
4865.39264	-1.39904482584058e-67	-1.9696344063445285e-67	-1.2572209634587992e-65	2.3287530146313e-124	635.0694801705149
5033.1648000000005	8.552102730077746e-70	1.2146440038378975e-69	7.535818088320916e-68	1.4364328558255763e-128	656.968222853842
5200.93696	4.695642823201813e-70	6.617843155312783e-70	4.209647278620408e-68	7.695560386062333e-129	678.866965537169
5368.70912	2.8887687722809025e-71	4.068555452985346e-71	2.5936488747740343e-69	5.015283789133295e-131	700.7657082204959
5704.25344	1.0833379598937366e-74	1.0514397807902065e-74	1.6503133411313942e-72	5.48051429647791e-137	744.5631935871501
6039.79776	-2.820736327393971e-74	-3.992491745013761e-74	-2.501881972337489e-72	3.3676858509505514e-136	788.3606789538042
6375.34208	-8.009147195311471e-76	-1.12983974233753e-75	-7.160145516152382e-74	7.367530007537645e-139	832.1581643204584
6710.8864	5.46912667827352e-78	7.848194053492788e-78	4.694514869124402e-76	8.458536059461494e-143	875.9556496871126
7046.43072	9.44420963998774e-79	1.3360615175889552e-78	8.38826800255219e-77	7.212556911377643e-144	919.7531350537666
7381.97504	2.1010508592947876e-80	2.961358442373298e-80	1.8822458191883668e-78	9.699017552932805e-147	963.5506204204208
7717.51936	-3.4558234283795717e-82	-4.9196365254481447e-82	-3.024367554995351e-80	6.68766573967822e-150	1007.348105787075
8053.063680000001	-3.0427203682213347e-83	-4.3022508702001985e-83	-2.705833034515148e-81	1.4296764255989806e-151	1051.1455911537291
8388.608	-5.0953835118836005e-85	-7.17172552404306e-85	-4.579478783979043e-83	1.0937000152651095e-154	1094.9430765203833
8724.152320000001	1.5815237859545927e-86	2.2453916700253314e-86	1.3929232287190108e-84	2.7024074273259766e-157	1138.7405618870375
9059.69664	9.458402218105051e-88	1.336692636936219e-87	8.421109855259114e-86	2.6379434333748245e-159	1182.5380472536915
9395.240960000001	1.0826600041329561e-89	1.5198432562714203e-89	9.789029035925079e-88	9.519987866712142e-163	1226.3355326203455
9730.78528	-6.318200959865842e-91	-8.957640161687535e-91	-5.5834014087160746e-89	8.271517896466367e-165	1270.1330179869994
10066.329600000001	-2.8369823924263767e-92	-4.007215743945442e-92	-2.5289370602100087e-90	4.532041733565567e-167	1313.9305033536536
10401.87392	-1.6914928242295554e-94	-2.3563843039061883e-94	-1.556005717943086e-92	4.582163532207685e-171	1357.7279887203078
10737.41824	2.3302658835003865e-95	3.3006666337616356e-95	2.063765669935446e-93	2.152778382622165e-172	1401.5254740869618
11408.50688	6.4975533280675795e-96	9.328827346390302e-96	5.554744269537658e-94	8.876323583347107e-173	1489.12044482027
12079.59552	5.682372803626721e-98	8.04159621598563e-98	5.045703400855126e-96	4.010844922126277e-176	1576.7154155535784
12750.68416	-1.0257598755549625e-99	-1.482202849666978e-99	-8.66920556803736e-98	6.444572366270799e-179	1664.3103862868868
13421.7728	-2.432061093103036e-101	-3.4674756388027326e-101	-2.1190557231150532e-99	2.0938759079539474e-181	1751.905357020195
14092.86144	1.0555888495110061e-104	1.9778458499992383e-104	2.7443771072468365e-103	1.909502649317642e-188	1839.5003277535034
14763.95008	6.137397132132217e-105	8.796216917029052e-105	5.283529038656733e-103	3.8480207515920026e-187	1927.0952984868115
15435.03872	5.886421952390924e-107	8.321686898346855e-107	5.2245014597551616e-105	2.0456620243945925e-190	2014.6902692201197
16106.127360000002	-9.326611348912303e-109	-1.348169879012792e-108	-7.87185250809684e-107	2.524950063618732e-193	2102.2852399534277
16777.216	-2.3943349100234036e-110	-3.414613870215022e-110	-2.0844219696286714e-108	9.625534760001263e-196	2189.880210686736
17448.304640000002	-8.505679115088387e-114	-7.646154153491196e-114	-1.3545069604988659e-111	2.2098904500593897e-201	2277.4751814200445
18119.39328	5.853723717885218e-114	8.393043782071474e-114	5.034532613357782e-112	1.6598974553570216e-201	2365.0701521533524
18790.481920000002	6.074721426297381e-116	8.597071422606135e-116	5.379124919973698e-114	1.0302458677499084e-204	2452.665122886661
19461.57056	-8.434496695922255e-118	-1.220637655491763e-117	-7.099356523496196e-116	9.756864493241766e-208	2540.260093619969
20132.659200000002	-2.3516719748861082e-119	-3.3551512805355755e-119	-2.0453931122396014e-117	4.403323139588747e-210	2627.855064353277
20803.74784	-2.6359956486283173e-122	-3.332170900001818e-122	-2.8796546202992777e-120	4.7452867717834e-215	2715.450035086585
21474.83648	5.569053185403159e-123	7.988353754105297e-123	4.784949282107776e-121	7.123460409669742e-216	2803.045005819893
22817.01376	8.070726294488196e-124	1.230726146604302e-123	5.814152909640774e-122	2.1380292389620864e-216	2978.2349472865094
24159.19104	1.6790111017551806e-126	2.398134749103346e-126	1.4686876954455701e-124	2.3860173456065803e-220	3153.4248887531257
25501.36832	-2.636479120226551e-128	-4.100999323802206e-128	-1.899070160299431e-126	6.634366236624337e-223	3328.6148302197425
26843.5456	-1.4287688815503278e-130	-2.0962754274618005e-130	-1.1611365369970786e-128	4.0601180669764825e-226	3503.804771686359
28185.72288	6.656861393058061e-133	1.0663142120050935e-132	4.531415524779843e-131	1.0073870234431772e-229	3678.9947131529752
29527.90016	7.897532035695758e-135	1.1786875517301836e-134	6.189638571302925e-133	3.0575749462376213e-232	3854.184654619592
30870.07744	-4.630224519901293e-138	-9.805765801757944e-138	-8.702939574483054e-137	9.828845132889523e-239	4029.3745960862084
32212.254720000004	-3.4440387192405245e-139	-5.21659031254657e-139	-2.6210050645160065e-137	1.4493438766055754e-238	4204.564537552825
33554.432	-8.155748966909207e-142	-1.120344419872425e-141	-7.311114964094148e-140	1.8333705363091706e-242	4379.7544790194415
34896.609280000004	1.2052349387016775e-143	1.8581884279682999e-143	8.850788778942723e-142	4.3680626260794144e-245	4554.944420486058
36238.78656	6.950942097499594e-146	1.01442969080168e-145	5.658302533619008e-144	2.902267701055011e-248	4730.134361952675
37580.963840000004	-3.018638548185948e-148	-4.8204901068500174e-148	-2.05474006713874e-146	6.221837404043169e-252	4905.324303419291
38923.14112	-3.7992493627302294e-150	-5.666503306459679e-150	-2.974784373218479e-148	2.120095613308005e-254	5080.514244885908
40265.318400000004	1.532687614796374e-153	3.61934259158443e-153	-9.49872228256814e-153	3.514102181663323e-262	5255.704186352525
41607.49568	1.6382427897707507e-154	2.4824843303398147e-154	1.244800431038144e-152	9.811219494351739e-261	5430.8941278191405
42949.67296	4.1551593723503164e-157	5.752733692858602e-157	3.6854933259743025e-155	1.398151755164429e-264	5606.084069285756
45634.02752	-5.442816895504009e-159	-1.8124783069797534e-158	4.903997260015688e-159	1.808124462041823e-268	5956.46395221899
48318.38208	-7.479136181393775e-163	-2.5893222733780303e-162	8.905973364908067e-161	1.0595469402667164e-271	6306.843835152224
51002.73664	2.3657352908346886e-164	9.69905050527818e-164	3.675741819456575e-163	4.280037279328529e-275	6657.223718085456
53687.0912	-2.3140772300928486e-168	1.0398578250392793e-167	-5.601931575507866e-166	5.291418005649733e-279	7007.603601018689
56371.44576	-1.1051978951724794e-169	-5.2397323196472276e-169	-2.2730475981872085e-168	7.153405474295955e-282	7357.983483951923
59055.80032	1.0553218840325729e-173	-7.391686010264253e-173	6.99778417964508e-172	8.202028530371343e-287	7708.363366885155
61740.15488	4.564476224662879e-175	2.719756350176771e-174	5.218959957176575e-174	9.42122965274587e-289	8058.743249818389
64424.50944000001	-1.202053559358165e-179	5.421765301780937e-178	4.6410999913665813e-178	7.066617652573759e-294	8409.123132751622
67108.864	-1.5566142070038776e-180	-1.3564272893604167e-179	8.21074118709857e-180	1.004591630381824e-295	8759.503015684855
69793.21856000001	1.9156335068547255e-184	-3.2251715961481762e-183	1.91653948077318e-182	7.801540259509739e-300	9109.882898618089
72477.57312	4.597657705989741e-186	6.681904997390064e-185	-9.420185331157643e-185	8.476737039149868e-303	9460.262781551322
75161.92768000001	-2.504309612903425e-189	1.7336277956208042e-188	-1.7982419191762358e-187	2.2624271921922703e-306	9810.642664484556
77846.28224	-1.3895881364093155e-191	-3.3224725406042664e-190	2.609797211844376e-190	5.1217134852858e-310	10161.022547417788
80530.63680000001	1.4834933546473638e-194	-9.782038240864219e-194	5.7373451628436545e-193	4.2249031728e-313	10511.40243035102
83214.99136	4.918439409321333e-197	1.6685434598801249e-195	-1.6121911352740634e-196	1.5201214e-317	10861.782313284253
85899.34592	-4.658035428327033e-200	5.974222164258398e-199	4.508764583395502e-199	6.05e-320	11212.162196217485
91268.05504	-1.9942335431426768e-200	2.5631732863988015e-199	6.219191552795183e-199	1.265e-320	11912.921962083952
96636.76416	1.6065686844511846e-204	8.727274930668255e-204	1.6620170575770073e-202	0.0	12613.681727950418
102005.47328	3.0756827754631337e-206	-6.536712823053432e-205	-4.812553134299859e-205	0.0	13314.441493816885
107374.1824	-1.5352787765147894e-210	-4.007807902870579e-209	7.423207640215242e-209	0.0	14015.201259683352
112742.89152	-6.273342391407513e-212	1.637739627772887e-210	-6.621861627810111e-211	0.0	14715.96102554982
118111.60064	-4.484288333372218e-216	1.4037111926256945e-214	-5.3174476739374754e-214	0.0	15416.720791416285
123480.30976	1.1606514822845746e-217	-4.12327279793679e-216	2.8592156475330024e-217	0.0	16117.480557282752
128849.01888000002	7.489600820103718e-222	-4.782803993250711e-220	-2.7990159238439886e-220	0.0	16818.240323149217
134217.728	-2.0376865669638454e-223	1.0395393726324544e-221	4.958170329139585e-223	0.0	17519.000089015684
139586.43712000002	-9.078012479646009e-228	1.521232868017009e-225	7.828690723254858e-226	0.0	18219.75985488215
144955.14624	3.664702955427021e-229	-2.6181325637718177e-227	-8.640974808007416e-230	0.0	18920.51962074862
150323.85536000002	2.995038740384666e-233	-4.5911510590234887e-231	5.45475318839371e-232	0.0	19621.279386615086
155692.56448	-6.614905779493713e-235	6.5912580749810564e-233	-1.2397697691094802e-235	0.0	20322.039152481553
161061.27360000001	-7.69536914973095e-239	1.348726015813452e-236	-8.365634618870808e-238	0.0	21022.79891834802
166429.98272	1.1910255303101395e-240	-1.6588625281961864e-238	-7.966011637069904e-243	0.0	21723.558684214488
171798.69184	1.55343457728987e-244	-3.886301521527886e-242	-7.488474783861262e-244	0.0	22424.31845008095
182536.11008	6.664003594130749e-245	-1.7016854463582708e-242	-2.509157843111339e-244	0.0	23825.837981813886
193273.52832	3.4677940514865233e-250	-1.9886997073837886e-247	-1.667145501141357e-248	0.0	25227.35751354682
204010.94656	-6.0180651806420375e-251	2.146154375615926e-248	-8.753300310017093e-252	0.0	26628.877045279754
214748.3648	-1.0594203189548289e-255	5.629368999072691e-253	-1.0958777257251383e-254	0.0	28030.39657701269
225485.78304	5.441579452961071e-257	-2.7062558995469857e-254	1.5085731482324287e-257	0.0	29431.91610874562
236223.20128	1.5141968404825316e-261	-1.1038317133100578e-258	-7.685087771399813e-262	0.0	30833.43564047855
246960.61952	-4.8999086783149766e-263	3.4119948683815385e-260	4.5588953476993565e-264	0.0	32234.955172211485
257698.03776000004	-1.8600202569863068e-267	1.8887954716104751e-264	1.320233700096657e-267	0.0	33636.47470394442
268435.456	4.4163981064602675e-269	-4.301044410826092e-266	2.3352948123033402e-271	0.0	35037.99423567735
279172.87424000003	2.142459067561841e-273	-3.0082502519198597e-270	5.479097981823441e-274	0.0	36439.51376741028
289910.29248	-3.9800885601556554e-275	5.4208374407878964e-272	-2.0177849201776285e-277	0.0	37841.033299143215
300647.71072000003	-2.345274272975664e-279	4.583233338440073e-276	4.2728205852752573e-281	0.0	39242.55283087615
311385.12896	3.586194691050137e-281	-6.831021245725173e-278	-5.80173230264969e-284	0.0	40644.07236260908
322122.54720000003	2.4872008786624634e-285	-6.775048534034552e-282	-3.84323307395072e-287	0.0	42045.59189434201
332859.96544	-3.230954787668285e-287	8.606597735314241e-284	-3.2735044003783125e-291	0.0	43447.111426074945
343597.38368	-2.5788206394117957e-291	9.798080602513424e-288	-1.55067576365555e-293	0.0	44848.63095780788
365072.22016	-1.121358643883818e-291	4.273026027467339e-288	-2.91255964318247e-294	0.0	47651.67002127375
386547.05664	-4.6693799973742935e-297	2.490612653166924e-293	-4.610107888953349e-299	0.0	50454.70908473962
408021.89312	5.055204066950107e-298	-2.6947732404721523e-294	-1.1761559240247094e-301	0.0	53257.74814820548
429496.7296	4.7338178123043724e-303	-3.5312148677666147e-299	-1.1576960136616362e-305	0.0	56060.78721167134
450971.56608	-2.278808705311545e-304	1.6993094182849326e-300	1.7046330214793e-309	0.0	58863.826275137195
472446.40256	-3.319215415538407e-309	3.4633258967276656e-305	-1.12934581565e-312	0.0	61666.86533860306
493921.23904	1.0271906462913e-310	-1.0714853624514124e-306	7.19950117e-316	0.0	64469.90440206892
515396.0755200001	2.0305787e-315	-2.9637756214275e-311	-4.3947e-320	0.0	67272.94346553477
536870.912	-4.629863e-317	6.75559402876e-313	6.4e-323	0.0	70075.98252900064
558345.7484800001	-1.156e-321	2.3606837e-317	0.0	0.0	72879.02159246651
579820.58496	2.0e-323	-4.25894e-319	0.0	0.0	75682.06065593236
601295.4214400001	0.0	-2.0e-323	0.0	0.0	78485.09971939823
622770.25792	0.0	0.0	0.0	0.0	81288.1387828641
644245.0944000001	0.0	0.0	0.0	0.0	84091.17784632996
665719.93088	0.0	0.0	0.0	0.0	86894.21690979581
687194.76736	0.0	0.0	0.0	0.0	89697.25597326168
730144.44032	0.0	0.0	0.0	0.0	95303.33410019342
773094.11328	0.0	0.0	0.0	0.0	100909.41222712514
816043.78624	0.0	0.0	0.0	0.0	106515.49035405686
858993.4592	0.0	0.0	0.0	0.0	112121.56848098857
901943.13216	0.0	0.0	0.0	0.0	117727.64660792031
944892.80512	0.0	0.0	0.0	0.0	123333.72473485205
987842.47808	0.0	0.0	0.0	0.0	128939.80286178378
1.0307921510400001e6	0.0	0.0	0.0	0.0	134545.8809887155
1.073741824e6	0.0	0.0	0.0	0.0	140151.95911564725
1.1166914969600001e6	0.0	0.0	0.0	0.0	145758.03724257895
1.15964116992e6	0.0	0.0	0.0	0.0	151364.1153695107
1.2025908428800001e6	0.0	0.0	0.0	0.0	156970.1934964424
1.24554051584e6	0.0	0.0	0.0	0.0	162576.27162337414
1.2884901888000001e6	0.0	0.0	0.0	0.0	168182.34975030588
1.33143986176e6	0.0	0.0	0.0	0.0	173788.4278772376
1.37438953472e6	0.0	0.0	0.0	0.0	179394.50600416935
1.46028888064e6	0.0	0.0	0.0	0.0	190606.66225803283
1.54618822656e6	0.0	0.0	0.0	0.0	201818.81851189627
1.63208757248e6	0.0	0.0	0.0	0.0	213030.97476575972
1.7179869184e6	0.0	0.0	0.0	0.0	224243.1310196232
1.80388626432e6	0.0	0.0	0.0	0.0	235455.28727348664
1.88978561024e6	0.0	0.0	0.0	0.0	246667.4435273501
1.97568495616e6	0.0	0.0	0.0	0.0	257879.59978121356
2.0615843020800003e6	0.0	0.0	0.0	0.0	269091.756035077
2.147483648e6	0.0	0.0	0.0	0.0	280303.91228894045
2.2333829939200003e6	0.0	0.0	0.0	0.0	291516.0685428039
2.31928233984e6	0.0	0.0	0.0	0.0	302728.2247966674
2.4051816857600003e6	0.0	0.0	0.0	0.0	313940.3810505309
2.49108103168e6	0.0	0.0	0.0	0.0	325152.5373043943
2.5769803776000002e6	0.0	0.0	0.0	0.0	336364.6935582577
2.66287972352e6	0.0	0.0	0.0	0.0	347576.8498121212
2.74877906944e6	0.0	0.0	0.0	0.0	358789.00606598466
2.92057776128e6	0.0	0.0	0.0	0.0	381213.3185737116
3.09237645312e6	0.0	0.0	0.0	0.0	403637.6310814385
3.26417514496e6	0.0	0.0	0.0	0.0	426061.94358916546
3.4359738368e6	0.0	0.0	0.0	0.0	448486.2560968924
3.60777252864e6	0.0	0.0	0.0	0.0	470910.56860461936
3.77957122048e6	0.0	0.0	0.0	0.0	493334.88111234625
3.95136991232e6	0.0	0.0	0.0	0.0	515759.1936200732
4.1231686041600006e6	0.0	0.0	0.0	0.0	538183.5061278001
4.294967296e6	0.0	0.0	0.0	0.0	560607.818635527
4.466765987840001e6	0.0	0.0	0.0	0.0	583032.131143254
4.63856467968e6	0.0	0.0	0.0	0.0	605456.443650981
4.8103633715200005e6	0.0	0.0	0.0	0.0	627880.7561587079
4.98216206336e6	0.0	0.0	0.0	0.0	650305.0686664348
5.1539607552000005e6	0.0	0.0	0.0	0.0	672729.3811741618
5.32575944704e6	0.0	0.0	0.0	0.0	695153.6936818887
5.49755813888e6	0.0	0.0	0.0	0.0	717578.0061896156
5.84115552256e6	0.0	0.0	0.0	0.0	762426.6312050694
6.18475290624e6	0.0	0.0	0.0	0.0	807275.2562205233
6.52835028992e6	0.0	0.0	0.0	0.0	852123.881235977
6.8719476736e6	0.0	0.0	0.0	0.0	896972.5062514308
7.21554505728e6	0.0	0.0	0.0	0.0	941821.1312668847
7.55914244096e6	0.0	0.0	0.0	0.0	986669.7562823385
7.90273982464e6	0.0	0.0	0.0	0.0	1.0315183812977923e6
8.246337208320001e6	0.0	0.0	0.0	0.0	1.0763670063132462e6
8.589934592e6	0.0	0.0	0.0	0.0	1.1212156313287e6
8.933531975680001e6	0.0	0.0	0.0	0.0	1.166064256344154e6
9.27712935936e6	0.0	0.0	0.0	0.0	1.2109128813596077e6
9.620726743040001e6	0.0	0.0	0.0	0.0	1.2557615063750613e6
9.96432412672e6	0.0	0.0	0.0	0.0	1.300610131390515e6
1.0307921510400001e7	0.0	0.0	0.0	0.0	1.345458756405969e6
1.065151889408e7	0.0	0.0	0.0	0.0	1.3903073814214226e6
1.099511627776e7	0.0	0.0	0.0	0.0	1.4351560064368763e6
1.168231104512e7	0.0	0.0	0.0	0.0	1.5248532564677836e6
1.236950581248e7	0.0	0.0	0.0	0.0	1.6145505064986914e6
1.305670057984e7	0.0	0.0	0.0	0.0	1.7042477565295992e6
1.37438953472e7	0.0	0.0	0.0	0.0	1.793945006560507e6
1.443109011456e7	0.0	0.0	0.0	0.0	1.8836422565914148e6
1.511828488192e7	0.0	0.0	0.0	0.0	1.9733395066223224e6
1.580547964928e7	0.0	0.0	0.0	0.0	2.0630367566532302e6
1.6492674416640002e7	0.0	0.0	0.0	0.0	2.152734006684138e6
1.7179869184e7	0.0	0.0	0.0	0.0	2.242431256715046e6
1.7867063951360002e7	0.0	0.0	0.0	0.0	2.3321285067459536e6
1.855425871872e7	0.0	0.0	0.0	0.0	2.4218257567768614e6
1.9241453486080002e7	0.0	0.0	0.0	0.0	2.5115230068077687e6
1.992864825344e7	0.0	0.0	0.0	0.0	2.601220256838676e6
2.0615843020800002e7	0.0	0.0	0.0	0.0	2.6909175068695834e6
2.130303778816e7	0.0	0.0	0.0	0.0	2.7806147569004907e6
2.199023255552e7	0.0	0.0	0.0	0.0	2.870312006931398e6
2.336462209024e7	0.0	0.0	0.0	0.0	3.0497065069932137e6
2.473901162496e7	0.0	0.0	0.0	0.0	3.2291010070550293e6
2.611340115968e7	0.0	0.0	0.0	0.0	3.4084955071168444e6
2.74877906944e7	0.0	0.0	0.0	0.0	3.5878900071786596e6
2.886218022912e7	0.0	0.0	0.0	0.0	3.767284507240475e6
3.023656976384e7	0.0	0.0	0.0	0.0	3.9466790073022903e6
3.161095929856e7	0.0	0.0	0.0	0.0	4.1260735073641054e6
3.2985348833280005e7	0.0	0.0	0.0	0.0	4.305468007425921e6
3.4359738368e7	0.0	0.0	0.0	0.0	4.484862507487737e6
3.5734127902720004e7	0.0	0.0	0.0	0.0	4.664257007549552e6
3.710851743744e7	0.0	0.0	0.0	0.0	4.843651507611367e6
3.8482906972160004e7	0.0	0.0	0.0	0.0	5.023046007673182e6
3.985729650688e7	0.0	0.0	0.0	0.0	5.202440507734997e6
4.1231686041600004e7	0.0	0.0	0.0	0.0	5.381835007796813e6
4.260607557632e7	0.0	0.0	0.0	0.0	5.561229507858628e6
4.398046511104e7	0.0	0.0	0.0	0.0	5.740624007920444e6
4.672924418048e7	0.0	0.0	0.0	0.0	6.099413008044074e6
4.947802324992e7	0.0	0.0	0.0	0.0	6.458202008167705e6
5.222680231936e7	0.0	0.0	0.0	0.0	6.816991008291336e6
5.49755813888e7	0.0	0.0	0.0	0.0	7.175780008414966e6
5.772436045824e7	0.0	0.0	0.0	0.0	7.534569008538597e6
6.047313952768e7	0.0	0.0	0.0	0.0	7.893358008662228e6
6.322191859712e7	0.0	0.0	0.0	0.0	8.252147008785858e6
6.597069766656001e7	0.0	0.0	0.0	0.0	8.610936008909488e6
6.8719476736e7	0.0	0.0	0.0	0.0	8.96972500903312e6
7.146825580544001e7	0.0	0.0	0.0	0.0	9.32851400915675e6
7.421703487488e7	0.0	0.0	0.0	0.0	9.687303009280382e6
7.696581394432001e7	0.0	0.0	0.0	0.0	1.0046092009404011e7
7.971459301376e7	0.0	0.0	0.0	0.0	1.0404881009527642e7
8.246337208320001e7	0.0	0.0	0.0	0.0	1.0763670009651273e7
8.521215115264e7	0.0	0.0	0.0	0.0	1.1122459009774905e7
8.796093022208e7	0.0	0.0	0.0	0.0	1.1481248009898536e7
9.345848836096e7	0.0	0.0	0.0	0.0	1.2198826010145798e7
9.895604649984e7	0.0	0.0	0.0	0.0	1.2916404010393059e7
1.0445360463872e8	0.0	0.0	0.0	0.0	1.3633982010640321e7
1.099511627776e8	0.0	0.0	0.0	0.0	1.4351560010887584e7
1.1544872091648e8	0.0	0.0	0.0	0.0	1.5069138011134846e7
1.2094627905536e8	0.0	0.0	0.0	0.0	1.5786716011382107e7
1.2644383719424e8	0.0	0.0	0.0	0.0	1.650429401162937e7
1.3194139533312002e8	0.0	0.0	0.0	0.0	1.722187201187663e7
1.37438953472e8	0.0	0.0	0.0	0.0	1.7939450012123894e7
1.4293651161088002e8	0.0	0.0	0.0	0.0	1.8657028012371156e7
1.4843406974976e8	0.0	0.0	0.0	0.0	1.937460601261842e7
1.5393162788864002e8	0.0	0.0	0.0	0.0	2.009218401286568e7
1.5942918602752e8	0.0	0.0	0.0	0.0	2.080976201311294e7
1.6492674416640002e8	0.0	0.0	0.0	0.0	2.1527340013360202e7
1.7042430230528e8	0.0	0.0	0.0	0.0	2.2244918013607465e7
1.7592186044416e8	0.0	0.0	0.0	0.0	2.2962496013854723e7
1.8691697672192e8	0.0	0.0	0.0	0.0	2.4397652014349245e7
1.9791209299968e8	0.0	0.0	0.0	0.0	2.5832808014843766e7
2.0890720927744e8	0.0	0.0	0.0	0.0	2.726796401533829e7
2.199023255552e8	0.0	0.0	0.0	0.0	2.870312001583281e7
2.3089744183296e8	0.0	0.0	0.0	0.0	3.0138276016327336e7
2.4189255811072e8	0.0	0.0	0.0	0.0	3.1573432016821858e7
2.5288767438848e8	0.0	0.0	0.0	0.0	3.300858801731638e7
2.6388279066624004e8	0.0	0.0	0.0	0.0	3.44437440178109e7
2.74877906944e8	0.0	0.0	0.0	0.0	3.587890001830543e7
2.8587302322176003e8	0.0	0.0	0.0	0.0	3.731405601879995e7
2.9686813949952e8	0.0	0.0	0.0	0.0	3.874921201929448e7
3.0786325577728003e8	0.0	0.0	0.0	0.0	4.0184368019789e7
3.1885837205504e8	0.0	0.0	0.0	0.0	4.161952402028353e7
3.2985348833280003e8	0.0	0.0	0.0	0.0	4.3054680020778045e7
3.4084860461056e8	0.0	0.0	0.0	0.0	4.448983602127256e7
3.5184372088832e8	0.0	0.0	0.0	0.0	4.592499202176709e7
3.7383395344384e8	0.0	0.0	0.0	0.0	4.879530402275614e7
3.9582418599936e8	0.0	0.0	0.0	0.0	5.166561602374518e7
4.1781441855488e8	0.0	0.0	0.0	0.0	5.453592802473423e7
4.398046511104e8	0.0	0.0	0.0	0.0	5.740624002572328e7
4.6179488366592e8	0.0	0.0	0.0	0.0	6.027655202671233e7
4.8378511622144e8	0.0	0.0	0.0	0.0	6.314686402770137e7
5.0577534877696e8	0.0	0.0	0.0	0.0	6.601717602869041e7
5.277655813324801e8	0.0	0.0	0.0	0.0	6.888748802967945e7
5.49755813888e8	0.0	0.0	0.0	0.0	7.175780003066848e7
5.717460464435201e8	0.0	0.0	0.0	0.0	7.462811203165753e7
5.9373627899904e8	0.0	0.0	0.0	0.0	7.749842403264658e7
6.157265115545601e8	0.0	0.0	0.0	0.0	8.036873603363562e7
6.3771674411008e8	0.0	0.0	0.0	0.0	8.323904803462467e7
6.597069766656001e8	0.0	0.0	0.0	0.0	8.610936003561372e7
6.8169720922112e8	0.0	0.0	0.0	0.0	8.897967203660275e7
7.0368744177664e8	0.0	0.0	0.0	0.0	9.18499840375918e7
7.4766790688768e8	0.0	0.0	0.0	0.0	9.759060803956988e7
7.9164837199872e8	0.0	0.0	0.0	0.0	1.0333123204154797e8
8.3562883710976e8	0.0	0.0	0.0	0.0	1.0907185604352607e8
8.796093022208e8	0.0	0.0	0.0	0.0	1.1481248004550415e8
9.2358976733184e8	0.0	0.0	0.0	0.0	1.2055310404748225e8
9.6757023244288e8	0.0	0.0	0.0	0.0	1.2629372804946034e8
1.01155069755392e9	0.0	0.0	0.0	0.0	1.3203435205143842e8
1.0555311626649601e9	0.0	0.0	0.0	0.0	1.377749760534165e8
1.099511627776e9	0.0	0.0	0.0	0.0	1.435156000553946e8
1.1434920928870401e9	0.0	0.0	0.0	0.0	1.492562240573727e8
1.18747255799808e9	0.0	0.0	0.0	0.0	1.549968480593508e8
1.2314530231091201e9	0.0	0.0	0.0	0.0	1.6073747206132886e8
1.27543348822016e9	0.0	0.0	0.0	0.0	1.6647809606330696e8
1.3194139533312001e9	0.0	0.0	0.0	0.0	1.7221872006528503e8
1.36339441844224e9	0.0	0.0	0.0	0.0	1.779593440672631e8
1.40737488355328e9	0.0	0.0	0.0	0.0	1.836999680692412e8
1.49533581377536e9	0.0	0.0	0.0	0.0	1.951812160731974e8
1.58329674399744e9	0.0	0.0	0.0	0.0	2.0666246407715362e8
1.67125767421952e9	0.0	0.0	0.0	0.0	2.181437120811098e8
1.7592186044416e9	0.0	0.0	0.0	0.0	2.29624960085066e8
1.84717953466368e9	0.0	0.0	0.0	0.0	2.411062080890222e8
1.93514046488576e9	0.0	0.0	0.0	0.0	2.525874560929784e8
2.02310139510784e9	0.0	0.0	0.0	0.0	2.6406870409693456e8
2.1110623253299203e9	0.0	0.0	0.0	0.0	2.7554995210089076e8
2.199023255552e9	0.0	0.0	0.0	0.0	2.870312001048469e8
2.2869841857740803e9	0.0	0.0	0.0	0.0	2.985124481088031e8
2.37494511599616e9	0.0	0.0	0.0	0.0	3.0999369611275923e8
2.4629060462182403e9	0.0	0.0	0.0	0.0	3.2147494411671543e8
2.55086697644032e9	0.0	0.0	0.0	0.0	3.3295619212067163e8
2.6388279066624002e9	0.0	0.0	0.0	0.0	3.444374401246278e8
2.72678883688448e9	0.0	0.0	0.0	0.0	3.55918688128584e8
2.81474976710656e9	0.0	0.0	0.0	0.0	3.673999361325402e8
2.99067162755072e9	0.0	0.0	0.0	0.0	3.903624321404526e8
3.16659348799488e9	0.0	0.0	0.0	0.0	4.1332492814836496e8
3.34251534843904e9	0.0	0.0	0.0	0.0	4.3628742415627736e8
3.5184372088832e9	0.0	0.0	0.0	0.0	4.592499201641897e8
3.69435906932736e9	0.0	0.0	0.0	0.0	4.8221241617210203e8
3.87028092977152e9	0.0	0.0	0.0	0.0	5.051749121800144e8
4.04620279021568e9	0.0	0.0	0.0	0.0	5.2813740818792677e8
4.2221246506598406e9	0.0	0.0	0.0	0.0	5.510999041958392e8
4.398046511104e9	0.0	0.0	0.0	0.0	5.740624002037516e8
4.573968371548161e9	0.0	0.0	0.0	0.0	5.970248962116638e8
4.74989023199232e9	0.0	0.0	0.0	0.0	6.199873922195762e8
4.9258120924364805e9	0.0	0.0	0.0	0.0	6.429498882274886e8
5.10173395288064e9	0.0	0.0	0.0	0.0	6.659123842354009e8
5.2776558133248005e9	0.0	0.0	0.0	0.0	6.888748802433133e8
5.45357767376896e9	0.0	0.0	0.0	0.0	7.118373762512257e8
5.62949953421312e9	0.0	0.0	0.0	0.0	7.34799872259138e8
5.98134325510144e9	0.0	0.0	0.0	0.0	7.807248642749627e8
6.33318697598976e9	0.0	0.0	0.0	0.0	8.266498562907875e8
6.68503069687808e9	0.0	0.0	0.0	0.0	8.725748483066121e8
7.0368744177664e9	0.0	0.0	0.0	0.0	9.184998403224368e8
7.38871813865472e9	0.0	0.0	0.0	0.0	9.644248323382616e8
7.74056185954304e9	0.0	0.0	0.0	0.0	1.0103498243540863e9
8.09240558043136e9	0.0	0.0	0.0	0.0	1.056274816369911e9
8.444249301319681e9	0.0	0.0	0.0	0.0	1.1021998083857358e9
8.796093022208e9	0.0	0.0	0.0	0.0	1.1481248004015603e9
9.147936743096321e9	0.0	0.0	0.0	0.0	1.194049792417385e9
9.49978046398464e9	0.0	0.0	0.0	0.0	1.23997478443321e9
9.851624184872961e9	0.0	0.0	0.0	0.0	1.2858997764490347e9
1.020346790576128e10	0.0	0.0	0.0	0.0	1.3318247684648595e9
1.0555311626649601e10	0.0	0.0	0.0	0.0	1.377749760480684e9
1.090715534753792e10	0.0	0.0	0.0	0.0	1.4236747524965086e9
1.125899906842624e10	0.0	0.0	0.0	0.0	1.4695997445123334e9
1.196268651020288e10	0.0	0.0	0.0	0.0	1.561449728543983e9
1.266637395197952e10	0.0	0.0	0.0	0.0	1.6532997125756323e9
1.337006139375616e10	0.0	0.0	0.0	0.0	1.745149696607282e9
1.40737488355328e10	0.0	0.0	0.0	0.0	1.8369996806389315e9
1.477743627730944e10	0.0	0.0	0.0	0.0	1.928849664670581e9
1.548112371908608e10	0.0	0.0	0.0	0.0	2.0206996487022305e9
1.618481116086272e10	0.0	0.0	0.0	0.0	2.1125496327338798e9
1.6888498602639362e10	0.0	0.0	0.0	0.0	2.204399616765529e9
1.7592186044416e10	0.0	0.0	0.0	0.0	2.2962496007971787e9
1.8295873486192642e10	0.0	0.0	0.0	0.0	2.388099584828828e9
1.899956092796928e10	0.0	0.0	0.0	0.0	2.4799495688604774e9
1.9703248369745922e10	0.0	0.0	0.0	0.0	2.571799552892127e9
2.040693581152256e10	0.0	0.0	0.0	0.0	2.663649536923776e9
2.1110623253299202e10	0.0	0.0	0.0	0.0	2.7554995209554257e9
2.181431069507584e10	0.0	0.0	0.0	0.0	2.8473495049870753e9
2.251799813685248e10	0.0	0.0	0.0	0.0	2.9391994890187244e9
2.392537302040576e10	0.0	0.0	0.0	0.0	3.122899457082023e9
2.533274790395904e10	0.0	0.0	0.0	0.0	3.3065994251453223e9
2.674012278751232e10	0.0	0.0	0.0	0.0	3.490299393208621e9
2.81474976710656e10	0.0	0.0	0.0	0.0	3.6739993612719197e9
2.955487255461888e10	0.0	0.0	0.0	0.0	3.857699329335219e9
3.096224743817216e10	0.0	0.0	0.0	0.0	4.0413992973985176e9
3.236962232172544e10	0.0	0.0	0.0	0.0	4.2250992654618163e9
3.3776997205278725e10	0.0	0.0	0.0	0.0	4.408799233525115e9
3.5184372088832e10	0.0	0.0	0.0	0.0	4.592499201588414e9
3.6591746972385284e10	0.0	0.0	0.0	0.0	4.776199169651712e9
3.799912185593856e10	0.0	0.0	0.0	0.0	4.959899137715012e9
3.9406496739491844e10	0.0	0.0	0.0	0.0	5.143599105778311e9
4.081387162304512e10	0.0	0.0	0.0	0.0	5.327299073841609e9
4.2221246506598404e10	0.0	0.0	0.0	0.0	5.510999041904908e9
4.362862139015168e10	0.0	0.0	0.0	0.0	5.694699009968207e9
4.503599627370496e10	0.0	0.0	0.0	0.0	5.878398978031506e9
4.785074604081152e10	0.0	0.0	0.0	0.0	6.245798914158104e9
5.066549580791808e10	0.0	0.0	0.0	0.0	6.613198850284701e9
5.348024557502464e10	0.0	0.0	0.0	0.0	6.980598786411299e9
5.62949953421312e10	0.0	0.0	0.0	0.0	7.347998722537895e9
5.910974510923776e10	0.0	0.0	0.0	0.0	7.715398658664494e9
6.192449487634432e10	0.0	0.0	0.0	0.0	8.082798594791092e9
6.473924464345088e10	0.0	0.0	0.0	0.0	8.45019853091769e9
6.755399441055745e10	0.0	0.0	0.0	0.0	8.817598467044289e9
7.0368744177664e10	0.0	0.0	0.0	0.0	9.184998403170887e9
7.318349394477057e10	0.0	0.0	0.0	0.0	9.552398339297485e9
7.599824371187712e10	0.0	0.0	0.0	0.0	9.919798275424082e9
7.881299347898369e10	0.0	0.0	0.0	0.0	1.028719821155068e10
8.162774324609024e10	0.0	0.0	0.0	0.0	1.0654598147677279e10
8.444249301319681e10	0.0	0.0	0.0	0.0	1.1021998083803877e10
8.725724278030336e10	0.0	0.0	0.0	0.0	1.1389398019930475e10
9.007199254740993e10	0.0	0.0	0.0	0.0	1.1756797956057074e10
9.570149208162305e10	0.0	0.0	0.0	0.0	1.2491597828310268e10
1.0133099161583617e11	0.0	0.0	0.0	0.0	1.3226397700563463e10
1.0696049115004929e11	0.0	0.0	0.0	0.0	1.396119757281666e10
1.125899906842624e11	0.0	0.0	0.0	0.0	1.4695997445069855e10
1.1821949021847552e11	0.0	0.0	0.0	0.0	1.5430797317323051e10
1.2384898975268864e11	0.0	0.0	0.0	0.0	1.6165597189576248e10
1.2947848928690176e11	0.0	0.0	0.0	0.0	1.6900397061829441e10
1.351079888211149e11	0.0	0.0	0.0	0.0	1.7635196934082634e10
1.40737488355328e11	0.0	0.0	0.0	0.0	1.836999680633583e10
1.4636698788954114e11	0.0	0.0	0.0	0.0	1.9104796678589027e10
1.5199648742375424e11	0.0	0.0	0.0	0.0	1.9839596550842224e10
1.5762598695796738e11	0.0	0.0	0.0	0.0	2.057439642309542e10
1.6325548649218048e11	0.0	0.0	0.0	0.0	2.1309196295348614e10
1.6888498602639362e11	0.0	0.0	0.0	0.0	2.2043996167601807e10
1.7451448556060672e11	0.0	0.0	0.0	0.0	2.2778796039855e10
1.8014398509481985e11	0.0	0.0	0.0	0.0	2.3513595912108196e10
1.914029841632461e11	0.0	0.0	0.0	0.0	2.498319565661459e10
2.0266198323167233e11	0.0	0.0	0.0	0.0	2.645279540112098e10
2.1392098230009857e11	0.0	0.0	0.0	0.0	2.792239514562737e10
2.251799813685248e11	0.0	0.0	0.0	0.0	2.9391994890133762e10
2.3643898043695105e11	0.0	0.0	0.0	0.0	3.0861594634640152e10
2.476979795053773e11	0.0	0.0	0.0	0.0	3.233119437914654e10
2.5895697857380353e11	0.0	0.0	0.0	0.0	3.3800794123652935e10
2.702159776422298e11	0.0	0.0	0.0	0.0	3.5270393868159325e10
2.81474976710656e11	0.0	0.0	0.0	0.0	3.673999361266571e10
2.927339757790823e11	0.0	0.0	0.0	0.0	3.8209593357172104e10
3.039929748475085e11	0.0	0.0	0.0	0.0	3.96791931016785e10
3.1525197391593475e11	0.0	0.0	0.0	0.0	4.114879284618488e10
3.2651097298436096e11	0.0	0.0	0.0	0.0	4.261839259069128e10
3.3776997205278723e11	0.0	0.0	0.0	0.0	4.408799233519767e10
3.4902897112121344e11	0.0	0.0	0.0	0.0	4.5557592079704056e10
3.602879701896397e11	0.0	0.0	0.0	0.0	4.702719182421044e10
3.828059683264922e11	0.0	0.0	0.0	0.0	4.996639131322323e10
4.0532396646334467e11	0.0	0.0	0.0	0.0	5.2905590802236015e10
4.2784196460019714e11	0.0	0.0	0.0	0.0	5.5844790291248795e10
4.503599627370496e11	0.0	0.0	0.0	0.0	5.878398978026158e10
4.728779608739021e11	0.0	0.0	0.0	0.0	6.172318926927436e10
4.953959590107546e11	0.0	0.0	0.0	0.0	6.466238875828714e10
5.1791395714760706e11	0.0	0.0	0.0	0.0	6.760158824729992e10
5.404319552844596e11	0.0	0.0	0.0	0.0	7.05407877363127e10
5.62949953421312e11	0.0	0.0	0.0	0.0	7.347998722532549e10
5.854679515581646e11	0.0	0.0	0.0	0.0	7.641918671433827e10
6.07985949695017e11	0.0	0.0	0.0	0.0	7.935838620335104e10
6.305039478318695e11	0.0	0.0	0.0	0.0	8.229758569236382e10
6.530219459687219e11	0.0	0.0	0.0	0.0	8.52367851813766e10
6.755399441055745e11	0.0	0.0	0.0	0.0	8.817598467038939e10
6.980579422424269e11	0.0	0.0	0.0	0.0	9.111518415940218e10
7.205759403792794e11	0.0	0.0	0.0	0.0	9.405438364841496e10
7.656119366529844e11	0.0	0.0	0.0	0.0	9.993278262644054e10
8.106479329266893e11	0.0	0.0	0.0	0.0	1.0581118160446611e11
8.556839292003943e11	0.0	0.0	0.0	0.0	1.1168958058249167e11
9.007199254740992e11	0.0	0.0	0.0	0.0	1.1756797956051723e11
9.457559217478042e11	0.0	0.0	0.0	0.0	1.234463785385428e11
9.907919180215092e11	0.0	0.0	0.0	0.0	1.2932477751656839e11
1.0358279142952141e12	0.0	0.0	0.0	0.0	1.3520317649459395e11
1.0808639105689192e12	0.0	0.0	0.0	0.0	1.410815754726195e11
1.125899906842624e12	0.0	0.0	0.0	0.0	1.4695997445064505e11
1.170935903116329e12	0.0	0.0	0.0	0.0	1.528383734286706e11
1.215971899390034e12	0.0	0.0	0.0	0.0	1.5871677240669617e11
1.261007895663739e12	0.0	0.0	0.0	0.0	1.645951713847217e11
1.3060438919374438e12	0.0	0.0	0.0	0.0	1.7047357036274725e11
1.351079888211149e12	0.0	0.0	0.0	0.0	1.763519693407728e11
1.3961158844848538e12	0.0	0.0	0.0	0.0	1.8223036831879837e11
1.4411518807585588e12	0.0	0.0	0.0	0.0	1.881087672968239e11
