# τ	Fs	F	Δζ	ΔG	Δr²
0.0	1.0	1.0	944.6752207932534	93.62429637001551	0.0
3.125e-7	0.9999838611727643	0.9999883907108581	944.2364400886867	93.57956633477453	3.125e-7
6.25e-7	0.9999677239532692	0.9999767825256421	943.7980162304455	93.53487389670329	6.249538732802347e-7
9.375000000000001e-7	0.999951589687382	0.9999651764124974	943.3599542040479	93.49021950499825	9.373155427791748e-7
1.25e-6	0.9999354583734238	0.9999535723702351	942.9222536513262	93.4456031209513	1.2495850717236683e-6
1.5625e-6	0.9999193300096049	0.9999419703975866	942.4849142143057	93.40102470588455	1.561762530084486e-6
1.8750000000000003e-6	0.999903204594137	0.9999303704932848	942.0479355353978	93.35648422116314	1.873847987764819e-6
2.1875000000000002e-6	0.9998870821252335	0.9999187726560633	941.6113172574094	93.31198162819526	2.185841514599348e-6
2.5e-6	0.9998709626011093	0.9999071768846572	941.1750590235258	93.26751688843214	2.497743180354319e-6
2.8125e-6	0.999854846019981	0.9998955831778024	940.7391604773293	93.2230899633678	2.809553054727618e-6
3.125e-6	0.9998387323800667	0.999883991534236	940.3036212627823	93.17870081453917	3.121271207348846e-6
3.4375e-6	0.999822621679586	0.9998724019526964	939.868441024237	93.13434940352607	3.4328977077793923e-6
3.7500000000000005e-6	0.9998065139167603	0.999860814431923	939.4336194064322	93.09003569195102	3.744432625512513e-6
4.0625000000000005e-6	0.9997904090898124	0.9998492289706562	938.9991560544894	93.0457596414792	4.055876029973402e-6
4.3750000000000005e-6	0.9997743071969667	0.9998376455676377	938.5650506139199	93.00152121381865	4.367227990519268e-6
4.6875000000000004e-6	0.9997582082364492	0.9998260642216101	938.131302730616	92.95732037071978	4.678488576439408e-6
5.0e-6	0.9997421122064876	0.9998144849313176	937.697912050856	92.91315707397573	4.989657856955281e-6
5.3125e-6	0.9997260209687704	0.9998029090185926	937.2649429410575	92.86903800487174	5.300675176617809e-6
5.625e-6	0.9997099332777579	0.9997913355990867	936.8323517713108	92.82495863165344	5.6115811494584065e-6
5.9375e-6	0.9996938487170677	0.9997797643771662	936.4001237678647	92.78091741885169	5.922389360730169e-6
6.25e-6	0.9996777671467221	0.9997681952534474	935.9682537730955	92.73691382947665	6.233104385161002e-6
6.5625e-6	0.9996616885188848	0.9997566281939679	935.5367398340555	92.69294765928944	6.543727793629696e-6
6.875e-6	0.9996456128164369	0.9997450631865754	935.1055810659633	92.64901881496198	6.854260155588564e-6
7.1875e-6	0.9996295400324998	0.9997335002263877	934.6747769402403	92.60512724015288	7.164701706603462e-6
7.500000000000001e-6	0.9996134701636082	0.9997219393109477	934.2443270472621	92.56127289087411	7.475052570889097e-6
7.8125e-6	0.9995974032074376	0.9997103804386068	933.8142310172947	92.51745572728193	7.785312835494815e-6
8.125000000000001e-6	0.9995813391620435	0.9996988236079877	933.384488494153	92.47367571094175	8.095482575035679e-6
8.4375e-6	0.9995652780256105	0.9996872688178028	932.9550991264153	92.4299328039165	8.405561859937036e-6
8.750000000000001e-6	0.9995492197963661	0.9996757160667961	932.5260625645046	92.38622696846284	8.715550759183015e-6
9.0625e-6	0.9995331644725534	0.9996641653537229	932.0973784597068	92.34255816692979	9.025449341232836e-6
9.375000000000001e-6	0.9995171120524218	0.999652616677343	931.6690464638477	92.29892636172515	9.335257674326325e-6
9.6875e-6	0.9995010625342237	0.9996410700364168	931.2410662291878	92.25533151530404	9.644975826585792e-6
1.0e-5	0.9994850159162142	0.9996295254297081	930.8134374083784	92.21177359016518	9.954603866050085e-6
1.0625e-5	0.9994529313714721	0.9996064423123608	929.9592324971932	92.1247683407489	1.0573589968650729e-5
1.125e-5	0.9994208584058146	0.9995833673165274	929.1064290420834	92.03791032316012	1.1192216464631539e-5
1.1875e-5	0.9993887970058517	0.9995603004327184	928.2550243055045	91.951199241842	1.1810483875720984e-5
1.25e-5	0.999356747157875	0.99953724165122	927.4050155374733	91.86463479993388	1.242839273599329e-5
1.3125e-5	0.999324708848086	0.9995141909622536	926.5563999878445	91.77821670058097	1.3045943582965768e-5
1.375e-5	0.9992926820626717	0.9994911483560304	925.7091749103856	91.69194464737015	1.3663136954573382e-5
1.4375e-5	0.9992606667878308	0.9994681138227701	924.8633375641316	91.6058183444735	1.4279973388220577e-5
1.5000000000000002e-5	0.9992286630097817	0.9994450873527068	924.0188852138281	91.51983749669584	1.4896453420407599e-5
1.5625e-5	0.9991966707147665	0.999422068936091	923.1758151300617	91.4340018094887	1.5512577586666466e-5
1.6250000000000002e-5	0.9991646898890504	0.9993990585631898	922.3341245893058	91.34831098895461	1.6128346421482187e-5
1.6875e-5	0.9991327205189231	0.9993760562242875	921.4938108739149	91.2627647418471	1.6743760458326893e-5
1.7500000000000002e-5	0.9991007625906985	0.9993530619096861	920.654871272125	91.17736277557006	1.7358820229613903e-5
1.8125e-5	0.9990688160907133	0.9993300756097033	919.8173030780349	91.09210479817594	1.7973526266742714e-5
1.8750000000000002e-5	0.9990368810053298	0.9993070973146749	918.9811035915975	91.00699051836483	1.8587879100056757e-5
1.9375e-5	0.9990049573209335	0.9992841270149537	918.1462701186051	90.92201964548251	1.9201879258889487e-5
2.0e-5	0.9989730450239342	0.9992611647009095	917.3127999706772	90.83719188951932	1.9815527271522653e-5
2.125e-5	0.9989092545199327	0.9992152639786969	915.6499379719744	90.66796446987857	2.1041769663618494e-5
2.25e-5	0.9988455093971318	0.9991693950798742	913.9924968486125	90.49930602088455	2.226661001340388e-5
2.375e-5	0.998781809551675	0.9991235579308492	912.3404555162884	90.33121426835987	2.3490052354312163e-5
2.5e-5	0.9987181548774181	0.9990777524564102	910.6937928396198	90.16368693304078	2.471210080732671e-5
2.625e-5	0.9986545452676888	0.9990319785809711	909.0524877270893	89.99672174069994	2.593275951232112e-5
2.75e-5	0.9985909806159038	0.998986236229012	907.4165191624708	89.83031642549373	2.715203260428402e-5
2.875e-5	0.9985274608157433	0.9989405253251977	905.7858662149076	89.66446873103594	2.83699242063619e-5
3.0000000000000004e-5	0.9984639857612374	0.9988948457944439	904.1605080421008	89.499176410733	2.9586438426663305e-5
3.125e-5	0.9984005553467635	0.998849197561913	902.5404238909884	89.33443722785547	3.0801579358159604e-5
3.2500000000000004e-5	0.9983371694670783	0.9988035805530351	900.9255930978004	89.17024895553995	3.2015351077779726e-5
3.375e-5	0.9982738280172896	0.9987579946934929	899.3159950877042	89.0066093767498	3.3227757647070284e-5
3.5000000000000004e-5	0.9982105308928856	0.9987124399092377	897.7116093745138	88.84351628424052	3.443880311154716e-5
3.625e-5	0.9981472779897053	0.9986669161264707	896.1124155602272	88.68096748050876	3.5648491501436754e-5
3.7500000000000003e-5	0.9980840692039634	0.9986214232716605	894.5183933346989	88.51896077775388	3.685682683105828e-5
3.875e-5	0.9980209044322235	0.9985759612715222	892.9295224751696	88.35749399782603	3.806381309957078e-5
4.0e-5	0.9979577835714224	0.9985305300530369	891.3457828459343	88.19656497218787	3.926945429036098e-5
4.25e-5	0.9978316730372914	0.998439759574675	888.1936100757777	87.87631080277376	4.1676722502268624e-5
4.5e-5	0.9977057368753456	0.998349111322067	885.0617205167609	87.55818162842317	4.4078659501341817e-5
4.75e-5	0.9975799743041105	0.9982585847415768	881.9499577869495	87.24216061376409	4.647529543456501e-5
5.0e-5	0.9974543845276698	0.998168179269355	878.8581657822006	86.92823095823564	4.8866660986866745e-5
5.25e-5	0.9973289667487405	0.9980778943405942	875.7861893818832	86.61637597118312	5.125278687148046e-5
5.5e-5	0.9972037201735069	0.9979877293929595	872.7338746769234	86.3065790960415	5.363370364713552e-5
5.75e-5	0.9970786440126989	0.9978976838673477	869.7010690360671	85.99882391733215	5.600944167252559e-5
6.000000000000001e-5	0.9969537374824241	0.9978077572084801	866.6876211214466	85.69309416222428	5.83800310784252e-5
6.25e-5	0.9968289998039194	0.9977179488647226	863.6933808843711	85.38937370003086	6.074550177369145e-5
6.500000000000001e-5	0.9967044302039314	0.9976282582883585	860.7181995575933	85.08764654129212	6.31058834346715e-5
6.75e-5	0.9965800279143239	0.9975386849353071	857.761929643532	84.78789683646656	6.546120551682468e-5
7.000000000000001e-5	0.9964557921724071	0.9974492282653613	854.8244249041372	84.4901088747624	6.78114972461036e-5
7.25e-5	0.9963317222205339	0.9973598877418959	851.9055403484866	84.19426708276313	7.01567876310885e-5
7.500000000000001e-5	0.9962078173064216	0.9972706628321002	849.005132222569	83.90035602325226	7.249710545463696e-5
7.75e-5	0.9960840766827459	0.9971815530066858	846.1230579970188	83.60836039385471	7.48324792859637e-5
8.0e-5	0.9959604996074626	0.9970925577401192	843.2591763570592	83.3182650258817	7.716293747236936e-5
8.5e-5	0.9957138322060565	0.9969149081245053	837.5853824805693	82.74370985528964	8.180925554103822e-5
9.0e-5	0.9954678099186417	0.9967377103142833	831.982678372746	82.17657544348859	8.643625720239318e-5
9.5e-5	0.9952224272032713	0.9965609603848877	826.4499874803237	81.616746333649	9.104415336229032e-5
0.0001	0.9949776784535218	0.9963846543663568	820.9862440086562	81.06410828027722	9.563315710732693e-5
0.000105	0.9947335580883314	0.9962087883068428	815.590397684265	80.51854875316113	0.00010020348021685431
0.00011	0.9944900605885149	0.9960333582985551	810.2614151405386	79.97995708218514	0.0001047553318279067
0.000115	0.9942471805008738	0.9958583604805741	804.9982801453568	79.44822447974852	0.00010928891823025606
0.00012000000000000002	0.994004912446009	0.9956837910444685	799.799993490166	78.92324402680238	0.00011380444262974192
0.000125	0.9937632511130082	0.9955096462304387	794.6655727296724	78.40491064357514	0.00011830210530518508
0.00013000000000000002	0.993522191264016	0.9953359223306388	789.5940519162874	77.8931210593055	0.00012278210349480823
0.000135	0.9932817277279848	0.9951626156846598	784.5844812966047	77.38777377847505	0.0001272446315895013
0.00014000000000000001	0.993041855404842	0.9949897226825639	779.6359270384168	76.88876904985302	0.00013168988103363588
0.000145	0.9928025692592501	0.994817239760374	774.7474709324811	76.39600883337788	0.00013611804051850529
0.00015000000000000001	0.992563864324683	0.9946451634030444	769.9182101279198	75.90939677018689	0.00014052929588543418
0.000155	0.9923257356972957	0.9944734901400304	765.1472568442364	75.42883815066757	0.00014492383031546407
0.00016	0.9920881785399458	0.9943022165482182	760.4337381164792	74.954239885614	0.00014930182423342537
0.00017	0.9916147536183308	0.9939608506774592	751.1752895018274	74.02252889342127	0.0001580091209090061
0.00018	0.9911435563028472	0.9936210422577031	742.136383669241	73.11357324968678	0.00016665242037320783
0.00019	0.990674551467303	0.9932827664361494	733.3106142006436	72.22669104343096	0.00017523302265639177
0.0002	0.9902077040245698	0.9929459983912683	724.6917393811416	71.36121850243144	0.00018375222287174683
0.00021	0.9897429794448346	0.9926107136978543	716.2737068628035	70.51651255593009	0.0001922112912964674
0.00022	0.9892803440090846	0.9922768885075424	708.050657335421	69.69195117549785	0.0002006114647510446
0.00023	0.98881976477925	0.9919444995262395	700.0169209222778	68.88693295641804	0.00020895394721539903
0.00024000000000000003	0.9883612096665282	0.9916135240636531	692.1670118484093	68.10087651286214	0.0002172399081132999
0.00025	0.9879046473440818	0.9912839399701404	684.4956222058199	67.33321978578807	0.0002254704850913388
0.00026000000000000003	0.9874500472941212	0.9909557256711901	676.9976160573232	66.58341938268678	0.00023364678306501242
0.00027	0.9869973797177062	0.9906288601022665	669.6680233306141	65.85094990274342	0.00024176987711342876
0.00028000000000000003	0.9865466155788525	0.990303322741159	662.5020342454351	65.1353033143965	0.0002498408116028504
0.00029	0.9860977265173441	0.9899790935449962	655.4949936062542	64.4359883258453	0.00025786060297526374
0.00030000000000000003	0.9856506848918701	0.9896561529818839	648.6423956206788	63.7525298072333	0.0002658302388754813
0.00031	0.9852054636963453	0.9893344819704422	641.9398785917243	63.08446820628292	0.0002737506808153946
0.00032	0.9847620366022821	0.9890140619108723	635.383220108322	62.43135901277042	0.00028162286329869987
0.00034	0.9838804323236653	0.9883768811554553	622.6898946920631	61.168150533012536	0.00029722711714054266
0.00036	0.9830056956976763	0.9877444861507001	610.5323273721941	59.95974201100119	0.0003126492003348506
0.00038	0.9821376443605867	0.9871167481239684	598.8816202450002	58.80310207911143	0.00032789548338664937
0.0004	0.9812761001223567	0.9864935412931402	587.7104437743938	57.695368655219525	0.00034297215543073304
0.00042	0.9804208908984877	0.9858747442085831	576.9930778613202	56.63385259487174	0.0003578851520769432
0.00044	0.979571852179234	0.9852602408048814	566.7053550117267	55.61603111412607	0.00037264011268271443
0.00046	0.9787288261586674	0.984649919766609	556.8245714958366	54.639537994795106	0.0003872424081080059
0.00048000000000000007	0.9778916622311037	0.9840436748931867	547.3293976135387	53.70215369564389	0.0004016971318825453
0.0005	0.9770602158970344	0.9834414043084946	538.1997874244257	52.801795515183066	0.00041600913586812747
0.0005200000000000001	0.9762343491504774	0.9828430107482191	529.4168967961484	51.93650861513294	0.0004301830245270363
0.00054	0.9754139294416821	0.9822484008106629	520.963003715207	51.104457373548726	0.00044422318850357255
0.0005600000000000001	0.9745988300495847	0.9816574852330211	512.8214368880667	50.30391759102472	0.00045813379870153286
0.00058	0.9737889291245531	0.9810701781997121	504.9765064300001	49.53326899683083	0.0004719188369857669
0.0006000000000000001	0.9729841100544221	0.980486397613572	497.41344196187987	48.79098851275134	0.0004855820898447889
0.00062	0.9721842605827152	0.9799060644583987	490.11833238108323	48.07564376393696	0.0004991271764079043
0.00064	0.9713892731675862	0.9793291030646069	483.07807218167795	47.385887255509424	0.0005125575417881528
0.00068	0.9698133685930306	0.9781849329238509	469.7094830990806	46.07774463790654	0.0005390903565311647
0.00072	0.9682556982534988	0.9770533961963693	457.220549770025	44.85763084079469	0.0005652025272597492
0.00076	0.9667155618695124	0.9759340006296596	445.53157692870343	43.71740104699073	0.0005909158181371682
0.0008	0.9651922962725932	0.9748262804517912	434.5708380326526	42.64974433053913	0.0006162505928974086
0.00084	0.9636852755493762	0.9737297962220127	424.2740644862203	41.64812694331488	0.0006412258175644669
0.00088	0.962193917716338	0.9726441396672082	414.5837195625637	40.70671401573327	0.0006658589111775725
0.00092	0.9607176756781737	0.9715689271214653	405.44824274792796	39.8202893964081	0.0006901660346955158
0.0009600000000000001	0.9592560403137271	0.9705038018363971	396.8213789191676	38.984184436362675	0.0007141620444079626
0.001	0.9578085317260396	0.9694484276513368	388.6615615573024	38.194213148735614	0.0007378607668082846
0.0010400000000000001	0.9563747019343722	0.9684024910176041	380.93138760807346	37.44661684005001	0.0007612749550004045
0.00108	0.9549541272519604	0.9673656954814717	373.5971391466186	36.73801415921413	0.0007844165243303751
0.0011200000000000001	0.9535464108851767	0.9663377636335968	366.62837896254115	36.065358702823666	0.0008072965041991685
0.00116	0.9521511763456454	0.9653184323360662	359.9975805727264	35.425900619260794	0.0008299252386714738
0.0012000000000000001	0.9507680699517197	0.964307454593994	353.67981631057773	34.81715408789049	0.0008523123354876857
0.00124	0.9493967551136445	0.9633045954109062	347.6524700630012	34.23686768699591	0.0008744668377065036
0.00128	0.9480369147136402	0.9623096335663869	341.89499574752944	33.682999340870296	0.0008963971719269196
0.00136	0.9453502252191074	0.9603424053396028	331.11082156930775	32.646706230015475	0.0009396218265798982
0.00144	0.9427059667072837	0.9584043510845635	321.20223681620786	31.695883137211762	0.0009820394920582972
0.00152	0.9401021544612113	0.9564940883673196	312.0612669606013	30.8198628677813	0.001023700786464683
0.0016	0.9375369600656573	0.9546103459022783	303.5961166169067	30.009597950261433	0.001064651353651044
0.00168	0.9350086802260862	0.9527519399239082	295.7288280186573	29.25742152155936	0.001104932960235155
0.00176	0.9325157623129487	0.9509177930534081	288.39303802814777	28.55681901625936	0.0011445829608135827
0.00184	0.9300567596758048	0.9491069017557192	281.53195793316803	27.90222525498648	0.0011836356174476095
0.0019200000000000003	0.9276303472269446	0.9473183481879072	275.09677673059133	27.28886364641785	0.0012221217597481065
0.002	0.9252352838586237	0.9455512728693478	269.04529745610324	26.71261039813342	0.0012600698626369926
0.0020800000000000003	0.9228704258103961	0.9438048848677026	263.34088396518956	26.16988911248384	0.0012975057326886498
0.00216	0.9205346963464263	0.9420784397179839	257.95155296214074	25.657580977219432	0.001334453363330827
0.0022400000000000002	0.9182270976708086	0.9403712484876336	252.84927515583547	25.17295514481195	0.0013709346411681807
0.00232	0.9159466863200093	0.9386826598258611	248.00936102976394	24.713608312896884	0.0014069700312998655
0.0024000000000000002	0.9136925837310748	0.9370120679951524	243.40998890013327	24.277417864387886	0.0014425783084222891
0.00248	0.9114639560486999	0.9353588981147823	239.031781058996	23.862500365688874	0.001477777113615578
0.00256	0.909260023446465	0.9337226132419661	234.85747900652262	23.467179393742803	0.001512582711955265
0.00272	0.904922931859606	0.9304984282958074	227.05557575998907	22.72902745820635	0.0015810777382174479
0.00288	0.9006762195243936	0.9273360075018298	219.9037073578258	22.053198428137456	0.0016481700461026742
0.00304	0.8965150306298759	0.9242320109356991	213.31686843864213	21.43145469151934	0.0017139576752262984
0.0032	0.8924349596135015	0.9211834165694077	207.22420267174567	20.856938519526743	0.0017785267746477627
0.00336	0.8884319285254251	0.9181874273861176	201.5664811764668	20.323924921239616	0.0018419557415664937
0.00352	0.8845022512628099	0.9152415204735673	196.2939714974356	19.827611636842143	0.0019043137575061252
0.00368	0.8806425084586889	0.9123433551337455	191.36454661284824	19.36393563595598	0.0019656641999837724
0.0038400000000000005	0.876849588344967	0.9094908053252819	186.7423145154421	18.929438589808917	0.002026063514411012
0.004	0.8731205884341648	0.9066818875048727	182.39643532851667	18.52115248476151	0.0020855638077069685
0.0041600000000000005	0.8694528487287497	0.9039147871099833	178.3002797002903	18.136517034517745	0.002144211883902299
0.00432	0.8658438755342196	0.9011878024959573	174.43068097517715	17.77330754261882	0.002202051235864276
0.0044800000000000005	0.8622913694825254	0.8984993672730753	170.7674050560896	17.4295828562541	0.0022591212155418385
0.00464	0.8587931656087768	0.895848006075263	167.29266171060863	17.103638332344055	0.002315458595267931
0.0048000000000000004	0.855347257138789	0.8932323535195174	163.99075971103701	16.793971960474927	0.0023710968546286396
0.00496	0.8519517475639738	0.8906511187208475	160.84777701919793	16.49925269148377	0.00242606742793107
0.00512	0.8486048709166949	0.888103101462245	157.85132980083236	16.21829773298012	0.002480399090232507
0.00544	0.8420501493069168	0.8831020893742488	152.25160218257005	15.693252895267143	0.002587241155371812
0.00576	0.8356712304425395	0.878221235709413	147.11942843826267	15.211962884564798	0.0026918244653887755
0.00608	0.8294571755852432	0.8734531018031508	142.39379615757062	14.768629434443275	0.0027943243437815657
0.0064	0.8233982233112835	0.8687910721327264	138.02387247394924	14.358431922908617	0.0028948901841392163
0.00672	0.8174854453416731	0.8642290923033321	133.96713343266347	13.977346953516975	0.0029936567182078048
0.00704	0.8117108383828936	0.8597617477758882	130.18788059622534	13.62200365577195	0.0030907413306155633
0.00736	0.8060670407911443	0.8553840531579016	126.6558446659167	13.289550155509552	0.003186251356648503
0.007680000000000001	0.8005473985100211	0.8510915114327465	123.34523367561911	12.977561241671323	0.00328028144169132
0.008	0.7951457517473146	0.8468799550220162	120.23385923900639	12.683955121729731	0.003372918884765501
0.008320000000000001	0.7898564906699118	0.8427455955690996	117.30255605291428	12.406937229637672	0.003464241365276339
0.00864	0.7846743932492775	0.8386849024858613	114.5346289321513	12.14494768324021	0.0035543210332792787
0.008960000000000001	0.7795946729435174	0.8346946452668188	111.9154896830005	11.896626196780998	0.0036432225797512537
0.00928	0.7746128529163079	0.8307717987498141	109.43229503043011	11.660777752757241	0.0037310064480727836
0.009600000000000001	0.7697248068258401	0.8269135791559125	107.07371185289854	11.436349962870787	0.003817727191317669
0.00992	0.7649266594305386	0.8231173688090065	104.82967216721822	11.222409880028202	0.003903436043791509
0.01024	0.7602148215348328	0.8193807469439723	102.69121674098099	11.018128952328135	0.0039881795148917504
0.01088	0.7510380372507937	0.8120782964572266	98.69881893413326	10.635541762982573	0.0041548839558750396
0.01152	0.7421690801125312	0.8049889919876594	95.04296449067022	10.283688735197606	0.004318203075864999
0.01216	0.7335858118797024	0.7980978392597264	91.67902626950887	9.95848492204817	0.004478425907905861
0.0128	0.7252689632754087	0.7913918407547988	88.57005497719464	9.656554872914882	0.004635788279828641
0.01344	0.7172011707476226	0.7848592621346528	85.685192910732	9.375087422137781	0.00479050178705783
0.01408	0.7093670151011315	0.77848970533478	82.99857535748255	9.11173360925618	0.004942748559485631
0.01472	0.7017524348421227	0.7722736629760514	80.48828003247677	8.86450792237608	0.005092696014486779
0.015360000000000002	0.6943448081671167	0.7662026158485513	78.13565487264678	8.63172562156972	0.005240490367917114
0.016	0.6871325362802353	0.7602687137526266	75.92466781596399	8.411941566407634	0.005386267241437785
0.016640000000000002	0.6801051221148391	0.7544648630248867	73.84149889531072	8.2039125719844	0.005530146167084251
0.01728	0.6732528597908822	0.7487844863615706	71.87412679908766	8.00655862155589	0.00567223879044326
0.017920000000000002	0.6665669045500391	0.743221598196299	70.0120732282572	7.818939606034236	0.005812644285618161
0.01856	0.6600390354082225	0.7377706193768628	68.24613043722603	7.640229833672779	0.005951455849345732
0.019200000000000002	0.6536617161931197	0.7324264417360697	66.56819562606985	7.469703203007111	0.006088756837742943
0.01984	0.6474279105944666	0.7271842823353978	64.97108557892922	7.3067158959536185	0.006224625998937105
0.02048	0.6413311350873766	0.7220397387984112	63.44842628844698	7.150696669584521	0.006359134190174038
0.02176	0.6295313937191763	0.7120323112085406	60.6060301003751	6.857676001667064	0.006624161785639568
0.02304	0.6182129345277348	0.7023699603028998	58.000508108824945	6.587072950090319	0.006884477246875447
0.02432	0.6073357914703187	0.6930252375758154	55.59997284354553	6.336022584735033	0.007140533338052353
0.0256	0.5968662748340802	0.6839751122308791	53.37859955450515	6.102186884064888	0.007392681137809037
0.02688	0.586774497025231	0.675199066387947	51.314977200329864	5.883617056239347	0.0076412375262094445
0.02816	0.5770341440757716	0.6666790559871911	49.391214293203184	5.678679323718102	0.007886472323179275
0.02944	0.5676214191436499	0.658398676425455	47.59215628972739	5.48598269410848	0.008128636735364311
0.030720000000000004	0.5585151121323924	0.6503433160925949	45.90491888701389	5.304339570009831	0.008367947442562695
0.032	0.5496958952226345	0.6424995897708227	44.318424090522434	5.1327225041600615	0.008604607374354907
0.033280000000000004	0.5411464047722934	0.6348554790127462	42.82312212573405	4.970241364495369	0.00883879283065196
0.03456	0.5328507233594059	0.6273999093849482	41.41069786849251	4.816115872664131	0.009070669842536542
0.035840000000000004	0.5247944534914208	0.6201228684758614	40.07389771076324	4.669661753448661	0.009300383655713923
0.03712	0.5169643269086948	0.6130150824006007	38.806337037468005	4.530272558295975	0.009528071812418153
0.038400000000000004	0.5093482700193463	0.6060681155628257	37.60238906802485	4.3974109694799495	0.009753855390342367
0.03968	0.5019351038618284	0.5992741186521787	36.45705460121422	4.270596342254602	0.009977849624723577
0.04096	0.4947146018188816	0.5926259135009672	35.36588860815358	4.149399081688938	0.01020015651367249
0.04352	0.48083235455801276	0.579755060580833	33.33428933307465	3.922625325875289	0.010639730290345855
0.04608	0.4676159036547224	0.5673936742775922	31.476036604073073	3.7141226945842947	0.01107362396156891
0.04864	0.45500316852031986	0.555497248794861	29.768424035753107	3.521637132899234	0.0115024899575925
0.0512	0.4429439098062605	0.5440299808526418	28.193394120408385	3.3433432242427266	0.011926803922940644
0.05376	0.43139430988551875	0.5329604360083315	26.735874680469777	3.1777038849552164	0.012347002811796149
0.05632	0.4203161356340499	0.5222611974296076	25.383133673279975	3.023414818621551	0.012763449153012309
0.05888	0.4096751360829016	0.5119075043847762	24.124276849301214	2.879351626845713	0.013176486445490857
0.06144000000000001	0.3994410450860256	0.5018774786016085	22.94996305970695	2.7445448494598024	0.013586401348977862
0.064	0.38958654748373267	0.49215122015367735	21.85209922423363	2.6181479184102643	0.013993466448681633
0.06656000000000001	0.3800873169788542	0.4827110100589392	20.823661272214345	2.499422111366126	0.01439791004981116
0.06912	0.3709212523789319	0.47354062916487766	19.85849316200472	2.387715326106238	0.014799950685696195
0.07168000000000001	0.36206852269326234	0.46462552898856746	18.951192409602907	2.2824525890175638	0.015199772208221258
0.07424	0.35351099442643596	0.4559523102116421	18.096975397143147	2.1831215594409494	0.01559755190393185
0.07680000000000001	0.34523228359565983	0.4475088714676053	17.291603214874023	2.089266414204572	0.01599343949258968
0.07936	0.33721731974449803	0.43928400384392435	16.531289002092304	2.000477673899272	0.01638758038147427
0.08192	0.32945240076842314	0.4312675214545503	15.81264879503388	1.91638817527298	0.016780097726753564
0.08704	0.3146603705159647	0.41585533884608056	14.492983037116689	1.761373472997132	0.017560129163402785
0.09216	0.3007258314753327	0.40117043590432205	13.305892147560593	1.6214952273171401	0.01833498049002921
0.09728	0.28756659548011354	0.3871496874234711	12.233957472885596	1.494808527847638	0.01910542898567776
0.1024	0.2751187302808648	0.37374458061411725	11.263358291020435	1.3797509293042054	0.019871977893117645
0.10752	0.26332649023843674	0.36091246374524394	10.382351574687908	1.2749982098000896	0.020635121058231443
0.11264	0.2521410322859143	0.34861600630492373	9.580883829239195	1.1794201042979608	0.021395231212814284
0.11776	0.2415184038170584	0.33682123312617807	8.850271391462735	1.0920380780078303	0.02215268491088218
0.12288000000000002	0.2314196913767189	0.32549806926835373	8.183022615816295	1.0120066716481668	0.022907762844098026
0.128	0.22180965762744462	0.314618976925464	7.572611728663684	0.9385865641695326	0.023660751366400168
0.13312000000000002	0.21265685254052571	0.3041593771883901	7.013353586955147	0.8711324828561774	0.02441186172471434
0.13824	0.20393257684680616	0.29409659573634955	6.500247949257143	0.8090748896983742	0.025161313403402056
0.14336000000000002	0.19561098862501056	0.2844102090964184	6.0288973744183885	0.7519121132269548	0.025909266668776774
0.14848	0.18766832374226375	0.27508123279104496	5.595400909484118	0.6991977410327537	0.026655891622851466
0.15360000000000001	0.1800830086064046	0.26609242007203354	5.196298901489456	0.6505354465532855	0.027401310949377217
0.15872	0.17283506792141876	0.257427630099232	4.828503884300735	0.6055701205071264	0.028145657873567577
0.16384	0.16590623697042364	0.2490720872919735	4.489256368872033	0.5639843870021645	0.02888902705909508
0.17408	0.15300170921573153	0.23329827627681593	3.8903615120539574	0.4901451065661976	0.03037238870723728
0.18432	0.14117218572369988	0.2185965546703469	3.377420187145718	0.426643775188577	0.031852913642428766
0.19456	0.130307472720466	0.20487262076011845	2.9368982373254795	0.371864574013324	0.03333125261667295
0.2048	0.12032165967137333	0.19205405012683607	2.5579985833077856	0.3245200552748516	0.034807654896982745
0.21504	0.11113749482866613	0.18007466287785262	2.231564308527247	0.28352913248418354	0.036282493392649925
0.22528	0.10268570933502634	0.16887465717491879	1.9498700214567444	0.24798278120918713	0.03775593579654317
0.23552	0.0949030535852642	0.15839829281425302	1.7063803820636352	0.217109821179763	0.039228253511477684
0.24576000000000003	0.08773290185020827	0.1485951881060559	1.4955915855078579	0.1902587628880453	0.040699554665448466
0.256	0.08112363219069438	0.1394184888418545	1.3128365619253686	0.16687444539353927	0.04217003398050232
0.26624000000000003	0.07502887532771237	0.13082567205170814	1.1541661701928279	0.14648519093453571	0.04363975854580242
0.27648	0.0694062354596184	0.12277709852449438	1.0162155829186064	0.12868698251377456	0.045108869903990476
0.28672000000000003	0.06421744220860108	0.1152365905157445	0.8961226111699149	0.11313467278078417	0.046577408916693354
0.29696	0.05942739230833871	0.10817033100676626	0.7914405510891407	0.09953127342947675	0.04804548051734428
0.30720000000000003	0.05500426433919149	0.10154730724792374	0.7000776833892871	0.08762189240954847	0.04951310905391052
0.31744	0.05091879707037042	0.09533846993187937	0.6202386766678507	0.07718636833785296	0.050980373856018786
0.32768	0.04714437535253601	0.08951707594860162	0.5503851211811643	0.06803501060872846	0.0524472889182498
0.34816	0.04049570137929717	0.07902298364630471	0.436764798475643	0.05306183600437088	0.05537931264478324
0.36864	0.03479860455947309	0.06977381355065453	0.34863270750882364	0.0414633106141198	0.05831040576892743
0.38912	0.029910419224659694	0.06161269207961101	0.2800082348114371	0.03245130162612539	0.06124097426277187
0.4096	0.025718338855538342	0.054414531235441405	0.22641431547926136	0.025439229338230625	0.06417088188885109
0.43008	0.02212349722392283	0.048066389765609174	0.18437943912813368	0.019974307541652764	0.06710035737889893
0.45056	0.01904051701811175	0.04246807966596565	0.15125105516483292	0.015708121088016613	0.07002932125123519
0.47104	0.01639550941535343	0.03753005096849678	0.12500137859295724	0.012371719969132049	0.07295794955975096
0.49152000000000007	0.014125515211955271	0.03317385728775746	0.10408728079930618	0.009758144099118125	0.07588618568554409
0.512	0.012176466773349912	0.029329988022888758	0.0873269693531724	0.0077073380046673275	0.07881415842766651
0.5324800000000001	0.010502366943267241	0.025937647949788853	0.07381593083804483	0.006095665077941059	0.08174182503163308
0.55296	0.009063757426459877	0.022943070391427563	0.06285711350636841	0.0048271485852881294	0.08466928003139176
0.5734400000000001	0.007827032729344005	0.020299179659423756	0.05391322285019615	0.0038273283008276346	0.08759649121065428
0.59392	0.006763360815882696	0.017964363988017738	0.04656724190092208	0.0030381842136093253	0.09052352879162019
0.6144000000000001	0.005848154926059645	0.015902144979812582	0.04049527909717469	0.0024145232170170857	0.09345036873343172
0.63488	0.005060314507508678	0.014080286259838773	0.03544401334621494	0.0019210088982289418	0.09637706377634432
0.65536	0.00438182399811653	0.012470496346422274	0.031215086244532977	0.0015300171703708683	0.09930359614014571
0.69632	0.0033114443259454843	0.009830385934518052	0.02474125720484312	0.0009805520890784159	0.10515575335879188
0.73728	0.0025087152745361585	0.007754787791662465	0.019981998783254417	0.0006304310246285974	0.11100746599652746
0.77824	0.0019055125756923703	0.0061208965558738225	0.016414917312709325	0.00040639457141174927	0.11685897078783498
0.8192	0.00145249965340912	0.004836069790803706	0.013692422578618631	0.00026278058053509363	0.12271012375580358
0.86016	0.0011119648588570185	0.003825884232543738	0.01157568804434416	0.00017047934924876103	0.12856106197856848
0.90112	0.0008555100076679215	0.003031354214114458	0.009901205915206723	0.00011097857450991759	0.13441172182899602
0.94208	0.000661876287724236	0.002405956204258876	0.008555422269829398	7.249566323820022e-5	0.14026219672882362
0.9830400000000001	0.0005152520595971299	0.0019132669267432592	0.0074587185437699184	4.75250079962595e-5	0.1461124548943933
1.024	0.00040385241657302847	0.0015247199029361372	0.006553648373994152	3.126789778896104e-5	0.1519625573776045
1.0649600000000001	0.0003189065794001075	0.0012179707641899983	0.00579841341299325	2.0648773198453146e-5	0.15781248820342803
1.10592	0.0002538667952508062	0.0009754989099196949	0.005161952012781285	1.3688911499092826e-5	0.1636622879117495
1.1468800000000001	0.00020384527934696946	0.000783584719278819	0.004620851886583007	9.11185571323725e-6	0.16951194902342323
1.18784	0.00016518279712107034	0.0006314626802732159	0.004157178438674034	6.091232861860893e-6	0.17536149917976668
1.2288000000000001	0.00013513803330904815	0.0005106916118940535	0.0037570247899830276	4.090597197624398e-6	0.18121093549919273
1.26976	0.0001116515934426578	0.00041464137749585564	0.0034094604479790558	2.760531143043348e-6	0.18706027735637706
1.31072	9.317425280195438e-5	0.0003381058210385019	0.0031058056495628632	1.872803364609177e-6	0.19290952431141267
1.39264	6.746226465713571e-5	0.0002307092162838029	0.0026134693422486368	8.958886685807148e-7	0.2046076518653868
1.47456	5.05707281138187e-5	0.00016052465475846925	0.0022233038132072344	4.3929097798398077e-7	0.21630549186717113
1.55648	3.9142168118796044e-5	0.00011412462360240033	0.0019097583626498397	2.2158010521162643e-7	0.228003116136522
1.6384	3.118774760266144e-5	8.314780366199003e-5	0.0016547573327301596	1.1577451534402344e-7	0.23970052221479732
1.72032	2.5478336570618834e-5	6.2187972573175e-5	0.0014449977501647898	6.309455880586005e-8	0.25139775302708883
1.80224	2.1252117274993555e-5	4.776727030762407e-5	0.001270654176976069	3.60846132858798e-8	0.2630948147269008
1.88416	1.803253658017134e-5	3.765292388961227e-5	0.001124383403727471	2.1754202363370896e-8	0.2747917358800302
1.9660800000000003	1.5515836688860942e-5	3.0406609116313073e-5	0.001000622042629945	1.3850358897509229e-8	0.2864885234955493
2.048	1.3504154826659826e-5	2.5096348725502222e-5	0.0008950976991366577	9.300957629941127e-9	0.2981851971452926
2.1299200000000003	1.1865247256277966e-5	2.1113220517246288e-5	0.000804489372222764	6.560807348649643e-9	0.3098817632143527
2.21184	1.0508483544539479e-5	1.8055751226701775e-5	0.0007261862332985273	4.832151320364657e-9	0.3215782356622188
2.2937600000000002	9.370053216397907e-6	1.5656139695968962e-5	0.0006581148655542909	3.6910062722207924e-9	0.33327461994984414
2.37568	8.40392224511601e-6	1.3733567469791252e-5	0.0005986130511411328	2.904912677574238e-9	0.34497092636828575
2.4576000000000002	7.57605690510168e-6	1.216409657637205e-5	0.0005463368040997742	2.342097402337248e-9	0.3566671594892124
2.53952	6.860765116546175e-6	1.0861472682563445e-5	0.0005001907481256283	1.9252580866567783e-9	0.36836332710587666
2.62144	6.238259913019262e-6	9.764579505912358e-6	0.0004592756092731802	1.6074250144015025e-9	0.3800594330240328
2.78528	5.2360604979402675e-6	8.06316160712906e-6	0.00039188287816097506	1.169549881763516e-9	0.4034514258486693
2.94912	4.444537842719779e-6	6.765145937455294e-6	0.0003372933973889264	8.786772515041302e-10	0.4268432253453236
3.11296	3.8092515997038615e-6	5.7478456612556225e-6	0.00029249079408563965	6.755509505102032e-10	0.4502348670417009
3.2768	3.292319332655261e-6	4.934454397074683e-6	0.000255330934934949	5.286455847701792e-10	0.4736263644320301
3.44064	2.8663711766810503e-6	4.2730678257148775e-6	0.00022421156227536555	4.1955978712694194e-10	0.497017739757947
3.60448	2.511463202710365e-6	3.7276212201126643e-6	0.00019791775098274461	3.3690798771184577e-10	0.5204090034364047
3.76832	2.212878478898659e-6	3.272443647856464e-6	0.00017553360804574002	2.7330153114726546e-10	0.5438001710939713
3.9321600000000005	1.959518955849694e-6	2.8887465654231673e-6	0.0001563380049232038	2.2374396514486929e-10	0.5671912507376965
4.096	1.7428870781042924e-6	2.5624677748936268e-6	0.00013977165473181847	1.8474485827448267e-10	0.5905822536842653
4.2598400000000005	1.55639602248459e-6	2.282889485705951e-6	0.00012539277820851835	1.538006373018054e-10	0.6139731861589258
4.42368	1.3948789743798828e-6	2.0417160681479997e-6	0.00011284894907138638	1.290763002042037e-10	0.6373640565777011
4.5875200000000005	1.2542377811586488e-6	1.8324380602014122e-6	0.00010185635899049248	1.0920263158515334e-10	0.6607548698360709
4.75136	1.1311884600559187e-6	1.6498863283652101e-6	9.218438087998312e-5	9.314282007608671e-11	0.6841456323276176
4.9152000000000005	1.0230739412339842e-6	1.489910908904368e-6	8.364397387866272e-5	8.010207984624688e-11	0.7075363479399857
5.07904	9.277247459017212e-7	1.3491467181080384e-6	7.607889318297566e-5	6.946490813739265e-11	0.7309270216134641
5.24288	8.433541005675019e-7	1.224839407794451e-6	6.93589751812359e-5	6.075055287139234e-11	0.75431765645996
5.57056	7.059125678972363e-7	1.0226390499621613e-6	5.8365647514020295e-5	4.797335915239445e-11	0.8010987882918307
5.89824	5.959414256357697e-7	8.613354512892807e-7	4.952298282310066e-5	3.9079486121375736e-11	0.8478798009825869
6.22592	5.071506997783999e-7	7.314544710782472e-7	4.2348829727134366e-5	3.2762757529043795e-11	0.8946607179640059
6.5536	4.3501775603196215e-7	6.26162492881733e-7	3.649920750208224e-5	2.8184749320842245e-11	0.9414415497232479
6.88128	3.7612560439633673e-7	5.403313702274573e-7	3.1709339141883993e-5	2.4791052631662693e-11	0.988222310018023
7.20896	3.2783934989622144e-7	4.700435786308347e-7	2.7772030178106224e-5	2.2211614357750837e-11	1.0350030059320208
7.53664	2.8809528845453874e-7	4.1225138452641466e-7	2.4523541634724717e-5	2.019766947166871e-11	1.0817836467314539
7.864320000000001	2.5525979922432766e-7	3.6455210405258013e-7	2.1833483400073577e-5	1.8580988148755958e-11	1.128564237286476
8.192	2.2802985234466277e-7	3.250342621073033e-7	1.95973944121914e-5	1.7247179230700332e-11	1.1753447839562992
8.519680000000001	2.053601247930427e-7	2.9216718479232627e-7	1.77311914458306e-5	1.611802959437789e-11	1.2221252901147297
8.84736	1.8640830988776813e-7	2.647191126521491e-7	1.6166945352224247e-5	1.5139740449339948e-11	1.268905760207248
9.175040000000001	1.7049335393077237e-7	2.416950983717474e-7	1.4849621372109048e-5	1.4275052606651645e-11	1.3156861965982496
9.50272	1.5706311788287e-7	2.2228914818727752e-7	1.3734532874816253e-5	1.3497953754124573e-11	1.3624666024576135
9.830400000000001	1.4566904743040218e-7	2.058468679794747e-7	1.2785332999847756e-5	1.279010922304738e-11	1.4092469794707108
10.15808	1.3594614847309193e-7	1.9183601642614543e-7	1.1972417898040975e-5	1.2138447436159734e-11	1.4560273299480535
10.48576	1.2759703841579096e-7	1.7982310286142148e-7	1.127164940627419e-5	1.1533521757465452e-11	1.502807655119254
11.14112	1.1456454549057062e-7	1.6111206367188092e-7	1.0169560817977537e-5	1.0449632418611804e-11	1.5963682097078171
11.79648	1.0439307224597893e-7	1.465673506656633e-7	9.302599166117849e-6	9.485835654731578e-12	1.6899286771789934
12.45184	9.620614079244083e-8	1.3490345617579056e-7	8.598708811465391e-6	8.620493445540214e-12	1.7834890688127025
13.1072	8.943370303412562e-8	1.2528739718968343e-7	8.011563982138782e-6	7.839449179169911e-12	1.877049387855092
13.76256	8.368536453747236e-8	1.1715063733524522e-7	7.5093870245831805e-6	7.132259198417395e-12	1.9706096406695357
14.41792	7.869134163797953e-8	1.1010091050798822e-7	7.070173492293834e-6	6.490687101256406e-12	2.064169829746004
15.07328	7.426424543563787e-8	1.0386597967995549e-7	6.678614029015009e-6	5.9079245018923036e-12	2.157729959760989
15.728640000000002	7.027323132109369e-8	9.825589830650839e-8	6.32399825433099e-6	5.378157902091444e-12	2.251290032911321
16.384	6.662632681688701e-8	9.313727470789203e-8	5.9987788865637385e-6	4.896314570875274e-12	2.344850052861727
17.039360000000002	6.32583195128833e-8	8.841564265562394e-8	5.697587235795579e-6	4.4579047937245625e-12	2.4384100216454607
17.69472	6.012244973270711e-8	8.402337115469295e-8	5.416557837871141e-6	4.058917719556017e-12	2.531969942271051
18.350080000000002	5.718471019726311e-8	7.991136882861618e-8	5.152864962053386e-6	3.69574831260438e-12	2.6255298166496748
19.00544	5.4419932649448356e-8	7.604338924496698e-8	4.904404354790077e-6	3.3651430786243945e-12	2.719089647332355
19.660800000000002	5.180909969471477e-8	7.239211946481487e-8	4.6695745789589786e-6	3.064157747161308e-12	2.8126494361166925
20.31616	4.933749688098065e-8	6.893649148902105e-8	4.447126655894228e-6	2.7901229054515975e-12	2.906209185213519
20.97152	4.699344115920124e-8	6.565983253117899e-8	4.236060568594915e-6	2.540615236037041e-12	2.999768896305623
22.28224	4.272530179677204e-8	5.969506157900696e-8	3.851461579874492e-6	2.1135622588001235e-12	3.1868881819563817
23.59296	3.885938765469619e-8	5.429289956930137e-8	3.5030937156705347e-6	1.7587376122800795e-12	3.374007336170682
24.90368	3.534903719458774e-8	4.938795272684273e-8	3.1867068220134525e-6	1.4635161079714355e-12	3.561126373599215
26.2144	3.215867573454589e-8	4.493032043529035e-8	2.8991295563348944e-6	1.2178569552355263e-12	3.748245304101826
27.52512	2.925778272441775e-8	4.087723925001885e-8	2.6376294786687587e-6	1.0134359471230855e-12	3.935364137795021
28.83584	2.6619403750275607e-8	3.7190990031905324e-8	2.399785703441386e-6	8.433293860035139e-13	4.122482882973103
30.14656	2.4219419630810997e-8	3.38378447839409e-8	2.183428474488575e-6	7.017766067519143e-13	4.30960154789028
31.457280000000004	2.2036095172476492e-8	3.0787420821336626e-8	1.986600735183002e-6	5.839842871249273e-13	4.496720139525929
32.768	2.004976470593326e-8	2.801223429339439e-8	1.807530856729914e-6	4.859638860205424e-13	4.6838386646654175
34.078720000000004	1.8242594007363224e-8	2.5487363977397676e-8	1.6446117254286162e-6	4.0439646652688077e-13	4.870957129135939
35.38944	1.659838832321809e-8	2.3190181223645467e-8	1.4963837191057077e-6	3.365202522859913e-13	5.058075538536491
36.700160000000004	1.5102430423963297e-8	2.1100122743093646e-8	1.3615202538924592e-6	2.8003708035942604e-13	5.245193897710366
38.01088	1.3741339855689089e-8	1.919849346952376e-8	1.2388151714791824e-6	2.3303456709215206e-13	5.432312211287814
39.321600000000004	1.2502948327593435e-8	1.7468292200867023e-8	1.1271715448600217e-6	1.939213448422116e-13	5.619430483283762
40.63232	1.1376188150305175e-8	1.5894055596470005e-8	1.0255916418157806e-6	1.613731726033143e-13	5.806548717532423
41.94304	1.035099170403638e-8	1.4461717647512938e-8	9.331678730554612e-7	1.3428809417255322e-13	5.993666917356771
44.56448	8.622007716815381e-9	1.2046315763511138e-8	7.772558235514169e-7	9.412597076579746e-14	6.367903199278768
47.18592	7.1849764229111934e-9	1.0038548260969074e-8	6.477137844666446e-7	6.604000175745016e-14	6.742139378199665
49.80736	5.987740966561102e-9	8.365815411251302e-9	5.397857225376458e-7	4.6338331311870295e-14	7.116375473810733
52.4288	4.990042198965486e-9	6.971872257540703e-9	4.498448524820427e-7	3.251456496416788e-14	7.490611499377397
55.05024	4.15859963275186e-9	5.810215946469176e-9	3.7489163425885474e-7	2.2814828264016243e-14	7.864847467303025
57.67168	3.465703261252644e-9	4.842130656320817e-9	3.124281094155016e-7	1.60087692426243e-14	8.239083386596382
60.29312	2.8882638112571345e-9	4.035356959326314e-9	2.603728286840979e-7	1.123311330777734e-14	8.613319265959293
62.91456000000001	2.407040757011655e-9	3.3630127677323275e-9	2.1699129640238017e-7	7.882133285114234e-15	8.987555111552853
65.536	2.0060004824746216e-9	2.8026965664995206e-9	1.8083811204107758e-7	5.530811224930492e-15	9.361790929498724
68.15744000000001	1.6717816133403234e-9	2.3357403938381006e-9	1.5070877167612874e-7	3.880925539664459e-15	9.736026723996481
70.77888	1.3932495413781225e-9	1.9465874379697445e-9	1.2559950966728774e-7	2.723222873777789e-15	10.110262499362616
73.40032000000001	1.1611252443402655e-9	1.6222734375882778e-9	1.0467383776638541e-7	1.9108757607966998e-15	10.484498258447939
76.02176	9.676759989901877e-10	1.3519945576476055e-9	8.723466364635661e-8	1.3408589472930667e-15	10.858734004304115
78.64320000000001	8.064576610807413e-10	1.1267473127919485e-9	7.270105803043418e-8	9.408818771695163e-16	11.232969738856529
81.26464	6.720999092913177e-10	9.39028518605923e-10	6.058889488757369e-8	6.602196830438205e-16	11.60720546426916
83.88608	5.601272883244908e-10	7.825852601374324e-10	5.049471883223638e-8	4.63279599449924e-16	11.981441181834064
89.12896	3.9711598137555555e-10	5.548552127390304e-10	3.5795604480847844e-8	2.376247065043613e-16	12.729912586849194
94.37184	2.8206800585579216e-10	3.941074372346696e-10	2.5425656002070776e-8	1.223645579730881e-16	13.47838397337423
99.61472	2.0039104639011775e-10	2.799874587413499e-10	1.806332580283999e-8	6.303575833906408e-17	14.226855349680836
104.8576	1.4236811702644304e-10	1.9891748265197117e-10	1.2833119840321023e-8	3.247413252856239e-17	14.975326717251694
110.10048	1.0114609027042328e-10	1.4132184582503628e-10	9.117350353576906e-9	1.6729895250220377e-17	15.723798080150658
115.34336	7.185989777670408e-11	1.0040302217826711e-10	6.4774812829351046e-9	8.61891490711047e-18	16.4722694386727
120.58624	5.105345169290598e-11	7.133214610002572e-11	4.601979785720569e-9	4.440332665149411e-18	17.220740795148572
125.82912000000002	3.6271423279708754e-11	5.0678618684852475e-11	3.269521650841082e-9	2.2876096367031226e-18	17.96921214943599
131.072	2.5769442419958637e-11	3.6005196458373e-11	2.322868707033494e-9	1.1785602163245866e-18	18.717683502907143
136.31488000000002	1.8308229631402757e-11	2.5580351415729634e-11	1.6503118290526236e-9	6.071906041677259e-19	19.4661548552881
141.55776	1.3007341936139097e-11	1.8173923904896302e-11	1.1724875435178748e-9	3.128251550757893e-19	20.21462620740742
146.80064000000002	9.241269074405873e-12	1.2911947662911938e-11	8.330121071123091e-10	1.6116903640919773e-19	20.96309755898648
152.04352	6.565616382079793e-12	9.173512119436157e-12	5.918276051479255e-10	8.303569375466017e-20	21.71156891053793
157.28640000000001	4.664662235600209e-12	6.517489366982803e-12	4.2047476094757577e-10	4.2781031309556367e-20	22.46004026182365
162.52928	3.314100632614454e-12	4.6304778911320316e-12	2.9873453812031547e-10	2.204148526271932e-20	23.20851161316796
167.77216	2.3545718896081417e-12	3.289819517147171e-12	2.1224218768051473e-10	1.135621459604574e-20	23.95698296438296
178.25792	1.262327841321114e-12	1.7638836589903089e-12	1.1376044288909438e-10	3.398496974692434e-21	25.453925664232276
188.74368	6.820058608950259e-13	9.529733206528402e-13	6.146443437228727e-11	1.0334395541793986e-21	26.950868363718275
199.22944	3.688607075193716e-13	5.154109392394034e-13	3.3243072142186223e-11	3.1490418057099933e-22	28.447811064196173
209.7152	1.9952417993994665e-13	2.78796072747705e-13	1.7981858761467545e-11	9.598202547128812e-23	29.944753764686713
220.20096	1.0792839612569239e-13	1.5080885246592725e-13	9.72690768285209e-12	2.925637796467233e-23	31.441696465711782
230.68672	5.838167901125409e-14	8.157699346209707e-14	5.261573561045018e-12	8.917803600139349e-24	32.93863916675682
241.17248	3.1580384859833146e-14	4.41274199486152e-14	2.8461414256125836e-12	2.7183191134222872e-24	34.435581868078685
251.65824000000003	1.7082767937020424e-14	2.386983194707363e-14	1.5395623873352506e-12	8.286058607547887e-25	35.93252456941441
262.144	9.240577478867703e-15	1.2911902427809294e-14	8.327950930666744e-13	2.525809183711657e-25	37.42946727089191
272.62976000000003	4.998504490443696e-15	6.984433901920429e-15	4.5048374569909325e-13	7.699419495580492e-26	38.92640997237751
283.11552	2.7038413324901443e-15	3.778090267367485e-15	2.436801962483473e-13	2.3470386550299012e-26	40.423352673935284
293.60128000000003	1.4625896402180473e-15	2.0436834241679433e-15	1.3181399431205055e-13	7.154630582995778e-27	41.92029537549747
304.08704	7.911593772772882e-16	1.1054907465769426e-15	7.130221182767322e-14	2.181015646623431e-27	43.417238077096236
314.57280000000003	4.27962465285756e-16	5.979939835061258e-16	3.856956113915561e-14	6.648670610320353e-28	44.91418077869732
325.05856	2.3149819251576854e-16	3.234735245300838e-16	2.0863473554877114e-14	2.0268200379750203e-28	46.41112348031693
335.54432	1.2522462998731292e-16	1.7497697146562077e-16	1.1285706788078229e-14	6.178737694482603e-29	47.90806618193774
356.51584	4.204220568895086e-17	5.8757492665101e-17	3.7869781276055936e-15	7.546663355398386e-30	50.901951585141084
377.48736	1.4570148609372885e-17	2.0362232110325878e-17	1.312564647410556e-15	9.833954368571817e-31	53.895836988341934
398.45888	5.084795619278241e-18	7.106069116852541e-18	4.580816423606517e-16	1.29927478597499e-31	56.889722391569734
419.4304	1.777106736591547e-18	2.4835253126488994e-18	1.6009772277400218e-16	1.7215719086836915e-32	59.883607794799325
440.40192	6.212713057111517e-19	8.68232880336368e-19	5.59697497537622e-17	2.2825039200633467e-33	62.87749319803695
461.37344	2.172069113882648e-19	3.0354882050071297e-19	1.9567970249145276e-17	3.0266055350495794e-34	65.87137860127513
482.34496	7.593983722340884e-20	1.0612667867832564e-19	6.841349839344828e-18	4.013433789122826e-35	68.86526400451564
503.31648000000007	2.6550050467633038e-20	3.710396039366779e-20	2.3918694587795693e-18	5.3221093265630534e-36	71.8591494077563
524.288	9.28239573452928e-21	1.2972240824526422e-20	8.362424049875826e-19	7.057599787171071e-37	74.85303481099767
545.2595200000001	3.2452925810400253e-21	4.535328881881532e-21	2.92365382557056e-19	9.359125064652962e-38	77.84692021423908
566.23104	1.134610464162816e-21	1.5856295058587718e-21	1.0221599549074016e-19	1.2411324460197038e-38	80.8408056174807
587.2025600000001	3.966787720272814e-22	5.543625697457459e-22	3.573641848417454e-20	1.6459072657028243e-39	83.83469102072233
608.17408	1.3868530975993311e-22	1.938141160276376e-22	1.2494029116587613e-20	2.1827130633837925e-40	86.82857642396402
629.1456000000001	4.8486557126584304e-23	6.776045222696832e-23	4.368108211003989e-21	2.894620839849318e-41	89.8224618272057
650.11712	1.6951637862888225e-23	2.3690084986144455e-23	1.5271570314476556e-21	3.838753067555814e-42	92.81634723044739
671.08864	5.926543185579988e-24	8.282403990486441e-24	5.339166604146543e-22	5.09086802058765e-43	95.81023263368911
713.03168	8.021696052849062e-25	1.1217044639339768e-24	7.214993300993286e-23	1.09161908221645e-44	101.79800344017255
754.97472	1.1748614688649679e-25	1.642737383971273e-25	1.0569631653318226e-23	2.750451727358115e-46	107.78577424665598
796.91776	1.819938627642106e-26	2.5444938466512024e-26	1.6376397124306642e-24	7.751956917161738e-48	113.77354505313937
838.8608	2.919138153576779e-27	4.0811450148653596e-27	2.6270202213770197e-25	2.342075070634224e-49	119.76131585962277
880.80384	4.7771649977800345e-28	6.678644451806084e-28	4.2993737187725805e-26	7.365321598737816e-51	125.7490866661062
922.74688	7.904966443115874e-29	1.1051290586472808e-28	7.114579944102273e-27	2.3680670635577472e-52	131.7368574725896
964.68992	1.315906294750472e-29	1.8396499507522304e-29	1.1843548081683493e-27	7.705114008748443e-54	137.72462827907302
1006.6329600000001	2.1975075044691464e-30	3.0721268722645587e-30	1.9778405040860876e-28	2.5230323710454053e-55	143.71239908555643
1048.576	3.675909062608415e-31	5.13893089400261e-31	3.308474425910753e-29	8.289434936710061e-57	149.70016989203984
1090.5190400000001	6.154354284695961e-32	8.603796170532071e-32	5.539194675199591e-30	2.7283197647849644e-58	155.68794069852328
1132.46208	1.0308636845070527e-32	1.4411482282863122e-32	9.278247555958696e-31	8.988135612361972e-60	161.67571150500672
1174.4051200000001	1.7271303757121686e-33	2.4145290020363934e-33	1.5544978961317066e-31	2.9624857317659098e-61	167.66348231149013
1216.34816	2.89403523416477e-34	4.045861977221147e-34	2.604767622873415e-32	9.766848555933384e-63	173.65125311797354
1258.2912000000001	4.849656012201048e-35	6.779819877297872e-35	4.364918948178546e-33	3.220410434692876e-64	179.6390239244569
1300.23424	8.127045141156597e-36	1.1361610048332906e-35	7.314724250319712e-34	1.061936995253683e-65	185.62679473094022
1342.17728	1.3619520089196668e-36	1.9040090395120752e-36	1.2258211456265683e-34	3.501889114165604e-67	191.61456553742357
1426.06336	-1.6558972209782853e-37	-2.314201046723279e-37	-1.4921416182431786e-35	7.087372927006679e-69	203.5901071503903
1509.94944	-3.247584681498371e-38	-4.540001172344953e-38	-2.9234753902281977e-36	3.713320160578639e-70	215.5656487633571
1593.83552	-3.216185780372979e-39	-4.4967668069737395e-39	-2.8938893203891906e-37	4.965953527197724e-72	227.54119037632387
1677.7216	-2.014344925871362e-40	-2.8168576748869906e-40	-1.8115281853964883e-38	2.655853034281539e-74	239.51673198929066
1761.60768	-4.009546780586662e-42	-5.6123127590978856e-42	-3.594738507382535e-40	1.427330700841165e-77	251.49227360225743
1845.49376	9.206251264273302e-43	1.2866701764882873e-42	8.294424537831483e-41	1.0371451356839647e-78	263.4678152152242
1929.37984	1.5452985521300039e-43	2.160339226602739e-43	1.3909579933909793e-41	3.9808221077444126e-80	275.443356828191
2013.2659200000003	1.4336113167422844e-44	2.0044695838651795e-44	1.2898673448946464e-42	4.6721099854777346e-82	287.4188984411578
2097.152	8.267715862691749e-46	1.1562005712573976e-45	7.434353921328535e-44	2.1183026556514793e-84	299.3944400541246
2181.0380800000003	8.189798641799391e-48	1.1479787318579372e-47	7.308966217155715e-46	2.794424081735853e-88	311.36998166709134
2264.92416	-4.9041551651382797e-48	-6.85458553478176e-48	-4.4173625788522115e-46	1.3931103990460307e-88	323.3455232800581
2348.8102400000002	-7.273029521671907e-49	-1.0167974180978154e-48	-6.546155938250724e-47	4.175527236089268e-90	335.32106489302487
2432.69632	-6.331520527783479e-50	-8.85288169857213e-50	-5.69631542034056e-48	4.3152501857590525e-92	347.29660650599163
2516.5824000000002	-3.32508242850502e-51	-4.650190001557751e-51	-2.9894664491668066e-49	1.6221262748270325e-94	359.2721481189585
2600.46848	8.259858074678546e-54	1.1415552116150897e-53	7.707507094595383e-52	1.4716501355599836e-99	371.24768973192533
2684.35456	2.533219272488029e-53	3.5409027948188893e-53	2.2813602217329912e-51	1.759721397126299e-98	383.22323134489216
2852.12672	1.139556841447192e-53	1.5956974387563293e-53	1.0215642352333674e-51	6.363878861466302e-99	407.17431457082574
3019.89888	6.530713542882436e-55	9.137251466935286e-55	5.86643865800007e-53	3.773794325763939e-101	431.12539779675933
3187.67104	7.838869815193634e-57	1.092991500591334e-56	7.096517098878128e-55	9.927496429792946e-105	455.07648102269286
3355.4432	-1.4477615937274962e-57	-2.0278672628177735e-57	-1.2970724941165753e-55	5.961931555890733e-106	479.02756424862645
3523.21536	-1.1620156967842861e-58	-1.626138414923859e-58	-1.04325884194191e-56	6.933474241266193e-108	502.97864747456003
3690.98752	-3.1241529452923054e-60	-4.36645909341392e-60	-2.8130110341975823e-58	9.061869768168082e-111	526.9297307004936
3858.75968	1.4678470390403564e-61	2.057658880014516e-61	1.3126148969174036e-59	3.546972201154289e-113	550.8808139264271
4026.5318400000006	1.8737724095864605e-62	2.6227982656869123e-62	1.681361194997809e-60	1.0461967101637772e-114	574.8318971523606
4194.304	7.6260150077221e-64	1.0665341978914081e-63	6.856376488266822e-62	3.1274387160712375e-117	598.7829803782942
4362.0761600000005	-7.080413035031778e-66	-9.969159721743295e-66	-6.267141008862692e-64	4.697281759815573e-121	622.7340636042277
4529.84832	-2.7312125638299484e-66	-3.824015452556718e-66	-2.4492452547724e-64	1.2896753953000877e-121	646.6851468301612
4697.6204800000005	-1.539065453444411e-67	-2.1532056316319897e-67	-1.3826317948772507e-65	7.388174222702764e-124	670.6362300560949
4865.39264	-1.707907636181977e-69	-2.3805972127300013e-69	-1.5473374442090093e-67	1.6634214764928591e-127	694.5873132820284
5033.1648000000005	3.5015683588478284e-70	4.9044707035767393e-70	3.1373139750814806e-68	1.2292957701787776e-128	718.5383965079619
5200.93696	2.7542998035995296e-71	3.854350073111689e-71	2.472886538099016e-69	1.372957156380351e-130	742.4894797338955
5368.70912	7.196128016784428e-73	1.0057083954492674e-72	6.480267083573525e-71	1.694894229073245e-133	766.4405629598289
5704.25344	-3.0328187959975475e-73	-4.2692807397070194e-73	-2.6822988526448303e-71	8.507238430713842e-134	814.342729411696
6039.79776	-8.596773333580512e-75	-1.2053976282875937e-74	-7.680878583597715e-73	2.0191573997185515e-136	862.2448958635632
6375.34208	6.6437250231969996e-77	9.464052098073512e-77	5.710456501134681e-75	3.225807464481978e-140	910.1470623154303
6710.8864	1.006653844456068e-77	1.4150710024786841e-77	8.937152517815144e-76	2.283332500013794e-141	958.0492287672972
7046.43072	2.0083438460944733e-79	2.811223645412295e-79	1.801045138319539e-77	2.679694025659087e-144	1005.9513952191644
7381.97504	-4.4536293160257145e-81	-6.291796139404019e-81	-3.906604302645087e-79	3.643334155212851e-147	1053.8535616710315
7717.51936	-3.116738667181986e-82	-4.377935578727714e-82	-2.772029423772453e-80	5.301024943229523e-149	1101.7557281228985
8053.063680000001	-3.8979053067044707e-84	-5.440377013808594e-84	-3.5195026956700065e-82	2.4693962525596748e-152	1149.6578945747658
8388.608	1.990004968427145e-85	2.804438381437609e-85	1.7560314426409087e-83	1.7764654223747337e-154	1197.560061026633
8724.152320000001	9.013622245008238e-87	1.2651459559677393e-86	8.031175061486202e-85	1.0737776754037824e-156	1245.4622274785002
9059.69664	4.478217161254643e-89	6.1764126884429576e-89	4.155337052687834e-87	8.30677984526973e-161	1293.3643939303672
9395.240960000001	-7.544549439827366e-90	-1.0618233829246892e-89	-6.678710039216816e-88	6.2011090249716805e-162	1341.2665603822343
9730.78528	-2.4204025236296498e-91	-3.3942663599673025e-91	-2.1611201176356755e-89	1.8763160959404112e-164	1389.1687268341016
10066.329600000001	9.275948938220879e-94	1.3376829096186952e-93	7.72440293336883e-92	6.92694970429878e-169	1437.0708932859686
10401.87392	2.5869156036439517e-94	3.637485831959309e-94	2.2951032869901724e-92	1.767179505428193e-169	1484.9730597378357
10737.41824	5.9152517055668496e-96	8.285179471344376e-96	5.296887922067736e-94	2.7200805559546974e-172	1532.8752261897027
11408.50688	-1.2303582600180127e-97	-1.7833263319883164e-97	-1.0167249379382343e-95	6.58944817801257e-175	1628.6795590934373
12079.59552	-2.426985377006104e-99	-3.440737919536754e-99	-2.1084265329874928e-97	1.7740472874595477e-177	1724.4838919971717
12750.68416	5.426883896456918e-102	8.273574623217814e-102	3.948911500630623e-100	3.8601637486991395e-182	1820.288224900906
13421.7728	6.081498945326763e-103	8.66584536816579e-103	5.2222707289999425e-101	4.1805427036341884e-183	1916.0925578046404
14092.86144	4.3458981243558026e-105	6.079211431613025e-105	3.8881399864260235e-103	1.4345788568311743e-186	2011.8968907083747
14763.95008	-1.0036569173338692e-106	-1.4402378581455118e-106	-8.477244189608633e-105	4.221353227114916e-189	2107.701223612109
15435.03872	-1.925363460878523e-108	-2.7269104485231284e-108	-1.6762993434640793e-106	1.0217449712233027e-191	2203.5055565158436
16106.127360000002	5.46560436683324e-111	8.172597312678614e-111	4.15671123591864e-109	3.888976084705868e-196	2299.309889419578
16777.216	4.945313398135663e-112	7.043824680254418e-112	4.25026328448461e-110	2.5168844344332882e-197	2395.1142223233123
17448.304640000002	3.283586838311512e-114	4.5875157072386134e-114	2.946858118639688e-112	7.48938365568721e-201	2490.9185552270465
18119.39328	-8.394211627257545e-116	-1.2038450427528164e-115	-7.099760487028705e-114	2.690983491968012e-203	2586.7228881307806
18790.481920000002	-1.5291688146203413e-117	-2.164978213376029e-117	-1.3325022858595141e-115	5.867533455022556e-206	2682.527221034515
19461.57056	5.317284275198272e-120	7.883589562344374e-120	4.1375881829051175e-118	3.5019519740968066e-210	2778.3315539382497
20132.659200000002	4.017402288782937e-121	5.720454382965286e-121	3.4551552804722296e-119	1.5116345561543241e-211	2874.135886841984
20803.74784	2.465039018003318e-123	3.437969368078005e-123	2.220552593211739e-121	3.864824787386509e-215	2969.940219745718
21474.83648	-7.005207125071494e-125	-1.0041057129659645e-124	-5.93244430275312e-123	1.7075405752980958e-217	3065.7445526494525
22817.01376	-1.1336554686418482e-125	-1.7472098131069446e-125	-7.698171390701606e-124	8.149271098669878e-218	3257.3532184569212
24159.19104	-1.9024400855122507e-128	-2.7096240408960325e-128	-1.654063091769257e-126	9.003982674833778e-222	3448.96188426439
25501.36832	2.9917966060027026e-130	4.7591110467263644e-130	2.0095739614340515e-128	2.9384437702849074e-224	3640.5705500718586
26843.5456	1.3260567183873534e-132	1.9510025004478142e-132	1.0516835939341727e-130	1.720029548151529e-227	3832.1792158793273
28185.72288	-6.567698817867084e-135	-1.0794442512579521e-134	-4.188387922739379e-133	5.749962593352383e-231	4023.7878816867965
29527.90016	-6.150044317835227e-137	-9.237354893354576e-137	-4.669809488809522e-135	1.498062119633977e-233	4215.396547494266
30870.07744	6.827102067109166e-140	1.3217896084034034e-139	2.642631607341862e-138	1.0031909708905228e-238	4407.005213301735
32212.254720000004	2.2900624482017146e-141	3.500886015712422e-141	1.679783651992532e-139	8.468434455363217e-240	4598.6138791092035
33554.432	3.4538149972457614e-144	4.354845889434392e-144	3.334414888813621e-142	6.968907891841875e-244	4790.222544916673
34896.609280000004	-7.03705831485615e-146	-1.097392729447288e-145	-4.963925944625698e-144	3.225093440031693e-246	4981.831210724142
36238.78656	-2.9753948702020294e-148	-4.287794916487426e-148	-2.4082412778402693e-146	1.5850132379094614e-249	5173.43987653161
37580.963840000004	1.680079324690006e-150	2.706917615216103e-150	1.107266938262054e-148	6.99630502844835e-253	5365.048542339078
38923.14112	1.4537890902976459e-152	2.167797685751203e-152	1.1127183130953612e-150	1.4752367022544492e-255	5556.6572081465465
40265.318400000004	-2.1319913381627395e-155	-3.873962607840144e-155	-1.0144292590490523e-153	2.5601200960014273e-260	5748.265873954016
41607.49568	-5.565988205361744e-157	-8.475879647506682e-157	-4.1039751802015604e-155	8.748854309565754e-262	5939.874539761485
42949.67296	-6.705326711707969e-160	-8.044375191628011e-160	-6.8716390685696264e-158	5.121381013506667e-266	6131.483205568953
45634.02752	6.656923039159456e-161	1.798570598471147e-160	-9.38066624839789e-160	3.221415809619854e-267	6514.70053718389
48318.38208	-2.3944596600579346e-164	-2.6662145743863716e-164	-2.614282566350831e-162	1.696433564647849e-271	6897.917868798828
51002.73664	-5.245809535255796e-167	-6.415533185420483e-166	1.7302420635252561e-164	3.3149056850505144e-274	7281.135200413765
53687.0912	3.671347844583127e-169	4.9538649462267417e-169	2.527738573302986e-167	6.515977235753572e-278	7664.3525320287035
56371.44576	-1.856704480079729e-172	2.7071269200262105e-171	-3.6340851837990245e-170	2.6266292971186607e-281	8047.56986364364
59055.80032	-1.5607841627071134e-174	-2.663066800126778e-174	-1.9800106691845653e-173	1.4986969723950798e-284	8430.787195258577
61740.15488	-3.068005277515182e-179	-1.4609470216168755e-176	-5.777588635558102e-176	1.3199275392268506e-288	8814.004526873514
64424.50944000001	-4.3571479282299576e-181	4.12109339364965e-180	-5.51892936336893e-178	2.6118826843207355e-291	9197.22185848845
67108.864	1.7018391022222305e-183	7.56008310231942e-182	1.643931083840635e-181	1.4415956744734754e-296	9580.439190103389
69793.21856000001	2.7869332823140467e-185	1.9925401346354916e-185	2.3902639259485603e-183	3.70421270484767e-298	9963.656521718327
72477.57312	9.4371608067323e-190	-3.691692024910223e-187	4.716758851940374e-187	4.656344010519491e-303	10346.873853333263
75161.92768000001	-8.939226975130662e-191	-1.0437745267521616e-190	9.971487413984558e-190	4.3413450356755927e-305	10730.0911849482
77846.28224	6.545341356205726e-194	1.945979354484584e-192	6.574106190671463e-192	3.974738780910564e-309	11113.308516563136
80530.63680000001	-4.8759092338676036e-197	1.1034906353275465e-196	-3.433580767903698e-194	4.101106201746e-312	11496.525848178075
83214.99136	-9.582082083767896e-199	-1.0758199098996883e-197	-6.46824508892947e-197	1.200428805e-315	11879.743179793011
85899.34592	9.600997320655175e-202	-5.533043646975938e-204	7.707897507434338e-200	2.84854e-319	12262.96051140795
91268.05504	-2.7380235653252437e-202	-7.795088888273599e-202	-3.303518536136056e-200	1.36945e-319	13029.395174637824
96636.76416	-1.1582623696465542e-205	-1.7539880966426317e-205	-9.407415848038106e-204	0.0	13795.8298378677
102005.47328	7.665151389791788e-208	2.3308184678740194e-207	2.5263443372535965e-206	0.0	14562.264501097574
107374.1824	1.4698950352434905e-211	3.983898851389228e-211	-7.414432492486753e-210	0.0	15328.699164327449
112742.89152	-8.709649828868418e-214	-5.1262038366188846e-213	4.6547132896308933e-212	0.0	16095.133827557323
118111.60064	4.972892128471942e-218	-6.718281958583538e-217	2.9554781871144126e-215	0.0	16861.5684907872
123480.30976	1.523947305582522e-219	1.2769176696638348e-218	-4.819972667601602e-219	0.0	17628.003154017075
128849.01888000002	3.2528685965867715e-223	2.5648358945592904e-222	3.526162131278354e-221	0.0	18394.43781724695
134217.728	-3.174070150609193e-225	-3.253898515262513e-224	-4.0032204463079375e-224	0.0	19160.872480476828
139586.43712000002	-1.0272374610450492e-228	-7.840545677949422e-228	-3.396156424390449e-227	0.0	19927.3071437067
144955.14624	5.588625300419007e-231	8.119588829345557e-230	-9.981761193250586e-231	0.0	20693.741806936578
150323.85536000002	1.153509615095834e-234	2.072831661077626e-233	-7.3596885959134905e-233	0.0	21460.17647016645
155692.56448	-9.9227009444011e-237	-2.0280993535975692e-235	1.3303172802815027e-236	0.0	22226.611133396324
161061.27360000001	-2.1561920617223455e-240	-5.728643280983825e-239	1.0477938233423279e-239	0.0	22993.0457966262
166429.98272	1.782981542850142e-242	5.068411723449762e-241	-2.1692545152793149e-243	0.0	23759.480459856077
171798.69184	5.315710173277946e-246	1.5882453576511194e-244	9.869634875852206e-245	0.0	24525.915123085953
182536.11008	2.0056552992474599e-246	7.189361075790853e-245	5.610075493286133e-246	0.0	26058.78444954571
193273.52832	1.6995580950270921e-251	7.768878356546631e-250	1.628763102407324e-250	0.0	27591.65377600546
204010.94656	-1.797100072258454e-252	-9.008946793919351e-251	1.0178037641573284e-252	0.0	29124.52310246521
214748.3648	-3.004916641094467e-257	-2.1885961562360875e-255	2.4418208687889195e-256	0.0	30657.39242892496
225485.78304	1.6188995112308466e-258	1.1289196612128793e-256	-1.103406720055325e-259	0.0	32190.261755384712
236223.20128	4.374005397845527e-263	4.271696674036263e-261	8.236960075187007e-263	0.0	33723.13108184446
246960.61952	-1.4604953377445027e-264	-1.4144905108666045e-262	-1.119538807226377e-265	0.0	35256.00040830421
257698.03776000004	-5.370059333838203e-269	-7.267918659682924e-267	-3.6600949049554254e-270	0.0	36788.86973476396
268435.456	1.3160577225728485e-270	1.7720147736781323e-268	-2.687558656969403e-272	0.0	38321.73906122371
279172.87424000003	6.108551452625075e-275	1.1506923141063686e-272	-1.2643619463937788e-275	0.0	39854.60838768345
289910.29248	-1.1860540697030158e-276	-2.219586590031443e-274	-5.990321085179994e-280	0.0	41387.477714143206
300647.71072000003	-6.667017157528373e-281	-1.7426051813386345e-278	-4.579608036146411e-282	0.0	42920.34704060296
311385.12896	1.068788128320152e-282	2.7797976918921883e-280	1.458451363756981e-285	0.0	44453.216367062705
322122.54720000003	7.051033977747883e-287	2.5603173952863475e-284	-3.770059494295968e-289	0.0	45986.08569352245
332859.96544	-9.629962918433568e-289	-3.480891385941821e-286	4.148296300049384e-292	0.0	47518.955019982204
343597.38368	-7.294384967784966e-293	-3.680124766414921e-290	3.2338041488967686e-295	0.0	49051.82434644196
365072.22016	-3.178905004930299e-293	-1.604657761187161e-290	-2.4219167570970868e-296	0.0	52117.56299936146
386547.05664	-1.2179077835731154e-298	-8.547159148353772e-296	-5.566585236991914e-301	0.0	55183.301652280956
408021.89312	1.433097092223922e-299	1.0056325496944003e-296	-7.470538558490952e-304	0.0	58249.040305200455
429496.7296	1.246332075904757e-304	1.2158691589110279e-301	-1.1575898932690553e-307	0.0	61314.778958119954
450971.56608	-6.460276251847316e-306	-6.301798563201831e-303	4.431953025845e-311	0.0	64380.51761103945
472446.40256	-8.762133328639e-311	-1.1882661742865034e-307	-1.0669136725e-314	0.0	67446.25626395895
493921.23904	2.91208334143e-312	3.948735073334514e-309	8.975024e-318	0.0	70511.99491687844
515396.0755200001	5.3671334e-317	1.01180961123e-313	-3.7e-322	0.0	73577.73356979793
536870.912	-1.312604e-318	-2.474114244e-315	0.0	0.0	76643.47222271744
558345.7484800001	-3.0e-323	-8.0147e-320	0.0	0.0	79709.21087563694
579820.58496	0.0	1.55e-321	0.0	0.0	82774.94952855645
601295.4214400001	0.0	0.0	0.0	0.0	85840.68818147594
622770.25792	0.0	0.0	0.0	0.0	88906.42683439543
644245.0944000001	0.0	0.0	0.0	0.0	91972.16548731492
665719.93088	0.0	0.0	0.0	0.0	95037.90414023443
687194.76736	0.0	0.0	0.0	0.0	98103.64279315392
730144.44032	0.0	0.0	0.0	0.0	104235.12009899292
773094.11328	0.0	0.0	0.0	0.0	110366.59740483192
816043.78624	0.0	0.0	0.0	0.0	116498.07471067092
858993.4592	0.0	0.0	0.0	0.0	122629.55201650992
901943.13216	0.0	0.0	0.0	0.0	128761.02932234891
944892.80512	0.0	0.0	0.0	0.0	134892.50662818793
987842.47808	0.0	0.0	0.0	0.0	141023.98393402694
1.0307921510400001e6	0.0	0.0	0.0	0.0	147155.46123986595
1.073741824e6	0.0	0.0	0.0	0.0	153286.93854570494
1.1166914969600001e6	0.0	0.0	0.0	0.0	159418.41585154395
1.15964116992e6	0.0	0.0	0.0	0.0	165549.89315738293
1.2025908428800001e6	0.0	0.0	0.0	0.0	171681.37046322192
1.24554051584e6	0.0	0.0	0.0	0.0	177812.84776906093
1.2884901888000001e6	0.0	0.0	0.0	0.0	183944.32507489994
1.33143986176e6	0.0	0.0	0.0	0.0	190075.80238073895
1.37438953472e6	0.0	0.0	0.0	0.0	196207.27968657797
1.46028888064e6	0.0	0.0	0.0	0.0	208470.23429825596
1.54618822656e6	0.0	0.0	0.0	0.0	220733.18890993396
1.63208757248e6	0.0	0.0	0.0	0.0	232996.14352161196
1.7179869184e6	0.0	0.0	0.0	0.0	245259.09813328995
1.80388626432e6	0.0	0.0	0.0	0.0	257522.05274496795
1.88978561024e6	0.0	0.0	0.0	0.0	269785.0073566459
1.97568495616e6	0.0	0.0	0.0	0.0	282047.96196832386
2.0615843020800003e6	0.0	0.0	0.0	0.0	294310.9165800018
2.147483648e6	0.0	0.0	0.0	0.0	306573.87119167985
2.2333829939200003e6	0.0	0.0	0.0	0.0	318836.8258033579
2.31928233984e6	0.0	0.0	0.0	0.0	331099.78041503584
2.4051816857600003e6	0.0	0.0	0.0	0.0	343362.7350267138
2.49108103168e6	0.0	0.0	0.0	0.0	355625.6896383918
2.5769803776000002e6	0.0	0.0	0.0	0.0	367888.64425006974
2.66287972352e6	0.0	0.0	0.0	0.0	380151.59886174777
2.74877906944e6	0.0	0.0	0.0	0.0	392414.5534734258
2.92057776128e6	0.0	0.0	0.0	0.0	416940.4626967818
3.09237645312e6	0.0	0.0	0.0	0.0	441466.3719201378
3.26417514496e6	0.0	0.0	0.0	0.0	465992.2811434938
3.4359738368e6	0.0	0.0	0.0	0.0	490518.19036684977
3.60777252864e6	0.0	0.0	0.0	0.0	515044.09959020576
3.77957122048e6	0.0	0.0	0.0	0.0	539570.0088135618
3.95136991232e6	0.0	0.0	0.0	0.0	564095.9180369178
4.1231686041600006e6	0.0	0.0	0.0	0.0	588621.8272602739
4.294967296e6	0.0	0.0	0.0	0.0	613147.7364836298
4.466765987840001e6	0.0	0.0	0.0	0.0	637673.6457069857
4.63856467968e6	0.0	0.0	0.0	0.0	662199.5549303417
4.8103633715200005e6	0.0	0.0	0.0	0.0	686725.4641536977
4.98216206336e6	0.0	0.0	0.0	0.0	711251.3733770538
5.1539607552000005e6	0.0	0.0	0.0	0.0	735777.2826004097
5.32575944704e6	0.0	0.0	0.0	0.0	760303.1918237656
5.49755813888e6	0.0	0.0	0.0	0.0	784829.1010471217
5.84115552256e6	0.0	0.0	0.0	0.0	833880.9194938337
6.18475290624e6	0.0	0.0	0.0	0.0	882932.7379405457
6.52835028992e6	0.0	0.0	0.0	0.0	931984.5563872576
6.8719476736e6	0.0	0.0	0.0	0.0	981036.3748339696
7.21554505728e6	0.0	0.0	0.0	0.0	1.0300881932806816e6
7.55914244096e6	0.0	0.0	0.0	0.0	1.0791400117273934e6
7.90273982464e6	0.0	0.0	0.0	0.0	1.1281918301741055e6
8.246337208320001e6	0.0	0.0	0.0	0.0	1.1772436486208173e6
8.589934592e6	0.0	0.0	0.0	0.0	1.2262954670675292e6
8.933531975680001e6	0.0	0.0	0.0	0.0	1.2753472855142413e6
9.27712935936e6	0.0	0.0	0.0	0.0	1.3243991039609534e6
9.620726743040001e6	0.0	0.0	0.0	0.0	1.3734509224076653e6
9.96432412672e6	0.0	0.0	0.0	0.0	1.4225027408543772e6
1.0307921510400001e7	0.0	0.0	0.0	0.0	1.471554559301089e6
1.065151889408e7	0.0	0.0	0.0	0.0	1.520606377747801e6
1.099511627776e7	0.0	0.0	0.0	0.0	1.569658196194513e6
1.168231104512e7	0.0	0.0	0.0	0.0	1.667761833087937e6
1.236950581248e7	0.0	0.0	0.0	0.0	1.765865469981361e6
1.305670057984e7	0.0	0.0	0.0	0.0	1.863969106874785e6
1.37438953472e7	0.0	0.0	0.0	0.0	1.962072743768209e6
1.443109011456e7	0.0	0.0	0.0	0.0	2.0601763806616329e6
1.511828488192e7	0.0	0.0	0.0	0.0	2.158280017555057e6
1.580547964928e7	0.0	0.0	0.0	0.0	2.2563836544484813e6
1.6492674416640002e7	0.0	0.0	0.0	0.0	2.3544872913419055e6
1.7179869184e7	0.0	0.0	0.0	0.0	2.4525909282353297e6
1.7867063951360002e7	0.0	0.0	0.0	0.0	2.550694565128754e6
1.855425871872e7	0.0	0.0	0.0	0.0	2.648798202022178e6
1.9241453486080002e7	0.0	0.0	0.0	0.0	2.746901838915602e6
1.992864825344e7	0.0	0.0	0.0	0.0	2.845005475809026e6
2.0615843020800002e7	0.0	0.0	0.0	0.0	2.9431091127024502e6
2.130303778816e7	0.0	0.0	0.0	0.0	3.0412127495958745e6
2.199023255552e7	0.0	0.0	0.0	0.0	3.1393163864892987e6
2.336462209024e7	0.0	0.0	0.0	0.0	3.335523660276146e6
2.473901162496e7	0.0	0.0	0.0	0.0	3.531730934062994e6
2.611340115968e7	0.0	0.0	0.0	0.0	3.727938207849842e6
2.74877906944e7	0.0	0.0	0.0	0.0	3.9241454816366904e6
2.886218022912e7	0.0	0.0	0.0	0.0	4.120352755423538e6
3.023656976384e7	0.0	0.0	0.0	0.0	4.316560029210386e6
3.161095929856e7	0.0	0.0	0.0	0.0	4.512767302997233e6
3.2985348833280005e7	0.0	0.0	0.0	0.0	4.708974576784081e6
3.4359738368e7	0.0	0.0	0.0	0.0	4.905181850570928e6
3.5734127902720004e7	0.0	0.0	0.0	0.0	5.101389124357777e6
3.710851743744e7	0.0	0.0	0.0	0.0	5.297596398144625e6
3.8482906972160004e7	0.0	0.0	0.0	0.0	5.493803671931474e6
3.985729650688e7	0.0	0.0	0.0	0.0	5.690010945718321e6
4.1231686041600004e7	0.0	0.0	0.0	0.0	5.8862182195051685e6
4.260607557632e7	0.0	0.0	0.0	0.0	6.082425493292016e6
4.398046511104e7	0.0	0.0	0.0	0.0	6.278632767078864e6
4.672924418048e7	0.0	0.0	0.0	0.0	6.67104731465256e6
4.947802324992e7	0.0	0.0	0.0	0.0	7.063461862226256e6
5.222680231936e7	0.0	0.0	0.0	0.0	7.455876409799952e6
5.49755813888e7	0.0	0.0	0.0	0.0	7.848290957373648e6
5.772436045824e7	0.0	0.0	0.0	0.0	8.240705504947344e6
6.047313952768e7	0.0	0.0	0.0	0.0	8.63312005252104e6
6.322191859712e7	0.0	0.0	0.0	0.0	9.025534600094737e6
6.597069766656001e7	0.0	0.0	0.0	0.0	9.417949147668434e6
6.8719476736e7	0.0	0.0	0.0	0.0	9.81036369524213e6
7.146825580544001e7	0.0	0.0	0.0	0.0	1.0202778242815824e7
7.421703487488e7	0.0	0.0	0.0	0.0	1.059519279038952e7
7.696581394432001e7	0.0	0.0	0.0	0.0	1.0987607337963216e7
7.971459301376e7	0.0	0.0	0.0	0.0	1.1380021885536913e7
8.246337208320001e7	0.0	0.0	0.0	0.0	1.1772436433110608e7
8.521215115264e7	0.0	0.0	0.0	0.0	1.2164850980684303e7
8.796093022208e7	0.0	0.0	0.0	0.0	1.2557265528258e7
9.345848836096e7	0.0	0.0	0.0	0.0	1.3342094623405391e7
9.895604649984e7	0.0	0.0	0.0	0.0	1.4126923718552783e7
1.0445360463872e8	0.0	0.0	0.0	0.0	1.4911752813700175e7
1.099511627776e8	0.0	0.0	0.0	0.0	1.5696581908847567e7
1.1544872091648e8	0.0	0.0	0.0	0.0	1.6481411003994958e7
1.2094627905536e8	0.0	0.0	0.0	0.0	1.726624009914235e7
1.2644383719424e8	0.0	0.0	0.0	0.0	1.805106919428974e7
1.3194139533312002e8	0.0	0.0	0.0	0.0	1.883589828943713e7
1.37438953472e8	0.0	0.0	0.0	0.0	1.9620727384584524e7
1.4293651161088002e8	0.0	0.0	0.0	0.0	2.0405556479731917e7
1.4843406974976e8	0.0	0.0	0.0	0.0	2.119038557487931e7
1.5393162788864002e8	0.0	0.0	0.0	0.0	2.19752146700267e7
1.5942918602752e8	0.0	0.0	0.0	0.0	2.276004376517409e7
1.6492674416640002e8	0.0	0.0	0.0	0.0	2.3544872860321485e7
1.7042430230528e8	0.0	0.0	0.0	0.0	2.4329701955468874e7
1.7592186044416e8	0.0	0.0	0.0	0.0	2.5114531050616268e7
1.8691697672192e8	0.0	0.0	0.0	0.0	2.668418924091105e7
1.9791209299968e8	0.0	0.0	0.0	0.0	2.8253847431205835e7
2.0890720927744e8	0.0	0.0	0.0	0.0	2.982350562150062e7
2.199023255552e8	0.0	0.0	0.0	0.0	3.1393163811795402e7
2.3089744183296e8	0.0	0.0	0.0	0.0	3.2962822002090186e7
2.4189255811072e8	0.0	0.0	0.0	0.0	3.453248019238497e7
2.5288767438848e8	0.0	0.0	0.0	0.0	3.610213838267976e7
2.6388279066624004e8	0.0	0.0	0.0	0.0	3.767179657297455e7
2.74877906944e8	0.0	0.0	0.0	0.0	3.924145476326933e7
2.8587302322176003e8	0.0	0.0	0.0	0.0	4.081111295356411e7
2.9686813949952e8	0.0	0.0	0.0	0.0	4.238077114385889e7
3.0786325577728003e8	0.0	0.0	0.0	0.0	4.3950429334153675e7
3.1885837205504e8	0.0	0.0	0.0	0.0	4.552008752444846e7
3.2985348833280003e8	0.0	0.0	0.0	0.0	4.708974571474324e7
3.4084860461056e8	0.0	0.0	0.0	0.0	4.865940390503802e7
3.5184372088832e8	0.0	0.0	0.0	0.0	5.022906209533281e7
3.7383395344384e8	0.0	0.0	0.0	0.0	5.3368378475922376e7
3.9582418599936e8	0.0	0.0	0.0	0.0	5.650769485651194e7
4.1781441855488e8	0.0	0.0	0.0	0.0	5.964701123710151e7
4.398046511104e8	0.0	0.0	0.0	0.0	6.278632761769108e7
4.6179488366592e8	0.0	0.0	0.0	0.0	6.592564399828064e7
4.8378511622144e8	0.0	0.0	0.0	0.0	6.90649603788702e7
5.0577534877696e8	0.0	0.0	0.0	0.0	7.220427675945976e7
5.277655813324801e8	0.0	0.0	0.0	0.0	7.534359314004932e7
5.49755813888e8	0.0	0.0	0.0	0.0	7.84829095206389e7
5.717460464435201e8	0.0	0.0	0.0	0.0	8.162222590122847e7
5.9373627899904e8	0.0	0.0	0.0	0.0	8.476154228181803e7
6.157265115545601e8	0.0	0.0	0.0	0.0	8.790085866240759e7
6.3771674411008e8	0.0	0.0	0.0	0.0	9.104017504299715e7
6.597069766656001e8	0.0	0.0	0.0	0.0	9.417949142358673e7
6.8169720922112e8	0.0	0.0	0.0	0.0	9.73188078041763e7
7.0368744177664e8	0.0	0.0	0.0	0.0	1.0045812418476586e8
7.4766790688768e8	0.0	0.0	0.0	0.0	1.06736756945945e8
7.9164837199872e8	0.0	0.0	0.0	0.0	1.1301538970712413e8
8.3562883710976e8	0.0	0.0	0.0	0.0	1.1929402246830326e8
8.796093022208e8	0.0	0.0	0.0	0.0	1.255726552294824e8
9.2358976733184e8	0.0	0.0	0.0	0.0	1.3185128799066153e8
9.6757023244288e8	0.0	0.0	0.0	0.0	1.3812992075184065e8
1.01155069755392e9	0.0	0.0	0.0	0.0	1.4440855351301977e8
1.0555311626649601e9	0.0	0.0	0.0	0.0	1.5068718627419892e8
1.099511627776e9	0.0	0.0	0.0	0.0	1.5696581903537807e8
1.1434920928870401e9	0.0	0.0	0.0	0.0	1.632444517965572e8
1.18747255799808e9	0.0	0.0	0.0	0.0	1.695230845577363e8
1.2314530231091201e9	0.0	0.0	0.0	0.0	1.7580171731891546e8
1.27543348822016e9	0.0	0.0	0.0	0.0	1.820803500800946e8
1.3194139533312001e9	0.0	0.0	0.0	0.0	1.8835898284127373e8
1.36339441844224e9	0.0	0.0	0.0	0.0	1.9463761560245284e8
1.40737488355328e9	0.0	0.0	0.0	0.0	2.0091624836363193e8
1.49533581377536e9	0.0	0.0	0.0	0.0	2.134735138859902e8
1.58329674399744e9	0.0	0.0	0.0	0.0	2.2603077940834847e8
1.67125767421952e9	0.0	0.0	0.0	0.0	2.3858804493070674e8
1.7592186044416e9	0.0	0.0	0.0	0.0	2.51145310453065e8
1.84717953466368e9	0.0	0.0	0.0	0.0	2.6370257597542328e8
1.93514046488576e9	0.0	0.0	0.0	0.0	2.762598414977816e8
2.02310139510784e9	0.0	0.0	0.0	0.0	2.888171070201399e8
2.1110623253299203e9	0.0	0.0	0.0	0.0	3.013743725424982e8
2.199023255552e9	0.0	0.0	0.0	0.0	3.1393163806485647e8
2.2869841857740803e9	0.0	0.0	0.0	0.0	3.264889035872147e8
2.37494511599616e9	0.0	0.0	0.0	0.0	3.3904616910957295e8
2.4629060462182403e9	0.0	0.0	0.0	0.0	3.516034346319312e8
2.55086697644032e9	0.0	0.0	0.0	0.0	3.641607001542895e8
2.6388279066624002e9	0.0	0.0	0.0	0.0	3.767179656766478e8
2.72678883688448e9	0.0	0.0	0.0	0.0	3.89275231199006e8
2.81474976710656e9	0.0	0.0	0.0	0.0	4.0183249672136426e8
2.99067162755072e9	0.0	0.0	0.0	0.0	4.269470277660808e8
3.16659348799488e9	0.0	0.0	0.0	0.0	4.520615588107974e8
3.34251534843904e9	0.0	0.0	0.0	0.0	4.7717608985551393e8
3.5184372088832e9	0.0	0.0	0.0	0.0	5.0229062090023047e8
3.69435906932736e9	0.0	0.0	0.0	0.0	5.27405151944947e8
3.87028092977152e9	0.0	0.0	0.0	0.0	5.525196829896636e8
4.04620279021568e9	0.0	0.0	0.0	0.0	5.776342140343802e8
4.2221246506598406e9	0.0	0.0	0.0	0.0	6.027487450790968e8
4.398046511104e9	0.0	0.0	0.0	0.0	6.278632761238134e8
4.573968371548161e9	0.0	0.0	0.0	0.0	6.5297780716853e8
4.74989023199232e9	0.0	0.0	0.0	0.0	6.780923382132466e8
4.9258120924364805e9	0.0	0.0	0.0	0.0	7.032068692579631e8
5.10173395288064e9	0.0	0.0	0.0	0.0	7.283214003026795e8
5.2776558133248005e9	0.0	0.0	0.0	0.0	7.53435931347396e8
5.45357767376896e9	0.0	0.0	0.0	0.0	7.785504623921126e8
5.62949953421312e9	0.0	0.0	0.0	0.0	8.036649934368292e8
5.98134325510144e9	0.0	0.0	0.0	0.0	8.538940555262623e8
6.33318697598976e9	0.0	0.0	0.0	0.0	9.041231176156954e8
6.68503069687808e9	0.0	0.0	0.0	0.0	9.543521797051284e8
7.0368744177664e9	0.0	0.0	0.0	0.0	1.0045812417945615e9
7.38871813865472e9	0.0	0.0	0.0	0.0	1.0548103038839946e9
7.74056185954304e9	0.0	0.0	0.0	0.0	1.1050393659734275e9
8.09240558043136e9	0.0	0.0	0.0	0.0	1.1552684280628605e9
8.444249301319681e9	0.0	0.0	0.0	0.0	1.2054974901522937e9
8.796093022208e9	0.0	0.0	0.0	0.0	1.2557265522417266e9
9.147936743096321e9	0.0	0.0	0.0	0.0	1.3059556143311596e9
9.49978046398464e9	0.0	0.0	0.0	0.0	1.3561846764205928e9
9.851624184872961e9	0.0	0.0	0.0	0.0	1.406413738510026e9
1.020346790576128e10	0.0	0.0	0.0	0.0	1.456642800599459e9
1.0555311626649601e10	0.0	0.0	0.0	0.0	1.5068718626888921e9
1.090715534753792e10	0.0	0.0	0.0	0.0	1.5571009247783253e9
1.125899906842624e10	0.0	0.0	0.0	0.0	1.6073299868677583e9
1.196268651020288e10	0.0	0.0	0.0	0.0	1.7077881110466244e9
1.266637395197952e10	0.0	0.0	0.0	0.0	1.8082462352254906e9
1.337006139375616e10	0.0	0.0	0.0	0.0	1.9087043594043567e9
1.40737488355328e10	0.0	0.0	0.0	0.0	2.0091624835832229e9
1.477743627730944e10	0.0	0.0	0.0	0.0	2.109620607762089e9
1.548112371908608e10	0.0	0.0	0.0	0.0	2.2100787319409556e9
1.618481116086272e10	0.0	0.0	0.0	0.0	2.310536856119822e9
1.6888498602639362e10	0.0	0.0	0.0	0.0	2.410994980298688e9
1.7592186044416e10	0.0	0.0	0.0	0.0	2.5114531044775543e9
1.8295873486192642e10	0.0	0.0	0.0	0.0	2.6119112286564207e9
1.899956092796928e10	0.0	0.0	0.0	0.0	2.712369352835287e9
1.9703248369745922e10	0.0	0.0	0.0	0.0	2.812827477014153e9
2.040693581152256e10	0.0	0.0	0.0	0.0	2.913285601193019e9
2.1110623253299202e10	0.0	0.0	0.0	0.0	3.0137437253718853e9
2.181431069507584e10	0.0	0.0	0.0	0.0	3.1142018495507517e9
2.251799813685248e10	0.0	0.0	0.0	0.0	3.214659973729618e9
2.392537302040576e10	0.0	0.0	0.0	0.0	3.4155762220873504e9
2.533274790395904e10	0.0	0.0	0.0	0.0	3.6164924704450827e9
2.674012278751232e10	0.0	0.0	0.0	0.0	3.817408718802815e9
2.81474976710656e10	0.0	0.0	0.0	0.0	4.0183249671605473e9
2.955487255461888e10	0.0	0.0	0.0	0.0	4.2192412155182796e9
3.096224743817216e10	0.0	0.0	0.0	0.0	4.420157463876012e9
3.236962232172544e10	0.0	0.0	0.0	0.0	4.621073712233744e9
3.3776997205278725e10	0.0	0.0	0.0	0.0	4.821989960591476e9
3.5184372088832e10	0.0	0.0	0.0	0.0	5.022906208949209e9
3.6591746972385284e10	0.0	0.0	0.0	0.0	5.223822457306942e9
3.799912185593856e10	0.0	0.0	0.0	0.0	5.424738705664674e9
3.9406496739491844e10	0.0	0.0	0.0	0.0	5.625654954022406e9
4.081387162304512e10	0.0	0.0	0.0	0.0	5.826571202380138e9
4.2221246506598404e10	0.0	0.0	0.0	0.0	6.02748745073787e9
4.362862139015168e10	0.0	0.0	0.0	0.0	6.228403699095602e9
4.503599627370496e10	0.0	0.0	0.0	0.0	6.429319947453334e9
4.785074604081152e10	0.0	0.0	0.0	0.0	6.831152444168798e9
5.066549580791808e10	0.0	0.0	0.0	0.0	7.232984940884263e9
5.348024557502464e10	0.0	0.0	0.0	0.0	7.634817437599728e9
5.62949953421312e10	0.0	0.0	0.0	0.0	8.036649934315192e9
5.910974510923776e10	0.0	0.0	0.0	0.0	8.438482431030657e9
6.192449487634432e10	0.0	0.0	0.0	0.0	8.84031492774612e9
6.473924464345088e10	0.0	0.0	0.0	0.0	9.242147424461584e9
6.755399441055745e10	0.0	0.0	0.0	0.0	9.643979921177048e9
7.0368744177664e10	0.0	0.0	0.0	0.0	1.0045812417892511e10
7.318349394477057e10	0.0	0.0	0.0	0.0	1.0447644914607977e10
7.599824371187712e10	0.0	0.0	0.0	0.0	1.084947741132344e10
7.881299347898369e10	0.0	0.0	0.0	0.0	1.1251309908038904e10
8.162774324609024e10	0.0	0.0	0.0	0.0	1.165314240475437e10
8.444249301319681e10	0.0	0.0	0.0	0.0	1.2054974901469835e10
8.725724278030336e10	0.0	0.0	0.0	0.0	1.2456807398185299e10
9.007199254740993e10	0.0	0.0	0.0	0.0	1.2858639894900763e10
9.570149208162305e10	0.0	0.0	0.0	0.0	1.3662304888331692e10
1.0133099161583617e11	0.0	0.0	0.0	0.0	1.446596988176262e10
1.0696049115004929e11	0.0	0.0	0.0	0.0	1.526963487519355e10
1.125899906842624e11	0.0	0.0	0.0	0.0	1.607329986862448e10
1.1821949021847552e11	0.0	0.0	0.0	0.0	1.6876964862055408e10
1.2384898975268864e11	0.0	0.0	0.0	0.0	1.7680629855486336e10
1.2947848928690176e11	0.0	0.0	0.0	0.0	1.8484294848917263e10
1.351079888211149e11	0.0	0.0	0.0	0.0	1.928795984234819e10
1.40737488355328e11	0.0	0.0	0.0	0.0	2.0091624835779118e10
1.4636698788954114e11	0.0	0.0	0.0	0.0	2.089528982921005e10
1.5199648742375424e11	0.0	0.0	0.0	0.0	2.169895482264098e10
1.5762598695796738e11	0.0	0.0	0.0	0.0	2.2502619816071907e10
1.6325548649218048e11	0.0	0.0	0.0	0.0	2.3306284809502834e10
1.6888498602639362e11	0.0	0.0	0.0	0.0	2.4109949802933765e10
1.7451448556060672e11	0.0	0.0	0.0	0.0	2.4913614796364697e10
1.8014398509481985e11	0.0	0.0	0.0	0.0	2.5717279789795628e10
1.914029841632461e11	0.0	0.0	0.0	0.0	2.7324609776657486e10
2.0266198323167233e11	0.0	0.0	0.0	0.0	2.8931939763519344e10
2.1392098230009857e11	0.0	0.0	0.0	0.0	3.0539269750381203e10
2.251799813685248e11	0.0	0.0	0.0	0.0	3.214659973724306e10
2.3643898043695105e11	0.0	0.0	0.0	0.0	3.375392972410492e10
2.476979795053773e11	0.0	0.0	0.0	0.0	3.536125971096678e10
2.5895697857380353e11	0.0	0.0	0.0	0.0	3.6968589697828636e10
2.702159776422298e11	0.0	0.0	0.0	0.0	3.85759196846905e10
2.81474976710656e11	0.0	0.0	0.0	0.0	4.018324967155236e10
2.927339757790823e11	0.0	0.0	0.0	0.0	4.179057965841422e10
3.039929748475085e11	0.0	0.0	0.0	0.0	4.3397909645276085e10
3.1525197391593475e11	0.0	0.0	0.0	0.0	4.500523963213795e10
3.2651097298436096e11	0.0	0.0	0.0	0.0	4.66125696189998e10
3.3776997205278723e11	0.0	0.0	0.0	0.0	4.821989960586166e10
3.4902897112121344e11	0.0	0.0	0.0	0.0	4.982722959272352e10
3.602879701896397e11	0.0	0.0	0.0	0.0	5.143455957958537e10
3.828059683264922e11	0.0	0.0	0.0	0.0	5.46492195533091e10
4.0532396646334467e11	0.0	0.0	0.0	0.0	5.7863879527032814e10
4.2784196460019714e11	0.0	0.0	0.0	0.0	6.107853950075653e10
4.503599627370496e11	0.0	0.0	0.0	0.0	6.429319947448025e10
4.728779608739021e11	0.0	0.0	0.0	0.0	6.7507859448203964e10
4.953959590107546e11	0.0	0.0	0.0	0.0	7.072251942192767e10
5.1791395714760706e11	0.0	0.0	0.0	0.0	7.393717939565138e10
5.404319552844596e11	0.0	0.0	0.0	0.0	7.715183936937509e10
5.62949953421312e11	0.0	0.0	0.0	0.0	8.036649934309882e10
5.854679515581646e11	0.0	0.0	0.0	0.0	8.358115931682254e10
6.07985949695017e11	0.0	0.0	0.0	0.0	8.679581929054625e10
6.305039478318695e11	0.0	0.0	0.0	0.0	9.001047926426996e10
6.530219459687219e11	0.0	0.0	0.0	0.0	9.322513923799368e10
6.755399441055745e11	0.0	0.0	0.0	0.0	9.64397992117174e10
6.980579422424269e11	0.0	0.0	0.0	0.0	9.965445918544113e10
7.205759403792794e11	0.0	0.0	0.0	0.0	1.0286911915916486e11
7.656119366529844e11	0.0	0.0	0.0	0.0	1.0929843910661227e11
8.106479329266893e11	0.0	0.0	0.0	0.0	1.1572775905405971e11
8.556839292003943e11	0.0	0.0	0.0	0.0	1.2215707900150714e11
9.007199254740992e11	0.0	0.0	0.0	0.0	1.2858639894895459e11
9.457559217478042e11	0.0	0.0	0.0	0.0	1.3501571889640201e11
9.907919180215092e11	0.0	0.0	0.0	0.0	1.4144503884384943e11
1.0358279142952141e12	0.0	0.0	0.0	0.0	1.4787435879129684e11
1.0808639105689192e12	0.0	0.0	0.0	0.0	1.543036787387443e11
1.125899906842624e12	0.0	0.0	0.0	0.0	1.6073299868619174e11
1.170935903116329e12	0.0	0.0	0.0	0.0	1.6716231863363916e11
1.215971899390034e12	0.0	0.0	0.0	0.0	1.7359163858108658e11
1.261007895663739e12	0.0	0.0	0.0	0.0	1.8002095852853403e11
1.3060438919374438e12	0.0	0.0	0.0	0.0	1.8645027847598148e11
1.351079888211149e12	0.0	0.0	0.0	0.0	1.9287959842342892e11
1.3961158844848538e12	0.0	0.0	0.0	0.0	1.9930891837087634e11
1.4411518807585588e12	0.0	0.0	0.0	0.0	2.0573823831832376e11
