# z G G´ G´´
1.5999999999999998e6	9.601703419044161e6	2398.0725031604425	9.601703119578974e6
1.0666666666666665e6	6.403106226018992e6	4554.921579630516	6.4031046059214575e6
799999.9999999999	4.80380472379429e6	5296.268102286826	4.803801804185152e6
640000.0	3.8442301298037614e6	5660.7721025709725	3.844225961952581e6
533333.3333333333	3.204517332990424e6	5874.393642131964	3.204511948633582e6
457142.8571428571	2.747581557682912e6	6013.581212736726	2.747574976767741e6
399999.99999999994	2.404880795605372e6	6110.946627300438	2.4048730314515247e6
355555.55555555556	2.1383363629410747e6	6182.6121775831425	2.1383274249709104e6
320000.0	1.9251011603115755e6	6237.414846955717	1.92509105553192e6
290909.0909090909	1.7506361850540584e6	6280.584166820851	1.750624918902719e6
266666.6666666666	1.605248803282205e6	6315.403847419586	1.6052363801363322e6
246153.84615384613	1.482228750559149e6	6344.035579388076	1.4822151740542613e6
228571.42857142855	1.3767829935694092e6	6367.958404988607	1.3767682668073433e6
213333.3333333333	1.285396649343233e6	6388.217311872324	1.285380775032203e6
199999.99999999997	1.2054335610084638e6	6405.570921498961	1.2054165415601013e6
188235.29411764705	1.1350316192327647e6	6923.656679975284	1.1350105019938492e6
177777.77777777778	1.0723638766178843e6	7040.282662025522	1.0723407659391558e6
168421.05263157893	1.0162639987182913e6	7038.857955646989	1.0162396221214618e6
160000.0	965764.289620861	7006.171179463816	965738.876028241
152380.95238095237	920070.3631141968	6968.2777026402	920043.975137574
145454.54545454544	878528.746732916	6932.523688358615	878501.3938244028
139130.4347826087	840598.4817650534	6900.570875293378	840570.1574927032
133333.3333333333	805828.3988286194	6872.426695435438	805799.0928947565
128000.0	773839.3907473758	6847.678315816507	773809.0927185806
123076.92307692306	744310.6295489358	6825.858485487403	744279.3298993794
118518.51851851851	716968.7989858683	6806.544067706433	716936.4892911316
114285.71428571428	691579.6189731673	6789.374379615881	691546.2918522552
110344.8275862069	667941.1185064816	6774.047184032113	667906.7675030987
106666.66666666666	645878.2522658486	6760.309835991639	645842.8717272558
103225.80645161291	625238.5585378759	6747.950561743432	625202.1435069918
99999.99999999999	605888.6310207901	6736.791045475881	605851.1771439061
94117.64705882352	570577.6379393705	6622.24089513881	570539.2071032438
88888.88888888889	539213.283913806	6611.276669480256	539172.7520655233
84210.52631578947	511149.9309339502	6602.41848643166	511107.28811465023
80000.0	485892.4671455505	6595.166431410619	485847.70598257624
76190.47619047618	463040.0845439984	6589.164294469435	462993.1995271785
72727.27272727272	442264.84485805454	6584.147794024809	442215.8319137223
69565.21739130435	423295.83848478453	6579.915952024727	423244.69469161815
66666.66666666666	405907.3041168895	6576.313573733108	405854.0274966123
64000.0	389909.5996038324	6573.2192884849965	389854.1889622406
61538.46153846153	375142.2564446183	6570.537350242765	375084.71124439186
59259.259259259255	361468.57758790604	6568.191502436453	361408.8978481456
57142.85714285714	348771.392834372	6566.120648404474	348709.57904717565
55172.41379310345	336949.69232539437	6564.27542254074	336885.7453890784
53333.33333333333	325915.9333454667	6562.615778510882	325849.8545075482
51612.903225806454	315593.86830824433	6561.10896810215	315525.65911961923
49999.99999999999	305916.78001996526	6559.728153967859	305846.4422947075
47058.82352941176	288244.667989058	6460.891675680057	288172.2497099216
44444.444444444445	272559.4828446869	6464.097686364644	272482.81987983076
42105.26315789473	258524.9316176018	6467.024462608724	258444.0323599787
40000.0	245893.41604507345	6469.61270673618	245808.29149103255
38095.23809523809	234464.50702243453	6471.860895133347	234375.16948223693
36363.63636363636	224074.21873669306	6473.785694952785	223980.68131255248
34782.608695652176	214587.08441472967	6475.408363189745	214489.3607714477
33333.33333333333	205890.2145796247	6476.750923112852	205788.3188063012
32000.0	197888.78143198646	6477.834191501428	197782.72796385412
30769.230769230766	190502.54562688468	6478.677779943361	190392.34917545124
29629.629629629628	183663.15466722113	6479.2995196289	183548.8301789214
28571.42857142857	177312.0204251216	6479.715930230202	177193.58303477656
27586.206896551725	171398.63557770854	6479.94187912785	171276.1005836578
26666.666666666664	165879.22694860082	6479.991097656796	165752.60977866896
25806.451612903227	160715.66929092802	6479.875898858782	160584.98548733108
24999.999999999996	155874.60291829595	6479.607670191815	155739.868111466
23529.41176470588	147021.95841084895	6383.993324958248	146883.29001009028
22222.222222222223	139175.02842071102	6387.946761778032	139028.35204401443
21052.631578947367	132153.37543077362	6391.070095266258	131998.74567882982
20000.0	125833.1840431746	6393.352957319914	125670.66182847363
19047.619047619046	120114.2402519596	6394.864424399914	119943.88863255609
18181.81818181818	114914.55652184696	6395.687687502556	114736.43919704274
17391.304347826088	110166.40535041493	6395.899183968645	109980.58620256778
16666.666666666664	105813.34778947642	6395.566720125237	105619.89063024598
16000.0	101807.97491897819	6394.747696913071	101606.94345858514
15384.615384615383	98110.17166407376	6393.492240393074	97901.62940894322
14814.814814814814	94685.7656320954	6391.842668654368	94469.77591079206
14285.714285714284	91505.46634048845	6389.836386669126	91282.09222592274
13793.103448275862	88544.02311706104	6387.505141111944	88313.32746435788
13333.333333333332	85779.55219218922	6384.877421551351	85541.59756869332
12903.225806451614	83192.99328668979	6381.977522532646	82947.84201473297
12499.999999999998	80767.66880511786	6378.827577427053	80515.3828963799
11764.70588235294	76321.90205274557	6281.872358005019	76062.9398105715
11111.111111111111	72389.43773965196	6279.416741835674	72116.56967469612
10526.315789473683	68869.58874357054	6276.044937987223	68583.02642523806
10000.0	65700.42127599797	6271.655891300035	65400.39516871995
9523.809523809523	62831.829720239664	6266.307128308619	62518.57500748798
9090.90909090909	60222.82993471367	6260.096222658301	59896.581209852906
8695.652173913044	57839.56780087377	6253.115376490264	57500.55783625211
8333.333333333332	55653.833537357095	6245.450544074482	55302.292311488985
8000.0	53641.93039772072	6237.172631321476	53278.085310575945
7692.3076923076915	51783.80823448483	6228.346166293408	51407.88362983558
7407.407407407407	50062.386534425095	6219.023662633034	49674.604076990865
7142.857142857142	48463.025630608914	6209.2539013755795	48063.603893812506
6896.551724137931	46973.104396221555	6199.076505453174	46562.2592568044
6666.666666666666	45581.685219142106	6188.5292521627	45159.62946163404
6451.612903225807	44279.2411200701	6177.642741696264	43846.1848320384
6249.999999999999	43057.43663180052	6166.44692802946	42613.586819057055
5882.35294117647	40809.3495310464	6063.338108159792	40356.39899858824
5555.555555555556	38825.550602327574	6044.277796540857	38352.1848855074
5263.157894736842	37048.21593779167	6024.412358475178	36555.11947605003
5000.0	35446.33280674985	6003.488206530845	34934.23305013173
4761.9047619047615	33994.84244035165	5981.52946952776	33464.46798844267
4545.454545454545	32673.261914852454	5958.652442007874	32125.324982510316
4347.826086956522	31464.672303013987	5934.966890493484	30899.866846716373
4166.666666666666	30354.97915150564	5910.588918878654	29773.976857658283
4000.0	29332.340485240617	5885.607908705461	28735.79332273723
3846.1538461538457	28386.738931727046	5860.115056388062	27775.27675296723
3703.7037037037035	27509.63832474553	5834.178168305195	26883.87185393464
3571.428571428571	26693.72424530981	5807.868657435701	26054.242950863434
3448.2758620689656	25932.68850389756	5781.238524457897	25280.063571191917
3333.333333333333	25221.06602826125	5754.344756457446	24555.848346692168
3225.8064516129034	24554.09447346434	5727.227916192627	23876.817539358046
3124.9999999999995	23927.60860005221	5699.9342929765635	23238.786594248893
2941.176470588235	22769.75435421761	5584.038819141048	22074.42465428573
2777.777777777778	21748.188779469616	5533.407385216433	21032.477692765548
2631.578947368421	20830.563420038405	5482.8802919138825	20096.029361562556
2500.0	20001.309232747946	5432.0982702282045	19249.537121878853
2380.9523809523807	19247.87000212814	5381.055982829748	18480.38787819337
2272.7272727272725	18559.99995224084	5329.912623653646	17778.234716962128
2173.913043478261	17929.228718297432	5278.7872824543165	17134.516254030048
2083.333333333333	17348.505935697256	5227.836294984445	16542.079248805643
2000.0	16811.898607989464	5177.150273421677	15994.906997282851
1923.0769230769229	16314.391978960944	5126.846239721548	15487.893119383223
1851.8518518518517	15851.704309763702	5076.983478498873	15016.682998692839
1785.7142857142856	15420.170114007207	5027.647079033817	14577.53103902042
1724.1379310344828	15016.620721850186	4978.873156723471	14167.205793421612
1666.6666666666665	14638.313955790867	4930.723148690226	13782.895367058114
1612.9032258064517	14282.853734208058	4883.216563652417	13422.14985705538
1562.4999999999998	13948.147038798998	4836.39728670191	13082.815717617505
1470.5882352941176	13327.836685846109	4709.79957864274	12467.919580010213
1388.888888888889	12777.573537708266	4624.648065332062	11911.297821117687
1315.7894736842104	12281.073485741706	4542.593847764044	11410.066042597835
1250.0	11830.439102720195	4463.223274922602	10956.227788858725
1190.4761904761904	11419.283152153008	4386.334335500043	10543.248968238346
1136.3636363636363	11042.405437018666	4311.970633533353	10165.708391009717
1086.9565217391305	10695.480776359409	4240.047343164552	9819.129674528029
1041.6666666666665	10374.915058826324	4170.59363529545	9499.737428323706
1000.0	10077.661833451019	4103.507468571745	9204.373660644773
961.5384615384614	9801.151103514156	4038.7804846739696	8930.33118929715
925.9259259259259	9543.170952143673	3976.2967070111313	8675.31995488646
892.8571428571428	9301.832290954137	3916.0241236422717	8437.34786719671
862.0689655172414	9075.48800253883	3857.8432074641046	8214.714132022447
833.3333333333333	8862.716719274249	3801.709607967341	8005.919791179032
806.4516129032259	8662.265134343568	3747.506880869521	7809.675373246943
781.2499999999999	8473.042109909216	3695.185434615738	7624.8309620671935
735.2941176470588	8122.3167491962795	3580.75651513665	7290.419202870357
694.4444444444445	7808.680386728051	3489.7069015626184	6985.516095698125
657.8947368421052	7524.501080057188	3404.4844829707445	6710.2609419450455
625.0	7265.6035799863075	3324.5258193465143	6460.381061362265
595.2380952380952	7028.559873602088	3249.2070503637287	6232.439926760309
568.1818181818181	6810.5846958123075	3178.24992376282	6023.51984481951
543.4782608695652	6609.330259300115	3111.200660816808	5831.267180007548
520.8333333333333	6422.852474424977	3047.83641433759	5653.647238700415
500.0	6249.482178852044	2987.7875433169775	5489.002924009896
480.7692307692307	6087.817357348561	2930.86581251372	5335.87347727368
462.96296296296293	5936.636287524299	2876.7676876015817	5193.0586441828045
446.4285714285714	5794.900674986651	2825.335760495958	5059.481364075124
431.0344827586207	5661.694366120261	2776.320910902573	4934.25022622921
416.66666666666663	5536.230970937864	2729.592489567428	4816.552522756157
403.2258064516129	5417.809115667265	2684.9455766124975	4705.711727723693
390.62499999999994	5305.8215832253945	2642.27188697586	4601.102253625479
367.6470588235294	5098.300104471779	2556.3218560000473	4411.108990241958
347.22222222222223	4911.603805884368	2483.5359759917346	4237.440383289491
328.9473684210526	4741.913690941303	2416.0532907201946	4080.2490057270634
312.5	4586.8925422746515	2353.428689583367	3937.1254231254475
297.6190476190476	4444.5889673821275	2295.005319316673	3806.22144301709
284.09090909090907	4313.41966255897	2240.452264653664	3685.9141112020784
271.7391304347826	4192.035389909023	2189.2799849818443	3574.9424971050366
260.41666666666663	4079.322726783767	2141.238411842554	3472.171074832651
250.0	3974.3169169803073	2095.9567795624184	3376.7084764311817
240.38461538461536	3876.210634385675	2053.244274009654	3287.734300908631
231.48148148148147	3784.294502031001	2012.8157135445954	3204.5994728530463
223.2142857142857	3697.9678898160105	1974.5236706162202	3126.695186340767
215.51724137931035	3616.696703499626	1938.1453296028346	3053.5369207598883
208.33333333333331	3540.0241760052677	1903.565201837123	2984.6625754105885
201.61290322580646	3467.5399276115613	1870.60657449213	2919.7027576531164
195.31249999999997	3398.8899555422286	1839.1777456308305	2858.2998705283094
183.8235294117647	3271.683744975216	1778.599153031969	2745.9970101893805
173.61111111111111	3156.6784630624247	1725.124603926496	2643.589230589655
164.4736842105263	3051.858087798128	1675.544554606319	2550.7622848058495
156.25	2955.8643525743564	1629.658088778363	2466.0390476428133
148.8095238095238	2867.5441912984297	1586.96877217937	2388.375976511418
142.04545454545453	2785.960893065304	1547.2139898615308	2316.831234092373
135.8695652173913	2710.3096878506317	1510.000026150892	2250.7062280718233
130.20833333333331	2639.9279455890824	1475.129326867862	2189.3407745064637
125.0	2574.2375688868187	1442.309627250693	2132.238729647383
120.19230769230768	2512.756183931027	1411.3956076387128	2078.9194497675385
115.74074074074073	2455.0570702208975	1382.1663310757353	2029.0198252560908
111.60714285714285	2400.780061773758	1354.5123496016347	1982.1809200441487
107.75862068965517	2349.6027053758016	1328.262819994493	1938.130737109745
104.16666666666666	2301.2501816806757	1303.3334638612196	1896.5954446494006
100.80645161290323	2255.4738777986454	1279.5896400634133	1857.3671598460126
97.65624999999999	2212.0601368784105	1256.9652610171197	1820.2330569909711
91.91176470588235	2131.6402224397743	1214.9605609474131	1751.5024616783835
86.80555555555556	2058.5983090298437	1176.3843576694187	1689.36285059523
82.23684210526315	1991.8578414349745	1140.5726598284084	1632.9701981781377
78.125	1930.606206973931	1107.4958654846353	1581.3580348361047
74.4047619047619	1874.1378470864909	1076.780130725239	1533.9286880286593
71.02272727272727	1821.879242270568	1048.22314988851	1490.1248945823934
67.93478260869566	1773.3334494762464	1021.5180179534595	1449.5559533966803
65.10416666666666	1728.092942624787	996.5187412822984	1411.827049118531
62.5	1685.7993606330856	973.0025848567524	1376.6573481346034
60.09615384615384	1646.1550465605858	950.8658469455099	1343.7561454480804
57.87037037037037	1608.8944756663077	929.9416489905952	1312.9165865744158
55.80357142857142	1573.7946632122766	910.1532140436223	1283.920078868427
53.87931034482759	1540.6542294331769	891.37188128227	1256.6111665625301
52.08333333333333	1509.3025035698508	873.5392214547189	1230.822195064138
50.403225806451616	1479.5836956808669	856.5540032738278	1206.4340645059024
48.82812499999999	1451.3647454701563	840.3708701936514	1183.315860167359
45.955882352941174	1399.1252000192458	811.3725503268847	1139.8359135879784
43.40277777777778	1351.4622555669337	783.6203220102902	1101.0855639570218
41.118421052631575	1307.8120023252177	757.8224756386854	1065.8692831875535
39.0625	1267.6740699294232	734.0242905606783	1033.540462893602
37.20238095238095	1230.6012256433253	711.9297277977657	1003.7606483782146
35.51136363636363	1196.231270466909	691.3853051067149	976.1944541562251
33.96739130434783	1164.2473497236144	672.1563348154696	950.619667851394
32.55208333333333	1134.3917067900143	654.1417308629286	926.7918538580351
31.25	1106.435318960915	637.1758147516333	904.5474537799187
30.04807692307692	1080.1895576976474	621.1895857629842	883.7041241833441
28.935185185185183	1055.484245425916	606.0598078942934	864.1403251772525
27.90178571428571	1032.177776131721	591.7363403852092	845.71807655255
26.939655172413794	1010.1407275904746	578.124426429925	828.3456024523119
26.041666666666664	989.2645116264122	565.186431271774	811.9166040115942
25.201612903225808	969.448750950042	552.8478941023086	796.3605255819999
24.414062499999996	950.608646438468	541.0799367154065	781.5940767224557
22.977941176470587	915.7642705919658	520.7185678772602	753.3102762877261
21.70138888888889	883.799958964072	500.3458756822387	728.5302822482184
20.559210526315788	854.4571781953463	481.4020780053886	705.9384595427902
19.53125	827.4196952676364	463.9320130166154	685.1207480547786
18.601190476190474	802.3955097826522	447.6971442465185	665.8872435727195
17.755681818181817	779.151012510477	432.587422559542	648.0311891717819
16.983695652173914	757.4791688084514	418.4285710767529	631.4207963675326
16.276041666666664	737.2139544820845	405.15483756068915	615.9009435650222
15.625	718.2053920239836	392.6441766561021	601.3730420216519
15.02403846153846	700.33181951172	380.85257493699254	587.7209997817492
14.467592592592592	683.4814070087285	369.6886303427169	574.8714206863629
13.950892857142856	667.562663290214	359.1205783470817	562.7364566355917
13.469827586206897	652.4902332539624	349.0776010129724	551.2606760533879
13.020833333333332	638.1938422126411	339.536001015306	540.3764282911196
12.600806451612904	624.6070512150789	330.43969664282434	530.0411071890504
12.207031249999998	611.6748943186456	321.77061182038443	520.2017394323684
11.488970588235293	587.809428611168	307.30557677132475	501.0820360474233
10.850694444444445	565.7821445649779	292.2658680653902	484.44824024092554
10.279605263157894	545.5309232038697	278.3591757169672	469.16964678657234
9.765625	526.8489224181191	265.5897506399659	455.00755093529375
9.300595238095237	509.53816126320174	253.7604561330515	441.85378654780163
8.877840909090908	493.4447672852319	242.7959496186299	429.57870665334934
8.491847826086957	478.4285343264233	232.56165960853596	418.10158686359114
8.138020833333332	464.3801996377111	223.01484378141336	407.32462394104317
7.8125	451.1975618827296	214.05903348109962	397.187575377248
7.51201923076923	438.8003200732085	205.6655321931647	387.61760765482853
7.233796296296296	427.1117266191217	197.76074164324396	378.56982986006886
6.975446428571428	416.0712047421366	190.3239752212364	369.98923210217777
6.734913793103448	405.6197569944617	183.2973672762978	361.8417643305208
6.510416666666666	395.7107099257572	176.66554733878195	354.0850891147993
6.300403225806452	386.2978152888316	170.38210195288602	346.6928632536883
6.103515624999999	377.34445440336395	164.43536439187193	339.63193048693864
5.744485294117647	360.90706614529205	154.88145564729922	325.98411784959075
5.425347222222222	345.68957688110385	144.76291027422775	313.91875282176517
5.139802631578947	331.73249977410137	135.55928606273855	302.7707571225048
4.8828125	318.8923918245827	127.23908011315346	292.40823185328026
4.650297619047619	307.02656889610535	119.63614592331693	282.7587427414575
4.438920454545454	296.02988075643054	112.70040961277716	273.7376626877981
4.2459239130434785	285.80098735122357	106.31930525037657	265.28929435997134
4.069010416666666	276.26492466271156	100.46378056522371	257.35061179922667
3.90625	267.34703056140916	95.05082982710643	249.87951996748654
3.756009615384615	258.9919220662682	90.06078820211847	242.82889062875756
3.616898148148148	251.14301349384388	85.42977558558572	236.16639614933683
3.487723214285714	243.7583424453224	81.14380448410034	229.85606910746813
3.367456896551724	236.79406775774612	77.15259184034461	223.87252644658577
3.255208333333333	230.21774246587424	73.4459912169123	218.18775245244365
3.150201612903226	223.99477522478267	69.98379331022335	212.7814089668382
3.0517578124999996	218.09963886551108	66.75854761483204	207.63128086496158
2.8722426470588234	207.3540268860488	61.77390394529507	197.93856940277635
2.712673611111111	197.46409637810797	56.52496993321859	189.2009437938179
2.5699013157894735	188.46476282052373	51.87832869963331	181.18390059916766
2.44140625	180.25150043311547	47.797514087415045	173.79873720902802
2.3251488095238093	172.71691425117484	44.153625768822884	166.9778122982644
2.219460227272727	165.78682501488404	40.91815774523636	160.65794631841817
2.1229619565217392	159.3852650486975	38.004588138026286	154.78796463259846
2.034505208333333	153.4594482701966	35.39707846874292	149.3212948620216
1.953125	147.95368045188627	33.03334094173329	144.21889593768938
1.8780048076923075	142.8291600334606	30.903650108074753	139.44580798956127
1.808449074074074	138.04404937730527	28.96187365661782	134.971735718194
1.743861607142857	133.56914550526332	27.20189097227609	130.76992681246944
1.683728448275862	129.37239960014685	25.58890064551717	126.8165050064617
1.6276041666666665	125.43139908509991	24.11903910732883	123.09064882835229
1.575100806451613	121.72118608633487	22.76567258225291	119.57328838056524
1.5258789062499998	118.22426369082872	21.5263654412611	116.24797682595548
1.4361213235294117	111.87085234333503	19.655312049900882	110.1306329421805
1.3563368055555556	106.09529008576588	17.721838137030684	104.6047180170555
1.2849506578947367	100.88212151071923	16.047178880916107	99.59764299654586
1.220703125	96.15970994435996	14.613597553092125	95.0427934308525
1.1625744047619047	91.85640872454799	13.354355826581486	90.88047647447864
1.1097301136363635	87.92308077474307	12.25926881584425	87.06422032627906
1.0614809782608696	84.31045000859297	11.286550891043696	83.55157538691496
1.0172526041666665	80.98386541837633	10.430625431984023	80.30933016281071
0.9765625	77.90821718640882	9.663647183686196	77.30656005976388
0.9390024038461537	75.05826077232712	8.982041397823332	74.51889319155543
0.904224537037037	72.40833422660268	8.366732175169489	71.9233248548785
0.8719308035714285	69.9395767430257	7.815211941721483	69.50156010694691
0.841864224137931	67.63282409514687	7.314140754282355	67.23616764890475
0.8138020833333333	65.47368513208899	6.861643432901918	65.11314225389253
0.7875504032258065	63.44757801279596	6.448229538755768	63.119058068901396
0.7629394531249999	61.54332157067169	6.072426903075284	61.243008265906646
0.7180606617647058	58.07924202438036	5.500428092839687	57.818194756685806
0.6781684027777778	54.96397529408349	4.928144847843891	54.74259738528389
0.6424753289473684	52.16507011453724	4.438411909496464	51.975908263119614
0.6103515625	49.63805114217572	4.02111248079524	49.47491056697369
0.5812872023809523	47.344027518679376	3.6584764867918134	47.202462769277844
0.5548650568181818	45.252956631953715	3.344131381496955	45.12922411516479
0.5307404891304348	43.338477853753375	3.067731118311377	43.229766231914965
0.5086263020833333	41.579555480878454	2.824965317653758	41.483478698651865
0.48828125	39.95765939554309	2.6094173564481458	39.872364934000345
0.46950120192307687	38.45761751678202	2.4180381402433193	38.38152467814988
0.4521122685185185	37.06602021435363	2.246686130263409	36.99786826241417
0.43596540178571425	35.771654274677275	2.093156509953271	35.71036187679813
0.4209321120689655	34.5645737840932	1.9546833748837271	34.50925924704812
0.40690104166666663	33.43631663490898	1.829646398977296	33.38621967465919
0.39377520161290325	32.3793482591026	1.7161417301430906	32.3338375582966
0.38146972656249994	31.387165726579823	1.6129619649951308	31.34569389959754
0.3590303308823529	29.580256219987156	1.4547365662375729	29.54446309484977
0.3390842013888889	27.964757730361903	1.2995792922190321	27.934544359646736
0.3212376644736842	26.516557653274596	1.1679110269866275	26.49082508364884
0.30517578125	25.210996039451285	1.0553880506047002	25.188895913951235
0.29064360119047616	24.02795096923241	0.9583380917574406	24.00883203910018
0.2774325284090909	22.950972011823097	0.8741279179938267	22.93431962519209
0.2653702445652174	21.966390758599502	0.8005305820393288	21.951798872682517
0.25431315104166663	21.06281657112937	0.7358735199670854	21.049958006410684
0.244140625	20.230638931096475	0.6787361070303364	20.219249957834975
0.23475060096153844	19.46172301630169	0.6280162774575179	19.451587552652235
0.22605613425925924	18.749114823097774	0.5827717738728146	18.740055595149173
0.21798270089285712	18.086850943808045	0.5422535028624371	18.078720590853862
0.21046605603448276	17.46977569529777	0.5058160066069187	17.462451517798893
0.20345052083333331	16.893418549505018	0.4729361333592551	16.886797260064544
0.19688760080645162	16.353876378494267	0.4431595187415131	16.347870878007985
0.19073486328124997	15.847732243828046	0.4161120368937693	15.842268399595406
0.17951516544117646	14.925446275186697	0.37465884064768357	14.920743187475917
0.16954210069444445	14.10319932840292	0.33417649334566846	14.099239602473594
0.1606188322368421	13.366824146817729	0.29991619166175776	13.363459060061082
0.152587890625	12.703537300393135	0.2706721193822212	12.700653390525577
0.14532180059523808	12.102969326759563	0.24550467682137667	12.100479080521634
0.13871626420454544	11.556626593099283	0.22369374295761713	11.55446144663139
0.1326851222826087	11.05748097068213	0.2046645875677067	11.05558672452951
0.12715657552083331	10.599670196391155	0.1879657923798424	10.598003450327704
0.1220703125	10.178263125825978	0.17322982511738694	10.176788869100047
0.11737530048076922	9.789083953803889	0.16016212167607213	9.787773635991027
0.11302806712962962	9.428571311694746	0.14851881186566457	9.427401505305436
0.10899135044642856	9.093670537913225	0.13810108871035942	9.092621840888798
0.10523302801724138	8.781745625247899	0.12874199718001497	8.780801883923969
0.10172526041666666	8.490510704428925	0.12030344059427943	8.489658362042805
0.09844380040322581	8.217973093596136	0.11266801326355268	8.217200720796425
0.09536743164062499	7.962388312968578	0.10573737649623752	7.961686206684504
0.08975758272058823	7.496506551744635	0.09512244082939518	7.495903027761291
0.08477105034722222	7.081765764346021	0.08477302194912902	7.081258353980103
0.08030941611842105	6.710512646058401	0.07602515993539281	6.710081977738165
0.0762939453125	6.376247992677845	0.06856567213336136	6.375879328589363
0.07266090029761904	6.073705803491231	0.06215273334074175	6.073387788137798
0.06935813210227272	5.7985748006856	0.05659987758536545	5.7982985584569
0.06634256114130435	5.547290852813786	0.051759478119559464	5.547049374409452
0.06357828776041666	5.316882296752601	0.04751499913599552	5.3166699805779105
0.06103515625	5.10485137258667	0.043772213630097076	5.1046637038608065
0.05868765024038461	4.90908366485772	0.04045527387995028	4.908916968068231
0.05651403356481481	4.727777039732212	0.037501762565088144	4.727628301296918
0.05449567522321428	4.559386236050173	0.0348606016248734	4.559252963802088
0.05261651400862069	4.402578514419065	0.03248912585679465	4.402458634936329
0.05086263020833333	4.256198464290196	0.030351923267201368	4.256090239666002
0.049221900201612906	4.119239352821723	0.028419034321495375	4.119141318809463
0.04768371582031249	3.9908200434988768	0.026665284648251065	3.990730958381811
0.044878791360294115	3.7566916907706807	0.0239803198874421	3.756615152469517
0.04238552517361111	3.5484198681937635	0.021364566564227288	3.5483555509965132
0.04015470805921052	3.362029220124964	0.01915495196252278	3.361974652609592
0.03814697265625	3.1942434922512626	0.01727167724559873	3.1941967968418394
0.03633045014880952	3.042409351873389	0.015653370609103705	3.0423690828621086
0.03467906605113636	2.9043551725710404	0.014252604892894113	2.9043202013025224
0.033171280570652176	2.7782863807533515	0.013031989128521706	2.7782558162881457
0.03178914388020833	2.66270708431313	0.011961925763848028	2.6626802153438085
0.030517578125	2.556360370309672	0.011018590095773785	2.5563366236789133
0.029343825120192304	2.458182446146673	0.010182741386008507	2.458161355631787
0.028257016782407406	2.3672668961887027	0.009438620570937032	2.3672480795710054
0.02724783761160714	2.2828366345517863	0.008773283246578618	2.2828197759684845
0.026308257004310345	2.204221619063445	0.00817596999068621	2.2042064557253673
0.025431315104166664	2.130841043357754	0.007637714185853814	2.130827355132268
0.024610950100806453	2.062188951907479	0.007150967556932459	2.0621765533126077
0.023841857910156247	1.9978225644372103	0.006709360498022848	1.997811298260218
0.022439395680147058	1.880460804734668	0.006033314914939397	1.8804511259946355
0.021192762586805556	1.7760994688600216	0.00537476222322005	1.7760913363945827
0.02007735402960526	1.6827129595300088	0.004818513840402701	1.682706060515208
0.019073486328125	1.5986565272028284	0.004344427219784205	1.5986506240953149
0.01816522507440476	1.5225984402702812	0.003937063513460835	1.5225933501248403
0.01733953302556818	1.453448910800742	0.0035844598019297556	1.4534444908409099
0.016585640285326088	1.3903075308988542	0.003277211333254434	1.390303668397644
0.015894571940104164	1.3324238523084437	0.003007858098543369	1.3324204572844611
0.0152587890625	1.2791674106823985	0.0027704072120364035	1.279164410619601
0.014671912560096152	1.2300046713190425	0.002560012108486093	1.230002007236033
0.014128508391203703	1.184481087313345	0.0023727079326145524	1.1844787108513475
0.01362391880580357	1.1422070067050372	0.002205235758428492	1.1422048779012155
0.013154128502155173	1.1028464876425432	0.00205488782734939	1.1028445732475232
0.012715657552083332	1.0661083546360843	0.0019194075752673944	1.0661066267965034
0.012305475050403226	1.0317389799615864	0.0017968947472527036	1.0317374152086576
0.011920928955078123	0.9995164222822928	0.001685746840587692	0.9995150007226425
0.011219697840073529	0.940760736759173	0.0015155927687445171	0.9407595159264781
0.010596381293402778	0.8885234485630621	0.001349866411077163	0.888522423187546
0.01003867701480263	0.8417821679298759	0.001209898933765384	0.8417812984316603
0.0095367431640625	0.7997128658248184	0.001090623602142544	0.7997121221451519
0.00908261253720238	0.761648401224302	0.0009881478797388224	0.7616477602220747
0.00866976651278409	0.7270428861848226	0.0008994634694950163	0.7270423297975325
0.008292820142663044	0.69544533042157	0.0008221981466178927	0.695444844394848
0.007947285970052082	0.6664798831666888	0.0007544761166323763	0.6664794561212466
0.00762939453125	0.639830806175335	0.0006947852184957978	0.6398304289454193
0.007335956280048076	0.615230921251118	0.0006419068692023367	0.6152305863812938
0.007064254195601851	0.5924526173914613	0.0005948403974857971	0.5924523187724854
0.006811959402901785	0.5713007902094462	0.0005527664456899109	0.5713005227926842
0.006577064251077586	0.5516072367000032	0.0005150015453380001	0.5516069962874126
0.006357828776041666	0.533226175061249	0.00048097838393953746	0.533225958136177
0.006152737525201613	0.5160306276547864	0.0004502173319994089	0.5160304312558966
0.005960464477539062	0.4999094852126369	0.00042231553827549496	0.49990930682989865
0.005609848920036764	0.4705128883798717	0.0003796066524325033	0.47051273524779225
0.005298190646701389	0.44438007190163287	0.0003380290341039795	0.44437994333641173
0.005019338507401315	0.42099741599598184	0.00030292465760229086	0.42099730701270005
0.00476837158203125	0.39995248975928094	0.00027301945105394354	0.3999523965736761
0.00454130626860119	0.3809114024897404	0.0002473329129935163	0.38091132219078394
0.004334883256392045	0.3636009600241721	0.00022510904927424736	0.36360089034051546
0.004146410071331522	0.34779547011550127	0.00020575095101439464	0.347795409255799
0.003973642985026041	0.3333068496792726	0.0001887873123327037	0.3333067962140465
0.003814697265625	0.31997710296454007	0.00017383807325367236	0.3199770557429144
0.003667978140024038	0.3076725375180483	0.0001605971014389529	0.3076724956042802
0.0035321270978009257	0.2962792635217703	0.00014881318400431637	0.2962792261493183
0.0034059797014508925	0.2856996587787827	0.00013828050552644304	0.28569962531444565
0.003288532125538793	0.27584956390545284	0.0001288276749039434	0.27584953382280475
0.003178914388020833	0.2666560392339493	0.00012031220138636856	0.26665601209219286
0.0030763687626008066	0.2580555551530399	0.00011261393123459862	0.2580555305810091
0.002980232238769531	0.24999252221926163	0.00010563168929869492	0.24999249990248557
0.002804924460018382	0.23528953995586668	9.49436358887689e-5	0.2352895208001185
0.0026490953233506945	0.22221959532286994	8.454120022636674e-5	0.22221957924144656
0.0025096692537006577	0.21052526904550478	7.575944481704858e-5	0.21052525541413955
0.002384185791015625	0.20000024143022843	6.827852591900889e-5	0.2000002297753494
0.002270653134300595	0.19047748759690664	6.185348486036783e-5	0.19047747755410907
0.0021674416281960225	0.18182034786581608	5.62946234371343e-5	0.18182033915093698
0.002073205035665761	0.1739159271380888	5.14528883294333e-5	0.17391591952694063
0.0019868214925130205	0.1666701444532805	4.721004722762941e-5	0.1666701377670542
0.0019073486328125	0.16000397044552667	4.347121636744155e-5	0.16000396454021482
0.001833989070012019	0.15385053307736649	4.0159621575812156e-5	0.15385052783593117
0.0017660635489004629	0.1481528664478148	3.721254827151196e-5	0.14815286177435216
0.0017029898507254463	0.1428621419907053	3.457839679776002e-5	0.14286213780602233
0.0016442660627693966	0.13793626558565222	3.2214375980313886e-5	0.137936261823893
0.0015894571940104165	0.1333387552387552	3.0084773666880623e-5	0.13333875184479216
0.0015381843813004033	0.12903783596298474	2.815958632648202e-5	0.12903783289038862
0.0014901161193847654	0.12500570436206404	2.641346456815733e-5	0.12500570157150692
0.001402462230009191	0.1176530426938744	2.3740561239238057e-5	0.11765304029863564
0.0013245476616753472	0.11111718663110981	2.11392026389007e-5	0.11111718462032324
0.0012548346268503288	0.10526927410912969	1.8943196942637072e-5	0.10526927240471633
0.0011920928955078125	0.10000611934438643	1.7072485131104446e-5	0.10000611788712685
0.0011353265671502975	0.09524418997046034	1.5465842558140572e-5	0.09524418871478119
0.0010837208140980113	0.09091514056804882	1.4075801701179135e-5	0.09091513947841626
0.0010366025178328805	0.08696251130817821	1.2865101806885303e-5	0.08696251035655639
0.0009934107462565103	0.08333925189887974	1.1804164012564722e-5	0.08333925106290938
0.00095367431640625	0.08000583975948508	1.0869266004553413e-5	0.08000583902115807
0.0009169945350060095	0.07692883244468747	1.004120359071581e-5	0.07692883178936899
0.0008830317744502314	0.0740797417393442	9.304295922803132e-6	0.07407974115504193
0.0008514949253627231	0.07143414900941725	8.64563729660729e-6	0.0714341484862288
0.0008221330313846983	0.06897100357687876	8.054527887352083e-6	0.06897100310656938
0.0007947285970052083	0.06667206141456575	7.522036318847261e-6	0.06667206099024235
0.0007690921906502017	0.06452143247686393	7.040660078390002e-6	0.06452143209272107
0.0007450580596923827	0.06250521290300902	6.6040597830749085e-6	0.06250521255412927
0.0007012311150045955	0.05882858944102712	5.935730246403262e-6	0.05882858914157328
0.0006622738308376736	0.055560440490087584	5.285296423691549e-6	0.05556044023870046
0.0006274173134251644	0.05263629689186384	4.736219925236462e-6	0.05263629667878104
0.0005960464477539062	0.050004559280169295	4.268481276368108e-6	0.05000455909798659
0.0005676632835751488	0.04762345648515234	3.866771088248563e-6	0.04762345632817173
0.0005418604070490056	0.045458811906144224	3.519220012176158e-6	0.04545881176992301
0.0005183012589164402	0.043482392556751834	3.2165110460768806e-6	0.04348239243778479
0.0004967053731282551	0.041670670839697985	2.9512480853321606e-6	0.041670670735189645
0.000476837158203125	0.04000388348942689	2.7174994964407567e-6	0.04000388339712581
0.00045849726750300476	0.0384653076773611	2.510463397339255e-6	0.038465307595437585
0.0004415158872251157	0.037040697979473326	2.3262189398563982e-6	0.03704069790642807
0.00042574746268136157	0.03571784399133014	2.1615391746465496e-6	0.035717843925925134
0.00041106651569234915	0.03448621946935943	2.0137487454084715e-6	0.034486219410565164
0.00039736429850260413	0.033336701642578556	1.8806144721269745e-6	0.03333670158953325
0.00038454609532510083	0.03226134485013166	1.7602604683146656e-6	0.03226134480210953
0.00037252902984619135	0.031253196621052824	1.6511016586264537e-6	0.0312531965774391
0.0003506155575022978	0.029414811732665507	1.4840063228884164e-6	0.029414811695230716
0.0003311369154188368	0.027780682029332367	1.3213860943185654e-6	0.02778068199790655
0.0003137086567125822	0.026318563397477256	1.184107573381731e-6	0.02631856337083996
0.0002980232238769531	0.025002654535543057	1.0671653236967028e-6	0.02500265451276864
0.0002838316417875744	0.023812068612013397	9.66731581433964e-7	0.023812068592389525
0.0002709302035245028	0.022729716353862412	8.798387039212913e-7	0.02272971633683369
0.0002591506294582201	0.021741480499958214	8.041572118770413e-7	0.02174148048508644
0.00024835268656412757	0.020835596638872245	7.378379084391326e-7	0.02083559662580795
0.0002384185791015625	0.020002182644043385	6.793977494075281e-7	0.02000218263250511
0.00022924863375150238	0.019232876699721835	6.276361627646231e-7	0.01923287668948085
0.00022075794361255786	0.018520555764792467	5.815728552238219e-7	0.01852055575566134
0.00021287373134068078	0.017859114365197597	5.404010261150555e-7	0.017859114357021567
0.00020553325784617457	0.01724328915301863	5.0345178375514e-7	0.017243289145669
0.00019868214925130207	0.016668518553421864	4.7016679279032493e-7	0.016668518546790898
0.00019227304766255041	0.016130829576471207	4.400770472417788e-7	0.016130829570468175
0.00018626451492309568	0.01562674585154481	4.127862552423615e-7	0.01562674584609286
0.0001753077787511489	0.014707535117946731	3.7101080076289836e-7	0.01470753511326719
0.0001655684577094184	0.013890456459567766	3.3035427268308504e-7	0.013890456455639388
0.0001568543283562911	0.013159385435651528	2.9603346735758037e-7	0.013159385432321744
0.00014901161193847656	0.012501420990818244	2.6679695654503034e-7	0.012501420987971343
0.0001419158208937872	0.011906119397672462	2.4168774653335914e-7	0.011906119395219397
0.0001354651017622514	0.011364935776535913	2.199638889350402e-7	0.011364935774407257
0.00012957531472911006	0.010870811304864012	2.0104298439416814e-7	0.010870811303004983
0.00012417634328206378	0.010417863623748835	1.844627127030975e-7	0.01041786362211575
0.00011920928955078125	0.01000115154646768	1.6985229719499947e-7	0.010001151545025356
0.00011462431687575119	0.009616494064781912	1.569115799576935e-7	0.009616494063501756
0.00011037897180627893	0.009260329575860737	1.4539547879794477e-7	0.009260329574719317
0.00010643686567034039	0.00892960527471639	1.3510228571607635e-7	0.00892960527369436
0.00010276662892308729	0.008621689430857471	1.2586477048868802e-7	0.008621689429938744
9.934107462565103e-5	0.00833430120953259	1.1754334530039296e-7	0.0083343012087037
9.613652383127521e-5	0.008065454075897007	1.1002075278218036e-7	0.00806545407514661
9.313225746154784e-5	0.007813409810855751	1.0319791914135347e-7	0.007813409810174242
8.765388937557444e-5	0.007353799871698826	9.275385263148772e-8	0.007353799871113872
8.27842288547092e-5	0.00694525709086277	8.258953649216431e-8	0.006945257090371713
7.842716417814555e-5	0.006579718651932407	7.400918903688579e-8	0.006579718651516177
7.450580596923828e-5	0.006250733926068521	6.669994225455145e-8	0.006250733925712652
7.09579104468936e-5	0.005953080971665996	6.04225431367731e-8	0.005953080971359358
6.77325508811257e-5	0.00568248728809497	5.499149885388176e-8	0.005682487287828884
6.478765736455503e-5	0.00543542341608939	5.026120634105962e-8	0.0054354234158570085
6.208817164103189e-5	0.005208948137897235	4.6116082603952074e-8	0.005208948137693096
5.9604644775390625e-5	0.005000590829296935	4.2463431672376305e-8	0.005000590829116642
5.7312158437875595e-5	0.004808260961078756	3.922821233324398e-8	0.0048082609609187334
5.5189485903139464e-5	0.00463017771125907	3.6349152845674325e-8	0.004630177711116391
5.3218432835170196e-5	0.0044648146603544075	3.3775825184082896e-8	0.004464814660226652
5.138331446154364e-5	0.004310855928986211	3.146642066979816e-8	0.004310855928871368
4.9670537312825516e-5	0.004167161087945235	2.9386042213471023e-8	0.004167161087841623
4.8068261915637603e-5	0.004032736859840138	2.750537452408204e-8	0.004032736859746338
4.656612873077392e-5	0.003906714126677264	2.579964918036797e-8	0.003906714126592074
4.382694468778722e-5	0.003676908014008534	2.318860722398391e-8	0.0036769080139354136
4.13921144273546e-5	0.003472635760682839	2.064750517371804e-8	0.0034726357606214564
3.9213582089072776e-5	0.003289865809477615	1.8502400065773635e-8	0.003289865809425586
3.725290298461914e-5	0.0031253728206863305	1.6675073432343158e-8	0.0031253728206418465
3.54789552234468e-5	0.0029765458040295874	1.510571158646286e-8	0.0029765458039912574
3.386627544056285e-5	0.0028412484939949875	1.3747940615269844e-8	0.0028412484939617263
3.2393828682277515e-5	0.0027177161489510358	1.2565359051761355e-8	0.002717716148921988
3.1044085820515946e-5	0.002604478150447417	1.152907124751879e-8	0.0026044781504218997
2.9802322387695312e-5	0.0025002991786582103	1.0615902611237428e-8	0.002500299178635673
2.8656079218937797e-5	0.002404133962706037	9.807092772904423e-9	0.002404133962686034
2.7594742951569732e-5	0.0023150920864570454	9.087323658213616e-9	0.0023150920864392103
2.6609216417585098e-5	0.002232410335922082	8.443987961925944e-9	0.0022324103359061126
2.569165723077182e-5	0.0021554307678787435	7.866633523176647e-9	0.0021554307678643882
2.4835268656412758e-5	0.002083583164764094	7.346536471461602e-9	0.0020835831647511424
2.4034130957818802e-5	0.0020163708853900004	6.876366846976577e-9	0.002016370885378275
2.328306436538696e-5	0.0019533593686483375	6.449933598446789e-9	0.001953359368637689
2.191347234389361e-5	0.0018384560265412599	5.797169787666635e-9	0.0018384560265321198
2.06960572136773e-5	0.0017363196841519994	5.1618914246602685e-9	0.0017363196841443265
1.9606791044536388e-5	0.0016449345256147586	4.625612894101216e-9	0.0016449345256082549
1.862645149230957e-5	0.0015626878747545835	4.168779320370965e-9	0.001562687874749023
1.77394776117234e-5	0.0014882742315625766	3.776437334839817e-9	0.0014882742315577852
1.6933137720281426e-5	0.001420625459483204	3.4369933916151414e-9	0.0014206254594790464
1.6196914341138758e-5	0.0013588591847011199	3.1413469781164823e-9	0.0013588591846974889
1.5522042910257973e-5	0.001302240095597531	2.882274104488688e-9	0.0013022400955943413
1.4901161193847656e-5	0.001250150530330802	2.653981303743433e-9	0.0012501505303279849
1.4328039609468899e-5	0.0012020678518940018	2.4517780902608183e-9	0.0012020678518915014
1.3797371475784866e-5	0.00115754685093481	2.2718353452370155e-9	0.0011575468509325807
1.3304608208792549e-5	0.0011162059193967487	2.111000959527016e-9	0.0011162059193947525
1.284582861538591e-5	0.0010777160847853476	1.9666619735641358e-9	0.0010777160847835533
1.2417634328206379e-5	0.0010417922375794597	1.836637266422789e-9	0.0010417922375778408
1.2017065478909401e-5	0.0010081860565621355	1.719094667489046e-9	0.0010081860565606699
1.164153218269348e-5	0.0009766802606512603	1.6124861108065674e-9	0.0009766802606499291
1.0956736171946805e-5	0.0009192285181545296	1.4492946815325893e-9	0.0009192285181533871
1.034802860683865e-5	0.0008681602930283556	1.2904747344082245e-9	0.0008681602930273965
9.803395522268194e-6	0.00082246766802612	1.1564048119757068e-9	0.0008224676680253071
9.313225746154785e-6	0.0007813443034799522	1.042196210979474e-9	0.0007813443034792571
8.8697388058617e-6	0.0007441374481680764	9.441105427717762e-10	0.0007441374481674775
8.466568860140713e-6	0.0007103130328628772	8.592493536120771e-10	0.0007103130328623575
8.098457170569379e-6	0.0006794298699068377	7.853376624899154e-10	0.0006794298699063839
7.761021455128987e-6	0.000651120302892118	7.205693207554216e-10	0.0006511203028917192
7.450580596923828e-6	0.0006250755004157221	6.634960243189618e-10	0.00062507550041537
7.164019804734449e-6	0.0006010341435821689	6.129451293534329e-10	0.0006010341435818563
6.898685737892433e-6	0.0005787736273938996	5.679593768408005e-10	0.000578773627393621
6.6523041043962745e-6	0.0005581031475572481	5.277507815672897e-10	0.0005581031475569986
6.422914307692955e-6	0.000538858217604087	4.91665867448844e-10	0.0005388582176038627
6.2088171641031895e-6	0.0005208962825890521	4.591597610931909e-10	0.0005208962825888497
6.0085327394547004e-6	0.0005040931817477945	4.297740121888207e-10	0.0005040931817476113
5.82076609134674e-6	0.0004883402744073476	4.03121839774978e-10	0.0004883402744071812
5.478368085973403e-6	0.0004596143852982008	3.623239602833788e-10	0.00045961438529805795
5.174014303419325e-6	0.0004340802592522346	3.226189263442001e-10	0.00043408025925211467
4.901697761134097e-6	0.000411233935317717	2.891014015140166e-10	0.00041123393531761535
4.656612873077393e-6	0.00039067224326561685	2.6054923068876143e-10	0.00039067224326552996
4.43486940293085e-6	0.00037206880718070805	2.3602777351240725e-10	0.0003720688071806332
4.2332844300703565e-6	0.0003551565922117461	2.1481248010384605e-10	0.0003551565922116811
4.049228585284689e-6	0.00033971500434246794	1.963345197394843e-10	0.00033971500434241123
3.880510727564493e-6	0.00032556021521938606	1.8014244016099393e-10	0.00032556021521933624
3.725290298461914e-6	0.00031253780902042026	1.6587405864276157e-10	0.00031253780902037624
3.5820099023672247e-6	0.00030051712619987464	1.5323638496014438e-10	0.00030051712619983556
3.4493428689462165e-6	0.00028938686417856555	1.419899117832898e-10	0.00028938686417853075
3.3261520521981373e-6	0.000279051620743332	1.3193777114073746e-10	0.00027905162074330083
3.2114571538464777e-6	0.00026942915260489824	1.2291651900990093e-10	0.0002694291526048702
3.1044085820515948e-6	0.0002604481822443386	1.1478996905717895e-10	0.00026044818224431327
3.0042663697273502e-6	0.0002520466292405793	1.0744356230767356e-10	0.00025204662924055643
2.91038304567337e-6	0.0002441701732240991	1.0078049628834763e-10	0.0002441701732240783
2.7391840429867014e-6	0.00022980722420432736	9.058102369211502e-11	0.0002298072242043095
2.5870071517096626e-6	0.00021704015781062673	8.065476324705038e-11	0.00021704015781061174
2.4508488805670485e-6	0.00020561699298502072	7.227538049435019e-11	0.00020561699298500804
2.3283064365386963e-6	0.00019533614451421237	6.51373206215026e-11	0.0001953361445142015
2.217434701465425e-6	0.0001860344243645213	5.900696593853128e-11	0.00018603442436451194
2.1166422150351783e-6	0.00017757831505094308	5.3703125760757267e-11	0.00017757831505093495
2.0246142926423447e-6	0.00016985751951850012	4.908366159921929e-11	0.00016985751951849301
1.9402553637822466e-6	0.000162780123553018	4.503560912489286e-11	0.00016278012355301177
1.862645149230957e-6	0.0001562689192133555	4.146853458063318e-11	0.00015626891921335
1.7910049511836123e-6	0.00015025857670212996	3.830910503415281e-11	0.00015025857670212508
1.7246714344731083e-6	0.00014469344470968714	3.549749174515996e-11	0.00014469344470968278
1.6630760260990686e-6	0.0001395258221128344	3.29844294859986e-11	0.0001395258221128305
1.6057285769232388e-6	0.00013471458725316406	3.072914296324603e-11	0.00013471458725316057
1.5522042910257974e-6	0.00013022410135962777	2.8697510615820514e-11	0.0001302241013596246
1.5021331848636751e-6	0.0001260233242119566	2.6860892625166656e-11	0.00012602332421195373
1.455191522836685e-6	0.00012208509561715495	2.519512594779432e-11	0.00012208509561715235
1.3695920214933507e-6	0.00011490361999097061	2.2645262749861768e-11	0.00011490361999096838
1.2935035758548313e-6	0.00010852008595143921	2.016369212429846e-11	0.00010852008595143734
1.2254244402835243e-6	0.00010280850282405065	1.8068851547046212e-11	0.00010280850282404906
1.1641532182693481e-6	9.766807797745747e-5	1.6284331112128032e-11	9.766807797745612e-5
1.1087173507327124e-6	9.30172173758019e-5	1.4751744985821743e-11	9.301721737580073e-5
1.0583211075175891e-6	8.878916226173979e-5	1.342578216893511e-11	8.878916226173877e-5
1.0123071463211724e-6	8.492876409606441e-5	1.2270918697412227e-11	8.492876409606353e-5
9.701276818911233e-7	8.13900657623423e-5	1.1258905509775323e-11	8.139006576234153e-5
9.313225746154785e-7	7.813446328246105e-5	1.0367128800344592e-11	7.813446328246036e-5
8.955024755918062e-7	7.512929175161361e-5	9.577279371800743e-12	7.5129291751613e-5
8.623357172365541e-7	7.23467255099451e-5	8.874378666870447e-12	7.234672550994456e-5
8.315380130495343e-7	6.976291399171112e-5	8.246105056230513e-12	6.976291399171063e-5
8.028642884616194e-7	6.735729636425968e-5	7.682286047635329e-12	6.735729636425924e-5
7.761021455128987e-7	6.511205323917667e-5	7.174377937952291e-12	6.511205323917627e-5
7.510665924318376e-7	6.301166450389532e-5	6.715223406773871e-12	6.301166450389497e-5
7.275957614183425e-7	6.104255005985485e-5	6.298784404844919e-12	6.104255005985452e-5
6.847960107466753e-7	5.745181196768654e-5	5.661315889944058e-12	5.745181196768626e-5
6.467517879274156e-7	5.426004473725126e-5	5.040923202411595e-12	5.4260044737251026e-5
6.127122201417621e-7	5.140425299490983e-5	4.5172130274333275e-12	5.1404252994909633e-5
5.820766091346741e-7	4.883404041881704e-5	4.071084232477646e-12	4.8834040418816874e-5
5.543586753663562e-7	4.650860998628638e-5	3.687937672690043e-12	4.6508609986286236e-5
5.291605537587946e-7	4.4394582314936344e-5	3.356442966639431e-12	4.4394582314936215e-5
5.061535731605862e-7	4.246438313223623e-5	3.06773241766756e-12	4.2464383132236114e-5
4.850638409455617e-7	4.0695033877628814e-5	2.8147251147844645e-12	4.069503387762871e-5
4.6566128730773926e-7	3.906723256017712e-5	2.5917822665839536e-12	3.906723256017703e-5
4.477512377959031e-7	3.7564646725943653e-5	2.394319902457366e-12	3.756464672594358e-5
4.3116785861827706e-7	3.6173363543746546e-5	2.218592049545138e-12	3.617336354374648e-5
4.1576900652476716e-7	3.488145772968016e-5	2.0615289844755266e-12	3.48814577296801e-5
4.014321442308097e-7	3.367864886654965e-5	1.9205728905609817e-12	3.3678648866549594e-5
3.8805107275644935e-7	3.255602725942905e-5	1.7935945207352725e-12	3.2556027259429006e-5
3.755332962159188e-7	3.150583285142695e-5	1.6788058846016464e-12	3.15058328514269e-5
3.6379788070917124e-7	3.0521275592745695e-5	1.574693447457886e-12	3.0521275592745654e-5
3.4239800537333767e-7	2.872590647689395e-5	1.4153303148044848e-12	2.8725906476893917e-5
3.233758939637078e-7	2.7130022809008377e-5	1.260230153217619e-12	2.7130022809008347e-5
3.0635611007088106e-7	2.5702126893176416e-5	1.129304604767831e-12	2.570212689317639e-5
2.9103830456733704e-7	2.4417020566930253e-5	1.0177704069043684e-12	2.4417020566930232e-5
2.771793376831781e-7	2.3254305317739378e-5	9.219844317540272e-13	2.325430531773936e-5
2.645802768793973e-7	2.2197291453484967e-5	8.39110085678714e-13	2.2197291453484954e-5
2.530767865802931e-7	2.1232191837168414e-5	7.669317830131564e-13	2.12321918371684e-5
2.4253192047278083e-7	2.0347517187929558e-5	7.036832894332588e-13	2.0347517187929548e-5
2.3283064365386963e-7	1.953361650982504e-5	6.47944904746447e-13	1.953361650982503e-5
2.2387561889795154e-7	1.8782323575506406e-5	5.98581317527076e-13	1.8782323575506396e-5
2.1558392930913853e-7	1.8086681969066955e-5	5.546473503148407e-13	1.8086681969066948e-5
2.0788450326238358e-7	1.744072904829588e-5	5.153822501377508e-13	1.7440729048295874e-5
2.0071607211540486e-7	1.6839324604379603e-5	4.801432299040886e-13	1.6839324604379596e-5
1.9402553637822467e-7	1.6278013789674713e-5	4.483986350884959e-13	1.6278013789674706e-5
1.877666481079594e-7	1.5752916575583126e-5	4.1970080578734843e-13	1.575291657558312e-5
1.8189894035458562e-7	1.526063793707815e-5	3.9367470782417895e-13	1.5260637937078142e-5
1.7119900268666884e-7	1.4362953361709387e-5	3.538322504989442e-13	1.4362953361709382e-5
1.616879469818539e-7	1.3565011514599976e-5	3.150575427827894e-13	1.3565011514599973e-5
1.5317805503544053e-7	1.28510635455185e-5	2.823264847658986e-13	1.2851063545518497e-5
1.4551915228366852e-7	1.2208510372845566e-5	2.544422718855365e-13	1.2208510372845563e-5
1.3858966884158905e-7	1.1627152740018742e-5	2.304961111940539e-13	1.1627152740018738e-5
1.3229013843969864e-7	1.109864580074678e-5	2.0977752439044243e-13	1.1098645800746778e-5
1.2653839329014654e-7	1.0616095986347058e-5	1.9173328203120152e-13	1.0616095986347056e-5
1.2126596023639041e-7	1.017375865624339e-5	1.759211569533573e-13	1.0173758656243388e-5
1.1641532182693481e-7	9.766808312346553e-6	1.6198555948873462e-13	9.766808312346552e-6
1.1193780944897577e-7	9.391161840886675e-6	1.4964533051595627e-13	9.391161840886674e-6
1.0779196465456927e-7	9.043341033831993e-6	1.3866183760746584e-13	9.043341033831991e-6
1.0394225163119179e-7	8.720364570012074e-6	1.2884623247414834e-13	8.720364570012072e-6
1.0035803605770243e-7	8.419662344965819e-6	1.2003513717856577e-13	8.419662344965817e-6
9.701276818911234e-8	8.139006934827588e-6	1.1210032914806579e-13	8.139006934827586e-6
9.38833240539797e-8	7.876458325258797e-6	1.0492419655517962e-13	7.876458325258795e-6
9.094947017729281e-8	7.6303190037154e-6	9.841934688048478e-14	7.630319003715399e-6
8.559950134333442e-8	7.181476711670299e-6	8.845789818223307e-14	7.181476711670298e-6
8.084397349092696e-8	6.782505784823888e-6	7.876421980790397e-14	6.7825057848238874e-6
7.658902751772027e-8	6.425531797491733e-6	7.05814554429562e-14	6.425531797491732e-6
7.275957614183426e-8	6.104255208768025e-6	6.36109004682753e-14	6.104255208768025e-6
6.929483442079453e-8	5.8135763902966765e-6	5.762419340936911e-14	5.8135763902966765e-6
6.614506921984932e-8	5.549322918874463e-6	5.24443814423557e-14	5.549322918874463e-6
6.326919664507327e-8	5.308048010114239e-6	4.793348700919503e-14	5.308048010114239e-6
6.063298011819521e-8	5.086879343691166e-6	4.397978971869555e-14	5.086879343691166e-6
5.820766091346741e-8	4.883404170531917e-6	4.0496557670299484e-14	4.883404170531917e-6
5.5968904724487885e-8	4.695580933726612e-6	3.741099871617578e-14	4.695580933726612e-6
5.389598232728463e-8	4.5216705292408025e-6	3.46661288091531e-14	4.5216705292408025e-6
5.1971125815595895e-8	4.360182296471798e-6	3.221088934166015e-14	4.360182296471798e-6
5.0179018028851214e-8	4.209831183177137e-6	3.0009287406184024e-14	4.209831183177137e-6
4.850638409455617e-8	4.069503477411169e-6	2.802474724066779e-14	4.069503477411169e-6
4.694166202698985e-8	3.938229171996476e-6	2.6231552137719792e-14	3.938229171996476e-6
4.5474735088646405e-8	3.8151595106516e-6	2.460450185151627e-14	3.8151595106516e-6
4.279975067166721e-8	3.5907383635390265e-6	2.2114309262342337e-14	3.5907383635390265e-6
4.042198674546348e-8	3.391252899292986e-6	1.9691221134332375e-14	3.391252899292986e-6
3.829451375886013e-8	3.212765904929054e-6	1.7645529853291987e-14	3.212765904929054e-6
3.637978807091713e-8	3.052127609970189e-6	1.590239350132361e-14	3.052127609970189e-6
3.464741721039726e-8	2.906788200220143e-6	1.4406048466472875e-14	2.906788200220143e-6
3.307253460992466e-8	2.774661464062522e-6	1.3111178640706456e-14	2.774661464062522e-6
3.1634598322536636e-8	2.6540240092922523e-6	1.1983288465069825e-14	2.6540240092922523e-6
3.0316490059097604e-8	2.543439675738041e-6	1.0995030543658362e-14	2.543439675738041e-6
2.9103830456733704e-8	2.4417020888556424e-6	1.0124305952414635e-14	2.4417020888556424e-6
2.7984452362243943e-8	2.347790470184193e-6	9.352833174426698e-15	2.347790470184193e-6
2.6947991163642316e-8	2.260835267701424e-6	8.666197696135477e-15	2.260835267701424e-6
2.5985562907797947e-8	2.18009115110252e-6	8.053056910287213e-15	2.18009115110252e-6
2.5089509014425607e-8	2.1049155942620135e-6	7.502154367942307e-15	2.1049155942620135e-6
2.4253192047278084e-8	2.034751741205019e-6	7.006354500964315e-15	2.034751741205019e-6
2.3470831013494924e-8	1.9691145883398274e-6	6.557469234957618e-15	1.9691145883398274e-6
2.2737367544323203e-8	1.907579757524411e-6	6.151460782280082e-15	1.907579757524411e-6
2.1399875335833604e-8	1.7953691836955054e-6	5.5285771771577035e-15	1.7953691836955054e-6
2.021099337273174e-8	1.6956264513667092e-6	4.9227226977080206e-15	1.6956264513667092e-6
1.9147256879430066e-8	1.6063829540103018e-6	4.4113825167492334e-15	1.6063829540103018e-6
1.8189894035458565e-8	1.5260638063817174e-6	3.975722954622874e-15	1.5260638063817174e-6
1.732370860519863e-8	1.453394101378034e-6	3.601553633561589e-15	1.453394101378034e-6
1.653626730496233e-8	1.3873307331875613e-6	3.2777531187272012e-15	1.3873307331875613e-6
1.5817299161268318e-8	1.3270120057049207e-6	2.995822159285784e-15	1.3270120057049207e-6
1.5158245029548802e-8	1.2717198388421238e-6	2.7487576769530943e-15	1.2717198388421238e-6
1.4551915228366852e-8	1.220851045325197e-6	2.5309931692000674e-15	1.220851045325197e-6
1.3992226181121971e-8	1.1738952359222955e-6	2.3381664957352986e-15	1.1738952359222955e-6
1.3473995581821158e-8	1.1304176346210348e-6	2.1666332951671072e-15	1.1304176346210348e-6
1.2992781453898974e-8	1.0900455762678588e-6	2.0132223895664444e-15	1.0900455762678588e-6
1.2544754507212804e-8	1.0524577977993566e-6	1.875413132485575e-15	1.0524577977993566e-6
1.2126596023639042e-8	1.017375871227368e-6	1.7516722415096866e-15	1.017375871227368e-6
1.1735415506747462e-8	9.845572947553896e-7	1.6394511789538723e-15	9.845572947553896e-7
1.1368683772161601e-8	9.537898793117904e-7	1.5377813592343638e-15	9.537898793117904e-7
1.0699937667916802e-8	8.976845923292449e-7	1.3821236922712948e-15	8.976845923292449e-7
1.010549668636587e-8	8.478132261134362e-7	1.2307427301583645e-15	8.478132261134362e-7
9.573628439715033e-9	8.031914773915943e-7	1.1028455651364053e-15	8.031914773915943e-7
9.094947017729282e-9	7.630319035399805e-7	9.938684980058955e-16	7.630319035399805e-7
8.661854302599316e-9	7.266970510060018e-7	9.003885117114064e-16	7.266970510060018e-7
8.268133652481165e-9	6.936653668828612e-7	8.194383012606726e-16	6.936653668828612e-7
7.908649580634159e-9	6.635060031171532e-7	7.489346398684173e-16	6.635060031171532e-7
7.579122514774401e-9	6.358599196643375e-7	6.871895095634151e-16	6.358599196643375e-7
7.275957614183426e-9	6.104255228869874e-7	6.328734839759727e-16	6.104255228869874e-7
6.996113090560986e-9	5.869476181686976e-7	5.845208547065696e-16	5.869476181686976e-7
6.736997790910579e-9	5.652088175030644e-7	5.415746944853698e-16	5.652088175030644e-7
6.496390726949487e-9	5.450227883131072e-7	5.033891781183666e-16	5.450227883131072e-7
6.272377253606402e-9	5.262288990667714e-7	4.688115268334242e-16	5.262288990667714e-7
6.063298011819521e-9	5.086879357698705e-7	4.378552751010346e-16	5.086879357698705e-7
5.867707753373731e-9	4.922786475240527e-7	4.0986280993200986e-16	4.922786475240527e-7
5.684341886080801e-9	4.768949397933195e-7	3.8450830728345267e-16	4.768949397933195e-7
5.349968833958401e-9	4.4884229628499827e-7	3.455309867338295e-16	4.4884229628499827e-7
5.052748343182935e-9	4.2390661316422734e-7	3.076753417166129e-16	4.2390661316422734e-7
4.786814219857517e-9	4.0159573879240244e-7	2.7569067111688345e-16	4.0159573879240244e-7
4.547473508864641e-9	3.8151595185729027e-7	2.4850860352592034e-16	3.8151595185729027e-7
4.330927151299658e-9	3.6334852558224434e-7	2.250866910956979e-16	3.6334852558224434e-7
4.1340668262405825e-9	3.4683268351370355e-7	2.0486998264058023e-16	3.4683268351370355e-7
3.9543247903170795e-9	3.317530016247583e-7	1.8725448023134243e-16	3.317530016247583e-7
3.7895612573872004e-9	3.1792995989298777e-7	1.7179735186019962e-16	3.1792995989298777e-7
3.637978807091713e-9	3.0521276149956285e-7	1.581766335257246e-16	3.0521276149956285e-7
3.498056545280493e-9	2.9347380913623333e-7	1.4610933753706166e-16	2.9347380913623333e-7
3.3684988954552896e-9	2.826044087996915e-7	1.3543547431902493e-16	2.826044087996915e-7
3.2481953634747434e-9	2.7251139420133123e-7	1.2582639679740522e-16	2.7251139420133123e-7
3.136188626803201e-9	2.631144495751646e-7	1.1720286057095094e-16	2.631144495751646e-7
3.0316490059097605e-9	2.54343967923996e-7	1.0948477906598643e-16	2.54343967923996e-7
2.9338538766868654e-9	2.461393237986158e-7	1.0246571003407772e-16	2.461393237986158e-7
2.8421709430404003e-9	2.384474699310018e-7	9.610611752925054e-17	2.384474699310018e-7
2.6749844169792006e-9	2.2442114817259596e-7	8.63930936032835e-17	2.2442114817259596e-7
2.5263741715914674e-9	2.119533066089924e-7	7.69188419281061e-17	2.119533066089924e-7
2.3934071099287583e-9	2.0079786942035815e-7	6.893304019960784e-17	2.0079786942035815e-7
2.2737367544323206e-9	1.9075797595045623e-7	6.209602449599869e-17	1.9075797595045623e-7
2.165463575649829e-9	1.8167426281094001e-7	5.629249367382698e-17	1.8167426281094001e-7
2.0670334131202913e-9	1.7341634177491864e-7	5.121752022790675e-17	1.7341634177491864e-7
1.9771623951585398e-9	1.6587650082891617e-7	4.679283348711438e-17	1.6587650082891617e-7
1.8947806286936002e-9	1.5896497996170143e-7	4.295977319298652e-17	1.5896497996170143e-7
1.8189894035458565e-9	1.5260638076380152e-7	3.95337602322646e-17	1.5260638076380152e-7
1.7490282726402464e-9	1.467369045810991e-7	3.655866660571157e-17	1.467369045810991e-7
1.6842494477276448e-9	1.4130220441187708e-7	3.38484405908804e-17	1.4130220441187708e-7
1.6240976817373717e-9	1.3625569711185998e-7	3.1446165452923544e-17	1.3625569711185998e-7
1.5680943134016004e-9	1.3155722479802982e-7	2.9311191521406895e-17	1.3155722479802982e-7
1.5158245029548803e-9	1.271719839717575e-7	2.7360736537602495e-17	1.271719839717575e-7
1.4669269383434327e-9	1.2306966190845521e-7	2.5616431278345094e-17	1.2306966190845521e-7
1.4210854715202002e-9	1.1922373497408638e-7	2.401606296780704e-17	1.1922373497408638e-7
1.3374922084896003e-9	1.1221057409382351e-7	2.1608591959300933e-17	1.1221057409382351e-7
1.2631870857957337e-9	1.059766533112145e-7	1.9224548553911398e-17	1.059766533112145e-7
1.1967035549643792e-9	1.0039893471621691e-7	1.7233263124769196e-17	1.0039893471621691e-7
1.1368683772161603e-9	9.537898798068784e-8	1.553437586678788e-17	9.537898798068784e-8
1.0827317878249145e-9	9.083713141042027e-8	1.4067922367409943e-17	9.083713141042027e-8
1.0335167065601456e-9	8.670817089197321e-8	1.2793966795197094e-17	8.670817089197321e-8
9.885811975792699e-10	8.293825041859931e-8	1.1713827672022448e-17	8.293825041859931e-8
9.473903143468001e-10	7.948248998464977e-8	1.0734730553744658e-17	7.948248998464977e-8
9.094947017729282e-10	7.630319038540856e-8	9.888652278499279e-18	7.630319038540856e-8
8.745141363201232e-10	7.336845229378672e-8	9.124013180779765e-18	7.336845229378672e-8
8.421247238638224e-10	7.06511022089506e-8	8.4725524728866e-18	7.06511022089506e-8
8.120488408686859e-10	6.812784855872999e-8	7.86154344936778e-18	6.812784855872999e-8
7.840471567008002e-10	6.577861240162399e-8	7.322556417356393e-18	6.577861240162399e-8
7.579122514774401e-10	6.358599198832145e-8	6.845424203143233e-18	6.358599198832145e-8
7.334634691717164e-10	6.153483095651587e-8	6.409335983825305e-18	6.153483095651587e-8
7.105427357601001e-10	5.961186748919099e-8	6.0040109490083676e-18	5.961186748919099e-8
6.687461042448001e-10	5.610528704879038e-8	5.3969921469481835e-18	5.610528704879038e-8
6.315935428978668e-10	5.2988326657288914e-8	4.811309817749599e-18	5.2988326657288914e-8
5.983517774821896e-10	5.0199467359617226e-8	4.305725752128587e-18	5.0199467359617226e-8
5.684341886080801e-10	4.7689493991706776e-8	3.88100636873618e-18	4.7689493991706776e-8
5.413658939124572e-10	4.541856570644841e-8	3.516987024964638e-18	4.541856570644841e-8
5.167583532800728e-10	4.33540854471179e-8	3.2036961715076674e-18	4.33540854471179e-8
4.942905987896349e-10	4.146912521033219e-8	2.9258523249710457e-18	4.146912521033219e-8
4.736951571734001e-10	3.974124499327537e-8	2.6836838552250615e-18	3.974124499327537e-8
4.547473508864641e-10	3.815159519357916e-8	2.4669543538697927e-18	3.815159519357916e-8
4.372570681600616e-10	3.668422614770617e-8	2.286217560457231e-18	3.668422614770617e-8
4.210623619319112e-10	3.532555110522622e-8	2.1155271984027924e-18	3.532555110522622e-8
4.0602442043434293e-10	3.4063924280065014e-8	1.96538690528923e-18	3.4063924280065014e-8
3.920235783504001e-10	3.2889306201466385e-8	1.8358689827093735e-18	3.2889306201466385e-8
3.7895612573872006e-10	3.17929959947693e-8	1.7061259619411704e-18	3.17929959947693e-8
3.667317345858582e-10	3.07674154788293e-8	1.6023383538358119e-18	3.07674154788293e-8
3.5527136788005004e-10	2.980593374513174e-8	1.4983861332200099e-18	2.980593374513174e-8
3.3437305212240007e-10	2.8052643524866588e-8	1.3531201806835648e-18	2.8052643524866588e-8
3.157967714489334e-10	2.6494163329063477e-8	1.2002397957533738e-18	2.6494163329063477e-8
2.991758887410948e-10	2.5099733680186502e-8	1.0777252029301738e-18	2.5099733680186502e-8
2.842170943040401e-10	2.3844746996194448e-8	9.702523222327502e-19	2.3844746996194448e-8
2.706829469562286e-10	2.2709282853534126e-8	8.805433672754342e-19	2.2709282853534126e-8
2.583791766400364e-10	2.1677042723840366e-8	7.98325540546058e-19	2.1677042723840366e-8
2.4714529939481747e-10	2.073456260542457e-8	7.31466018063654e-19	2.073456260542457e-8
2.3684757858670003e-10	1.9870622496875656e-8	6.722253667928876e-19	1.9870622496875656e-8
2.2737367544323206e-10	1.9075797597009338e-8	6.180416434692903e-19	1.9075797597009338e-8
2.186285340800308e-10	1.8342113074054876e-8	5.689463442615699e-19	1.8342113074054876e-8
2.105311809659556e-10	1.7662775552800835e-8	5.275783006363737e-19	1.7662775552800835e-8
2.0301221021717146e-10	1.7031962140208207e-8	4.939605097962479e-19	1.7031962140208207e-8
1.9601178917520005e-10	1.6444653100895727e-8	4.576623570300963e-19	1.6444653100895727e-8
1.8947806286936003e-10	1.5896497997538197e-8	4.291457434420967e-19	1.5896497997538197e-8
1.833658672929291e-10	1.5383707739557493e-8	4.005867673875372e-19	1.5383707739557493e-8
1.7763568394002502e-10	1.4902966872700283e-8	3.74596989580148e-19	1.4902966872700283e-8
1.6718652606120003e-10	1.4026321762550272e-8	3.3698952717465937e-19	1.4026321762550272e-8
1.578983857244667e-10	1.3247081664637196e-8	3.0135164799906045e-19	1.3247081664637196e-8
1.495879443705474e-10	1.254986684018755e-8	2.694316849634243e-19	1.254986684018755e-8
1.4210854715202004e-10	1.1922373498182142e-8	2.4126759285723084e-19	1.1922373498182142e-8
1.353414734781143e-10	1.1354641426844193e-8	2.194869709620409e-19	1.1354641426844193e-8
1.291895883200182e-10	1.0838521361991064e-8	2.0023271179175353e-19	1.0838521361991064e-8
1.2357264969740873e-10	1.0367281302777083e-8	1.8351598560795117e-19	1.0367281302777083e-8
1.1842378929335001e-10	9.935311248497147e-9	1.6805554283927277e-19	9.935311248497147e-9
1.1368683772161603e-10	9.537898798559263e-9	1.5385946739869644e-19	9.537898798559263e-9
1.093142670400154e-10	9.171056537078592e-9	1.435411705609577e-19	9.171056537078592e-9
1.052655904829778e-10	8.831387776447525e-9	1.3189484554306626e-19	8.831387776447525e-9
1.0150610510858573e-10	8.515981070147152e-9	1.2153044166483247e-19	8.515981070147152e-9
9.800589458760003e-11	8.222326550488852e-9	1.1507036277953444e-19	8.222326550488852e-9
9.473903143468002e-11	7.948248998807134e-9	1.0728844407178874e-19	7.948248998807134e-9
9.168293364646455e-11	7.691853869814277e-9	9.949108043544547e-20	7.691853869814277e-9
8.881784197001251e-11	7.451483436383918e-9	9.430385468200908e-20	7.451483436383918e-9
8.359326303060002e-11	7.013160881304641e-9	8.457072267660664e-20	7.013160881304641e-9
7.894919286223336e-11	6.623540832344696e-9	7.501455605590293e-20	6.623540832344696e-9
7.47939721852737e-11	6.274933420117346e-9	6.73588100130934e-20	6.274933420117346e-9
7.105427357601002e-11	5.961186749112647e-9	6.096500708328413e-20	5.961186749112647e-9
6.767073673905715e-11	5.677320713441376e-9	5.454730731153899e-20	5.677320713441376e-9
6.45947941600091e-11	5.419260681012988e-9	4.94085523627791e-20	5.419260681012988e-9
6.178632484870437e-11	5.183640651404737e-9	4.620488794702003e-20	5.183640651404737e-9
5.921189464667501e-11	4.967655624263488e-9	4.23405379751593e-20	4.967655624263488e-9
5.6843418860808015e-11	4.768949399293365e-9	3.846554231649295e-20	4.768949399293365e-9
5.46571335200077e-11	4.585528268551731e-9	3.523277207966848e-20	4.585528268551731e-9
5.26327952414889e-11	4.415693888235626e-9	3.33003467521159e-20	4.415693888235626e-9
5.0753052554292866e-11	4.257990535084688e-9	3.0708925799666803e-20	4.257990535084688e-9
4.9002947293800014e-11	4.111163275254583e-9	2.876726013221571e-20	4.111163275254583e-9
4.736951571734001e-11	3.9741244994130745e-9	2.6821791474030348e-20	3.9741244994130745e-9
4.584146682323227e-11	3.845926934916109e-9	2.487288785647215e-20	3.845926934916109e-9
4.4408920985006255e-11	3.725741718200316e-9	2.3576077738496892e-20	3.725741718200316e-9
4.179663151530001e-11	3.506580440659609e-9	2.0980835635392925e-20	3.506580440659609e-9
3.947459643111668e-11	3.3117704161789176e-9	1.8754108088115757e-20	3.3117704161789176e-9
3.739698609263685e-11	3.1374667100645668e-9	1.683979856051908e-20	3.1374667100645668e-9
3.552713678800501e-11	2.9805933745616304e-9	1.524134302520156e-20	2.9805933745616304e-9
3.383536836952858e-11	2.8386603567255528e-9	1.3636913736816112e-20	2.8386603567255528e-9
3.229739708000455e-11	2.7096303405110336e-9	1.2677116800382444e-20	2.7096303405110336e-9
3.0893162424352184e-11	2.5918203257063303e-9	1.1388722667411388e-20	2.5918203257063303e-9
2.9605947323337503e-11	2.483827812135385e-9	1.0422236212069227e-20	2.483827812135385e-9
2.8421709430404007e-11	2.384474699650072e-9	9.453120252015941e-21	2.384474699650072e-9
2.732856676000385e-11	2.2927641342791503e-9	9.134339143624055e-21	2.2927641342791503e-9
2.631639762074445e-11	2.207846944120691e-9	8.161659076292675e-21	2.207846944120691e-9
2.5376526277146433e-11	2.128995267545034e-9	7.514204121598489e-21	2.128995267545034e-9
2.4501473646900007e-11	2.055581637629919e-9	7.51891064434123e-21	2.055581637629919e-9
2.3684757858670004e-11	1.9870622497088703e-9	6.542038009211678e-21	1.9870622497088703e-9
2.2920733411616136e-11	1.922963467460297e-9	6.218280837901672e-21	1.922963467460297e-9
2.2204460492503128e-11	1.8628708591022467e-9	5.894076468601702e-21	1.8628708591022467e-9
2.0898315757650004e-11	1.7532902203316703e-9	5.326238783818054e-21	1.7532902203316703e-9
1.973729821555834e-11	1.655885208091101e-9	4.688761559085001e-21	1.655885208091101e-9
1.8698493046318424e-11	1.568733355033757e-9	4.209997668740774e-21	1.568733355033757e-9
1.7763568394002505e-11	1.4902966872821637e-9	3.891620362741528e-21	1.4902966872821637e-9
1.691768418476429e-11	1.4193301783639923e-9	3.4091143113565894e-21	1.4193301783639923e-9
1.6148698540002275e-11	1.3548151702565423e-9	2.9256488659764496e-21	1.3548151702565423e-9
1.5446581212176092e-11	1.2959101628541997e-9	2.9285096781474688e-21	1.2959101628541997e-9
1.4802973661668752e-11	1.2419139060686252e-9	2.605459195525199e-21	1.2419139060686252e-9
1.4210854715202004e-11	1.1922373498259275e-9	2.444853365113351e-21	1.1922373498259275e-9
1.3664283380001925e-11	1.1463820671403527e-9	2.283874431688982e-21	1.1463820671403527e-9
1.3158198810372225e-11	1.1039234720610653e-9	1.9588235233264812e-21	1.1039234720610653e-9
1.2688263138573216e-11	1.0644976337732338e-9	1.960248059224161e-21	1.0644976337732338e-9
1.2250736823450003e-11	1.0277908188155505e-9	1.797943904942854e-21	1.0277908188155505e-9
1.1842378929335002e-11	9.935311248550845e-10	1.79912092007432e-21	9.935311248550845e-10
1.1460366705808068e-11	9.614817337306875e-10	1.4727255289041308e-21	9.614817337306875e-10
1.1102230246251564e-11	9.31435429551646e-10	1.4734442240307034e-21	9.31435429551646e-10
1.0449157878825002e-11	8.766451101662797e-10	1.2911957646630287e-21	8.766451101662797e-10
9.86864910777917e-12	8.279426040459719e-10	1.2126605796548625e-21	8.279426040459719e-10
9.349246523159212e-12	7.843666775172248e-10	9.715369905922452e-22	7.843666775172248e-10
8.881784197001252e-12	7.451483436414079e-10	9.727624481045816e-22	7.451483436414079e-10
8.458842092382144e-12	7.09665089182311e-10	8.930340382426979e-22	7.09665089182311e-10
8.074349270001138e-12	6.774075851285821e-10	8.127321012610973e-22	6.774075851285821e-10
7.723290606088046e-12	6.479550814273253e-10	6.507859844884473e-22	6.479550814273253e-10
7.401486830834376e-12	6.209569530345453e-10	6.5138381020516735e-22	6.209569530345453e-10
7.105427357601002e-12	5.961186749131644e-10	5.70397009498258e-22	5.961186749131644e-10
6.8321416900009626e-12	5.731910335703703e-10	5.70858882859957e-22	5.731910335703703e-10
6.5790994051861124e-12	5.519617360307453e-10	5.712865433800494e-22	5.519617360307453e-10
6.344131569286608e-12	5.322488168867628e-10	4.0847296373275834e-22	5.322488168867628e-10
6.125368411725002e-12	5.138954094079448e-10	4.903522674744767e-22	5.138954094079448e-10
5.921189464667501e-12	4.967655624276714e-10	4.0892776519271407e-22	4.967655624276714e-10
5.730183352904034e-12	4.807408668655002e-10	4.0918653235836354e-22	4.807408668655002e-10
5.551115123125782e-12	4.657177147759422e-10	3.275283226368029e-22	4.657177147759422e-10
5.224578939412501e-12	4.383225550832672e-10	3.6315446815229193e-22	4.383225550832672e-10
4.934324553889585e-12	4.139713020230802e-10	2.8295539840377027e-22	4.139713020230802e-10
4.674623261579606e-12	3.921833387587208e-10	2.8338947524837056e-22	3.921833387587208e-10
4.440892098500626e-12	3.7257417182077456e-10	2.027066213170241e-22	3.7257417182077456e-10
4.229421046191072e-12	3.5483254459122323e-10	2.0290250658612528e-22	3.5483254459122323e-10
4.037174635000569e-12	3.3870379256435777e-10	2.0315579145329667e-22	3.3870379256435777e-10
3.861645303044023e-12	3.2397754071373e-10	1.627423838061176e-22	3.2397754071373e-10
3.700743415417188e-12	3.104784765173309e-10	1.6285545821313416e-22	3.104784765173309e-10
3.552713678800501e-12	2.9805933745665434e-10	2.037278868507396e-22	2.9805933745665434e-10
3.4160708450004813e-12	2.8659551678522823e-10	1.223914774109011e-22	2.8659551678522823e-10
3.2895497025930562e-12	2.7598086801540936e-10	1.2245446443941892e-22	2.7598086801540936e-10
3.172065784643304e-12	2.661244084434344e-10	1.2251295239447117e-22	2.661244084434344e-10
3.062684205862501e-12	2.569477047040093e-10	1.226244605490283e-22	2.569477047040093e-10
2.9605947323337505e-12	2.48382781213879e-10	1.226733827700902e-22	2.48382781213879e-10
2.865091676452017e-12	2.4037043343277826e-10	8.183546294655425e-23	2.4037043343277826e-10
2.775557561562891e-12	2.3285885738800656e-10	8.186335737907603e-23	2.3285885738800656e-10
2.6122894697062505e-12	2.1916127754165744e-10	8.06976342150388e-23	2.1916127754165744e-10
2.4671622769447924e-12	2.0698565101156926e-10	8.08563970717102e-23	2.0698565101156926e-10
2.337311630789803e-12	1.960916693793794e-10	6.07518378244879e-23	1.960916693793794e-10
2.220446049250313e-12	1.8628708591041316e-10	6.081654911278533e-23	1.8628708591041316e-10
2.114710523095536e-12	1.7741627229563405e-10	6.091449174733411e-23	1.7741627229563405e-10
2.0185873175002844e-12	1.6935189628219287e-10	4.0659942383336006e-23	1.6935189628219287e-10
1.9308226515220115e-12	1.6198877035688188e-10	4.0690555427261524e-23	1.6198877035688188e-10
1.850371707708594e-12	1.5523923825868004e-10	4.071861738419326e-23	1.5523923825868004e-10
1.7763568394002505e-12	1.4902966872833428e-10	4.077752561848536e-23	1.4902966872833428e-10
1.7080354225002406e-12	1.4329775839262495e-10	2.0404429206523077e-23	1.4329775839262495e-10
1.6447748512965281e-12	1.379904340077194e-10	4.082097130553266e-23	1.379904340077194e-10
1.586032892321652e-12	1.330622042217305e-10	4.0840366701535934e-23	1.330622042217305e-10
1.5313421029312504e-12	1.2847385235201118e-10	2.0433145619311426e-23	1.2847385235201118e-10
1.4802973661668753e-12	1.2419139060694489e-10	2.044144147189473e-23	1.2419139060694489e-10
1.4325458382260085e-12	1.2018521671640446e-10	4.091773147328234e-23	1.2018521671640446e-10
1.3877787807814455e-12	1.1642942869401214e-10	2.0482330231197988e-23	1.1642942869401214e-10
1.3061447348531253e-12	1.0958063877083602e-10	2.017776349322403e-23	1.0958063877083602e-10
1.2335811384723962e-12	1.0349282550579054e-10	2.0228757833641967e-23	1.0349282550579054e-10
1.1686558153949015e-12	9.804583468969446e-11	1.0129308688002556e-23	9.804583468969446e-11
1.1102230246251565e-12	9.314354295521035e-11	1.0139893783522677e-23	9.314354295521035e-11
1.057355261547768e-12	8.870813614782266e-11	2.0293509742666137e-23	8.870813614782266e-11
1.0092936587501422e-12	8.467594814110132e-11	1.0158177130330162e-23	8.467594814110132e-11
9.654113257610057e-13	8.099438517844518e-11	1.016612641155081e-23	8.099438517844518e-11
9.25185853854297e-13	7.761961912934369e-11	1.0190648270333746e-23	7.761961912934369e-11
8.881784197001252e-13	7.451483436417029e-11	1.01966627634566e-23	7.451483436417029e-11
8.540177112501203e-13	7.164887919631793e-11	1.0202214603262316e-23	7.164887919631793e-11
8.223874256482641e-13	6.8995217003862e-11	1.0207355195675013e-23	6.8995217003862e-11
7.93016446160826e-13	6.65311021108672e-11	1.021212860291538e-23	6.65311021108672e-11
7.656710514656252e-13	6.423692617600722e-11	3.9333773014256036e-27	6.423692617600722e-11
7.401486830834376e-13	6.209569530347654e-11	1.022072073594804e-23	6.209569530347654e-11
7.162729191130043e-13	6.009260835820332e-11	1.0237944293573634e-23	6.009260835820332e-11
6.938893903907227e-13	5.821471434700691e-11	3.5646231794169755e-27	5.821471434700691e-11
