# z G G´ G´´
1.5999999999999998e6	9.601538192913538e6	2165.438958548187	9.601537948727354e6
1.0666666666666665e6	6.402804909926234e6	4112.923122843752	6.402803588931873e6
799999.9999999999	4.803435626192816e6	4782.202080338609	4.803433245661028e6
640000.0	3.8438197436249373e6	5111.211633838237	3.843816345378186e6
533333.3333333333	3.204079065111967e6	5303.981528269921	3.2040746750456244e6
457142.8571428571	2.7471231805193713e6	5429.5410086156735	2.7471178149164445e6
399999.99999999994	2.4044072275625197e6	5517.337048581815	2.404400897302023e6
355555.55555555556	2.137850916535958e6	5581.927375160659	2.1378436293191356e6
320000.0	1.9246061737722438e6	5631.291413489776	1.9245979353307153e6
290909.0909090909	1.7501333707312848e6	5670.151217723793	1.7501241855172499e6
266666.6666666666	1.6047394529235698e6	5701.471847780467	1.6047293245242971e6
246153.84615384613	1.481713862730998e6	5727.2052261136805	1.4817027941289418e6
228571.42857142855	1.3762633561899967e6	5748.686871363257	1.3762513499323474e6
213333.3333333333	1.2848728950670788e6	5766.860368008033	1.2848599533799598e6
199999.99999999997	1.2049062055227687e6	5782.410722822663	1.2048923303903586e6
188235.29411764705	1.1344862391375704e6	6250.041716523984	1.1344690228344933e6
177777.77777777778	1.0718109899745786e6	6355.200013468485	1.0717921485358414e6
168421.05263157893	1.0157071683485686e6	6353.783660574582	1.015687295021387e6
160000.0	965204.8564726718	6324.1485278726495	965184.137925934
152380.95238095237	919508.932260859	6289.816033470741	919487.4195560099
145454.54545454544	877965.6609322962	6257.417069387035	877943.3617881642
139130.4347826087	840033.9765389089	6228.451146802925	840010.885724753
133333.3333333333	805262.6561212174	6202.92459345759	805238.7652553036
128000.0	773272.5595696697	6180.4644887699405	773247.8601600727
123076.92307692306	743742.8353954828	6160.648865852883	743717.3196905287
118518.51851851851	716400.1490948127	6143.095627695058	716373.8102409794
114285.71428571428	691010.2058079077	6127.479085472061	690983.0378024804
110344.8275862069	667371.0223185358	6113.526331073971	667343.0199127634
106666.66666666666	645307.5430899822	6101.009239064783	645278.7016902806
103225.80645161291	624667.2977904886	6089.736590976937	624637.6133704433
99999.99999999999	605316.8728004727	6079.547379837261	605286.3418255858
94117.64705882352	570007.4594246487	5975.945220852067	569976.1327270292
88888.88888888889	538642.2701820292	5965.823038696397	538609.2314306552
84210.52631578947	510578.21480687486	5957.600503669485	510543.4559678676
80000.0	485320.1581919041	5950.828104703686	485283.6733213709
76190.47619047618	462467.2735886304	5945.184793190541	462429.05825464294
72727.27272727272	441691.6077501182	5940.432129382232	441651.6586892893
69565.21739130435	422722.2390728783	5936.388703660055	422680.5539600169
66666.66666666666	405333.3965629622	5932.914410882579	405289.97384078073
64000.0	389335.430186655	5929.899671060717	389290.26893632836
61538.46153846153	374567.86497289065	5927.258041340953	374520.9648103307
59259.259259259255	360893.99851852655	5924.920671542677	360845.3595125288
57142.85714285714	348196.656163557	5922.832402741414	348146.27876772056
55172.41379310345	336374.8243062622	5920.948664449495	336322.7093045929
53333.33333333333	325340.9570690593	5919.233303477488	325287.1055294238
51612.903225806454	315018.8041789834	5917.656752830928	314963.2174157998
49999.99999999999	305341.64614606736	5916.194785240685	305284.3256874701
47058.82352941176	287671.8601401095	5826.636061261332	287612.84642498207
44444.444444444445	271986.49736199836	5829.109962202202	271924.02656679106
42105.26315789473	257951.82155081813	5831.33006230583	257885.9007993449
40000.0	245320.22758061456	5833.2464951545635	245250.86604440623
38095.23809523809	233891.27961582138	5834.858986431213	233818.4875088683
36363.63636363636	223500.98604194523	5836.182908508834	223424.77420997928
34782.608695652176	214013.8752656822	5837.237516781528	213934.25500468048
33333.33333333333	205317.05383009865	5838.0427002130145	205234.03677485397
32000.0	197315.69064491653	5838.617223657227	197229.28870630753
30769.230769230766	189929.54362416564	5838.978773422677	189839.76893203214
29629.629629629628	183090.2579756692	5839.143415374591	182997.1228456114
28571.42857142857	176739.24363320624	5839.126045411269	176642.76052831498
27586.206896551725	170825.99162945212	5838.9400567852435	170726.17314049686
26666.666666666664	165306.727381035	5838.597829940354	165203.58619838746
25806.451612903227	160143.32443352244	5838.110454592067	160036.87333530484
24999.999999999996	155302.4220554042	5837.488196310247	155192.6738858276
23529.41176470588	146452.41525590033	5750.602178239117	146339.47009906213
22222.222222222223	138605.7316008011	5753.439088487419	138486.26925167846
21052.631578947367	131584.35553402675	5755.529536682975	131458.42118729986
20000.0	125264.47096647721	5756.871218303216	125132.11466401134
19047.619047619046	119545.8608177203	5757.52849853208	119407.13422672176
18181.81818181818	114346.53423541792	5757.576991181646	114201.48947733658
17391.304347826088	109598.76074351923	5757.085674657872	109447.450043616
16666.666666666664	105246.09883658447	5756.115650897702	105088.57432153886
16000.0	101241.13743762032	5754.7185386871015	101077.4511164761
15384.615384615383	97543.75963641905	5752.939435751624	97373.96331595047
14814.814814814814	94119.7914862915	5750.8163468045295	93943.93679619944
14285.714285714284	90939.94116691872	5748.382893418798	90758.0794946284
13793.103448275862	87978.95686136947	5745.667550580705	87791.13938668818
13333.333333333332	85214.95380135038	5742.695900175099	85021.23143759088
12903.225806451614	82628.87084455669	5739.489700771791	82429.29427710251
12499.999999999998	80204.02963311401	5736.068802503415	79998.64926411182
11764.70588235294	75761.25573714574	5647.681476461186	75550.45707876052
11111.111111111111	71829.67555207928	5644.388420235911	71607.56363177345
10526.315789473683	68310.73121635734	5640.29138171721	68077.4787462252
10000.0	65142.49285902815	5635.311751770991	64898.28685989242
9523.809523809523	62274.85359153449	5629.504460613603	62019.884467604315
9090.90909090909	59666.82673159176	5622.957860137185	59401.28413696892
8695.652173913044	57284.55560802572	5615.754347299077	57008.6275428534
8333.333333333332	55099.828099804836	5607.970618158362	54813.700132119484
8000.0	53088.9454539719	5599.669552925382	52792.80093263516
7692.3076923076915	51231.8557526365	5590.908456502915	50925.87541211204
7407.407407407407	49511.47697737538	5581.733653703392	49195.839274274884
7142.857142857142	47913.168118749745	5572.1882835882925	47588.04888738157
6896.551724137931	46424.306901182084	5562.307101715372	46089.87970217919
6666.666666666666	45033.954671579006	5552.123363359155	44690.390460588664
6451.612903225807	43732.58355395966	5541.663738854709	43380.05102935595
6249.999999999999	42511.85725601886	5530.95446464649	42150.522536098295
5882.35294117647	40267.45072930715	5436.930607142204	39898.71393679625
5555.555555555556	38285.72863184696	5418.705530693215	37900.32516012312
5263.157894736842	36510.47481969512	5399.826553676934	36108.9551877342
5000.0	34910.684408903595	5380.082279231829	34493.6313044417
4761.9047619047615	33461.2983750931	5359.4956246016	33029.29450649657
4545.454545454545	32141.83118582676	5338.168508363181	31695.445555387058
4347.826086956522	30935.361108860365	5316.194997113039	30475.14786983421
4166.666666666666	29827.7909207114	5293.675206762746	29354.28612681594
4000.0	28807.276306066604	5270.6847258588095	28321.00017115683
3846.1538461538457	27863.797719815062	5247.301484022509	27365.25261178026
3703.7037037037035	26988.817207565793	5223.582081404755	26478.490223240195
3571.428571428571	26175.01867663985	5199.587031364646	25653.37984410065
3448.2758620689656	25416.092570319186	5175.359151510148	24883.59739257799
3333.333333333333	24706.572516263983	5150.946343971213	24163.660262115514
3225.8064516129034	24041.69511662851	5126.3815372555655	23488.791293197795
3124.9999999999995	23417.294114223663	5101.703346500452	22854.808828698617
2941.176470588235	22264.378795891196	4996.7654469118015	21696.425932293037
2777.777777777778	21246.834487597534	4951.23802727579	20661.87836912758
2631.578947368421	20333.172109086892	4905.902250288734	19732.460848266266
2500.0	19507.83150986495	4860.444231135281	18892.632746478284
2380.9523809523807	18758.257137736946	4814.850070909977	18129.793976769764
2272.7272727272725	18074.201115882748	4769.251245561041	17433.616622321704
2173.913043478261	17447.191204168586	4723.74132238495	16795.557413614188
2083.333333333333	16870.17502854778	4678.44964956894	16208.482790510816
2000.0	16337.218418151511	4633.446412819102	15666.393330371951
1923.0769230769229	15843.305463893665	4588.827898327254	15164.200821071196
1851.8518518518517	15384.153987203095	4544.638545708973	14697.566274415405
1785.7142857142856	14956.098027496091	4500.947967821035	14262.760448070358
1724.1379310344828	14555.969007079926	4457.7817735523395	13856.565786458632
1666.6666666666665	14181.024756187066	4415.189954106823	13476.18494993092
1612.9032258064517	13828.86965263456	4373.1847873274455	13119.180259659704
1562.4999999999998	13497.411021666474	4331.801789681261	12783.41102924872
1470.5882352941176	12883.588424044698	4218.123507632362	12173.507495974109
1388.888888888889	12339.407967404066	4143.003127902765	11623.102600778453
1315.7894736842104	11848.774565916929	4070.621752857536	11127.600696425216
1250.0	11403.80399595835	4000.605795085771	10679.040165228416
1190.4761904761904	10998.118831491527	3932.7654788232885	10270.928561731134
1136.3636363636363	10626.526033636304	3867.1350970215917	9897.894810763242
1086.9565217391305	10284.708327728993	3803.6331193193414	9555.501058556538
1041.6666666666665	9969.078352327946	3742.2842894524338	9240.012526602502
1000.0	9676.597233861094	3682.995340019546	8948.30036106089
961.5384615384614	9404.701562328932	3625.7598992625767	8677.688438136718
925.9259259259259	9151.186601781794	3570.4745400627926	8425.908127875238
892.8571428571428	8914.169517360035	3517.113062163732	8190.99102015062
862.0689655172414	8692.00985691384	3465.5701156531186	7971.252042570188
833.3333333333333	8483.292063755753	3415.809044520076	7765.2104163606655
806.4516129032259	8286.768930774215	3367.727846523062	7571.588239187203
781.2499999999999	8101.354646459456	3321.2853145279173	7389.249689055811
735.2941176470588	7757.837903299557	3218.2121834906134	7058.835546738842
694.4444444444445	7451.062093421617	3137.3139908325497	6758.37164137567
657.8947368421052	7173.363539740509	3061.516041741479	6487.238549601677
625.0	6920.5969281250955	2990.3164902621725	6241.207345509411
595.2380952380952	6689.363589524353	2923.1663517656452	6016.866602539835
568.1818181818181	6476.90285023075	2859.8305963009793	5811.337151791144
543.4782608695652	6280.890761440472	2799.914459483494	5622.28314626038
520.8333333333333	6099.403307306922	2743.230423285918	5447.697453965775
500.0	5930.790737882739	2689.4568025354224	5285.93424891491
480.7692307692307	5773.667478031457	2638.4341728431714	5135.552673515432
462.96296296296293	5626.8276939845355	2589.8977620465275	4995.359794843382
446.4285714285714	5489.246624854787	2543.7133591367174	4864.293458975216
431.0344827586207	5360.021204236018	2499.663093278735	4741.467254970757
416.66666666666663	5238.376254114604	2457.6349070663073	4626.080029921763
403.2258064516129	5123.621257216075	2417.449137232181	4517.458849429823
390.62499999999994	5015.158350077629	2379.012424943548	4414.987333879632
367.6470588235294	4814.233291794545	2300.8468017843225	4228.823262154828
347.22222222222223	4633.721365077642	2235.2071986545698	4058.968153146782
328.9473684210526	4469.801731720572	2174.3051916824184	3905.3200194497645
312.5	4320.177508941411	2117.7299327416176	3765.5216956928293
297.6190476190476	4182.93573710842	2064.8953566833175	3637.7408575551985
284.09090909090907	4056.5251807927857	2015.511776577141	3520.384754666001
271.7391304347826	3939.6261132526033	1969.1466837234057	3412.2009393063195
260.41666666666663	3831.1496785071117	1925.5814234034742	3312.0754884163794
250.0	3730.1537513747644	1884.487782568578	3219.122987126306
240.38461538461536	3635.850014231196	1845.6979778187406	3132.539592832116
231.48148148148147	3547.5467071602698	1808.9587950568302	3051.6808019958794
223.2142857142857	3464.658141351287	1774.13990912736	2975.950876488609
215.51724137931035	3386.664155684804	1741.0429697602126	2904.868926621097
208.33333333333331	3313.1199047024957	1709.5654356924144	2837.9833551347124
201.61290322580646	3243.6261877997454	1679.5496634125018	2774.927706141416
195.31249999999997	3177.838642852333	1650.9139323710392	2715.3529472075543
183.8235294117647	3055.9767672664148	1595.4379366049961	2606.4481181319684
173.61111111111111	2945.927685281307	1546.684948406782	2507.2406340993257
164.4736842105263	2845.7040711094023	1501.471782946857	2417.3568510550967
156.25	2753.9858537554865	1459.5972182233727	2335.383061349878
148.8095238095238	2669.6557475447166	1420.6132479920525	2260.2919745086056
142.04545454545453	2591.806970801311	1384.2856760454729	2191.1678486573305
135.8695652173913	2519.661512757362	1350.2624427892522	2127.3188464505074
130.20833333333331	2452.5790066285713	1318.3667133431477	2068.103719087603
125.0	2390.0013424903277	1288.3359777279434	2013.0317497737965
120.19230769230768	2331.4629676551485	1260.0391788928023	1961.6372848216627
115.74074074074073	2276.5524065044256	1233.27718109161	1913.5616671954485
111.60714285714285	2224.9224719283534	1207.9507824548143	1868.4578971062142
107.75862068965517	2176.262570983029	1183.9056512155717	1826.0575530036003
104.16666666666666	2130.3080819623724	1161.065125901071	1786.0963852744712
100.80645161290323	2086.819775928843	1139.3073763684024	1748.3693772656434
97.65624999999999	2045.5921341172298	1118.5721162012185	1712.6714804711994
91.91176470588235	1969.2527255195077	1080.011207813358	1646.6730361439522
86.80555555555556	1899.9745747390064	1044.6671549853445	1587.0015500778488
82.23684210526315	1836.7163233618821	1011.8612566967149	1532.8612623783456
78.125	1778.696499007331	981.5478794315719	1483.3492494905981
74.4047619047619	1725.2384658376095	953.3887443902654	1437.8795728695995
71.02272727272727	1675.7929484657025	927.2021456013745	1395.9148209398668
67.93478260869566	1629.8841852363862	902.710708766977	1357.068838917577
65.10416666666666	1587.122346778375	879.7815027270993	1320.9624714966521
62.5	1547.1646811565884	858.211889724784	1287.3192700155555
60.09615384615384	1509.7267691410257	837.9066878059311	1255.8611786304623
57.87037037037037	1474.5548985864327	818.7137066335804	1226.384937740002
55.80357142857142	1441.43623024888	800.5622613356298	1198.6819726680155
53.87931034482759	1410.1785211949032	783.3349244112096	1172.5996153151034
52.08333333333333	1380.6190286455717	766.9778136572212	1147.9781947475444
50.403225806451616	1352.6091558882663	751.3984929530224	1124.7007750422754
48.82812499999999	1326.0221416087772	736.5550936752212	1102.642876917914
45.955882352941174	1276.8308938384962	709.9771367764126	1061.2396509343118
43.40277777777778	1231.9722874125127	684.5485241662969	1024.2797640362537
41.118421052631575	1190.9146226832306	660.9151788002574	990.691054240506
39.0625	1153.1814948333604	639.1055406252652	959.8810696998827
37.20238095238095	1118.3477806355634	618.8537804639813	931.5158382217281
35.51136363636363	1086.0698390889072	600.0227162192293	905.2736798336197
33.96739130434783	1056.0467591949061	582.3995027259471	880.9344906578658
32.55208333333333	1028.0342132029582	565.8917566199578	858.2661960635544
31.25	1001.814894734438	550.3482445520065	837.1080533779962
30.04807692307692	977.2102064567806	535.7054650077573	817.2878577124013
28.935185185185183	954.0588295591195	521.850815736447	798.6864067798588
27.90178571428571	932.2268339268988	508.73805761327486	781.1737698036475
26.939655172413794	911.5916381866891	496.280603489099	764.6599750296776
26.041666666666664	892.0506395003248	484.4436908089903	749.0451614344104
25.201612903225808	873.5088364291008	473.1592740089627	734.2601642054627
24.414062499999996	855.886173935354	462.40063808684744	720.2269035731555
22.977941176470587	823.3227233883937	443.84747009127756	693.4405022359553
21.70138888888889	793.4565715261909	425.26933264014104	669.8651547990136
20.559210526315788	766.0575819846592	408.0075138897286	648.3626203951812
19.53125	740.827463306782	392.0950669686842	628.5592962071156
18.601190476190474	717.4906866809647	377.31915358844475	610.2648128552242
17.755681818181817	695.8274339365145	363.58162216260286	593.2825817806256
16.983695652173914	675.642334136162	350.7237516565514	577.4819596324329
16.276041666666664	656.7792538612139	338.6850710235674	562.7178786641259
15.625	639.0967401039406	327.35358602105015	548.8936808988083
15.02403846153846	622.4804842168554	316.68843847361984	535.9014705783061
14.467592592592592	606.8250646383415	306.60557415326633	523.669438645672
13.950892857142856	592.0445852018083	297.07536585435776	512.1162151985434
13.469827586206897	578.0586090373628	288.0325996377492	501.18756671343186
13.020833333333332	564.8011987928584	279.45507585802704	490.82100070701364
12.600806451612904	552.2097570900786	271.29108770283267	480.9748034549186
12.207031249999998	540.2327355099259	263.52362807537077	471.6001547524462
11.488970588235293	518.166095522086	250.64341029028958	453.5129363388184
10.850694444444445	497.80945773999326	237.26068733468168	437.6318343777799
10.279605263157894	479.1187399114543	224.9239732733566	423.04133743792244
9.765625	461.89969087049195	213.63145241107455	409.5276876683563
9.300595238095237	445.9659959805496	203.20585150367788	396.9799132016491
8.877840909090908	431.17351100239233	193.57915315701752	385.27614519087746
8.491847826086957	417.3900995112675	184.6271944737953	374.33580409942243
8.138020833333332	404.513365790649	176.30977426667025	364.0685740369734
7.8125	392.44696061427976	168.53723941309815	354.41475114108624
7.51201923076923	381.11563698773114	161.28219538159271	345.3073735231523
7.233796296296296	370.44702516572926	154.47613203078424	336.7018311309669
6.975446428571428	360.3843622181995	148.09913545910513	328.5476139126322
6.734913793103448	350.8720053762279	142.09734297953977	320.8107062971726
6.510416666666666	341.86621665461684	136.45584894485594	313.45224736549596
6.300403225806452	333.3233711091246	131.131483578431	306.44575986962343
6.103515624999999	325.2091499456636	126.112860444014	299.7608007045114
5.744485294117647	310.3471332475877	118.12011454838785	286.98951488525097
5.425347222222222	296.6211377900475	109.69722513635354	275.59139714665713
5.139802631578947	284.06604698233946	102.08698610215637	265.08822364780906
4.8828125	272.54704795073434	95.25756743491205	255.35835446102612
4.650297619047619	261.9299712182355	89.05985196627603	246.32428339514288
4.438920454545454	252.11637082201162	83.44812864411224	237.90559947646832
4.2459239130434785	243.01087040524533	78.31973796418444	230.04413007146354
4.069010416666666	234.54326400168426	73.64728073648072	222.6805351365174
3.90625	226.6434039560731	69.35538735625059	215.77085716440058
3.756009615384615	219.2594785149336	65.42547123353118	209.27070180154462
3.616898148148148	212.33846001627796	61.80004972601248	203.14619232451014
3.487723214285714	205.84115315004044	58.46598192154178	197.3633939921189
3.367456896551724	199.72660449386694	55.37850235228892	191.89564356667162
3.255208333333333	193.9645622212695	52.528155706425544	186.71648094308716
3.150201612903226	188.52283137831455	49.879549444055364	181.80453376677508
3.0517578124999996	183.37766165150694	47.425808840964066	177.13881406556524
2.8722426470588234	174.01359841560316	43.66330476761351	168.44657387527153
2.712673611111111	165.4345501908727	39.734029963732056	160.59202115826807
2.5699013157894735	157.65246323293124	36.28110185791305	153.4209269017316
2.44140625	150.57101044273736	33.27453674229044	146.84833805778288
2.3251488095238093	144.09243395189333	30.60809384610184	140.80402733334358
2.219460227272727	138.1487834175339	28.258228513556872	135.22780365376158
2.1229619565217392	132.67140037090326	26.15440946315617	130.06785668261807
2.034505208333333	127.61212418680859	24.283524483932908	125.28034434063345
1.953125	122.92108788739313	22.595903312539203	120.82640026463838
1.8780048076923075	118.56304675294562	21.083513022224963	116.67339685627928
1.808449074074074	114.50088689045401	19.71037763369706	112.79164025865391
1.743861607142857	110.70818746877586	18.471398149076627	109.15635676881081
1.683728448275862	107.15677110917782	17.34001947429402	105.74449072729902
1.6276041666666665	103.82642738960297	16.312929571171576	102.53689752130447
1.575100806451613	100.69539819944258	15.370230932916893	99.51542201896703
1.5258789062499998	97.74794900312821	14.509719455220466	96.66503802124609
1.4361213235294117	92.39144721460897	13.209338220032427	91.44229274355858
1.3563368055555556	87.54303571176985	11.880135814254338	86.73318554432946
1.2849506578947367	83.17507621253672	10.733163671054958	82.47964900853809
1.220703125	79.22414746288486	9.754270842488506	78.62136949679969
1.1625744047619047	75.62960885074833	8.897712888743778	75.10438362883137
1.1097301136363635	72.34806976537088	8.154461320627108	71.88705001142674
1.0614809782608696	69.3381212377906	7.4965693185172	68.93167998271343
1.0172526041666665	66.56922606665877	6.918497388004619	66.2087324527973
0.9765625	64.01209402396596	6.4021460278827185	63.69113523537419
0.9390024038461537	61.64454053079645	5.943670055333219	61.35733178297718
0.904224537037037	59.44528203162214	5.530990454591141	59.18741167182697
0.8719308035714285	57.39779534217661	5.161273781064914	57.165270602869384
0.841864224137931	55.48625721966715	4.826268120465135	55.275961106763646
0.8138020833333333	53.69810182763432	4.523808461681655	53.507207896628294
0.7875504032258065	52.02132908981367	4.248142031188525	51.84758402812559
0.7629394531249999	50.44621018809356	3.9975730545277854	50.28756836450762
0.7180606617647058	47.57950188265472	3.6146741759360452	47.441997533866186
0.6781684027777778	45.007886731524735	3.2351557277510863	44.89146506246995
0.6424753289473684	42.69964952468577	2.911402500103345	42.600279400649356
0.6103515625	40.61688856248077	2.6350963089526807	40.53132003697295
0.5812872023809523	38.72766088987461	2.3957670713777848	38.653486493986875
0.5548650568181818	37.00647965013646	2.1881366891401974	36.94173241640953
0.5307404891304348	35.43166811999605	2.006068349831418	35.37483279877587
0.5086263020833333	33.98546860202805	1.8460737599866757	33.9352926578234
0.48828125	32.6526368615096	1.7043256564305598	32.60812733148667
0.46950120192307687	31.420425298742494	1.5784365106895077	31.38075308426456
0.4521122685185185	30.277797404871826	1.4659139706439257	30.242290123618847
0.43596540178571425	29.215369983640944	1.365085019671703	29.183460832637657
0.4209321120689655	28.224954398792484	1.2742669617542717	28.19617517543996
0.40690104166666663	27.299493582805933	1.1922636792149743	27.273446008835904
0.39377520161290325	26.43278284659219	1.1179035562837403	26.409132902349263
0.38146972656249994	25.619414195292084	1.0503157498497038	25.597875312915157
0.3590303308823529	24.137820960705533	0.9466766991969884	24.1192496557889
0.3390842013888889	22.81473819842775	0.8452316701499353	22.799075912996425
0.3212376644736842	21.62916530238263	0.7592399796985693	21.615835545521254
0.30517578125	20.560739286751797	0.6857717465339103	20.54929967491434
0.29064360119047616	19.59290091947194	0.6224628197904768	19.58301065919699
0.2774325284090909	18.712091455580726	0.567550803188351	18.70348236900865
0.2653702445652174	17.90707071388648	0.5195918269799311	17.8995308845083
0.25431315104166663	17.16846436507499	0.4774747613898052	17.16182351928505
0.244140625	16.488375506248993	0.4402757566450325	16.482496294347598
0.23475060096153844	15.86011715086389	0.40726651870175323	15.85488725982848
0.22605613425925924	15.27797948642784	0.3778334508234371	15.273306749723478
0.21798270089285712	14.737065087678301	0.3514832964119869	14.732873001923624
0.21046605603448276	14.233143565441809	0.3277955406119619	14.229368427236412
0.20345052083333331	13.76254637561533	0.30642658921474714	13.75913461982202
0.19688760080645162	13.322072817167065	0.28708042431053366	13.318979276801931
0.19073486328124997	12.908920777107685	0.26951180279419323	12.90610704348128
0.17951516544117646	12.155979399269388	0.24259286807154093	12.153558485308842
0.16954210069444445	11.485114858899374	0.21631854364650285	11.483077532168188
0.1606188322368421	10.884430108150012	0.19409134728812258	10.882699450417178
0.152587890625	10.343460637552898	0.17512502824893336	10.341978011245578
0.14532180059523808	9.853721918160645	0.1588081587217172	9.852442113971687
0.13871626420454544	9.4082657300289	0.144671489644827	9.407153353003244
0.1326851222826087	9.001344899846007	0.13234128704192	9.000371980631012
0.12715657552083331	8.628166492838426	0.12152371979667274	8.627310647801348
0.1220703125	8.284700118570548	0.11197995802268951	8.283943296742445
0.11737530048076922	7.967533276278398	0.10351844088270806	7.966860764504474
0.11302806712962962	7.673756358217689	0.09598079008463288	7.673156086853775
0.10899135044642856	7.400874063115274	0.08923781349078783	7.4003360403927445
0.10523302801724138	7.146733567798026	0.08318113859505467	7.1462494769825335
0.10172526041666666	6.909468221829501	0.07772108137245086	6.909031085614106
0.09844380040322581	6.687451110099771	0.07278146462053046	6.687055047506515
0.09536743164062499	6.479258105772286	0.06829846012897431	6.4788981255735045
0.08975758272058823	6.099732837586024	0.06143341393982466	6.09942346665461
0.08477105034722222	5.761973617970066	0.05474193185700823	5.761713572807973
0.08030941611842105	5.4596591462968425	0.049087187264134094	5.4594384731205885
0.0762939453125	5.187488113428179	0.04426624965602366	5.1872992420044595
0.07266090029761904	4.941165922204324	0.04012243305326446	4.941003021767868
0.06935813210227272	4.717177061462806	0.036534964985541	4.7170355760291205
0.06634256114130435	4.5126157109377605	0.03340824345570292	4.512492043635259
0.06357828776041666	4.325059359831131	0.03066683003993983	4.324950636897277
0.06103515625	4.15247209143591	0.02824973469116924	4.152375997262772
0.05868765024038461	3.993130614231489	0.026107880296237708	3.9930452640684138
0.05651403356481481	3.8455663173007926	0.02420088502859757	3.845490166145561
0.05449567522321428	3.7085200227280404	0.02249571125896633	3.708451793127388
0.05261651400862069	3.580905834932329	0.020964768068976965	3.5808444642503274
0.05086263020833333	3.4617824067399474	0.01958515776340869	3.4617270044314017
0.049221900201612906	3.3503295935752635	0.0183375136969665	3.3502794094191017
0.04768371582031249	3.245829610654684	0.017205562021525924	3.2457840085314147
0.044878791360294115	3.0553019933621117	0.015472665756982465	3.055262814760273
0.04238552517361111	2.885842270899106	0.0137845777866068	2.885809348852303
0.04015470805921052	2.73419324878864	0.012358680465315148	2.734165317741144
0.03814697265625	2.597687131831453	0.011143431252089595	2.5976632304482137
0.03633045014880952	2.4741635550546364	0.01009920809256412	2.4741429431535478
0.03467906605113636	2.3618544806104578	0.009195378533610918	2.3618365804164605
0.033171280570652176	2.2592989598995707	0.008407809782998744	2.2592833153320844
0.03178914388020833	2.165279266172219	0.007717389783361752	2.165265513143881
0.030517578125	2.0787722776176722	0.007108744874455614	2.0787601227505963
0.029343825120192304	1.9989121123623013	0.006569453337710146	1.9989013170318242
0.028257016782407406	1.9249610260273717	0.006089347455999312	1.9249513945998513
0.02724783761160714	1.8562865633130898	0.0056600719686545845	1.8562779341257147
0.026308257004310345	1.792343414508489	0.005274685417251589	1.7923356530587953
0.025431315104166664	1.7326589108388135	0.004927401063644725	1.732651904459722
0.024610950100806453	1.676821314289954	0.004613349271915224	1.6768149680467381
0.023841857910156247	1.624470309255525	0.004328419922846395	1.6244645426828228
0.022439395680147058	1.5290146263991964	0.0038922246383281817	1.529009672412192
0.021192762586805556	1.4441394579366762	0.0034673131498592804	1.4441352955000988
0.02007735402960526	1.3681916942558785	0.0031084032169538213	1.3681881632510244
0.019073486328125	1.2998331765719653	0.002802504305817488	1.2998301553998437
0.01816522507440476	1.2379804596082646	0.002539654857048209	1.2379778546182065
0.01733953302556818	1.1817469668125327	0.002312138558325706	1.1817447049113055
0.016585640285326088	1.1304002124889423	0.0021138865298890265	1.1303982359676543
0.015894571940104164	1.083329722734853	0.0019400872186119665	1.0833279855253246
0.0152587890625	1.0400226421764793	0.00178687298051426	1.0400211071534542
0.014671912560096152	1.000044975017398	0.0016511179747874902	1.0000436119824883
0.014128508391203703	0.9630269855078673	0.0015302630729962282	0.9630257697026063
0.01362391880580357	0.9286517317522331	0.001422206416127002	0.9286506427151879
0.013154128502155173	0.8966459649648758	0.0013252000492200143	0.8966449856730494
0.012715657552083332	0.8667728532105897	0.001237788584487706	0.8667719694027066
0.012305475050403226	0.8388261081528944	0.0011587451878583676	0.8388253078135642
0.011920928955078123	0.812625216779043	0.0010870363018498606	0.8126244897228148
0.011219697840073529	0.7648491208847327	0.0009772607162386578	0.7648484965531677
0.010596381293402778	0.7223750221358662	0.0008703506342501561	0.7223744978164489
0.01003867701480263	0.6843701706175369	0.0007800620427051933	0.6843697260503903
0.0095367431640625	0.6501644196906209	0.0007031269308307772	0.6501640394886209
0.00908261253720238	0.619215223699754	0.0006370315480095959	0.6192148960194217
0.00866976651278409	0.591078653105975	0.0005798354600581961	0.5910783687028419
0.008292820142663044	0.5653879575744284	0.0005300066877686193	0.5653877091546071
0.007947285970052082	0.541837495782666	0.0004863353185451556	0.5418372775234171
0.00762939453125	0.5201705134705412	0.0004478448642361586	0.5201703206827395
0.007335956280048076	0.500169747581178	0.0004137493434684831	0.5001695764507275
0.007064254195601851	0.4816501124600949	0.0003834026490471594	0.48164995986217085
0.006811959402901785	0.4644529574623518	0.00035627631279941174	0.4644528208146809
0.006577064251077586	0.44844150850533293	0.0003319291158241426	0.44844138566104785
0.006357828776041666	0.43349722436480315	0.0003099951624814534	0.43349711352555476
0.006152737525201613	0.4195168552732576	0.00029016488999413577	0.4195167549248778
0.005960464477539062	0.4064100552649231	0.00027217847876876805	0.4064099641240524
0.005609848920036764	0.38250992349062424	0.00024464726963746027	0.38250984525436293
0.005298190646701389	0.36126374554407975	0.0002178473646957181	0.3612636798614875
0.005019338507401315	0.34225358087187197	0.00019522088086881733	0.3422535251950324
0.00476837158203125	0.3251440874597395	0.00017594610711485915	0.3251440398546375
0.00454130626860119	0.30966378638212205	0.00015939089703863711	0.30966374536108426
0.004334883256392045	0.29559055146518226	0.00014506767361555605	0.29559051586757756
0.004146410071331522	0.28274088073017006	0.00013259171970394712	0.28274084964063495
0.003973642985026041	0.2709618517979125	0.00012165906600120051	0.2709618244860806
0.003814697265625	0.26012500609313766	0.00011202481762243731	0.26012498197096556
0.003667978140024038	0.2501216454350737	0.0001034915346509125	0.2501216240244953
0.0035321270978009257	0.24085917277239324	9.589737354564164e-5	0.2408591536817634
0.0034059797014508925	0.23225821764685387	8.910959600348255e-5	0.2322582005526893
0.003288532125538793	0.22425035579316255	8.301779515728115e-5	0.22425034042651013
0.003178914388020833	0.21677628516201783	7.753007633143805e-5	0.2167762712976947
0.0030763687626008066	0.2097843546323336	7.256904278558819e-5	0.2097843420807157
0.002980232238769531	0.2032293687858437	6.806944817037843e-5	0.2032293573862858
0.002804924460018382	0.19127628526921167	6.11816570633004e-5	0.19127627548442508
0.0026490953233506945	0.18065091806135833	5.447807152964521e-5	0.18065090984700666
0.0025096692537006577	0.17114390407251248	4.8818967885659775e-5	0.17114389710968292
0.002384185791015625	0.16258750515727494	4.3998141239363725e-5	0.1625874992040608
0.002270653134300595	0.15484593063491392	3.985777722039999e-5	0.15484592550516196
0.0021674416281960225	0.14780807711131674	3.627559097565428e-5	0.14780807265987353
0.002073205035665761	0.14138216204140777	3.3155548824871925e-5	0.14138215815375174
0.0019868214925130205	0.13549169885859177	3.0421441608879424e-5	0.1354916954433858
0.0019073486328125	0.13007243797778023	2.8012132998879547e-5	0.13007243496146248
0.001833989070012019	0.12507001369380816	2.5878140134744817e-5	0.12507001101659512
0.0017660635489004629	0.12043811394689895	2.397905237470848e-5	0.12043811155980179
0.0017029898507254463	0.1161370422643684	2.2281614304995645e-5	0.1161370401269352
0.0016442660627693966	0.11213257720963317	2.0758252211185767e-5	0.11213257528822439
0.0015894571940104165	0.10839505993095598	1.938595093541497e-5	0.1083950581974125
0.0015381843813004033	0.10489865830210408	1.814537646294494e-5	0.1048986567327099
0.0014901161193847654	0.10162076903012583	1.7020192526686603e-5	0.10162076760479241
0.001402462230009191	0.09564347304901258	1.529780286987676e-5	0.09564347182560043
0.0013245476616753472	0.09033022002388875	1.3621523190928287e-5	0.09033021899684655
0.0012548346268503288	0.0855762301749365	1.220645213441307e-5	0.08557622930438241
0.0011920928955078125	0.08129761772894564	1.1000998697834946e-5	0.08129761698463125
0.0011353265671502975	0.07742647449953098	9.965709555206129e-6	0.0774264738581782
0.0010837208140980113	0.07390723875621559	9.069996462884292e-6	0.07390723819967446
0.0010366025178328805	0.0706940113112203	8.289848625459772e-6	0.07069401082517071
0.0009934107462565103	0.06774854256143363	7.606205484277266e-6	0.06774854213445498
0.00095367431640625	0.06503870262413163	7.003780497953857e-6	0.06503870224702585
0.0009169945350060095	0.06253730450687107	6.4701986078738365e-6	0.06253730417216309
0.0008830317744502314	0.06022118878694793	5.995355206667899e-6	0.06022118848851241
0.0008514949253627231	0.058070504425000544	5.570933989219439e-6	0.05807050415777964
0.0008221330313846983	0.05606813837136842	5.190040110689701e-6	0.05606813813115609
0.0007947285970052083	0.05419925924791563	4.846918311770058e-6	0.05419925903119111
0.0007690921906502017	0.05245094934699925	4.536734079180775e-6	0.05245094915079731
0.0007450580596923827	0.050811905628780595	4.255402415769246e-6	0.050811905450589584
0.0007012311150045955	0.047823069083724315	3.824752072198878e-6	0.04782306893077796
0.0006622738308376736	0.04516630022435277	3.405634050857287e-6	0.045166300095956784
0.0006274173134251644	0.04278918459125244	3.051827911150758e-6	0.04278918448242057
0.0005960464477539062	0.04064977512621407	2.7504335493769585e-6	0.04064977503316455
0.0005676632835751488	0.03871411452297871	2.4915859514613013e-6	0.03871411444280123
0.0005418604070490056	0.036954419409212125	2.267636809079454e-6	0.036954419339637536
0.0005183012589164402	0.03534773821168954	2.072582484782607e-6	0.035347738150927545
0.0004967053731282551	0.03387494454940807	1.9016571376816377e-6	0.033874944496030866
0.000476837158203125	0.03251997220830001	1.751038588885239e-6	0.03251997216115765
0.00045849726750300476	0.03126922665739042	1.6176326470539079e-6	0.031269226615548394
0.0004415158872251157	0.03011112733708769	1.4989128390653823e-6	0.030111127299780223
0.00042574746268136157	0.02903574802704927	1.39279981788615e-6	0.029035747993644046
0.00041106651569234915	0.028034531619604366	1.297569669038606e-6	0.02803453158957556
0.00039736429850260413	0.027100061937662803	1.2117834063779577e-6	0.027100061910570263
0.00038454609532510083	0.02622587971628352	1.1342322692472012e-6	0.026225879691756545
0.00037252902984619135	0.025406333087228457	1.0638948916502203e-6	0.02540633306495306
0.0003506155575022978	0.02391186767585265	9.562256905748915e-7	0.023911867656733116
0.0003311369154188368	0.022583447660499256	8.514401728922774e-7	0.022583447644448775
0.0003137086567125822	0.0213948596675965	7.629838381938478e-7	0.02139485965399173
0.0002980232238769531	0.02032512912520231	6.876313731105698e-7	0.02032512911357048
0.0002838316417875744	0.019357276576960594	6.229163097379237e-7	0.01935727656693788
0.0002709302035245028	0.018477409709960337	5.669264143761414e-7	0.01847740970126308
0.0002591506294582201	0.01767405224277868	5.181606629568538e-7	0.01767405223518307
0.00024835268656412757	0.016937640590067537	4.754275054685361e-7	0.016937640583395083
0.0002384185791015625	0.016260141326629382	4.377713306989184e-7	0.01626014132073633
0.00022924863375150238	0.015634756928297997	4.0441853650952346e-7	0.015634756923067525
0.00022075794361255786	0.015055696903224154	3.747374651496893e-7	0.015055696898560532
0.00021287373134068078	0.014517997966077273	3.482082446242975e-7	0.014517997961901457
0.00020553325784617457	0.01401738141731622	3.2439987299888656e-7	0.014017381413562478
0.00019868214925130207	0.01355013904639363	3.029525804357082e-7	0.01355013904300694
0.00019227304766255041	0.013113041118061414	2.8356416009580566e-7	0.013113041114995434
0.00018626451492309568	0.0127032616111247	2.659792598596766e-7	0.01270326160834018
0.0001753077787511489	0.011956017120696612	2.3906113167808005e-7	0.011956017118306593
0.0001655684577094184	0.011291798216732438	2.128640011588094e-7	0.011291798214726066
0.0001568543283562911	0.010697496676293645	1.9074931710237552e-7	0.010697496674592999
0.00014901161193847656	0.01016262495270717	1.7191071643119389e-7	0.010162624951253151
0.0001419158208937872	0.009678693116993776	1.5573155503330121e-7	0.009678693115740905
0.0001354651017622514	0.009238754856015994	1.4173375548948467e-7	0.00923875485492881
0.00012957531472911006	0.008837071905361909	1.295420458921862e-7	0.008837071904412434
0.00012417634328206378	0.008468862373648365	1.1885852882676307e-7	0.008468862372814289
0.00011920928955078125	0.008130109468737119	1.0944429338848531e-7	0.00813010946800047
0.00011462431687575119	0.00781741436387631	1.0110593072879166e-7	0.007817414363222487
0.00011037897180627893	0.007527881760129082	9.36855230022682e-8	0.007527881759546118
0.00010643686567034039	0.007259029971041277	8.705309777351443e-8	0.007259029970519289
0.00010276662892308729	0.007008719610415704	8.110089997332562e-8	0.007008719609946477
9.934107462565103e-5	0.00677509654247932	7.573898625028535e-8	0.006775096542055975
9.613652383127521e-5	0.006556545873913689	7.089180165677485e-8	0.006556545873530435
9.313225746154784e-5	0.006351654572352408	6.649550701405905e-8	0.006351654572004336
8.765388937557444e-5	0.005978029380949922	5.97658714630831e-8	0.005978029380651164
8.27842288547092e-5	0.00564591770491205	5.3216494808581215e-8	0.00564591770466125
7.842716417814555e-5	0.005348765048708606	4.768774933257925e-8	0.005348765048496022
7.450580596923828e-5	0.005081327573827836	4.297803816573846e-8	0.005081327573646081
7.09579104468936e-5	0.004839360265580988	3.893319851008045e-8	0.004839360265424377
6.77325508811257e-5	0.00461938992822903	3.543370779011676e-8	0.004619389928093131
6.478765736455503e-5	0.004418547398641514	3.238574659633356e-8	0.0044185473985228286
6.208817164103189e-5	0.004234441706449571	2.9714838798854653e-8	0.004234441706345311
5.9604644775390625e-5	0.004065064435699456	2.7361255971577404e-8	0.004065064435607374
5.7312158437875595e-5	0.003908716156848329	2.5276644722578817e-8	0.0039087161567666
5.5189485903139464e-5	0.0037639492071746927	2.3421525374632446e-8	0.0037639492071018217
5.3218432835170196e-5	0.0036295227325043107	2.176340402088263e-8	0.0036295227324390617
5.138331446154364e-5	0.0035043670306321903	2.0275341545950547e-8	0.0035043670305735363
4.9670537312825516e-5	0.003387555026046778	1.893485172227498e-8	0.00338755502599386
4.8068261915637603e-5	0.0032782792656654218	1.7723045444244505e-8	0.0032782792656175144
4.656612873077392e-5	0.0031758332278628214	1.6623963399557632e-8	0.003175833227819312
4.382694468778722e-5	0.0029890198956139934	1.4941541382187346e-8	0.0029890198955766487
4.13921144273546e-5	0.002822963501583163	1.3304185542540192e-8	0.0028229635015518126
3.9213582089072776e-5	0.0026743867019869434	1.1921989840038017e-8	0.0026743867019603704
3.725290298461914e-5	0.0025406675612759722	1.0744554458012343e-8	0.002540667561253253
3.54789552234468e-5	0.002419683559555983	9.733338355415073e-9	0.0024196835595364065
3.386627544056285e-5	0.0023096980891650497	8.858460579613843e-9	0.002309698089148062
3.2393828682277515e-5	0.002209276560806809	8.09646603090302e-9	0.0022092765607919732
3.1044085820515946e-5	0.0021172234831275958	7.428735515030527e-9	0.0021172234831145632
2.9802322387695312e-5	0.0020325346431793487	6.8403367777881e-9	0.0020325346431678383
2.8656079218937797e-5	0.0019543603221490067	6.319181435740203e-9	0.0019543603221387905
2.7594742951569732e-5	0.001881976685362499	5.855399439158843e-9	0.00188197668535339
2.6609216417585098e-5	0.0018147633029959745	5.440867289189649e-9	0.0018147633029878185
2.569165723077182e-5	0.0017521853216702567	5.068849842438601e-9	0.0017521853216629249
2.4835268656412758e-5	0.0016937792017235008	4.733726154035368e-9	0.001693779201716886
2.4034130957818802e-5	0.0016391412150083406	4.430773170112539e-9	0.001639141215002352
2.328306436538696e-5	0.0015879180993516955	4.1560017155891706e-9	0.001587918099346257
2.191347234389361e-5	0.0014945112490903408	3.735394530819506e-9	0.0014945112490856727
2.06960572136773e-5	0.0014114829130722041	3.326054137225088e-9	0.0014114829130682854
1.9606791044536388e-5	0.0013371943954006505	2.9805039974962027e-9	0.001337194395397329
1.862645149230957e-5	0.001270334724227694	2.686144272191169e-9	0.001270334724224854
1.77394776117234e-5	0.0012098426364686651	2.4333394081425343e-9	0.001209842636466218
1.6933137720281426e-5	0.0011548498258445645	2.214619344613615e-9	0.001154849825842441
1.6196914341138758e-5	0.001104638995774407	2.0241201762171035e-9	0.0011046389957725525
1.5522042910257973e-5	0.0010586123990390572	1.857187096999586e-9	0.001058612399037428
1.4901161193847656e-5	0.0010162679279217151	1.710087107684306e-9	0.0010162679279202764
1.4328039609468899e-5	0.0009771807220053652	1.5797978472591993e-9	0.0009771807220040883
1.3797371475784866e-5	0.0009409888631247487	1.4638521652611654e-9	0.00094098886312361
1.3304608208792549e-5	0.0009073821356836624	1.3602188362058649e-9	0.0009073821356826429
1.284582861538591e-5	0.0008760931124234334	1.2672142284012921e-9	0.0008760931124225169
1.2417634328206379e-5	0.0008468900230365452	1.1834331392315706e-9	0.0008468900230357184
1.2017065478909401e-5	0.0008195710030479166	1.107694838422855e-9	0.000819571003047168
1.164153218269348e-5	0.0007939594210307618	1.0390018569186708e-9	0.0007939594210300819
1.0956736171946805e-5	0.0007472559498658203	9.338497442118878e-10	0.0007472559498652368
1.034802860683865e-5	0.0007057417471061126	8.315145140839823e-10	0.0007057417471056228
9.803395522268194e-6	0.0006685974588019983	7.451268079832253e-10	0.000668597458801583
9.313225746154785e-6	0.0006351675980111649	6.71536766670239e-10	0.0006351675980108099
8.8697388058617e-6	0.0006049215324069149	6.083354479629277e-10	0.0006049215324066089
8.466568860140713e-6	0.000577425108237721	5.536553697528521e-10	0.0005774251082374556
8.098457170569379e-6	0.0005523196767298909	5.060305025057533e-10	0.0005523196767296591
7.761021455128987e-6	0.0005293063638882945	4.642971961697606e-10	0.0005293063638880909
7.450580596923828e-6	0.0005081341155438059	4.2752211286619967e-10	0.000508134115543626
7.164019804734449e-6	0.0004885905012353679	3.949498011685921e-10	0.0004885905012352083
6.898685737892433e-6	0.0004704945616732039	3.6596331647730635e-10	0.00047049456167306153
6.6523041043962745e-6	0.0004536911888882168	3.400549564938277e-10	0.00045369118888808935
6.422914307692955e-6	0.00043804666910876404	3.1680376068590295e-10	0.00043804666910864944
6.2088171641031895e-6	0.0004234451170619575	2.958585153481436e-10	0.00042344511706185413
6.0085327394547004e-6	0.00040978560040985955	2.769238811279425e-10	0.000409785600409766
5.82076609134674e-6	0.00039697980335407217	2.597506122094635e-10	0.0003969798033539872
5.478368085973403e-6	0.0003736280562630608	2.334625986752399e-10	0.0003736280562629879
5.174014303419325e-6	0.0003528709461955364	2.0787874023755615e-10	0.00035287094619547514
4.901697761134097e-6	0.00033429879467640445	1.8628180741276322e-10	0.00033429879467635257
4.656612873077393e-6	0.00031758385797989836	1.6788427468344453e-10	0.00031758385797985396
4.43486940293085e-6	0.0003024608197465989	1.5208395809725626e-10	0.0003024608197465606
4.2332844300703565e-6	0.00028871260294770787	1.3841390053839875e-10	0.0002887126029476747
4.049228585284689e-6	0.0002761598830756112	1.2650768950043594e-10	0.0002761598830755823
3.880510727564493e-6	0.0002646532230363277	1.1607434310599813e-10	0.00026465322303630227
3.725290298461914e-6	0.00025406709566763144	1.068805528822513e-10	0.00025406709566760894
3.5820099023672247e-6	0.00024429528567584946	9.87374992670007e-11	0.0002442952856758295
3.4493428689462165e-6	0.00023524731336430885	9.149087656577249e-11	0.00023524731336429106
3.3261520521981373e-6	0.0002268456247057006	8.50137678489842e-11	0.00022684562470568466
3.2114571538464777e-6	0.00021902336277864075	7.920095908964858e-11	0.00021902336277862644
3.1044085820515948e-6	0.00021172258491689342	7.396465547925449e-11	0.0002117225849168805
3.0042663697273502e-6	0.00020489282492640467	6.923099608883596e-11	0.00020489282492639299
2.91038304567337e-6	0.00019848992488671001	6.493767806076652e-11	0.0001984899248866994
2.7391840429867014e-6	0.00018681404846406297	5.836566894830155e-11	0.00018681404846405383
2.5870071517096626e-6	0.00017643549125838566	5.196969470389851e-11	0.00017643549125837799
2.4508488805670485e-6	0.00016714941365705366	4.657047366329971e-11	0.00016714941365704716
2.3283064365386963e-6	0.00015879194373352642	4.1971076909514964e-11	0.00015879194373352086
2.217434701465425e-6	0.00015123042325907902	3.802099289427767e-11	0.00015123042325907422
2.1166422150351783e-6	0.00014435631368106417	3.460347804916921e-11	0.00014435631368106002
2.0246142926423447e-6	0.0001380799527154724	3.1626937954689716e-11	0.0001380799527154688
1.9402553637822466e-6	0.00013232662179120782	2.9018588003998e-11	0.00013232662179120462
1.862645149230957e-6	0.00012703355730774997	2.6720144532881456e-11	0.00012703355730774715
1.7910049511836123e-6	0.00012214765160246564	2.468438527079736e-11	0.00012214765160246314
1.7246714344731083e-6	0.00011762366481407815	2.2872720713293705e-11	0.00011762366481407592
1.6630760260990686e-6	0.00011342281991824636	2.125343901375675e-11	0.00011342281991824437
1.6057285769232388e-6	0.0001095116884453888	1.9800254109486017e-11	0.00010951168844538702
1.5522042910257974e-6	0.00010586129905492432	1.8491165025284894e-11	0.00010586129905492271
1.5021331848636751e-6	0.00010244641864357104	1.7307754425664195e-11	0.00010244641864356957
1.455191522836685e-6	9.924496824577104e-5	1.6234416126133862e-11	9.924496824576971e-5
1.3695920214933507e-6	9.340702931516435e-5	1.45914201806327e-11	9.340702931516321e-5
1.2935035758548313e-6	8.821775016934793e-5	1.2992426511839428e-11	8.821775016934697e-5
1.2254244402835243e-6	8.357471090823856e-5	1.164262113936831e-11	8.357471090823775e-5
1.1641532182693481e-6	7.93959755526569e-5	1.049276754850584e-11	7.93959755526562e-5
1.1087173507327124e-6	7.561521497598547e-5	9.505250812454834e-12	7.561521497598488e-5
1.0583211075175891e-6	7.217815989233502e-5	8.6508698722608e-12	7.21781598923345e-5
1.0123071463211724e-6	6.903997915215207e-5	7.906736972337554e-12	6.903997915215163e-5
9.701276818911233e-7	6.616331346386523e-5	7.2546472919744554e-12	6.616331346386483e-5
9.313225746154785e-7	6.351678102235823e-5	6.680036398361107e-12	6.351678102235788e-5
8.955024755918062e-7	6.107382799236772e-5	6.171098724307911e-12	6.107382799236741e-5
8.623357172365541e-7	5.8811834440020834e-5	5.718182552086219e-12	5.8811834440020556e-5
8.315380130495343e-7	5.671141185047241e-5	5.3133577601783914e-12	5.671141185047216e-5
8.028642884616194e-7	5.475584598670994e-5	4.950063688519299e-12	5.4755845986709715e-5
7.761021455128987e-7	5.2930651176581735e-5	4.622791407847012e-12	5.293065117658154e-5
7.510665924318376e-7	5.122321086687668e-5	4.326936560411711e-12	5.12232108668765e-5
7.275957614183425e-7	4.962248557349083e-5	4.058606333341415e-12	4.962248557349067e-5
6.847960107466753e-7	4.670351592836519e-5	3.647855145844674e-12	4.670351592836505e-5
6.467517879274156e-7	4.410887621971253e-5	3.248106712892725e-12	4.410887621971241e-5
6.127122201417621e-7	4.178735647404702e-5	2.910655357163472e-12	4.178735647404692e-5
5.820766091346741e-7	3.969798869780251e-5	2.623193024628039e-12	3.9697988697802424e-5
5.543586753663562e-7	3.780760832460428e-5	2.3763138314114452e-12	3.7807608324604203e-5
5.291605537587946e-7	3.6089080709117727e-5	2.162715351277452e-12	3.6089080709117666e-5
5.061535731605862e-7	3.451999027468005e-5	1.9766853725715567e-12	3.451999027468e-5
4.850638409455617e-7	3.308165737399827e-5	1.8136629463562474e-12	3.308165737399822e-5
4.6566128730773926e-7	3.1758391103299665e-5	1.6700080421992312e-12	3.1758391103299625e-5
4.477512377959031e-7	3.053691454396732e-5	1.5427747062965378e-12	3.053691454396728e-5
4.3116785861827706e-7	2.940591772825499e-5	1.4295434893311119e-12	2.9405917728254953e-5
4.1576900652476716e-7	2.8355706398074104e-5	1.3283405491630625e-12	2.8355706398074074e-5
4.014321442308097e-7	2.737792343435887e-5	1.237515939862394e-12	2.737792343435884e-5
3.8805107275644935e-7	2.646532600057106e-5	1.1556989608631982e-12	2.6465326000571032e-5
3.755332962159188e-7	2.561160581971172e-5	1.0817352490901644e-12	2.5611605819711697e-5
3.6379788070917124e-7	2.481124314939587e-5	1.0146494172812465e-12	2.4811243149395848e-5
3.4239800537333767e-7	2.3351758281878644e-5	9.119648754980753e-13	2.3351758281878627e-5
3.233758939637078e-7	2.2054438393615615e-5	8.120256119910022e-13	2.20544383936156e-5
3.0635611007088106e-7	2.0893678492005575e-5	7.276643869729256e-13	2.0893678492005565e-5
2.9103830456733704e-7	1.9848994579269772e-5	6.557988042778054e-13	1.9848994579269762e-5
2.771793376831781e-7	1.8903804371454736e-5	5.940779256273574e-13	1.890380437145473e-5
2.645802768793973e-7	1.80445405452967e-5	5.406788440870044e-13	1.8044540545296693e-5
2.530767865802931e-7	1.7259995311990736e-5	4.941708044583378e-13	1.725999531199073e-5
2.4253192047278083e-7	1.6540828847515545e-5	4.5341628323380703e-13	1.654082884751554e-5
2.3283064365386963e-7	1.587919569967997e-5	4.1750147194101494e-13	1.5879195699679963e-5
2.2387561889795154e-7	1.5268457408929814e-5	3.856947670852569e-13	1.5268457408929808e-5
2.1558392930913853e-7	1.4702958991188642e-5	3.5738478872207486e-13	1.4702958991188637e-5
2.0788450326238358e-7	1.4177853317246385e-5	3.320851420676898e-13	1.4177853317246382e-5
2.0071607211540486e-7	1.3688961827430703e-5	3.093800775587522e-13	1.36889618274307e-5
1.9402553637822467e-7	1.3232663103355285e-5	2.8892419635846993e-13	1.3232663103355282e-5
1.877666481079594e-7	1.2805803006423913e-5	2.704332673379886e-13	1.280580300642391e-5
1.8189894035458562e-7	1.2405621665360991e-5	2.5366290196501506e-13	1.2405621665360988e-5
1.7119900268666884e-7	1.167587922036312e-5	2.2799095115601026e-13	1.1675879220363116e-5
1.616879469818539e-7	1.102721926774794e-5	2.0300694209467219e-13	1.1027219267747938e-5
1.5317805503544053e-7	1.0446839309748163e-5	1.819158302518766e-13	1.0446839309748161e-5
1.4551915228366852e-7	9.92449734722687e-6	1.639494334756104e-13	9.924497347226869e-6
1.3858966884158905e-7	9.451902238015662e-6	1.4851975325579888e-13	9.45190223801566e-6
1.3229013843969864e-7	9.022270320332739e-6	1.3516944156060514e-13	9.022270320332737e-6
1.2653839329014654e-7	8.629997699658117e-6	1.2354270296197806e-13	8.629997699658116e-6
1.2126596023639041e-7	8.270414463886875e-6	1.1335434248080309e-13	8.270414463886873e-6
1.1641532182693481e-7	7.939597886847519e-6	1.0437509722133054e-13	7.939597886847517e-6
1.1193780944897577e-7	7.6342287387013e-6	9.642369243746588e-14	7.634228738701298e-6
1.0779196465456927e-7	7.3514795273597525e-6	8.934619697547582e-14	7.351479527359752e-6
1.0394225163119179e-7	7.088926688175818e-6	8.302237296705875e-14	7.088926688175817e-6
1.0035803605770243e-7	6.844480941277799e-6	7.734420378880938e-14	6.8444809412777985e-6
9.701276818911234e-8	6.616331577445227e-6	7.223132209538674e-14	6.616331577445226e-6
9.38833240539797e-8	6.4029015273538966e-6	6.760777205208922e-14	6.402901527353896e-6
9.094947017729281e-8	6.202810855346332e-6	6.341627201261088e-14	6.202810855346332e-6
8.559950134333442e-8	5.837939630037509e-6	5.699760399630775e-14	5.837939630037509e-6
8.084397349092696e-8	5.513609651608857e-6	5.075146774118632e-14	5.513609651608857e-6
7.658902751772027e-8	5.2234196708105e-6	4.547909182225866e-14	5.2234196708105e-6
7.275957614183426e-8	4.962248688011505e-6	4.098749361522065e-14	4.962248688011505e-6
6.929483442079453e-8	4.725951132079869e-6	3.71299385613421e-14	4.725951132079869e-6
6.614506921984932e-8	4.511135172087614e-6	3.379276679605911e-14	4.511135172087614e-6
6.326919664507327e-8	4.3149988607447485e-6	3.088567547167391e-14	4.3149988607447485e-6
6.063298011819521e-8	4.135207241975605e-6	2.8338314487320017e-14	4.135207241975605e-6
5.820766091346741e-8	3.9697989526756825e-6	2.6093774928422454e-14	3.9697989526756825e-6
5.5968904724487885e-8	3.817114377909714e-6	2.4105787245354812e-14	3.817114377909714e-6
5.389598232728463e-8	3.675739771621346e-6	2.2336957493757048e-14	3.675739771621346e-6
5.1971125815595895e-8	3.5444633514757744e-6	2.075504955652978e-14	3.5444633514757744e-6
5.0179018028851214e-8	3.4222404775297715e-6	1.933659517217737e-14	3.4222404775297715e-6
4.850638409455617e-8	3.308165795164366e-6	1.80574222447287e-14	3.308165795164366e-6
4.694166202698985e-8	3.2014507697125823e-6	1.6902215759581542e-14	3.2014507697125823e-6
4.5474735088646405e-8	3.1014054333395173e-6	1.5853931429978373e-14	3.1014054333395173e-6
4.279975067166721e-8	2.918969819982744e-6	1.4249334030031798e-14	2.918969819982744e-6
4.042198674546348e-8	2.7568048302382064e-6	1.2687934068738836e-14	2.7568048302382064e-6
3.829451375886013e-8	2.6117098393893736e-6	1.136990788335811e-14	2.6117098393893736e-6
3.637978807091713e-8	2.481124347605199e-6	1.0246671031431895e-14	2.481124347605199e-6
3.464741721039726e-8	2.3629755693079446e-6	9.282484725518522e-15	2.3629755693079446e-6
3.307253460992466e-8	2.255567589024064e-6	8.448191779234125e-15	2.255567589024064e-6
3.1634598322536636e-8	2.157499433101278e-6	7.721351396122847e-15	2.157499433101278e-6
3.0316490059097604e-8	2.067603623495881e-6	7.08457869372596e-15	2.067603623495881e-6
2.9103830456733704e-8	1.984899478650894e-6	6.5237150736213144e-15	1.984899478650894e-6
2.7984452362243943e-8	1.9085571910946225e-6	6.026378859063115e-15	1.9085571910946225e-6
2.6947991163642316e-8	1.8378698877959301e-6	5.584035391193295e-15	1.8378698877959301e-6
2.5985562907797947e-8	1.772231677584999e-6	5.189034367306925e-15	1.772231677584999e-6
2.5089509014425607e-8	1.7111202404874376e-6	4.833808799507824e-15	1.7111202404874376e-6
2.4253192047278084e-8	1.6540828991927666e-6	4.514695901309846e-15	1.6540828991927666e-6
2.3470831013494924e-8	1.6007253863650887e-6	4.225281731640368e-15	1.6007253863650887e-6
2.2737367544323203e-8	1.550702718086401e-6	3.96361943352286e-15	1.550702718086401e-6
2.1399875335833604e-8	1.4594849112323868e-6	3.5623672585789294e-15	1.4594849112323868e-6
2.021099337273174e-8	1.3784024162275112e-6	3.1718825598862038e-15	1.3784024162275112e-6
1.9147256879430066e-8	1.305854920690699e-6	2.842477012987841e-15	1.305854920690699e-6
1.8189894035458565e-8	1.2405621747025059e-6	2.5617352854312775e-15	1.2405621747025059e-6
1.732370860519863e-8	1.181487785470984e-6	2.3206549302310253e-15	1.181487785470984e-6
1.653626730496233e-8	1.1277837952570866e-6	2.112014049051613e-15	1.1277837952570866e-6
1.5817299161268318e-8	1.0787497172328743e-6	1.9303377635134253e-15	1.0787497172328743e-6
1.5158245029548802e-8	1.0338018123749694e-6	1.7711786795738094e-15	1.0338018123749694e-6
1.4551915228366852e-8	9.924497399036558e-7	1.6308611467306358e-15	9.924497399036558e-7
1.3992226181121971e-8	9.542785960822526e-7	1.5065608420404714e-15	9.542785960822526e-7
1.3473995581821158e-8	9.189349443943346e-7	1.3961107969377232e-15	9.189349443943346e-7
1.2992781453898974e-8	8.861158392542231e-7	1.2971906400052406e-15	8.861158392542231e-7
1.2544754507212804e-8	8.555601206743938e-7	1.2084182216001368e-15	8.555601206743938e-7
1.2126596023639042e-8	8.270414499989838e-7	1.128674093017783e-15	8.270414499989838e-7
1.1735415506747462e-8	8.003626935598081e-7	1.0564225558793374e-15	8.003626935598081e-7
1.1368683772161601e-8	7.753513593973151e-7	9.908026179953174e-16	7.753513593973151e-7
1.0699937667916802e-8	7.297424559264424e-7	8.905918373652852e-16	7.297424559264424e-7
1.010549668636587e-8	6.892012083908799e-7	7.930043287413085e-16	6.892012083908799e-7
9.573628439715033e-9	6.529274605943615e-7	7.106529811302702e-16	6.529274605943615e-7
9.094947017729282e-9	6.202810875762021e-7	6.403663528468818e-16	6.202810875762021e-7
8.661854302599316e-9	5.907438929397355e-7	5.801468953076371e-16	5.907438929397355e-7
8.268133652481165e-9	5.638918978148207e-7	5.280374613821801e-16	5.638918978148207e-7
7.908649580634159e-9	5.393748587870005e-7	4.826014043313093e-16	5.393748587870005e-7
7.579122514774401e-9	5.16900906344219e-7	4.4272691118176803e-16	5.16900906344219e-7
7.275957614183426e-9	4.962248700964027e-7	4.077662070274699e-16	4.962248700964027e-7
6.996113090560986e-9	4.771392981748707e-7	3.7665722959008637e-16	4.771392981748707e-7
6.736997790910579e-9	4.5946747232124123e-7	3.4901077769843696e-16	4.5946747232124123e-7
6.496390726949487e-9	4.430579197425513e-7	3.242976736505432e-16	4.430579197425513e-7
6.272377253606402e-9	4.277800604448746e-7	3.0212157111262326e-16	4.277800604448746e-7
6.063298011819521e-9	4.135207251001372e-7	2.8215145745498034e-16	4.135207251001372e-7
5.867707753373731e-9	4.0018134687419236e-7	2.640546023004236e-16	4.0018134687419236e-7
5.684341886080801e-9	3.876756797871999e-7	2.477006664245469e-16	3.876756797871999e-7
5.349968833958401e-9	3.648712280407925e-7	2.226815118823146e-16	3.648712280407925e-7
5.052748343182935e-9	3.446006042647121e-7	1.9823429735877626e-16	3.446006042647121e-7
4.786814219857517e-9	3.264637303594248e-7	1.7764643774518316e-16	3.264637303594248e-7
4.547473508864641e-9	3.101405438443611e-7	1.601422135364559e-16	3.101405438443611e-7
4.330927151299658e-9	2.953719465209309e-7	1.4503673289514058e-16	2.953719465209309e-7
4.1340668262405825e-9	2.8194594895397506e-7	1.3200934269716367e-16	2.8194594895397506e-7
3.9543247903170795e-9	2.696874294361341e-7	1.2063347245457694e-16	2.696874294361341e-7
3.7895612573872004e-9	2.5845045321130215e-7	1.1068173572498932e-16	2.5845045321130215e-7
3.637978807091713e-9	2.481124350843336e-7	1.0192456347744316e-16	2.481124350843336e-7
3.498056545280493e-9	2.385696491208691e-7	9.416431471480695e-17	2.385696491208691e-7
3.3684988954552896e-9	2.2973373619164587e-7	8.726966267290936e-17	2.2973373619164587e-7
3.2481953634747434e-9	2.2152895990013562e-7	8.107442520556617e-17	2.2152895990013562e-7
3.136188626803201e-9	2.1389003024934987e-7	7.551337305002871e-17	2.1389003024934987e-7
3.0316490059097605e-9	2.067603625752368e-7	7.055490332108304e-17	2.067603625752368e-7
2.9338538766868654e-9	2.0009067346067964e-7	6.603065082225729e-17	2.0009067346067964e-7
2.8421709430404003e-9	1.938378399157309e-7	6.190812845173202e-17	1.938378399157309e-7
2.6749844169792006e-9	1.8243561403977996e-7	5.565357239177823e-17	1.8243561403977996e-7
2.5263741715914674e-9	1.7230030214968082e-7	4.957541329496099e-17	1.7230030214968082e-7
2.3934071099287583e-9	1.6323186519527559e-7	4.4411614438064705e-17	1.6323186519527559e-7
2.2737367544323206e-9	1.5507027193623415e-7	4.001868620193892e-17	1.5507027193623415e-7
2.165463575649829e-9	1.4768597327323348e-7	3.626764830988456e-17	1.4768597327323348e-7
2.0670334131202913e-9	1.409729744886264e-7	3.2993872724049094e-17	1.409729744886264e-7
1.9771623951585398e-9	1.3484371472873009e-7	3.0166845637807046e-17	1.3484371472873009e-7
1.8947806286936002e-9	1.2922522661544924e-7	2.7670437889726872e-17	1.2922522661544924e-7
1.8189894035458565e-9	1.2405621755119984e-7	2.5472660497087507e-17	1.2405621755119984e-7
1.7490282726402464e-9	1.1928482456879755e-7	2.3558046968789286e-17	1.1928482456879755e-7
1.6842494477276448e-9	1.1486686810357466e-7	2.1808925832223674e-17	1.1486686810357466e-7
1.6240976817373717e-9	1.1076447995728046e-7	2.0260099943199142e-17	1.1076447995728046e-7
1.5680943134016004e-9	1.069450151314099e-7	1.8895360950786263e-17	1.069450151314099e-7
1.5158245029548803e-9	1.0338018129390585e-7	1.7630212687177598e-17	1.0338018129390585e-7
1.4669269383434327e-9	1.000453367362311e-7	1.649915760559695e-17	1.000453367362311e-7
1.4210854715202002e-9	9.691891996340276e-8	1.5485557129127432e-17	9.691891996340276e-8
1.3374922084896003e-9	9.121780702474043e-8	1.3921801476522302e-17	9.121780702474043e-8
1.2631870857957337e-9	8.615015107916592e-8	1.2381230705618202e-17	8.615015107916592e-8
1.1967035549643792e-9	8.161593260153085e-8	1.1111323953166488e-17	8.161593260153085e-8
1.1368683772161603e-9	7.753513597163275e-8	1.0004682532896593e-17	7.753513597163275e-8
1.0827317878249145e-9	7.384298663980878e-8	9.071136421127204e-18	7.384298663980878e-8
1.0335167065601456e-9	7.048648724722067e-8	8.235792912565963e-18	7.048648724722067e-8
9.885811975792699e-10	6.742185736703195e-8	7.550171896669664e-18	6.742185736703195e-8
9.473903143468001e-10	6.46126133101753e-8	6.921843781132557e-18	6.46126133101753e-8
9.094947017729282e-10	6.202810877785935e-8	6.368160137063511e-18	6.202810877785935e-8
8.745141363201232e-10	5.964241228648498e-8	5.881037871866885e-18	5.964241228648498e-8
8.421247238638224e-10	5.7433434053728724e-8	5.460720194499759e-18	5.7433434053728724e-8
8.120488408686859e-10	5.538223998044458e-8	5.065026681556876e-18	5.538223998044458e-8
7.840471567008002e-10	5.347250756738301e-8	4.711084033655661e-18	5.347250756738301e-8
7.579122514774401e-10	5.1690090648528245e-8	4.416065324999839e-18	5.1690090648528245e-8
7.334634691717164e-10	5.0022668369590694e-8	4.129050568627576e-18	5.0022668369590694e-8
7.105427357601001e-10	4.845945998308345e-8	3.8671297420231916e-18	4.845945998308345e-8
6.687461042448001e-10	4.5608903513580594e-8	3.4762489730437616e-18	4.5608903513580594e-8
6.315935428978668e-10	4.307507554066719e-8	3.0995221963478006e-18	4.307507554066719e-8
5.983517774821896e-10	4.080796630173814e-8	2.779938964127067e-18	4.080796630173814e-8
5.684341886080801e-10	3.876756798669417e-8	2.496953836829652e-18	3.876756798669417e-8
5.413658939124572e-10	3.692149332070182e-8	2.2677852357254955e-18	3.692149332070182e-8
5.167583532800728e-10	3.5243243624340046e-8	2.0631751161349537e-18	3.5243243624340046e-8
4.942905987896349e-10	3.371092868418043e-8	1.8833110522788682e-18	3.371092868418043e-8
4.736951571734001e-10	3.2306306655699186e-8	1.7283493560079251e-18	3.2306306655699186e-8
4.547473508864641e-10	3.10140543894951e-8	1.5941654701420344e-18	3.10140543894951e-8
4.372570681600616e-10	2.982120614376574e-8	1.4723826159623095e-18	2.982120614376574e-8
4.210623619319112e-10	2.8716717027347985e-8	1.3630639656709098e-18	2.8716717027347985e-8
4.0602442043434293e-10	2.769111999067336e-8	1.2662575182058823e-18	2.769111999067336e-8
3.920235783504001e-10	2.673625378411386e-8	1.182022461884818e-18	2.673625378411386e-8
3.7895612573872006e-10	2.584504532465508e-8	1.0976356293421997e-18	2.584504532465508e-8
3.667317345858582e-10	2.501133418516412e-8	1.0343932257254964e-18	2.501133418516412e-8
3.5527136788005004e-10	2.42297299918878e-8	9.667858673815505e-19	2.42297299918878e-8
3.3437305212240007e-10	2.2804451757094008e-8	8.711643377320743e-19	2.2804451757094008e-8
3.157967714489334e-10	2.1537537770603224e-8	7.717248944104494e-19	2.1537537770603224e-8
2.991758887410948e-10	2.0403983151111958e-8	6.949853657318562e-19	2.0403983151111958e-8
2.842170943040401e-10	1.9383783993567666e-8	6.263458923222268e-19	1.9383783993567666e-8
2.706829469562286e-10	1.8460746660550555e-8	5.680023947535702e-19	1.8460746660550555e-8
2.583791766400364e-10	1.762162181235131e-8	5.136794576837175e-19	1.762162181235131e-8
2.4714529939481747e-10	1.6855464342256613e-8	4.697728476164878e-19	1.6855464342256613e-8
2.3684757858670003e-10	1.615315332800333e-8	4.34205792037972e-19	1.615315332800333e-8
2.2737367544323206e-10	1.550702719488862e-8	3.9854356393077817e-19	1.550702719488862e-8
2.186285340800308e-10	1.491060307201312e-8	3.6703499302000464e-19	1.491060307201312e-8
2.105311809659556e-10	1.4358358513794903e-8	3.3970316763801207e-19	1.4358358513794903e-8
2.0301221021717146e-10	1.3845559995450026e-8	3.186891667943968e-19	1.3845559995450026e-8
1.9601178917520005e-10	1.3368126892161387e-8	2.9338070730903867e-19	1.3368126892161387e-8
1.8947806286936003e-10	1.292252266242672e-8	2.76536945605483e-19	1.292252266242672e-8
1.833658672929291e-10	1.2505667092674263e-8	2.596608213940708e-19	1.2505667092674263e-8
1.7763568394002502e-10	1.2114864996030143e-8	2.406302367346099e-19	1.2114864996030143e-8
1.6718652606120003e-10	1.1402225878622519e-8	2.1726735035966624e-19	1.1402225878622519e-8
1.578983857244667e-10	1.076876888536988e-8	1.9450851477034713e-19	1.076876888536988e-8
1.495879443705474e-10	1.0201991575616707e-8	1.7374665377990648e-19	1.0201991575616707e-8
1.4210854715202004e-10	9.691891996838273e-9	1.550050260479297e-19	9.691891996838273e-9
1.353414734781143e-10	9.23037333032491e-9	1.4147312097847847e-19	9.23037333032491e-9
1.291895883200182e-10	8.810810906221691e-9	1.3000676891957177e-19	8.810810906221691e-9
1.2357264969740873e-10	8.42773217117005e-9	1.1744346992958436e-19	8.42773217117005e-9
1.1842378929335001e-10	8.076576664039674e-9	1.0802175732272912e-19	8.076576664039674e-9
1.1368683772161603e-10	7.753513597479296e-9	9.857560683409795e-20	7.753513597479296e-9
1.093142670400154e-10	7.455301536039697e-9	9.335065272721455e-20	7.455301536039697e-9
1.052655904829778e-10	7.179179256927824e-9	8.492601170883474e-20	7.179179256927824e-9
1.0150610510858573e-10	6.92277999775278e-9	7.86110905597402e-20	6.92277999775278e-9
9.800589458760003e-11	6.684063446107378e-9	7.44072981105258e-20	6.684063446107378e-9
9.473903143468002e-11	6.4612613312375805e-9	6.807061290586278e-20	6.4612613312375805e-9
9.168293364646455e-11	6.252833546360037e-9	6.491678519452466e-20	6.252833546360037e-9
8.881784197001251e-11	6.057432498036629e-9	5.962511663771846e-20	6.057432498036629e-9
8.359326303060002e-11	5.701112939330417e-9	5.510376983795016e-20	5.701112939330417e-9
7.894919286223336e-11	5.384384442701579e-9	4.783881280793741e-20	5.384384442701579e-9
7.47939721852737e-11	5.100995787823605e-9	4.3700160416265926e-20	5.100995787823605e-9
7.105427357601002e-11	4.845945998433028e-9	3.901556684483624e-20	4.845945998433028e-9
6.767073673905715e-11	4.615186665174931e-9	3.5368421544054654e-20	4.615186665174931e-9
6.45947941600091e-11	4.405405453122069e-9	3.223673585149382e-20	4.405405453122069e-9
6.178632484870437e-11	4.213866085595388e-9	2.9095735118651755e-20	4.213866085595388e-9
5.921189464667501e-11	4.038288332029553e-9	2.753460424865198e-20	4.038288332029553e-9
5.6843418860808015e-11	3.876756798748606e-9	2.4908720376545384e-20	3.876756798748606e-9
5.46571335200077e-11	3.727650768027773e-9	2.2807632420937204e-20	3.727650768027773e-9
5.26327952414889e-11	3.589589628471504e-9	2.1232011351245257e-20	3.589589628471504e-9
5.0753052554292866e-11	3.4613899988836153e-9	2.0183969450062997e-20	3.4613899988836153e-9
4.9002947293800014e-11	3.342031723060073e-9	1.807059748654513e-20	3.342031723060073e-9
4.736951571734001e-11	3.230630665625131e-9	1.7549304121403992e-20	3.230630665625131e-9
4.584146682323227e-11	3.1264167731856722e-9	1.5962717690310392e-20	3.1264167731856722e-9
4.4408920985006255e-11	3.028716249023776e-9	1.4907044397250938e-20	3.028716249023776e-9
4.179663151530001e-11	2.850556469669857e-9	1.364532541615324e-20	2.850556469669857e-9
3.947459643111668e-11	2.6921922213550914e-9	1.2090999820037107e-20	2.6921922213550914e-9
3.739698609263685e-11	2.5504978939155448e-9	1.0793164629308092e-20	2.5504978939155448e-9
3.552713678800501e-11	2.4229729992199522e-9	9.75369688933492e-21	2.4229729992199522e-9
3.383536836952858e-11	2.3075933325906205e-9	8.974116113035114e-21	2.3075933325906205e-9
3.229739708000455e-11	2.202702726563841e-9	7.926950322770938e-21	2.202702726563841e-9
3.0893162424352184e-11	2.1069330428003565e-9	7.406395057463367e-21	2.1069330428003565e-9
2.9605947323337503e-11	2.019144166017134e-9	6.883937050666346e-21	2.019144166017134e-9
2.8421709430404007e-11	1.9383783993764717e-9	6.094674248373364e-21	1.9383783993764717e-9
2.732856676000385e-11	1.8638253840159746e-9	5.834604853354762e-21	1.8638253840159746e-9
2.631639762074445e-11	1.7947948142376497e-9	5.308057787560037e-21	1.7947948142376497e-9
2.5376526277146433e-11	1.7306949994434713e-9	4.7803077862377534e-21	1.7306949994434713e-9
2.4501473646900007e-11	1.6710158615317758e-9	4.7835507324418924e-21	1.6710158615317758e-9
2.3684757858670004e-11	1.6153153328140437e-9	4.2546668248093176e-21	1.6153153328140437e-9
2.2920733411616136e-11	1.5632083865942857e-9	3.990727282034975e-21	1.5632083865942857e-9
2.2204460492503128e-11	1.514358124513253e-9	3.726807463161843e-21	1.514358124513253e-9
2.0898315757650004e-11	1.4252782348361433e-9	3.542395782422772e-21	1.4252782348361433e-9
1.973729821555834e-11	1.3460961106785675e-9	2.8915769738998232e-21	1.3460961106785675e-9
1.8698493046318424e-11	1.2752489469587429e-9	2.7643069811933863e-21	1.2752489469587429e-9
1.7763568394002505e-11	1.211486499610853e-9	2.5042328014801395e-21	1.211486499610853e-9
1.691768418476429e-11	1.1537966662960812e-9	2.243564353095134e-21	1.1537966662960812e-9
1.6148698540002275e-11	1.1013513632826038e-9	1.849592495984722e-21	1.1013513632826038e-9
1.5446581212176092e-11	1.0534665214008257e-9	1.8515140591982926e-21	1.0534665214008257e-9
1.4802973661668752e-11	1.0095720830091561e-9	1.72101517189809e-21	1.0095720830091561e-9
1.4210854715202004e-11	9.691891996888138e-10	1.5899808307018216e-21	9.691891996888138e-10
1.3664283380001925e-11	9.319126920084916e-10	1.4586797449368636e-21	9.319126920084916e-10
1.3158198810372225e-11	8.973974071192638e-10	1.1942336303213041e-21	8.973974071192638e-10
1.2688263138573216e-11	8.653474997222232e-10	1.327972221953894e-21	8.653474997222232e-10
1.2250736823450003e-11	8.355079307662512e-10	1.0628954028019358e-21	8.355079307662512e-10
1.1842378929335002e-11	8.076576664074448e-10	1.196579429929302e-21	8.076576664074448e-10
1.1460366705808068e-11	7.816041932975231e-10	1.0642625565533755e-21	7.816041932975231e-10
1.1102230246251564e-11	7.571790622569678e-10	9.316409839508866e-22	7.571790622569678e-10
1.0449157878825002e-11	7.126391174183313e-10	7.872760511850545e-22	7.126391174183313e-10
9.86864910777917e-12	6.730480553395748e-10	7.88521946338503e-22	6.730480553395748e-10
9.349246523159212e-12	6.376244734795966e-10	6.582494576792537e-22	6.376244734795966e-10
8.881784197001252e-12	6.05743249805628e-10	5.931910018745088e-22	6.05743249805628e-10
8.458842092382144e-12	5.768983331482421e-10	5.938937700263537e-22	5.768983331482421e-10
8.074349270001138e-12	5.506756816415085e-10	5.285043855115442e-22	5.506756816415085e-10
7.723290606088046e-12	5.267332607005749e-10	4.629531204941452e-22	5.267332607005749e-10
7.401486830834376e-12	5.047860415047165e-10	3.9714812501982364e-22	5.047860415047165e-10
7.105427357601002e-12	4.845945998445245e-10	3.3122744835988234e-22	4.845945998445245e-10
6.8321416900009626e-12	4.659563460043808e-10	3.9784412326286716e-22	4.659563460043808e-10
6.5790994051861124e-12	4.4869870355976826e-10	3.316994945316598e-22	4.4869870355976826e-10
6.344131569286608e-12	4.326737498611976e-10	2.6566798428962655e-22	4.326737498611976e-10
6.125368411725002e-12	4.177539653832521e-10	3.321991909008404e-22	4.177539653832521e-10
5.921189464667501e-12	4.038288332038013e-10	2.659800560959361e-22	4.038288332038013e-10
5.730183352904034e-12	3.9080209664884766e-10	2.6607760400182153e-22	3.9080209664884766e-10
5.551115123125782e-12	3.7858953112856036e-10	1.9967461873483519e-22	3.7858953112856036e-10
5.224578939412501e-12	3.563195587092527e-10	2.2962467930954046e-22	3.563195587092527e-10
4.934324553889585e-12	3.365240276698513e-10	1.9714078966149626e-22	3.365240276698513e-10
4.674623261579606e-12	3.188122367398589e-10	1.6453672996089996e-22	3.188122367398589e-10
4.440892098500626e-12	3.028716249028644e-10	1.3183052571563473e-22	3.028716249028644e-10
4.229421046191072e-12	2.884491665741626e-10	1.319577397572319e-22	2.884491665741626e-10
4.037174635000569e-12	2.75337840820797e-10	1.321345261680427e-22	2.75337840820797e-10
3.861645303044023e-12	2.6336663035033236e-10	1.3229593984747866e-22	2.6336663035033236e-10
3.700743415417188e-12	2.523930207523973e-10	9.932277981688545e-23	2.523930207523973e-10
3.552713678800501e-12	2.4229729992230494e-10	9.938492924188518e-23	2.4229729992230494e-10
3.4160708450004813e-12	2.3297817300221964e-10	9.949402948826545e-23	2.3297817300221964e-10
3.2895497025930562e-12	2.2434935177990928e-10	6.63680675930783e-23	2.2434935177990928e-10
3.172065784643304e-12	2.163368749306382e-10	9.959277848495235e-23	2.163368749306382e-10
3.062684205862501e-12	2.0887698269164426e-10	6.647534020028176e-23	2.0887698269164426e-10
2.9605947323337505e-12	2.0191441660192485e-10	6.650119587009183e-23	2.0191441660192485e-10
2.865091676452017e-12	1.9540104832444529e-10	6.652538343217221e-23	1.9540104832444529e-10
2.775557561562891e-12	1.8929476556430818e-10	6.65480592716226e-23	1.8929476556430818e-10
2.6122894697062505e-12	1.7815977935464143e-10	4.922282490866931e-23	1.7815977935464143e-10
2.4671622769447924e-12	1.6826201383494157e-10	4.929034895379526e-23	1.6826201383494157e-10
2.337311630789803e-12	1.5940611836994238e-10	3.2927360585391883e-23	1.5940611836994238e-10
2.220446049250313e-12	1.5143581245144698e-10	3.296226781348678e-23	1.5143581245144698e-10
2.114710523095536e-12	1.4422458328709832e-10	4.9518384501762783e-23	1.4422458328709832e-10
2.0185873175002844e-12	1.3766892041040915e-10	3.305313075760279e-23	1.3766892041040915e-10
1.9308226515220115e-12	1.3168331517517073e-10	1.65284201542299e-23	1.3168331517517073e-10
1.850371707708594e-12	1.2619651037621064e-10	3.3100828623410094e-23	1.2619651037621064e-10
1.7763568394002505e-12	1.2114864996115875e-10	1.6578067151900864e-23	1.2114864996115875e-10
1.7080354225002406e-12	1.164890865011149e-10	1.6587093514275608e-23	1.164890865011149e-10
1.6447748512965281e-12	1.1217467588996764e-10	3.3184033796542995e-23	1.1217467588996764e-10
1.586032892321652e-12	1.0816843746532226e-10	1.660321201851623e-23	1.0816843746532226e-10
1.5313421029312504e-12	1.0443849134582894e-10	1.661043755489996e-23	1.0443849134582894e-10
1.4802973661668753e-12	1.0095720830096849e-10	1.661718138885811e-23	1.0095720830096849e-10
1.4325458382260085e-12	9.770052416222805e-11	1.6645184011043014e-23	9.770052416222805e-11
1.3877787807814455e-12	9.464738278215887e-11	1.6650420528624314e-23	9.464738278215887e-11
1.3061447348531253e-12	8.907988967732671e-11	1.640283325661685e-23	8.907988967732671e-11
1.2335811384723962e-12	8.413100691747371e-11	8.224719463308157e-24	8.413100691747371e-11
1.1686558153949015e-12	7.97030591849778e-11	1.6463680292697305e-23	7.97030591849778e-11
1.1102230246251565e-12	7.571790622572502e-11	4.636384574873679e-27	7.571790622572502e-11
1.057355261547768e-12	7.211229164355013e-11	8.250670438095847e-24	7.211229164355013e-11
1.0092936587501422e-12	6.883446020520729e-11	8.25774797667431e-24	6.883446020520729e-11
9.654113257610057e-13	6.584165758758989e-11	8.264210077115517e-24	6.584165758758989e-11
9.25185853854297e-13	6.309825518810724e-11	8.284144296331325e-24	6.309825518810724e-11
8.881784197001252e-13	6.057432498058321e-11	8.289033575950958e-24	6.057432498058321e-11
8.540177112501203e-13	5.824454325056101e-11	8.293546757138311e-24	5.824454325056101e-11
8.223874256482641e-13	5.6087337944982646e-11	3.4343589443509444e-27	5.6087337944982646e-11
7.93016446160826e-13	5.408421873266418e-11	8.301606009258584e-24	5.408421873266418e-11
7.656710514656252e-13	5.2219245672915085e-11	3.1975066033612365e-27	5.2219245672915085e-11
7.401486830834376e-13	5.0478604150486906e-11	8.308590694429493e-24	5.0478604150486906e-11
7.162729191130043e-13	4.8850262081116524e-11	8.322592005521933e-24	4.8850262081116524e-11
6.938893903907227e-13	4.732369139107954e-11	2.8977403592961355e-27	4.732369139107954e-11
