# z G G´ G´´
1.5999999999999998e6	9.602218855177442e6	3123.8304897669127	9.602218347049199e6
1.0666666666666665e6	6.404046280050076e6	5934.110569868486	6.404043530719865e6
799999.9999999999	4.804956319913574e6	6900.590019433398	4.804951364804308e6
640000.0	3.8455106188213388e6	7376.109157054405	3.8455035447235485e6
533333.3333333333	3.205884890268496e6	7655.057442791426	3.205875750828062e6
457142.8571428571	2.7490119361158754e6	7837.033068920404	2.749000764972653e6
399999.99999999994	2.406358651531588e6	7964.522660974459	2.406345471078437e6
355555.55555555556	2.1398513624612344e6	8058.530139862018	2.139836188477797e6
320000.0	1.926646008934024e6	8130.568142903084	1.9266288531014677e6
290909.0909090909	1.752205540783352e6	8187.449560539126	1.7521864121210312e6
266666.6666666666	1.6068386362425997e6	8233.452303076294	1.6068175419708209e6
246153.84615384613	1.4838359454872163e6	8271.392541061512	1.4838128915686684e6
228571.42857142855	1.3784050923427567e6	8303.197111085252	1.3783800838354342e6
213333.3333333333	1.287031678202584e6	8330.22737741527	1.287004719497485e6
199999.99999999997	1.2070799110876615e6	8353.471637554663	1.2070510060734788e6
188235.29411764705	1.1367342529520963e6	9029.525144384434	1.1366983898599609e6
177777.77777777778	1.074090012043114e6	9182.289235727689	1.0740507620849065e6
168421.05263157893	1.0180025294864997e6	9181.124369734453	1.0179611274484991e6
160000.0	967511.0338881247	9139.176324014183	967467.8682785215
152380.95238095237	921823.4328738835	9090.423817219375	921778.6098571687
145454.54545454544	880287.0719271095	9044.450850145437	880240.6073971045
139130.4347826087	842361.3268645976	9003.427411880622	842313.2097337216
133333.3333333333	807595.1955178718	8967.365028782107	807545.4081276112
128000.0	775609.6735291184	8935.72649106697	775558.1979864712
123076.92307692306	746084.006357545	8907.903244965672	746030.8263083394
118518.51851851851	718744.9347676215	8883.344045888345	718690.0357265814
114285.71428571428	693358.2248151781	8861.578956052483	693301.5940680222
110344.8275862069	669721.9436339607	8842.214162070044	669663.5700361504
106666.66666666666	647661.0778114883	8824.92045433817	647600.9515827732
103225.80645161291	627023.1925506928	8809.421871343611	626961.3050920734
99999.99999999999	607674.9044041118	8795.486043040564	607611.2481412874
94117.64705882352	572359.1547929392	8647.10956626315	572293.8314986776
88888.88888888889	540997.5782894798	8634.01787192124	540928.6768608864
84210.52631578947	512936.5881219362	8623.678108459624	512864.09077849705
80000.0	487681.1446630862	8615.431262708216	487605.0381241519
76190.47619047618	464830.4983226234	8608.810772993284	464750.77250923763
72727.27272727272	444056.75755571347	8603.4714506689	443973.4048452578
69565.21739130435	425089.0502261425	8599.151130742122	425002.06496203586
66666.66666666666	407701.64527237864	8595.64744223932	407611.0234069402
64000.0	391704.92516444	8592.802167571162	391610.6639878293
61538.46153846153	376938.4416066884	8590.490475847004	376840.53953132906
59259.259259259255	363265.51426455175	8588.61296424162	363163.97065408307
57142.85714285714	350568.9868698347	8587.089968176275	350463.8018980288
55172.41379310345	338747.86125715496	8585.857135441907	338639.0357940834
53333.33333333333	327714.6045868114	8584.862240928536	327602.14010258607
51612.903225806454	317392.9776662808	8584.062593025366	317276.8761527812
49999.99999999999	307716.27047379554	8583.423186765564	307596.5343769318
47058.82352941176	290037.2228560988	8456.276078854895	289913.9217715432
44444.444444444445	274352.9138735195	8462.730530494304	274222.3614931121
42105.26315789473	260319.07249923935	8468.825346734506	260181.28008008326
40000.0	247688.12115011096	8474.468330757556	247543.10482294398
38095.23809523809	236259.65151403967	8479.653012763822	236107.4298244733
36363.63636363636	225869.69581411543	8484.399737881158	225710.28875141885
34782.608695652176	216382.80231727142	8488.735940236696	216216.23089123605
33333.33333333333	207686.09396570487	8492.690254821264	207512.3799655511
32000.0	199684.75324775054	8496.28992972664	199503.91910196914
30769.230769230766	192298.54937803326	8499.560570336329	192110.61803816853
29629.629629629628	185459.13704047547	8502.525553269632	185264.1319063511
28571.42857142857	179107.93416251664	8505.2064573636	178905.8790064821
27586.206896551725	173194.43857099896	8507.622786924832	172985.35749143315
26666.666666666664	167674.88148656092	8509.792483535823	167458.79885338782
25806.451612903227	162511.14144780807	8511.731714424732	162288.08187261052
24999.999999999996	157669.86203598607	8513.45536508297	157439.8503308283
23529.41176470588	148809.57964942695	8391.75565398207	148572.7748697015
22222.222222222223	140962.46446101725	8400.925513486676	140711.9072340376
21052.631578947367	133940.5264475087	8408.990727642049	133676.30119051845
20000.0	127619.95101271014	8415.908690494822	127342.15475403183
19047.619047619046	121900.53339660661	8421.761267777545	121609.2676547547
18181.81818181818	116700.2963045985	8426.654704441557	116395.66421509522
17391.304347826088	111951.52156029356	8430.68883624059	111633.62694731083
16666.666666666664	107597.7782179608	8433.952449004442	107266.72514591565
16000.0	103591.6641752205	8436.521290755043	103247.55684810318
15384.615384615383	99893.0701243402	8438.461296524278	99536.01272812474
14814.814814814814	96467.82861165583	8439.828547874487	96097.92532167531
14285.714285714284	93286.65337288199	8440.672377738443	92904.0082414312
13793.103448275862	90324.2973960413	8441.035032710184	89929.01438170593
13333.333333333332	87558.88007323358	8440.954198434896	87151.06294187595
12903.225806451614	84971.34390438613	8440.462362819546	84551.09626740085
12499.999999999998	82545.01371943083	8439.588908736874	82112.43894193224
11764.70588235294	78090.92446474446	8317.734638860558	77646.68553284116
11111.111111111111	74156.66489957999	8320.619165952186	73688.38609797196
10526.315789473683	70634.93904106865	8322.176491571954	70142.96822760362
10000.0	67463.79893011722	8322.221695703882	66948.52344996744
9523.809523809523	64593.14274894773	8320.817754393685	64054.961416615544
9090.90909090909	61981.994380355405	8318.090758094217	61421.307324954556
8695.652173913044	59596.50813734938	8314.165131118221	59013.71400223552
8333.333333333332	57408.48185287887	8309.156851676044	56803.97610261598
8000.0	55394.22555626211	8303.163845284525	54768.400516505884
7692.3076923076915	53533.69495933415	8296.274433535875	52886.93909201493
7407.407407407407	51809.81474531695	8288.562372905297	51142.51301739601
7142.857142857142	50207.94976808673	8280.095296121057	49520.48305299409
6896.551724137931	48715.482962788716	8270.929871654047	48008.22845467158
6666.666666666666	47321.48028894635	8261.11921493741	46594.81093484263
6451.612903225807	46016.41801976255	8250.707977123471	45270.70294622956
6249.999999999999	44791.96357589685	8239.738919882642	44027.56754031094
5882.35294117647	42533.89824887453	8110.471033373745	41753.47602131369
5555.555555555556	40544.94082509542	8091.92842931745	39729.245157758705
5263.157894736842	38762.38432186466	8071.923733358021	37912.61644306273
5000.0	37155.190964963986	8050.052449358523	36272.64632206366
4761.9047619047615	35698.304704831186	8026.345623377809	34784.28861904547
4545.454545454545	34371.25243498843	8000.970463029494	33427.04691712129
4347.826086956522	33157.12642998435	7974.096406303338	32183.98389878026
4166.666666666666	32041.842659103066	7945.897663492037	31040.979226049374
4000.0	31013.568742711905	7916.517275484146	29986.166817148838
3846.1538461538457	30062.29573686485	7886.09569007178	29009.50050824305
3703.7037037037035	29179.49513290355	7854.745472368308	28102.4182193535
3571.428571428571	28357.859233553507	7822.579285841889	27257.57571074055
3448.2758620689656	27591.08598784062	7789.686724775243	26468.638172718205
3333.333333333333	26873.715735228037	7756.159749063268	25730.110442142566
3225.8064516129034	26200.991100942505	7722.070881795987	25037.203437448577
3124.9999999999995	25568.75124217653	7687.4963948370105	24385.7220369558
2941.176470588235	24397.187591683673	7538.417372579064	23203.34083490138
2777.777777777778	23364.376288870615	7473.034331727186	22137.024128025118
2631.578947368421	22435.59342101726	7407.196321531999	21177.565837637616
2500.0	21595.248750155664	7340.400848940482	20309.438297451103
2380.9523809523807	20830.792039382603	7272.699302975939	19519.98314129648
2272.7272727272725	20131.989573081944	7204.363565567841	18798.78053985946
2173.913043478261	19490.38350212514	7135.626004220975	18137.196326549405
2083.333333333333	18898.93424735616	7066.751042272108	17527.998898688853
2000.0	18351.717965447497	6997.921027725773	16965.101048123524
1923.0769230769229	17843.727191649104	6929.336731534605	16443.323646726745
1851.8518518518517	17370.68609716352	6861.1261703066975	15958.248123190797
1785.7142857142856	16928.933711262132	6793.4375293601925	15506.063431283517
1724.1379310344828	16515.304853678495	6726.357481253592	15083.481343652742
1666.6666666666665	16127.059835576321	6659.99453912889	14687.631928906454
1612.9032258064517	15761.804309354331	6594.404794452456	14316.015524344866
1562.4999999999998	15417.446281220396	6529.666853953833	13966.427625226619
1470.5882352941176	14778.064807335302	6361.526057720527	13338.747529912429
1388.888888888889	14209.559643805162	6243.044730539226	12764.637784259397
1315.7894736842104	13695.394720751121	6128.771677994746	12247.530129629695
1250.0	13227.645058352662	6018.182635334518	11779.30692178108
1190.4761904761904	12799.905777979882	5911.070316639547	11353.274225390032
1136.3636363636363	12406.961636484486	5807.520758918556	10963.822311763714
1086.9565217391305	12044.471720684813	5707.460402576034	10606.32805373296
1041.6666666666665	11708.82611168869	5610.937328527908	10276.866799228983
1000.0	11396.961516829266	5517.833462876938	9972.173569089275
961.5384615384614	11106.291397841338	5428.133551013214	9689.43108578255
925.9259259259259	10834.586713999242	5341.68718324416	9426.274306401972
892.8571428571428	10579.941960612367	5258.440307209248	9180.630557071958
862.0689655172414	10340.693353894474	5178.229936252492	8950.747106614948
833.3333333333333	10115.403791086275	5100.982297223526	8735.065738741454
806.4516129032259	9902.80417561237	5026.53443691951	8532.261253324821
781.2499999999999	9701.788605005448	4954.804700478785	8341.139761227292
735.2941176470588	9328.820225131569	4803.765678884486	7996.919537871773
694.4444444444445	8993.851660151056	4679.327472016863	7680.707135051446
657.8947368421052	8689.487138222377	4563.204145132096	7394.88706169211
625.0	8411.467325466574	4454.626607814113	7135.060220653104
595.2380952380952	8156.281637988399	4352.721633484826	6897.734739722883
568.1818181818181	7921.0717375764525	4257.048976051722	6679.88858345178
543.4782608695652	7703.420528231782	4166.951241176795	6479.136145230936
520.8333333333333	7501.323210599335	4082.073092312033	6293.371844957072
500.0	7313.053271526627	4001.879249552955	6120.92400085018
480.7692307692307	7137.158462332447	3926.075180907381	5960.282257603807
462.96296296296293	6972.369592398999	3854.2242007756013	5810.240403216192
446.4285714285714	6817.606698665144	3786.0847974104768	5669.684559523671
431.0344827586207	6671.914192779328	3721.301257888665	5537.721186900481
416.66666666666663	6534.470956384701	3659.6766321727105	5413.5088092441665
403.2258064516129	6404.542682439417	3600.9204693732563	5296.37033679075
390.62499999999994	6281.493041983109	3544.8720627705757	5185.656843165665
367.6470588235294	6053.265331529859	3434.470746250579	4984.619530821815
347.22222222222223	5847.150868237849	3339.210491942342	4799.8798491667285
328.9473684210526	5659.34147537797	3251.0700377911285	4632.352484894698
312.5	5487.373434033889	3169.5071588176284	4479.452151183745
297.6190476190476	5329.176648555463	3093.634031190083	4339.303196663195
284.09090909090907	5183.0665560285215	3022.979737549485	4210.198621275083
271.7391304347826	5047.602308934374	2956.8650838996305	4090.872516319087
260.41666666666663	4921.592691218281	2894.9345425703623	3980.129220576404
250.0	4804.002561474393	2836.677617272585	3877.073729801544
240.38461538461536	4693.964302921817	2781.827881967096	3780.837805594781
231.48148148148147	4590.713689833181	2729.9964740359533	3690.768406954444
223.2142857142857	4493.602637664585	2680.980774382929	3606.217790513383
215.51724137931035	4402.053641447293	2634.479314267475	3526.697464324966
208.33333333333331	4315.572025972077	2590.3353246545653	3451.7133161952293
201.61290322580646	4233.712565379539	2548.3111742455417	3380.892226242639
195.31249999999997	4156.0905715139625	2508.283616034636	3313.850047929065
183.8235294117647	4012.119628920399	2431.819369455401	3191.1374885939804
173.61111111111111	3881.5917803801963	2363.8122063765845	3078.822275237751
164.4736842105263	3762.382614430348	2300.7932524583666	2976.8898781798753
156.25	3653.0102316241114	2242.581158918448	2883.628529823915
148.8095238095238	3552.2094778524925	2188.5239950795553	2797.9554852617116
142.04545454545453	3458.94816649392	2138.264747307836	2718.850177724438
135.8695652173913	3372.3381799413196	2091.276107292104	2645.605609866882
130.20833333333331	3291.64597000492	2047.2944868695251	2577.502371654249
125.0	3216.2312723776754	2005.9345851880284	2514.0346133986804
120.19230769230768	3145.558091857655	1967.0067897917818	2454.673093950435
115.74074074074073	3079.1523215135994	1930.2227357175784	2399.0454788522743
111.60714285714285	3016.612384170795	1895.4413859781728	2346.7535508982937
107.75862068965517	2957.5789872392124	1862.4410513567077	2297.5175289821505
104.16666666666666	2901.7447511159226	1831.1140020766834	2251.0317883200846
100.80645161290323	2848.831942055926	1801.2862604893269	2207.0820650466344
97.65624999999999	2798.6009051202736	1772.8738774087255	2165.4295742281174
91.91176470588235	2705.4411338770733	1720.0939441985672	2088.2261735754296
86.80555555555556	2620.6740064428645	1671.5845730036622	2018.350133981084
82.23684210526315	2543.0927898456034	1626.5371605368807	1954.9163161520025
78.125	2471.781724956439	1584.9803123759648	1896.7188260807711
74.4047619047619	2405.9454123107844	1546.4230721109168	1843.1356458661267
71.02272727272727	2344.933306888434	1510.5925812504115	1793.5501853101143
67.93478260869566	2288.1834849852416	1477.0906334719405	1747.565999173899
65.10416666666666	2235.23220124912	1445.7299506164331	1704.7369015163576
62.5	2185.673227000245	1416.2277757833974	1664.7721592834482
60.09615384615384	2139.1667484022328	1388.4538573593736	1627.338398567937
57.87037037037037	2095.4110504797395	1362.197777293274	1592.2200494937467
55.80357142857142	2054.150799598407	1337.3636481880012	1559.1645134481657
53.87931034482759	2015.1566801167514	1313.789653321262	1528.0095524063868
52.08333333333333	1978.2327259207252	1291.4029824967924	1498.5603273482627
50.403225806451616	1943.20119698147	1270.0764857813624	1470.6925620997347
48.82812499999999	1909.9089270136797	1249.7537117625727	1444.2533605369306
45.955882352941174	1848.1710972686983	1213.0775464646317	1394.3382914639953
43.40277777777778	1791.7982290206548	1178.1059715154777	1350.0397080831092
41.118421052631575	1740.0996674451085	1145.5965911157457	1309.7920839074268
39.0625	1692.493888907572	1115.643284284882	1272.74334656266
37.20238095238095	1648.466930564805	1087.849741631687	1238.5580974656057
35.51136363636363	1607.5983647628436	1062.004994735375	1206.8628312883304
33.96739130434783	1569.5237265067444	1037.8095794933884	1177.4361998763986
32.55208333333333	1533.9427491368647	1015.1335724418236	1149.9931250799125
31.25	1500.591265086869	993.7696793201699	1124.3646958700263
30.04807692307692	1469.248686313229	973.6302663370134	1100.3344067626283
28.935185185185183	1439.7182543275007	954.5614982984142	1077.7759497270815
27.90178571428571	1411.833821792106	936.4996552868906	1056.5240820746299
26.939655172413794	1385.4454645630422	919.3264718730293	1036.4834650836415
26.041666666666664	1360.4254017842318	902.9940666176933	1017.5259158729223
25.201612903225808	1336.6571665304646	887.4095168795443	999.5782761689371
24.414062499999996	1314.0407049455707	872.536046244684	982.5394761827878
22.977941176470587	1272.092052595955	846.4354429864862	949.6132008002315
21.70138888888889	1233.6373926126405	820.5245190928762	921.1952724691537
20.559210526315788	1198.2882476369368	796.4250259964786	895.3222338305407
19.53125	1165.6660766372822	774.2052989495713	871.4261628510812
18.601190476190474	1135.4307512541648	753.5392410798333	849.3418646495801
17.755681818181817	1107.3053107491492	734.271215269021	828.8370368417575
16.983695652173914	1081.0484260173168	716.1807782313371	809.7844109925027
16.276041666666664	1056.4622120929107	699.1817147326491	791.9957925164495
15.625	1033.3713300276866	683.1228754262477	775.3705196824066
15.02403846153846	1011.6301401514563	667.9471650323867	759.7645195638268
14.467592592592592	991.107695181857	653.5419915201456	745.1022270591967
13.950892857142856	971.6941178493521	639.8662163986377	731.2733304139583
13.469827586206897	953.2893763360926	626.8329177565084	718.2208074485998
13.020833333333332	935.808845684414	614.4114549907782	705.8588808234335
12.600806451612904	919.1746280862649	602.5332296937721	694.1438640745271
12.207031249999998	903.3203773931496	591.1749070863891	683.0080039392667
11.488970588235293	873.9029351601251	571.7821469340597	660.8869165969011
10.850694444444445	846.7907653191385	551.7543578773244	642.3563876798873
10.279605263157894	821.7956581804016	533.1441062694062	625.3842544822787
9.765625	798.665862740291	515.9575983168029	609.6350687467462
9.300595238095237	777.1702060798953	499.9275647908351	595.0344184839834
8.877840909090908	757.1232281792501	484.94556192107297	581.4321840263261
8.491847826086957	738.3611787691027	470.84687984441666	568.7534141032265
8.138020833333332	720.7516572362289	457.57563525541286	556.8729562740283
7.8125	704.1752309669447	445.0169918909113	545.7312826251713
7.51201923076923	688.5343019280083	433.13436386588285	535.2327603669142
7.233796296296296	673.7392846087544	421.84103290926623	525.3330054157643
6.975446428571428	659.7164305252385	411.11100194350195	515.9588285764395
6.734913793103448	646.3969978919724	400.8765214755759	507.0770093520281
6.510416666666666	633.7241047361676	391.1185466237189	498.63064828649175
6.300403225806452	621.643978399456	381.7830011780076	490.5945127004753
6.103515624999999	610.1119623869291	372.85564113293634	482.92367670572605
5.744485294117647	588.7385596437821	358.0381541419405	467.35615090642295
5.425347222222222	568.9053891814483	342.2532535259225	454.4403726459785
5.139802631578947	550.5802352579226	327.65189389510215	442.47353806032527
4.8828125	533.5899072922433	314.1905549768812	431.2800532455266
4.650297619047619	517.7698848764107	301.6492695155672	420.8246331735541
4.438920454545454	502.99317821619223	289.9578932809907	411.0067608398623
4.2459239130434785	489.14350012589256	278.98345240247744	401.7830222906434
4.069010416666666	476.1302822846788	268.6909437817229	393.0715233111843
3.90625	463.86801764823485	258.9840195069976	384.8386875522031
3.756009615384615	452.289785370895	249.84016520574272	377.02246856230926
3.616898148148148	441.3308763268328	241.18497860821745	369.5980904890661
3.487723214285714	430.9405832400933	233.00284917730613	362.51821824367573
3.367456896551724	421.0687933263851	225.2345527863712	355.7644233821889
3.255208333333333	411.6762863867634	217.86898314606339	349.2999727399027
3.150201612903226	402.72349536472717	210.8580610200954	343.1109030934884
3.0517578124999996	394.179541579118	204.1937465646593	337.1682441503222
2.8722426470588234	378.428891594812	193.48122235360748	325.22829303464954
2.712673611111111	363.74740979298355	181.91754464581027	314.9891824827391
2.5699013157894735	350.2090787138341	171.36712836064189	305.41726560726676
2.44140625	337.687216971567	161.76745587008284	296.4185330361835
2.3251488095238093	326.0552279206249	152.92992036724138	287.9660589563288
2.219460227272727	315.2223980764815	144.8110723860145	279.9909169303537
2.1229619565217392	305.09863202601105	137.28943783587027	272.46428302229634
2.034505208333333	295.6189527215383	130.3427329767684	265.33250303784104
1.953125	286.7161141378013	123.87949972121181	258.5730064316517
1.8780048076923075	278.34183295941585	117.88566245272435	252.14509030177388
1.808449074074074	270.4445116000533	112.28947586405904	246.03111076602949
1.743861607142857	262.9873695869228	107.08157826123974	240.1996922548626
1.683728448275862	255.92994371336331	102.20442144872628	234.6367241619616
1.6276041666666665	249.24365798952448	97.65177454981416	229.31753525465803
1.575100806451613	242.89620724837314	93.37676789526674	224.2305659652094
1.5258789062499998	236.8650107374093	89.37530223705042	219.35607733014584
1.4361213235294117	225.84716871078965	83.17956142524545	209.9716746987167
1.3563368055555556	215.62714012697373	76.53959241798005	201.5856005567537
1.2849506578947367	206.28398259539912	70.63495055233025	193.81379010764118
1.220703125	197.71934249493628	65.41331488631766	186.5851993921634
1.1625744047619047	189.8282094319807	60.714056881222064	179.85703320464188
1.1097301136363635	182.54242431063759	56.513743226223134	173.5740000684589
1.0614809782608696	175.78696413959779	52.7046542063937	167.69995881454682
1.0172526041666665	169.51306504197169	49.27608309712215	162.19293096349557
0.9765625	163.66480632294605	46.14834563915407	157.02388042427373
0.9390024038461537	158.20614161544557	43.316269932204264	152.16071767708917
0.904224537037037	153.09441697614633	40.719335725617775	147.5799315873625
0.8719308035714285	148.30236918236426	38.35540659001558	143.2566071440227
0.841864224137931	143.79685729337493	36.17771122167173	139.1715106557824
0.8138020833333333	139.55687420947882	34.1858964487241	135.30500960096566
0.7875504032258065	135.55627262760018	32.34333636779434	131.64122318365162
0.7629394531249999	131.77859841563682	30.650689285616643	128.16448122122705
0.7180606617647058	124.91633330864748	28.102347012803786	121.71420796131021
0.6781684027777778	118.63528985354574	25.418923026233596	115.88015512080239
0.6424753289473684	112.94962922439079	23.088416871980954	110.56465867659963
0.6103515625	107.78738201024832	21.08783673601229	105.70441269132758
0.5812872023809523	103.07070585683282	19.319376620490775	101.2439237328413
0.5548650568181818	98.75130905685252	17.777764357407257	97.13790266880639
0.5307404891304348	94.77519479557053	16.4006405772923	93.3453616265576
0.5086263020833333	91.10819067387449	15.186979188695016	89.83350194103097
0.48828125	87.71137928794364	14.09390993201495	86.57163368807221
0.46950120192307687	84.5597496712125	13.121615389645676	83.5354683594001
0.4521122685185185	81.62458670948776	12.239876622780022	80.70166402097176
0.43596540178571425	78.88711006720662	11.449185186028247	78.05185643744551
0.4209321120689655	76.3257110853771	10.72784664089769	75.56803212429074
0.40690104166666663	73.925985689351	10.076349695741742	73.23604670482463
0.39377520161290325	71.67139381332201	9.478888352995325	71.04181421343166
0.38146972656249994	69.55068313668998	8.935833437884847	68.97425900689787
0.3590303308823529	65.69556632082254	8.114020031742145	65.19256179303034
0.3390842013888889	62.21446597306259	7.279189470438946	61.78716029214171
0.3212376644736842	59.082220912864635	6.562948745317314	58.716577997724606
0.30517578125	56.251663330815795	5.954144628383518	55.935657582866924
0.29064360119047616	53.67862297221557	5.4223347597549765	53.40405274833009
0.2774325284090909	51.33134559892058	4.962059381842987	51.09094839290896
0.2653702445652174	49.17994207140397	4.555546993239264	48.96849695201027
0.25431315104166663	47.20199595564575	4.1989451538804605	47.01486235002184
0.244140625	45.376502795556135	3.881168733743146	45.21021494325512
0.23475060096153844	43.6871614086399	3.599291630657005	43.53863998452453
0.22605613425925924	42.11878464354423	3.3461654768924993	41.98565465073172
0.21798270089285712	40.65923402844495	3.1195210371512156	40.53938702396259
0.21046605603448276	39.29725814366823	2.91461522206402	39.189022898222554
0.20345052083333331	38.023635938479664	2.7296740678295	37.92552925755238
0.19688760080645162	36.82985390349759	2.561467180268735	36.74067261819499
0.19073486328124997	35.70878518938244	2.408600250242214	35.62746110145925
0.17951516544117646	33.667804533851125	2.174248470679814	33.59752529156504
0.16954210069444445	31.839650803922744	1.943690099203388	31.780267967938798
0.1606188322368421	30.19971328375254	1.7477170879695034	30.149098948414345
0.152587890625	28.720499918340316	1.5802677729376917	28.67699198530419
0.14532180059523808	27.379366822042055	1.4356248646502017	27.341702741854526
0.13871626420454544	26.157917541087652	1.310090313369305	26.125089731083357
0.1326851222826087	25.040766379553066	1.2002589448802972	25.011984314335997
0.12715657552083331	24.015135807564395	1.1037358605188836	23.989758544136418
0.1220703125	23.07019982942366	1.0183718310865815	23.047712228834968
0.11737530048076922	22.19681186857572	0.9425668426847846	22.176790229336955
0.11302806712962962	21.38713169170838	0.8749050744576378	21.369228884289793
0.10899135044642856	20.634442225368783	0.8142886299580447	20.61836899415672
0.10523302801724138	19.932925616056085	0.7597516230902341	19.918441231342292
0.10172526041666666	19.277539250582002	0.7105223838704681	19.264440752322624
0.09844380040322581	18.66387494586235	0.6659224952246381	18.651991186603702
0.09536743164062499	18.088074094939874	0.6253976998296441	18.077259255237855
0.08975758272058823	17.039070610059085	0.5632623907561329	17.02975815253226
0.08477105034722222	16.102977928646645	0.5025512937058102	16.095134058704687
0.08030941611842105	15.264388669301141	0.4511490890453418	15.257720208043619
0.0762939453125	14.50882460440646	0.4072540066457339	14.503107790246244
0.07266090029761904	13.824534484520884	0.3694645892802156	13.81959657989245
0.06935813210227272	13.201888413912243	0.33670388027625303	13.197594030367704
0.06634256114130435	12.632914137760876	0.30811369546168355	12.629156169859789
0.06357828776041666	12.110959219884444	0.28301792165856227	12.107651881422925
0.06103515625	11.630425636915618	0.2608671968377215	11.627499679700623
0.05868765024038461	11.186571215423625	0.2412198349374102	11.183970160411604
0.05651403356481481	10.775350236453438	0.2237109872780727	10.773027713340769
0.05449567522321428	10.393291559639907	0.20804228491226023	10.391209162141363
0.05261651400862069	10.03739895812181	0.19396375925330842	10.035524695032201
0.05086263020833333	9.705073509556733	0.18126800677002827	9.703380531321107
0.049221900201612906	9.3940491017951	0.1697791323079565	9.392514762999847
0.04768371582031249	9.102341424762223	0.1593493581403157	9.100946499952773
0.044878791360294115	8.570676824073855	0.14337171364025886	8.569477567182526
0.04238552517361111	8.097148935250704	0.1277915178365894	8.096140451326214
0.04015470805921052	7.673209930765868	0.11462027016634106	7.672353800188762
0.03814697265625	7.291457549527157	0.10338661794243505	7.290724545872448
0.03633045014880952	6.94589262049077	0.09372761132842101	6.945260213286669
0.03467906605113636	6.631602375931419	0.08536260527396722	6.631052955457382
0.033171280570652176	6.344524609266037	0.07806994114735111	6.344044262288182
0.03178914388020833	6.081271655975823	0.07167413958696882	6.080849264000005
0.030517578125	5.838995623780082	0.06603367936647198	5.838622221698564
0.029343825120192304	5.615285260511963	0.061034302437958744	5.614953550195123
0.028257016782407406	5.408085154190091	0.056582242982474114	5.407789149435315
0.02724783761160714	5.215632586014924	0.052600529472430865	5.215367336688754
0.026308257004310345	5.0364070920571455	0.049025056663626665	5.036168478192786
0.025431315104166664	4.869090329270908	0.045802444429988695	4.868874897826368
0.024610950100806453	4.712533487417393	0.042887670039900225	4.712338328026638
0.023841857910156247	4.565730951243535	0.04024277531286481	4.565553596025165
0.022439395680147058	4.298103957313346	0.036192830081664455	4.297951571030475
0.021192762586805556	4.0599755559679735	0.032246902698590096	4.059847491264149
0.02007735402960526	3.8468494857644955	0.028913319193986906	3.846740826478923
0.019073486328125	3.6549843135042988	0.026071664041327235	3.654891325374341
0.01816522507440476	3.481349636829949	0.023629600065323962	3.48126944315673
0.01733953302556818	3.3234648933335817	0.02151557137238493	3.323395248448387
0.016585640285326088	3.1792800222017803	0.019673295504387463	3.1792191527190052
0.015894571940104164	3.047085981225101	0.01805810798231162	3.047032471391573
0.0152587890625	2.925446646977684	0.01663412984938546	2.9253993556499474
0.014671912560096152	2.8131464408319	0.015372321763344177	2.8131044398117875
0.014128508391203703	2.709149546441947	0.014248940622607556	2.70911207458786
0.01362391880580357	2.6125678719776864	0.013244448113948839	2.6125343003076864
0.013154128502155173	2.5226356152849814	0.012342627126841407	2.522605420405626
0.012715657552083332	2.43868891955346	0.01152994249877379	2.4386616630395443
0.012305475050403226	2.3601494516991988	0.010795012997656615	2.3601247640856635
0.011920928955078123	2.2865110624763774	0.01012822310599276	2.286488630613231
0.011219697840073529	2.152247692672544	0.009107392722777137	2.152228423288774
0.010596381293402778	2.032842461749861	0.00811299089291184	2.032826272378436
0.01003867701480263	1.9259902221474512	0.007273076480617253	1.9259764895154081
0.0095367431640625	1.8298102509878478	0.006557222788745979	1.8297985018710419
0.00908261253720238	1.7427796586740882	0.0059421258404368255	1.7427695286034433
0.00866976651278409	1.6636521565754951	0.005409722060188049	1.6636433611160557
0.008292820142663044	1.5913979783600283	0.004945812736032728	1.5913902929403476
0.007947285970052082	1.5251588207351725	0.004539132081868715	1.5251520661056213
0.00762939453125	1.4642135765265625	0.004180631024534369	1.4642076082335265
0.007335956280048076	1.4079519795750453	0.003862989702225311	1.4079466801338214
0.007064254195601851	1.3558540915595758	0.0035802207408813878	1.3558493646487022
0.006811959402901785	1.3074741897848543	0.0033274016971973994	1.3074699558121812
0.006577064251077586	1.2624279778671157	0.0031004433572231274	1.2624241706148704
0.006357828776041666	1.2203823595765761	0.002895937070960779	1.2203789235783173
0.006152737525201613	1.181047183866673	0.002711013073310133	1.1810440723899829
0.005960464477539062	1.1441685425651171	0.002543250592300745	1.1441657160009686
0.005609848920036764	1.0769239197575935	0.002286426218517364	1.0769214925895048
0.005298190646701389	1.017135824787923	0.0020363186360275133	1.0171337864181982
0.005019338507401315	0.9636372120988856	0.0018251048818529974	0.9636354837457383
0.00476837158203125	0.9154852194018632	0.0016451277689121654	0.9154837412526241
0.00454130626860119	0.8719164733337671	0.001490510641590986	0.8719151993449943
0.004334883256392045	0.8323063265436749	0.0013567093670314738	0.8323052207840101
0.004146410071331522	0.7961387073061063	0.0012401433401051328	0.7961377414213786
0.003973642985026041	0.7629835166824924	0.0011379792062838822	0.7629826680420134
0.003814697265625	0.7324794365454659	0.0010479350505630438	0.7324786869213964
0.003667978140024038	0.7043207129330981	0.0009681703112833911	0.7043200475017277
0.0035321270978009257	0.6782468669716898	0.0008971752974104219	0.6782462735860764
0.0034059797014508925	0.6540346167091764	0.0008337125077859762	0.6540340853329998
0.003288532125538793	0.6314914636499189	0.0007767510557761047	0.6314909859376571
0.003178914388020833	0.6104505665962439	0.0007254341583118418	0.6104501355581445
0.0030763687626008066	0.590766602907913	0.0006790385472664773	0.5907662126577714
0.002980232238769531	0.5723124092336128	0.0006369558484133622	0.5723120547830784
0.002804924460018382	0.5386618198857702	0.0005725383073306702	0.5386615156130393
0.0026490953233506945	0.5087464036638167	0.0005098310996475549	0.5087461482046984
0.0025096692537006577	0.48197898014903995	0.0004568883574552141	0.48197876359704633
0.002384185791015625	0.45788749041732874	0.00041178619370805473	0.4578873052540439
0.002270653134300595	0.436089765138994	0.00037304700132452105	0.4360896055799975
0.0021674416281960225	0.4162731033429994	0.0003395295000771761	0.41627296487584925
0.002073205035665761	0.39817917207324466	0.0003103342743401188	0.39817905113852076
0.0019868214925130205	0.3815926841146408	0.00028474985551085757	0.38159257787244216
0.0019073486328125	0.3663327895281823	0.00026220360268192793	0.3663326956917309
0.001833989070012019	0.3522464555543588	0.0002422334137767165	0.3522463722646155
0.0017660635489004629	0.339203315640142	0.00022446078060922304	0.3392032413739936
0.0017029898507254463	0.3270916233192102	0.00020857504783875123	0.327091556818646
0.0016442660627693966	0.3158150420620387	0.00019431796376536388	0.31581498228104415
0.0015894571940104165	0.3052900777927284	0.00018147446977132545	0.3052900238555249
0.0015381843813004033	0.2954440076624366	0.00016986350446840113	0.29544395883150454
0.0014901161193847654	0.2862131975544463	0.0001593323774772303	0.2862131532049741
0.001402462230009191	0.26938083839273574	0.0001432115885663563	0.26938080032477096
0.0013245476616753472	0.25441779563025096	0.0001275215948984052	0.2544177636714838
0.0012548346268503288	0.2410295606592793	0.00011427604044413367	0.24102953356921178
0.0011920928955078125	0.2289799470517639	0.00010299236333419631	0.22897992388941368
0.0011353265671502975	0.21807775005007865	9.330125233982644e-5	0.21807773009131606
0.0010837208140980113	0.20816652488254433	8.491653374099609e-5	0.20816650756271346
0.0010366025178328805	0.19911703109640205	7.761346010040713e-5	0.19911701596999778
0.0009934107462565103	0.19082156571039974	7.121367911650504e-5	0.19082155242210014
0.00095367431640625	0.1831896561840771	6.5574107748923e-5	0.18318964444770552
0.0009169945350060095	0.17614474725737625	6.0578937472959886e-5	0.17614473684035323
0.0008830317744502314	0.16962162394119087	5.613358869470019e-5	0.16962161465292977
0.0008514949253627231	0.16356438668701417	5.216022890192227e-5	0.16356437837013785
0.0008221330313846983	0.1579248454337329	4.859432135236836e-5	0.15792483795736614
0.0007947285970052083	0.15266123482185065	4.538199890322283e-5	0.1526612280764386
0.0007690921906502017	0.1477371780479257	4.2478009052916256e-5	0.14773717194119848
0.0007450580596923827	0.1431208449817449	3.98441157760229e-5	0.14312083943554513
0.0007012311150045955	0.13470289960083412	3.5812228992915466e-5	0.13470289484029901
0.0006622738308376736	0.1272200449609817	3.188823735323769e-5	0.12722004096452147
0.0006274173134251644	0.12052479691203255	2.8575679598490523e-5	0.12052479352447457
0.0005960464477539062	0.11449902313636141	2.5753797383371946e-5	0.11449902024001317
0.0005676632835751488	0.10904709117480053	2.333024159444221e-5	0.10904708867908894
0.0005418604070490056	0.1040907551475517	2.123341302231205e-5	0.10409075298185584
0.0005183012589164402	0.09956537629468672	1.940710797574691e-5	0.09956537440328703
0.0004967053731282551	0.09541708832740747	1.7806709717730107e-5	0.09541708666586593
0.000476837158203125	0.09160064305710831	1.6396435387952183e-5	0.09160064158963446
0.00045849726750300476	0.08807775316019283	1.5147317096365478e-5	0.08807775185770038
0.0004415158872251157	0.08481580319811688	1.4035701567506521e-5	0.08481580203677128
0.00042574746268136157	0.08178683683339596	1.3042121479239264e-5	0.08178683579351632
0.00041106651569234915	0.07896675357680143	1.2150436886239678e-5	0.07896675264202122
0.00039736429850260413	0.07633466617744115	1.1347175373804439e-5	0.07633466533406032
0.00038454609532510083	0.07387238238311716	1.0621019848331892e-5	0.07387238161959729
0.00037252902984619135	0.07156398386625838	9.962407668659024e-6	0.071563983172826
0.0003506155575022978	0.06735456972553987	8.954230001375336e-6	0.06735456913034465
0.0003311369154188368	0.06361280912345704	7.973044904098562e-6	0.06361280862379788
0.0003137086567125822	0.060264902480055046	7.144756120263019e-6	0.06026490205652876
0.0002980232238769531	0.05725177386900595	6.4391649199494625e-6	0.05725177350689625
0.0002838316417875744	0.0545255995376221	5.8331774736777765e-6	0.0545255992256039
0.0002709302035245028	0.052047250675887786	5.308889105197818e-6	0.0520472504051309
0.0002591506294582201	0.049784403269456906	4.852245274312043e-6	0.04978440303299445
0.00024835268656412757	0.04771012047584308	4.452089038748754e-6	0.04771012026811885
0.0002384185791015625	0.045801775220871914	4.099472576962739e-6	0.04580177503741095
0.00022924863375150238	0.044040221420016734	3.7871522685697584e-6	0.04404022125718238
0.00022075794361255786	0.0424091493679713	3.509213518897803e-6	0.042409149222783535
0.00021287373134068078	0.04089457925550507	3.2607884689618325e-6	0.040894579125503226
0.00020553325784617457	0.03948445947337243	3.037841328606519e-6	0.03948445935651025
0.00019868214925130207	0.038168345253502635	2.837003330844423e-6	0.03816834514806725
0.00019227304766255041	0.0369371395072262	2.6554446743536753e-6	0.03693713941177503
0.00018626451492309568	0.03578288225523747	2.4907742773150824e-6	0.03578288216854859
0.0001753077787511489	0.03367806482144095	2.2387041126407164e-6	0.033678064747033526
0.0001655684577094184	0.03180710120388329	1.993384438545403e-6	0.03180710114141954
0.0001568543283562911	0.03013307723057639	1.7862935672221984e-6	0.03013307717763051
0.00014901161193847656	0.028626452496719374	1.6098806848753646e-6	0.028626452451451526
0.0001419158208937872	0.02726331324535069	1.4583715084882737e-6	0.027263313206345022
0.0001354651017622514	0.026024093604053743	1.3272892628914035e-6	0.026024093570206325
0.00012957531472911006	0.02489263040714347	1.2131198576390963e-6	0.02489263037758332
0.00012417634328206378	0.023855454308919413	1.1130737140801737e-6	0.023855454282951914
0.00011920928955078125	0.022901251027373618	1.024913613607706e-6	0.02290125100443933
0.00011462431687575119	0.02202044691459735	9.468284435918391e-7	0.022020446894241628
0.00011037897180627893	0.02120488662145632	8.773393975349375e-7	0.021204886603306626
0.00010643686567034039	0.02044757983323594	8.152293819572848e-7	0.02044757981698465
0.00010276662892308729	0.019742500404171172	7.594893466706306e-7	0.019742500389562483
9.934107462565103e-5	0.019084425664585764	7.092770203556782e-7	0.019084425651405543
9.613652383127521e-5	0.018468806829512064	6.638848837495819e-7	0.018468806817579966
9.313225746154784e-5	0.01789166370542521	6.227151156704796e-7	0.017891663694588486
8.765388937557444e-5	0.016839227397558738	5.596943554838322e-7	0.01683922738825731
8.27842288547092e-5	0.015903724760153823	4.983615111615762e-7	0.015903724752345458
7.842716417814555e-5	0.015066695110991091	4.465864600803901e-7	0.015066695104372536
7.450580596923828e-5	0.014313367637288412	4.024813532828251e-7	0.014313367631629671
7.09579104468936e-5	0.013631784990432036	3.646025196891096e-7	0.013631784985556117
6.77325508811257e-5	0.013012163867376067	3.3183068954113646e-7	0.013012163863144964
6.478765736455503e-5	0.012446422395660416	3.032872817038296e-7	0.01244642239196525
6.208817164103189e-5	0.011927825671328983	2.7827486086227246e-7	0.011927825668082922
5.9604644775390625e-5	0.011450716367152908	2.5623408732590176e-7	0.011450716364286018
5.7312158437875595e-5	0.011010307507771528	2.367121579108105e-7	0.011010307505226974
5.5189485903139464e-5	0.010602521294500778	2.193393519099645e-7	0.01060252129223199
5.3218432835170196e-5	0.010223862467461023	2.038113784345259e-7	0.010223862465429548
5.138331446154364e-5	0.009871317868486924	1.8987596397794903e-7	0.00987131786666078
4.9670537312825516e-5	0.009542276091331025	1.7732252859674404e-7	0.009542276089683447
4.8068261915637603e-5	0.00923446268335322	1.6597418513965698e-7	0.009234462681861665
4.656612873077392e-5	0.008945887496823892	1.5568147226314367e-7	0.008945887495469264
4.382694468778722e-5	0.008419662445135008	1.3992587961676528e-7	0.008419662443972298
4.13921144273546e-5	0.007951905919339097	1.2459230305485507e-7	0.007951905918363027
3.9213582089072776e-5	0.007533386679179299	1.1164824865242567e-7	0.00753338667835196
3.725290298461914e-5	0.0071567191656731425	1.0062173607981191e-7	0.007156719164965784
3.54789552234468e-5	0.006815924586982881	9.115183529263157e-8	0.006815924586373377
3.386627544056285e-5	0.006506111199877923	8.295871901603384e-8	0.0065061111993490245
3.2393828682277515e-5	0.006223237995725491	7.582273513595585e-8	0.006223237995263586
3.1044085820515946e-5	0.005963937464771657	6.956951913670516e-8	0.005963937464365892
2.9802322387695312e-5	0.0057253808968468975	6.405923237091898e-8	0.00572538089648853
2.8656079218937797e-5	0.005505174766419658	5.917867033014708e-8	0.005505174766101583
2.7594742951569732e-5	0.005301280143119111	5.4835400818392635e-8	0.005301280142835508
2.6609216417585098e-5	0.00511194937137537	5.095334897289836e-8	0.0051119493711214315
2.569165723077182e-5	0.004935675850784847	4.7469443917906906e-8	0.004935675850556575
2.4835268656412758e-5	0.004771153860372567	4.4331041705462916e-8	0.004771153860166617
2.4034130957818802e-5	0.0046172461587786874	4.149391666298284e-8	0.00461724615859224
2.328306436538696e-5	0.00447295765939726	3.8920704930404005e-8	0.00447295765922793
2.191347234389361e-5	0.004209843409112165	3.4981756163182654e-8	0.0042098434089668235
2.06960572136773e-5	0.00397596384444873	3.114831645897756e-8	0.0039759638443267195
1.9606791044536388e-5	0.0037667031204803303	2.7912266391524473e-8	0.0037667031203769117
1.862645149230957e-5	0.0035783684195683984	2.5155608752074388e-8	0.003578368419479978
1.77394776117234e-5	0.003407970316411591	2.2788109434118924e-8	0.0034079703163354025
1.6933137720281426e-5	0.0032530629164680626	2.073981074114548e-8	0.0032530629164019497
1.6196914341138758e-5	0.003111625697320674	1.8955798037853482e-8	0.003111625697262935
1.5522042910257973e-5	0.002981974889648876	1.7392480311324775e-8	0.0029819748895981548
1.4901161193847656e-5	0.0028626961267290535	1.6014896947035687e-8	0.002862696126684257
1.4328039609468899e-5	0.002752592636332766	1.479474643932784e-8	0.002752592636293006
1.3797371475784866e-5	0.0026506449455174228	1.3708920535143248e-8	0.002650644945481972
1.3304608208792549e-5	0.0025559792200906288	1.2738400288761557e-8	0.0025559792200588864
1.284582861538591e-5	0.0024678421545204607	1.1867417570247813e-8	0.0024678421544919267
1.2417634328206379e-5	0.0023855808838563895	1.108281143735869e-8	0.002385580883830646
1.2017065478909401e-5	0.0023086267836590116	1.037352557392269e-8	0.0023086267836357056
1.164153218269348e-5	0.002236482307439647	9.730218438818541e-9	0.00223648230741848
1.0956736171946805e-5	0.0021049247511867233	8.745474804699674e-9	0.0021049247511685555
1.034802860683865e-5	0.0019879846434146193	7.787109231827265e-9	0.001987984643399368
9.803395522268194e-6	0.0018833540054590322	6.978092059620878e-9	0.0018833540054461048
9.313225746154785e-6	0.0017891864189639758	6.2889240175592766e-9	0.001789186418952923
8.8697388058617e-6	0.0017039871639331625	5.69704624562069e-9	0.001703987163923639
8.466568860140713e-6	0.0016265332873639932	5.18496907691128e-9	0.001626533287355729
8.098457170569379e-6	0.001555814523522831	4.738963742480696e-9	0.0015558145235156137
7.761021455128987e-6	0.0014909889841384864	4.348132680384703e-9	0.0014909889841321462
7.450580596923828e-6	0.0014313494829394098	4.003735300635463e-9	0.0014313494829338103
7.164019804734449e-6	0.0013762976314457965	3.6986964548924765e-9	0.0013762976314408266
6.898685737892433e-6	0.0013253236912470151	3.42723891880843e-9	0.0013253236912425838
6.6523041043962745e-6	0.0012779907436450343	3.184608020095663e-9	0.0012779907436410666
6.422914307692955e-6	0.001233922134541324	2.966861448114747e-9	0.0012339221345377572
6.2088171641031895e-6	0.0011927914303449115	2.7707092295841394e-9	0.0011927914303416936
6.0085327394547004e-6	0.001154314317896166	2.5933871575253594e-9	0.0011543143178932528
5.82076609134674e-6	0.0011182420231543883	2.4325598426764626e-9	0.0011182420231517424
5.478368085973403e-6	0.0010524631372503387	2.186373189798487e-9	0.0010524631372480677
5.174014303419325e-6	0.0009939930020043026	1.9467810786846894e-9	0.0009939930020023962
4.901697761134097e-6	0.0009416776140337767	1.7445262370064937e-9	0.0009416776140321608
4.656612873077393e-6	0.0008945937617765277	1.5722337027360163e-9	0.0008945937617751462
4.43486940293085e-6	0.0008519940833980775	1.424263910180015e-9	0.0008519940833968871
4.2332844300703565e-6	0.0008132671009642012	1.2962443395535036e-9	0.0008132671009631682
4.049228585284689e-6	0.0007779076804767989	1.1847427208756365e-9	0.0007779076804758968
3.880510727564493e-6	0.0007454948768975266	1.087034708725596e-9	0.0007454948768967341
3.725290298461914e-6	0.0007156750963632335	1.0009351776687375e-9	0.0007156750963625335
3.5820099023672247e-6	0.0006881491440426064	9.246754115079992e-10	0.0006881491440419851
3.4493428689462165e-6	0.0006626621502454407	8.568108339883396e-10	0.0006626621502448868
3.3261520521981373e-6	0.0006389956552223037	7.96152971089687e-10	0.0006389956552218077
3.2114571538464777e-6	0.0006169613315908168	7.417162194310156e-10	0.000616961331590371
3.1044085820515948e-6	0.0005963959622765364	6.926781097488518e-10	0.0005963959622761342
3.0042663697273502e-6	0.0005771573904646669	6.483475405612406e-10	0.0005771573904643027
2.91038304567337e-6	0.0005591212289357486	6.0814059015972e-10	0.0005591212289354179
2.7391840429867014e-6	0.0005262317590393323	5.46593882770797e-10	0.0005262317590390485
2.5870071517096626e-6	0.0004969966710763238	4.866957273532951e-10	0.0004969966710760855
2.4508488805670485e-6	0.00047083895984289284	4.361319681019142e-10	0.00047083895984269085
2.3283064365386963e-6	0.00044729701896185323	3.9305876597956953e-10	0.0004472970189616805
2.217434701465425e-6	0.0004259971670568697	3.560662650387443e-10	0.0004259971670567209
2.1166422150351783e-6	0.00040663366480260744	3.2406132236850885e-10	0.0004066336648024783
2.0246142926423447e-6	0.00038895394491721846	2.9618591859584034e-10	0.00038895394491710565
1.9402553637822466e-6	0.00037274753465581033	2.7175886953933224e-10	0.00037274753465571124
1.862645149230957e-6	0.00035783763690497983	2.5023396651839704e-10	0.00035783763690489233
1.7910049511836123e-6	0.00034407465410120054	2.3116900594002457e-10	0.00034407465410112286
1.7246714344731083e-6	0.0003313311512781907	2.1420286802300609e-10	0.00033133115127812146
1.6630760260990686e-6	0.00031949789846107346	1.9903832363265995e-10	0.00031949789846101145
1.6057285769232388e-6	0.0003084807318754439	1.8542919274368443e-10	0.0003084807318753882
1.5522042910257974e-6	0.00029819804291427435	1.7316962473373807e-10	0.00029819804291422405
1.5021331848636751e-6	0.00028857875311146506	1.620869790764661e-10	0.00028857875311141953
1.455191522836685e-6	0.0002795606688075053	1.5203522623267688e-10	0.00027956066880746393
1.3695920214933507e-6	0.0002631159271231918	1.3664853778054385e-10	0.0002631159271231563
1.2935035758548313e-6	0.0002484983780566974	1.2167398905429552e-10	0.00024849837805666756
1.2254244402835243e-6	0.00023541951812794168	1.0903305227852421e-10	0.00023541951812791644
1.1641532182693481e-6	0.00022364854399931536	9.826472491816411e-11	0.00022364854399929378
1.1087173507327124e-6	0.00021299861486788843	8.901660374430079e-11	0.0002129986148678698
1.0583211075175891e-6	0.00020331686098142777	8.101536029309901e-11	0.00020331686098141164
1.0123071463211724e-6	0.00019447699862830983	7.404651401709975e-11	0.00019447699862829574
9.701276818911233e-7	0.0001863737913796648	6.793974447035415e-11	0.00018637379137965241
9.313225746154785e-7	0.00017891884063332589	6.255850548879388e-11	0.00017891884063331494
8.955024755918062e-7	0.00017203734757057374	5.77922767195048e-11	0.00017203734757056404
8.623357172365541e-7	0.00016566559467795806	5.355073541451601e-11	0.0001656655946779494
8.315380130495343e-7	0.0001597489669430215	4.975959870335462e-11	0.00015974896694301375
8.028642884616194e-7	0.00015424038245772468	4.6357309269082124e-11	0.00015424038245771772
7.761021455128987e-7	0.00014909903690113862	4.3292422921778515e-11	0.00014909903690113233
7.510665924318376e-7	0.00014428939102551159	4.052174885319929e-11	0.0001442893910255059
7.275957614183425e-7	0.00013978034798866113	3.8008822547271984e-11	0.00013978034798865595
6.847960107466753e-7	0.00013155797546247566	3.4162140577530423e-11	0.00013155797546247122
6.467517879274156e-7	0.00012424919965798122	3.0418502904484374e-11	0.0001242491996579775
6.127122201417621e-7	0.00011770976861559369	2.7258274393803733e-11	0.00011770976861559053
5.820766091346741e-7	0.00011182428062925529	2.4566186170435832e-11	0.00011182428062925259
5.543586753663562e-7	0.00010649931526880772	2.2254158665770042e-11	0.00010649931526880539
5.291605537587946e-7	0.00010165843763574398	2.0253841499922183e-11	0.00010165843763574196
5.061535731605862e-7	9.723850585657895e-5	1.8511632807923086e-11	9.723850585657719e-5
4.850638409455617e-7	9.318690170277106e-5	1.698493721640473e-11	9.31869017027695e-5
4.6566128730773926e-7	8.945942586187299e-5	1.5639630413357077e-11	8.945942586187162e-5
4.477512377959031e-7	8.601867891527955e-5	1.4448073100163137e-11	8.601867891527834e-5
4.3116785861827706e-7	8.283280209869223e-5	1.3387678500716168e-11	8.283280209869115e-5
4.1576900652476716e-7	7.987448789963187e-5	1.2439903427341665e-11	7.987448789963091e-5
4.014321442308097e-7	7.712019535886286e-5	1.1589327948834525e-11	7.712019535886199e-5
3.8805107275644935e-7	7.454952231156945e-5	1.0823109355631566e-11	7.454952231156866e-5
3.755332962159188e-7	7.214469913020192e-5	1.0130440791168282e-11	7.21446991302012e-5
3.6379788070917124e-7	6.989017739055486e-5	9.502199955285693e-12	6.989017739055421e-5
3.4239800537333767e-7	6.577899070645896e-5	8.540540075115427e-12	6.57789907064584e-5
3.233758939637078e-7	6.212460248639826e-5	7.60462452902962e-12	6.21246024863978e-5
3.0635611007088106e-7	5.8854886695701614e-5	6.814568876738708e-12	5.885488669570122e-5
2.9103830456733704e-7	5.591214247202768e-5	6.141549822968139e-12	5.591214247202735e-5
2.771793376831781e-7	5.32496595931187e-5	5.563538353361684e-12	5.324965959311841e-5
2.645802768793973e-7	5.082922060412926e-5	5.0634590308207526e-12	5.082922060412901e-5
2.530767865802931e-7	4.8619254563894815e-5	4.627906836971581e-12	4.861925456389459e-5
2.4253192047278083e-7	4.659345235462197e-5	4.246240556905645e-12	4.659345235462178e-5
2.3283064365386963e-7	4.4729714317237865e-5	3.909904666834466e-12	4.4729714317237696e-5
2.2387561889795154e-7	4.3009340740138044e-5	3.612019912063316e-12	4.300934074013789e-5
2.1558392930913853e-7	4.141640223927533e-5	3.346919722606976e-12	4.14164022392752e-5
2.0788450326238358e-7	3.993724505684547e-5	3.1099744101262627e-12	3.993724505684535e-5
2.0071607211540486e-7	3.856009871193246e-5	2.897335131187509e-12	3.856009871193235e-5
1.9402553637822467e-7	3.727476212103401e-5	2.705775878934549e-12	3.727476212103391e-5
1.877666481079594e-7	3.607235046946216e-5	2.5326102623909343e-12	3.607235046946207e-5
1.8189894035458562e-7	3.494508954433482e-5	2.375551587844486e-12	3.494508954433474e-5
1.7119900268666884e-7	3.2889496097034014e-5	2.135134312218658e-12	3.2889496097033946e-5
1.616879469818539e-7	3.10623019075515e-5	1.9011569394608848e-12	3.106230190755144e-5
1.5317805503544053e-7	2.9427443944827244e-5	1.7036430126141763e-12	2.9427443944827197e-5
1.4551915228366852e-7	2.7956071775363063e-5	1.5353859653835226e-12	2.795607177536302e-5
1.3858966884158905e-7	2.6624830286238503e-5	1.390885377371566e-12	2.662483028623847e-5
1.3229013843969864e-7	2.5414610748629182e-5	1.2658647807260184e-12	2.541461074862915e-5
1.2653839329014654e-7	2.4309627690849175e-5	1.1569774932399383e-12	2.4309627690849148e-5
1.2126596023639041e-7	2.3296726553119285e-5	1.0615601544776408e-12	2.329672655311926e-5
1.1641532182693481e-7	2.23648575051943e-5	9.774746530139793e-13	2.2364857505194277e-5
1.1193780944897577e-7	2.1504670690693812e-5	9.030065249113617e-13	2.150467069069379e-5
1.0779196465456927e-7	2.0708201417119778e-5	8.367291754156164e-13	2.070820141711976e-5
1.0394225163119179e-7	1.9968622805180745e-5	7.774951458397882e-13	1.9968622805180728e-5
1.0035803605770243e-7	1.9280049614090466e-5	7.243314941710034e-13	1.9280049614090453e-5
9.701276818911234e-8	1.863738130183016e-5	6.76446277905004e-13	1.8637381301830145e-5
9.38833240539797e-8	1.8036175460820757e-5	6.331502733087499e-13	1.8036175460820743e-5
9.094947017729281e-8	1.747254498443217e-5	5.938902092433988e-13	1.747254498443216e-5
8.559950134333442e-8	1.6444748234468037e-5	5.337828287401658e-13	1.6444748234468027e-5
8.084397349092696e-8	1.5531151119863535e-5	4.752884782809597e-13	1.5531151119863528e-5
7.658902751772027e-8	1.471372212165763e-5	4.2591075629056243e-13	1.4713722121657624e-5
7.275957614183426e-8	1.3978036022519248e-5	3.8384725589470544e-13	1.3978036022519242e-5
6.929483442079453e-8	1.3312415265539145e-5	3.4772210762723114e-13	1.331241526553914e-5
6.614506921984932e-8	1.2707305485955734e-5	3.1646619835089513e-13	1.270730548595573e-5
6.326919664507327e-8	1.215481394764983e-5	2.892439942188544e-13	1.2154813947649826e-5
6.063298011819521e-8	1.1648363370511724e-5	2.653900424098203e-13	1.164836337051172e-5
5.820766091346741e-8	1.1182428839241203e-5	2.4436866548928314e-13	1.1182428839241201e-5
5.5968904724487885e-8	1.0752335425502803e-5	2.2575125124026477e-13	1.0752335425502801e-5
5.389598232728463e-8	1.0354100782930734e-5	2.0918306126445823e-13	1.0354100782930732e-5
5.1971125815595895e-8	9.984311471779366e-6	1.943726397260213e-13	9.984311471779364e-6
5.0179018028851214e-8	9.640024871577121e-6	1.8108479188173248e-13	9.64002487157712e-6
4.850638409455617e-8	9.318690711242546e-6	1.6910965480956286e-13	9.318690711242545e-6
4.694166202698985e-8	9.018087786933322e-6	1.5828833552017612e-13	9.01808778693332e-6
4.5474735088646405e-8	8.736272545281764e-6	1.4847178530266412e-13	8.736272545281762e-6
4.279975067166721e-8	8.222374163721933e-6	1.334458962418423e-13	8.222374163721931e-6
4.042198674546348e-8	7.765575601453973e-6	1.18822690325856e-13	7.765575601453971e-6
3.829451375886013e-8	7.356861098139874e-6	1.0647788096339578e-13	7.356861098139873e-6
3.637978807091713e-8	6.989018044968751e-6	9.596105423235437e-14	6.98901804496875e-6
3.464741721039726e-8	6.656207663374343e-6	8.693014767072055e-14	6.656207663374342e-6
3.307253460992466e-8	6.353652770888256e-6	7.911693104425849e-14	6.353652770888255e-6
3.1634598322536636e-8	6.077406999381225e-6	7.231080877164146e-14	6.077406999381224e-6
3.0316490059097604e-8	5.824181708743883e-6	6.634751104833843e-14	5.824181708743882e-6
2.9103830456733704e-8	5.59121444128182e-6	6.109293092281827e-14	5.591214441281819e-6
2.7984452362243943e-8	5.37616773279032e-6	5.6437431185335094e-14	5.37616773279032e-6
2.6947991163642316e-8	5.17705041005787e-6	5.229538344166987e-14	5.17705041005787e-6
2.5985562907797947e-8	4.992155753187292e-6	4.8593926213264353e-14	4.992155753187292e-6
2.5089509014425607e-8	4.820012451921068e-6	4.5270431964968836e-14	4.820012451921068e-6
2.4253192047278084e-8	4.659345370703655e-6	4.2278372522582895e-14	4.659345370703655e-6
2.3470831013494924e-8	4.509043907597087e-6	3.9571317216107774e-14	4.509043907597087e-6
2.2737367544323203e-8	4.368136285907612e-6	3.711871377972161e-14	4.368136285907612e-6
2.1399875335833604e-8	4.111187093482868e-6	3.336128486075418e-14	4.111187093482868e-6
2.021099337273174e-8	3.8827878111073846e-6	2.970538826956818e-14	3.8827878111073846e-6
1.9147256879430066e-8	3.678430558397648e-6	2.66193756749931e-14	3.678430558397648e-6
1.8189894035458565e-8	3.4945090309118603e-6	2.3990643932002684e-14	3.4945090309118603e-6
1.732370860519863e-8	3.32810383933844e-6	2.1732631659937032e-14	3.32810383933844e-6
1.653626730496233e-8	3.1768263924216736e-6	1.9779232901769766e-14	3.1768263924216736e-6
1.5817299161268318e-8	3.038703506079715e-6	1.80777019865897e-14	3.038703506079715e-6
1.5158245029548802e-8	2.9120908602439204e-6	1.6586782509113155e-14	2.9120908602439204e-6
1.4551915228366852e-8	2.79560722605606e-6	1.527304196540805e-14	2.79560722605606e-6
1.3992226181121971e-8	2.6880838714049162e-6	1.4109262106567424e-14	2.6880838714049162e-6
1.3473995581821158e-8	2.5885252096771894e-6	1.3074132485021775e-14	2.5885252096771894e-6
1.2992781453898974e-8	2.496077880917893e-6	1.2148290160646062e-14	2.496077880917893e-6
1.2544754507212804e-8	2.410006229993712e-6	1.131741624026363e-14	2.410006229993712e-6
1.2126596023639042e-8	2.3296726891223453e-6	1.056978487548682e-14	2.3296726891223453e-6
1.1735415506747462e-8	2.254521957331304e-6	9.893021120052995e-15	2.254521957331304e-6
1.1368683772161601e-8	2.184068146270281e-6	9.279294922095262e-15	2.184068146270281e-6
1.0699937667916802e-8	2.0555935496469477e-6	8.340368987208036e-15	2.0555935496469477e-6
1.010549668636587e-8	1.941393908148868e-6	7.426489391851629e-15	1.941393908148868e-6
9.573628439715033e-9	1.8392152815307777e-6	6.654891356484071e-15	1.8392152815307777e-6
9.094947017729282e-9	1.747254517562699e-6	5.997471133175732e-15	1.747254517562699e-6
8.661854302599316e-9	1.6640519215820246e-6	5.43315815692337e-15	1.6640519215820246e-6
8.268133652481165e-9	1.588413197955223e-6	4.94480845585322e-15	1.588413197955223e-6
7.908649580634159e-9	1.519351754637146e-6	4.519473116219684e-15	1.519351754637146e-6
7.579122514774401e-9	1.4560454315899547e-6	4.146647826596723e-15	1.4560454315899547e-6
7.275957614183426e-9	1.3978036143818814e-6	3.818403775793339e-15	1.3978036143818814e-6
6.996113090560986e-9	1.34404193695491e-6	3.527315720296849e-15	1.34404193695491e-6
6.736997790910579e-9	1.2942626060005808e-6	3.2683896154927946e-15	1.2942626060005808e-6
6.496390726949487e-9	1.2480389415400854e-6	3.0372642096995406e-15	1.2480389415400854e-6
6.272377253606402e-9	1.2050031160051506e-6	2.829258311256153e-15	1.2050031160051506e-6
6.063298011819521e-9	1.1648363455037507e-6	2.6423504284682983e-15	1.1648363455037507e-6
5.867707753373731e-9	1.1272609795488164e-6	2.4732553164633606e-15	1.1272609795488164e-6
5.684341886080801e-9	1.0920340739643107e-6	2.3198236444789976e-15	1.0920340739643107e-6
5.349968833958401e-9	1.0277967755498648e-6	2.0851631410371852e-15	1.0277967755498648e-6
5.052748343182935e-9	9.706969547231894e-7	1.8565512513755868e-15	9.706969547231894e-7
4.786814219857517e-9	9.196076413483706e-7	1.663722868330592e-15	9.196076413483706e-7
4.547473508864641e-9	8.736272593080862e-7	1.4994391001457877e-15	8.736272593080862e-7
4.330927151299658e-9	8.320259612692068e-7	1.358265733137962e-15	8.320259612692068e-7
4.1340668262405825e-9	7.942065994137145e-7	1.2362258579372594e-15	7.942065994137145e-7
3.9543247903170795e-9	7.596758777178886e-7	1.1298683872481554e-15	7.596758777178886e-7
3.7895612573872004e-9	7.280227161619825e-7	1.0366620602878001e-15	7.280227161619825e-7
3.637978807091713e-9	6.989018075293651e-7	9.54529191646994e-16	6.989018075293651e-7
3.498056545280493e-9	6.720209687905616e-7	8.818050014695823e-16	6.720209687905616e-7
3.3684988954552896e-9	6.471313032908322e-7	8.171931947804454e-16	6.471313032908322e-7
3.2481953634747434e-9	6.240194710402824e-7	7.592441591373652e-16	6.240194710402824e-7
3.136188626803201e-9	6.025015582546617e-7	7.0731452966515815e-16	6.025015582546617e-7
3.0316490059097605e-9	5.82418172987552e-7	6.606594640384857e-16	5.82418172987552e-7
2.9338538766868654e-9	5.636304899952057e-7	6.183377504761759e-16	5.636304899952057e-7
2.8421709430404003e-9	5.460170371894288e-7	5.798839720353662e-16	5.460170371894288e-7
2.6749844169792006e-9	5.138983879565113e-7	5.212553705299024e-16	5.138983879565113e-7
2.5263741715914674e-9	4.853484775238092e-7	4.641970469300466e-16	4.853484775238092e-7
2.3934071099287583e-9	4.5980382081993087e-7	4.1593068024344007e-16	4.5980382081993087e-7
2.2737367544323206e-9	4.368136297857083e-7	3.7482409542657283e-16	4.368136297857083e-7
2.165463575649829e-9	4.1601298075415217e-7	3.395546223187368e-16	4.1601298075415217e-7
2.0670334131202913e-9	3.971032998158831e-7	3.0906838030406777e-16	3.971032998158831e-7
1.9771623951585398e-9	3.7983793895877976e-7	2.8249097700858546e-16	3.7983793895877976e-7
1.8947806286936002e-9	3.6401135817273293e-7	2.591297200280124e-16	3.6401135817273293e-7
1.8189894035458565e-9	3.4945090384930807e-7	2.386681957490329e-16	3.4945090384930807e-7
1.7490282726402464e-9	3.360104844735736e-7	2.2049912258186566e-16	3.360104844735736e-7
1.6842494477276448e-9	3.2356565171802584e-7	2.0425045920643404e-16	3.2356565171802584e-7
1.6240976817373717e-9	3.1200973558770454e-7	1.8978718239095316e-16	3.1200973558770454e-7
1.5680943134016004e-9	3.012507791903656e-7	1.7687656915692803e-16	3.012507791903656e-7
1.5158245029548803e-9	2.912090865526663e-7	1.650930038053219e-16	2.912090865526663e-7
1.4669269383434327e-9	2.818152450527992e-7	1.545844775652017e-16	2.818152450527992e-7
1.4210854715202002e-9	2.730085186465554e-7	1.4501898217919258e-16	2.730085186465554e-7
1.3374922084896003e-9	2.569491940236583e-7	1.3032563221094143e-16	2.569491940236583e-7
1.2631870857957337e-9	2.42674238802444e-7	1.160255869414951e-16	2.42674238802444e-7
1.1967035549643792e-9	2.299019104464019e-7	1.0398270264029532e-16	2.299019104464019e-7
1.1368683772161603e-9	2.1840681492577847e-7	9.37179605870629e-17	2.1840681492577847e-7
1.0827317878249145e-9	2.080064904069713e-7	8.491244812052356e-17	2.080064904069713e-7
1.0335167065601456e-9	1.9855164993518998e-7	7.724329401127162e-17	1.9855164993518998e-7
9.885811975792699e-10	1.8991896950434556e-7	7.062275007601777e-17	1.8991896950434556e-7
9.473903143468001e-10	1.8200567910930994e-7	6.47943777410139e-17	1.8200567910930994e-7
9.094947017729282e-10	1.7472545194579913e-7	5.964317483645342e-17	1.7472545194579913e-7
8.745141363201232e-10	1.6800524225635355e-7	5.5124767143234766e-17	1.6800524225635355e-7
8.421247238638224e-10	1.6178282587717497e-7	5.10745821207287e-17	1.6178282587717497e-7
8.120488408686859e-10	1.5600486781074623e-7	4.7446783059128296e-17	1.5600486781074623e-7
7.840471567008002e-10	1.506253896109285e-7	4.4195166442400343e-17	1.506253896109285e-7
7.579122514774401e-10	1.4560454329107178e-7	4.1297212464499907e-17	1.4560454329107178e-7
7.334634691717164e-10	1.4090762254020184e-7	3.865812257176204e-17	1.4090762254020184e-7
7.105427357601001e-10	1.3650425933623142e-7	3.6254749727476185e-17	1.3650425933623142e-7
6.687461042448001e-10	1.28474597023175e-7	3.256958750973571e-17	1.28474597023175e-7
6.315935428978668e-10	1.2133711941136156e-7	2.901234121940528e-17	1.2133711941136156e-7
5.983517774821896e-10	1.1495095523231001e-7	2.5995679181491793e-17	1.1495095523231001e-7
5.684341886080801e-10	1.0920340747111869e-7	2.3429469243893964e-17	1.0920340747111869e-7
5.413658939124572e-10	1.0400324521095461e-7	2.122215712908702e-17	1.0400324521095461e-7
5.167583532800728e-10	9.927582497441188e-8	1.9316778332149903e-17	9.927582497441188e-8
4.942905987896349e-10	9.495948475841165e-8	1.7655690427460154e-17	9.495948475841165e-8
4.736951571734001e-10	9.100283956038758e-8	1.6192636249012905e-17	9.100283956038758e-8
4.547473508864641e-10	8.736272597819063e-8	1.491677109869679e-17	8.736272597819063e-8
4.372570681600616e-10	8.400262113306842e-8	1.3781185032285316e-17	8.400262113306842e-8
4.210623619319112e-10	8.089141294312476e-8	1.276267580812556e-17	8.089141294312476e-8
4.0602442043434293e-10	7.80024339095966e-8	1.1861706813569918e-17	7.80024339095966e-8
3.920235783504001e-10	7.531269480940549e-8	1.1054797394110316e-17	7.531269480940549e-8
3.7895612573872006e-10	7.280227164921569e-8	1.0318316082788704e-17	7.280227164921569e-8
3.667317345858582e-10	7.045381127354984e-8	9.66453280043948e-18	7.045381127354984e-8
3.5527136788005004e-10	6.825212967135253e-8	9.057688135119096e-18	6.825212967135253e-8
3.3437305212240007e-10	6.423729851442713e-8	8.148311084132717e-18	6.423729851442713e-8
3.157967714489334e-10	6.066855970821407e-8	7.250110043664956e-18	6.066855970821407e-8
2.991758887410948e-10	5.747547761843307e-8	6.501882367084721e-18	5.747547761843307e-8
2.842170943040401e-10	5.46017037376167e-8	5.8573689828892355e-18	5.46017037376167e-8
2.706829469562286e-10	5.200162260734536e-8	5.305540874552862e-18	5.200162260734536e-8
2.583791766400364e-10	4.963791248890776e-8	4.8232443143651406e-18	4.963791248890776e-8
2.4714529939481747e-10	4.747974238076635e-8	4.416907622298778e-18	4.747974238076635e-8
2.3684757858670003e-10	4.5501419781628567e-8	4.0511409421698635e-18	4.5501419781628567e-8
2.2737367544323206e-10	4.368136299041648e-8	3.7262067551587825e-18	4.368136299041648e-8
2.186285340800308e-10	4.200131056775793e-8	3.4482865797848103e-18	4.200131056775793e-8
2.105311809659556e-10	4.044570647269671e-8	3.1876751099834645e-18	4.044570647269671e-8
2.0301221021717146e-10	3.9001216955854965e-8	2.9684199309302575e-18	3.9001216955854965e-8
1.9601178917520005e-10	3.7656347405686435e-8	2.760707124308731e-18	3.7656347405686435e-8
1.8947806286936003e-10	3.640113582552941e-8	2.5825788079562525e-18	3.640113582552941e-8
1.833658672929291e-10	3.522690563763715e-8	2.4161381896541114e-18	3.522690563763715e-8
1.7763568394002502e-10	3.412606483648708e-8	2.2674199832880532e-18	3.412606483648708e-8
1.6718652606120003e-10	3.2118649257921885e-8	2.034126200495055e-18	3.2118649257921885e-8
1.578983857244667e-10	3.033427985474155e-8	1.815492087475474e-18	3.033427985474155e-8
1.495879443705474e-10	2.8737738809785644e-8	1.625474662172797e-18	2.8737738809785644e-8
1.4210854715202004e-10	2.7300851869321888e-8	1.461375729235763e-18	2.7300851869321888e-8
1.353414734781143e-10	2.6000811304139675e-8	1.3263860147072972e-18	2.6000811304139675e-8
1.291895883200182e-10	2.481895624488093e-8	1.2087877327538013e-18	2.481895624488093e-8
1.2357264969740873e-10	2.37398711907725e-8	1.1027384872514689e-18	2.37398711907725e-8
1.1842378929335001e-10	2.2750709891172168e-8	1.0112956887430819e-18	2.2750709891172168e-8
1.1368683772161603e-10	2.1840681495538932e-8	9.315523574818174e-19	2.1840681495538932e-8
1.093142670400154e-10	2.1000655284184897e-8	8.635668057653337e-19	2.1000655284184897e-8
1.052655904829778e-10	2.0222853236632734e-8	7.984169368684227e-19	2.0222853236632734e-8
1.0150610510858573e-10	1.9500608478190446e-8	7.391113813844746e-19	1.9500608478190446e-8
9.800589458760003e-11	1.8828173703089955e-8	6.91671955777706e-19	1.8828173703089955e-8
9.473903143468002e-11	1.8200567912994294e-8	6.441459228636656e-19	1.8200567912994294e-8
9.168293364646455e-11	1.761345281903454e-8	6.055329890194932e-19	1.761345281903454e-8
8.881784197001251e-11	1.7063032418445035e-8	5.638586135882965e-19	1.7063032418445035e-8
8.359326303060002e-11	1.605932462913882e-8	5.10008318770962e-19	1.605932462913882e-8
7.894919286223336e-11	1.5167139927528805e-8	4.531325742828606e-19	1.5167139927528805e-8
7.47939721852737e-11	1.4368869405035104e-8	4.0636591493704096e-19	1.4368869405035104e-8
7.105427357601002e-11	1.365042593479013e-8	3.6682802641697903e-19	1.365042593479013e-8
6.767073673905715e-11	1.3000405652186594e-8	3.3159834503740003e-19	1.3000405652186594e-8
6.45947941600091e-11	1.2409478122546431e-8	3.007093659815172e-19	1.2409478122546431e-8
6.178632484870437e-11	1.1869935595483785e-8	2.7568498522709833e-19	1.1869935595483785e-8
5.921189464667501e-11	1.1375354945676359e-8	2.550621613261656e-19	1.1375354945676359e-8
5.6843418860808015e-11	1.0920340747851737e-8	2.313947452190633e-19	1.0920340747851737e-8
5.46571335200077e-11	1.050032764216853e-8	2.1514592976978923e-19	1.050032764216853e-8
5.26327952414889e-11	1.0111426618387064e-8	1.988568962779975e-19	1.0111426618387064e-8
5.0753052554292866e-11	9.750304239161972e-9	1.8702216890656206e-19	9.750304239161972e-9
4.9002947293800014e-11	9.414086851606259e-9	1.7216993287277658e-19	9.414086851606259e-9
4.736951571734001e-11	9.100283956554947e-9	1.61785417180918e-19	9.100283956554947e-9
4.584146682323227e-11	8.806726409571062e-9	1.513825391409875e-19	8.806726409571062e-9
4.4408920985006255e-11	8.531516209273296e-9	1.4096491460026356e-19	8.531516209273296e-9
4.179663151530001e-11	8.029662314613581e-9	1.2713325628930792e-19	8.029662314613581e-9
3.947459643111668e-11	7.583569963804013e-9	1.1328421769657215e-19	7.583569963804013e-9
3.739698609263685e-11	7.184434702552924e-9	1.0084990048584527e-19	7.184434702552924e-9
3.552713678800501e-11	6.825212967427262e-9	9.207927123805216e-20	6.825212967427262e-9
3.383536836952858e-11	6.500202826122586e-9	8.327072235793211e-20	6.500202826122586e-9
3.229739708000455e-11	6.204739061299907e-9	7.517753146104847e-20	6.204739061299907e-9
3.0893162424352184e-11	5.934967797766376e-9	6.92943732181529e-20	5.934967797766376e-9
2.9605947323337503e-11	5.687677472860148e-9	6.26461375733409e-20	5.687677472860148e-9
2.8421709430404007e-11	5.46017037394674e-9	5.822227309753119e-20	5.46017037394674e-9
2.732856676000385e-11	5.2501638211035884e-9	5.453273633548037e-20	5.2501638211035884e-9
2.631639762074445e-11	5.0557133092112065e-9	4.934055509941999e-20	5.0557133092112065e-9
2.5376526277146433e-11	4.875152119597273e-9	4.6382228562193516e-20	4.875152119597273e-9
2.4501473646900007e-11	4.707043425818653e-9	4.341679947800833e-20	4.707043425818653e-9
2.3684757858670004e-11	4.550141978291825e-9	4.044699877051626e-20	4.550141978291825e-9
2.2920733411616136e-11	4.403363204798878e-9	3.7471294013951124e-20	4.403363204798878e-9
2.2204460492503128e-11	4.265758104649344e-9	3.524135925134599e-20	4.265758104649344e-9
2.0898315757650004e-11	4.014831157317984e-9	3.2152951968609116e-20	4.014831157317984e-9
1.973729821555834e-11	3.79178498191186e-9	2.813552155383178e-20	3.79178498191186e-9
1.8698493046318424e-11	3.5922173512854054e-9	2.5212585101461115e-20	3.5922173512854054e-9
1.7763568394002505e-11	3.412606483721732e-9	2.339122021114473e-20	3.412606483721732e-9
1.691768418476429e-11	3.250101413068467e-9	2.04464821745494e-20	3.250101413068467e-9
1.6148698540002275e-11	3.102369530656578e-9	1.860848445544829e-20	3.102369530656578e-9
1.5446581212176092e-11	2.9674838988892108e-9	1.713721155500892e-20	2.9674838988892108e-9
1.4802973661668752e-11	2.843838736435818e-9	1.6034813758600117e-20	2.843838736435818e-9
1.4210854715202004e-11	2.7300851869785383e-9	1.4555651859162492e-20	2.7300851869785383e-9
1.3664283380001925e-11	2.6250819105564744e-9	1.3446741165616262e-20	2.6250819105564744e-9
1.3158198810372225e-11	2.5278566546100734e-9	1.2335216168165828e-20	2.5278566546100734e-9
1.2688263138573216e-11	2.437576059802859e-9	1.1969365318207847e-20	2.437576059802859e-9
1.2250736823450003e-11	2.3535217129130567e-9	1.0480099777308892e-20	2.3535217129130567e-9
1.1842378929335002e-11	2.275070989149601e-9	1.0485895687057029e-20	2.275070989149601e-9
1.1460366705808068e-11	2.201681602402827e-9	9.367890910560372e-21	2.201681602402827e-9
1.1102230246251564e-11	2.1328790523277953e-9	8.622861775972318e-21	2.1328790523277953e-9
1.0449157878825002e-11	2.007415578661716e-9	7.94580927322977e-21	2.007415578661716e-9
9.86864910777917e-12	1.895892490958468e-9	7.21895593470405e-21	1.895892490958468e-9
9.349246523159212e-12	1.7961086756448891e-9	6.117951121264124e-21	1.7961086756448891e-9
8.881784197001252e-12	1.7063032418628159e-9	5.755222250818241e-21	1.7063032418628159e-9
8.458842092382144e-12	1.6250507065361013e-9	5.2044045681956806e-21	1.6250507065361013e-9
8.074349270001138e-12	1.5511847653300199e-9	4.838334213834952e-21	1.5511847653300199e-9
7.723290606088046e-12	1.4837419494461355e-9	4.284348315252378e-21	1.4837419494461355e-9
7.401486830834376e-12	1.4219193682192692e-9	3.9154488989330706e-21	1.4219193682192692e-9
7.105427357601002e-12	1.3650425934905355e-9	3.5457514015815055e-21	1.3650425934905355e-9
6.8321416900009626e-12	1.3125409552794323e-9	3.3615797550651863e-21	1.3125409552794323e-9
6.5790994051861124e-12	1.2639283273061788e-9	3.177298677896809e-21	1.2639283273061788e-9
6.344131569286608e-12	1.2187880299023842e-9	2.8053765573241582e-21	1.2187880299023842e-9
6.125368411725002e-12	1.1767608564575613e-9	2.807147046255695e-21	1.1767608564575613e-9
5.921189464667501e-12	1.1375354945756217e-9	2.4344705785203474e-21	1.1375354945756217e-9
5.730183352904034e-12	1.100840801202285e-9	2.435625327552962e-21	1.100840801202285e-9
5.551115123125782e-12	1.066439526164729e-9	2.2494013644493525e-21	1.066439526164729e-9
5.224578939412501e-12	1.0037077893315633e-9	2.0326167032023824e-21	1.0037077893315633e-9
4.934324553889585e-12	9.47946245479831e-10	1.7584610092556296e-21	9.47946245479831e-10
4.674623261579606e-12	8.980543378230282e-10	1.5759773674111298e-21	8.980543378230282e-10
4.440892098500626e-12	8.531516209318953e-10	1.3924194428607378e-21	8.531516209318953e-10
4.229421046191072e-12	8.125253532685052e-10	1.3012162268995045e-21	8.125253532685052e-10
4.037174635000569e-12	7.755923826653924e-10	1.116524494811888e-21	7.755923826653924e-10
3.861645303044023e-12	7.418709747234628e-10	1.1177279427005819e-21	7.418709747234628e-10
3.700743415417188e-12	7.109596841099998e-10	1.0255330288192648e-21	7.109596841099998e-10
3.552713678800501e-12	6.825212967456096e-10	9.331361994640055e-22	6.825212967456096e-10
3.4160708450004813e-12	6.562704776400149e-10	8.404150312551744e-22	6.562704776400149e-10
3.2895497025930562e-12	6.319641636533498e-10	7.475458860762148e-22	6.319641636533498e-10
3.172065784643304e-12	6.093940149514686e-10	7.480456620283876e-22	6.093940149514686e-10
3.062684205862501e-12	5.883804282290011e-10	6.549679336655644e-22	5.883804282290011e-10
2.9605947323337505e-12	5.687677472880539e-10	6.553630277244264e-22	5.687677472880539e-10
2.865091676452017e-12	5.504204006013354e-10	5.6211373546201935e-22	5.504204006013354e-10
2.775557561562891e-12	5.332197630825596e-10	5.623074669736304e-22	5.332197630825596e-10
2.6122894697062505e-12	5.018538946659519e-10	5.081695406449115e-22	5.018538946659519e-10
2.4671622769447924e-12	4.739731227400771e-10	4.627832620082072e-22	4.739731227400771e-10
2.337311630789803e-12	4.4902716891163505e-10	3.244645072707085e-22	4.4902716891163505e-10
2.220446049250313e-12	4.2657581046608193e-10	3.7132404087266754e-22	4.2657581046608193e-10
2.114710523095536e-12	4.062626766343661e-10	3.253164949321309e-22	4.062626766343661e-10
2.0185873175002844e-12	3.8779619133281687e-10	3.2568439869501843e-22	3.8779619133281687e-10
1.9308226515220115e-12	3.7093548736182384e-10	2.7940216018727538e-22	3.7093548736182384e-10
1.850371707708594e-12	3.554798420550785e-10	2.3303015583411327e-22	3.554798420550785e-10
1.7763568394002505e-12	3.4126064837288385e-10	2.332566104171508e-22	3.4126064837288385e-10
1.7080354225002406e-12	3.2813523882007577e-10	1.8683482335876694e-22	3.2813523882007577e-10
1.6447748512965281e-12	3.1598208182675873e-10	2.3358903422602875e-22	3.1598208182675873e-10
1.586032892321652e-12	3.0469700747578444e-10	1.4027022244956187e-22	3.0469700747578444e-10
1.5313421029312504e-12	2.9419021411456816e-10	1.8716941132094802e-22	2.9419021411456816e-10
1.4802973661668753e-12	2.8438387364407504e-10	1.404539059216848e-22	2.8438387364407504e-10
1.4325458382260085e-12	2.7521020030072217e-10	1.405674142179035e-22	2.7521020030072217e-10
1.3877787807814455e-12	2.6660988154132855e-10	1.4061462895979256e-22	2.6660988154132855e-10
1.3061447348531253e-12	2.509269473330216e-10	1.3858348138464298e-22	2.509269473330216e-10
1.2335811384723962e-12	2.369865613700697e-10	9.257588346414669e-23	2.369865613700697e-10
1.1686558153949015e-12	2.245135844558665e-10	1.158698655858405e-22	2.245135844558665e-10
1.1102230246251565e-12	2.1328790523306521e-10	6.963142023708435e-23	2.1328790523306521e-10
1.057355261547768e-12	2.0313133831721465e-10	9.292712680211377e-23	2.0313133831721465e-10
1.0092936587501422e-12	1.938980956664293e-10	6.980244905786742e-23	1.938980956664293e-10
9.654113257610057e-13	1.8546774368093508e-10	6.985621835879367e-23	1.8546774368093508e-10
9.25185853854297e-13	1.7773992102756525e-10	6.994497307518673e-23	1.7773992102756525e-10
8.881784197001252e-13	1.7063032418646488e-10	6.998873987134616e-23	1.7063032418646488e-10
8.540177112501203e-13	1.6406761941005815e-10	4.671372896182136e-23	1.6406761941005815e-10
8.223874256482641e-13	1.5799104091338467e-10	2.337365896315786e-23	1.5799104091338467e-10
7.93016446160826e-13	1.5234850373792053e-10	7.013511122479397e-23	1.5234850373792053e-10
7.656710514656252e-13	1.4709510705729158e-10	2.339476622958751e-23	1.4709510705729158e-10
7.401486830834376e-13	1.421919368220559e-10	4.6831395206384273e-23	1.421919368220559e-10
7.162729191130043e-13	1.3760510015037786e-10	4.6848428543364784e-23	1.3760510015037786e-10
6.938893903907227e-13	1.3330494077067335e-10	2.3451079756570526e-23	1.3330494077067335e-10
