# τ	Fs	F	Δζ	ΔG	Δr²
0.0	1.0	1.0	1056.966283759411	119.92928678437751	0.0
3.125e-7	0.9999838611727643	0.999994213157483	1056.4751903220617	119.87257457927365	3.125e-7
6.25e-7	0.9999677241134167	0.9999884268889664	1055.9844966805092	119.81591018301032	6.249483903181758e-7
9.375000000000001e-7	0.9999515903277894	0.9999826417344032	1055.4942092218182	119.75929423617532	9.372936177544363e-7
1.25e-6	0.999935459813959	0.9999768576931277	1055.0043275432022	119.70272668931491	1.249535755781003e-6
1.5625e-6	0.9999193325698634	0.999971074764424	1054.514851242012	119.64620749301024	1.561674886316533e-6
1.8750000000000003e-6	0.9999032085934423	0.999965292947577	1054.0257799160424	119.5897365978976	1.873711091198592e-6
2.1875000000000002e-6	0.999887087882637	0.9999595122418723	1053.5371131635245	119.53331395466843	2.1856444521823384e-6
2.5e-6	0.999870970435391	0.9999537326465959	1053.0488505831254	119.47693951406937	2.497475050940614e-6
2.8125e-6	0.9998548562496493	0.9999479541610348	1052.5609917739505	119.420613226902	2.8092029690640368e-6
3.125e-6	0.9998387453233591	0.9999421767844764	1052.07353633554	119.36433504402301	3.120828288061093e-6
3.4375e-6	0.9998226376544693	0.9999364005162087	1051.5864838678708	119.30810491634394	3.4323510893582287e-6
3.7500000000000005e-6	0.9998065332409306	0.9999306253555205	1051.0998339713547	119.25192279483102	3.743771454299941e-6
4.0625000000000005e-6	0.9997904320806955	0.9999248513017011	1050.6135862468366	119.19578863050559	4.0550894641488705e-6
4.3750000000000005e-6	0.9997743341717186	0.9999190783540408	1050.127740295599	119.1397023744434	4.366305200085892e-6
4.6875000000000004e-6	0.9997582395119561	0.9999133065118303	1049.6422957193543	119.08366397777503	4.677418743210207e-6
5.0e-6	0.9997421480993661	0.9999075357743606	1049.157252120251	119.02767339168557	4.988430174539432e-6
5.3125e-6	0.9997260620059022	0.9999017668648168	1048.6726825434282	118.97173919121401	5.2992716715633765e-6
5.625e-6	0.9997099798451516	0.9998959992993034	1048.1885374824099	118.91585556047478	5.609988657800993e-6
5.9375e-6	0.9996939011535898	0.9998902329160421	1047.704800175817	118.86002052904546	5.920596329816164e-6
6.25e-6	0.9996778257753453	0.999884467660633	1047.2214647744001	118.8042334079645	6.231099807356584e-6
6.5625e-6	0.9996617536571042	0.9998787035144724	1046.7385290655122	118.7484939353285	6.541500850807083e-6
6.875e-6	0.9996456847797429	0.9998729404708897	1046.2559920486399	118.69280199157853	6.851800100587583e-6
7.1875e-6	0.9996296191355363	0.9998671785271929	1045.7738531274833	118.63715750462558	7.161997823701411e-6
7.500000000000001e-6	0.9996135567205604	0.9998614176820159	1045.2921118407248	118.58156041823466	7.472094162612258e-6
7.8125e-6	0.9995974975321591	0.9998556579344356	1044.8107677723156	118.52601068149009	7.782089218212319e-6
8.125000000000001e-6	0.9995814415681008	0.9998498992836781	1044.329820521575	118.47050824528442	8.091983077481493e-6
8.4375e-6	0.9995653888262965	0.999844141729017	1043.8492696932292	118.41505306114878	8.401775822708155e-6
8.750000000000001e-6	0.9995493393047051	0.9998383852697449	1043.3691148940882	118.35964508086288	8.711467534563172e-6
9.0625e-6	0.9995332930013036	0.999832629905159	1042.8893557319457	118.30428425632499	9.021058293124733e-6
9.375000000000001e-6	0.9995172499140768	0.9998268756345599	1042.4099918152012	118.24897053950858	9.330548178220067e-6
9.6875e-6	0.9995012100410109	0.9998211224572496	1041.9310227527426	118.19370388244799	9.639937269539418e-6
1.0e-5	0.9994851733800966	0.9998153703725307	1041.4524481539029	118.13848423723353	9.949225646674095e-6
1.0625e-5	0.999453109684026	0.999803869477153	1040.496480646132	118.02818577401105	1.0567500681905189e-5
1.125e-5	0.9994210588116063	0.999792372943479	1039.5420862693445	117.91807477902566	1.1185373848295964e-5
1.1875e-5	0.999389020747418	0.9997808807661571	1038.5892619449082	117.80815087472028	1.1802845756082266e-5
1.25e-5	0.999356995475675	0.9997693929397097	1037.6380045800142	117.69841368185901	1.2419917029912697e-5
1.3125e-5	0.9993249829804869	0.9997579094586225	1036.6883110816077	117.58886282121071	1.3036588298427844e-5
1.375e-5	0.9992929832459484	0.9997464303173759	1035.74017836103	117.4794979141101	1.365286019072611e-5
1.4375e-5	0.9992609962561668	0.9997349555104548	1034.7936033355502	117.37031858264193	1.4268733335249157e-5
1.5000000000000002e-5	0.999229021995275	0.9997234850323532	1033.8485829288675	117.26132444970199	1.4884208359350166e-5
1.5625e-5	0.9991970604474305	0.9997120188775741	1032.9051140712645	117.15251513901549	1.5499285889213743e-5
1.6250000000000002e-5	0.9991651115968204	0.9997005570406297	1031.9631936996548	117.0438902751423	1.611396654976914e-5
1.6875e-5	0.9991331754276588	0.9996890995160422	1031.0228187575804	116.93544948347703	1.6728250964725008e-5
1.7500000000000002e-5	0.9991012519241894	0.9996776462983451	1030.083986195205	116.82719239024807	1.734213975652113e-5
1.8125e-5	0.9990693410706829	0.9996661973820802	1029.146692969302	116.71911862251542	1.7955633546375806e-5
1.8750000000000002e-5	0.9990374428514384	0.9996547527617988	1028.2109360432432	116.61122780816959	1.856873295424192e-5
1.9375e-5	0.9990055572507828	0.9996433124320631	1027.2767123869735	116.50351957592875	1.9181438598855654e-5
2.0e-5	0.9989736842530718	0.9996318763874449	1026.34401897701	116.39599355533765	1.9793751097693114e-5
2.125e-5	0.9989099759833798	0.9996090171247276	1024.4832097517942	116.1814865407109	2.101719993684442e-5
2.25e-5	0.9988463179316387	0.9995861749352293	1022.6284850419767	115.9677039054151	2.22390838389452e-5
2.375e-5	0.9987827099783104	0.9995633497774734	1020.7798211378904	115.75464274473993	2.3459407517159995e-5
2.5e-5	0.9987191520012287	0.9995405416090749	1018.9371942710392	115.54230014739758	2.467817578653265e-5
2.625e-5	0.9986556438776285	0.9995177503874404	1017.1005807219121	115.33067320853786	2.5895393483637866e-5
2.75e-5	0.9985921854848532	0.9994949760700158	1015.2699568556794	115.11975903405236	2.7111065438871002e-5
2.875e-5	0.9985287767005563	0.9994722186143563	1013.4452991336516	114.9095547419544	2.8325196468235134e-5
3.0000000000000004e-5	0.9984654174028019	0.9994494779781594	1011.6265841168902	114.70005746281068	2.9537791369690473e-5
3.125e-5	0.9984021074700632	0.9994267541192652	1009.8137884669878	114.49126433983226	3.0748854922960005e-5
3.2500000000000004e-5	0.9983388467812518	0.9994040469956675	1008.0068889461376	114.28317252887778	3.1958391888556783e-5
3.375e-5	0.9982756352156955	0.9993813565655052	1006.2058624167254	114.07577919840217	3.3166407008477615e-5
3.5000000000000004e-5	0.998212472653164	0.9993586827870722	1004.4106858410101	113.86908152941274	3.437290500553034e-5
3.625e-5	0.9981493589738392	0.9993360256188062	1002.6213362805933	113.66307671540274	3.557789058412275e-5
3.7500000000000003e-5	0.9980862940583408	0.9993133850192968	1000.8377908960587	113.45776196230263	3.67813684296254e-5
3.875e-5	0.9980232777877002	0.9992907609472774	999.0600269464293	113.25313448841273	3.7983343209167567e-5
4.0e-5	0.9979603100433816	0.9992681533616329	997.2880217888105	113.04919152435438	3.918381957100611e-5
4.25e-5	0.9978345195065624	0.9992229874319577	993.7611897116476	112.64334713944157	4.1580301616419434e-5
4.5e-5	0.9977089216128028	0.999177886940628	990.2571209753864	112.24020756089355	4.397084726815918e-5
4.75e-5	0.9975835154635863	0.9991328515760135	986.7756397501538	111.83975129172596	4.635549168607702e-5
5.0e-5	0.997458300143879	0.9990878810207768	983.3165705093915	111.44195687913114	4.87342706510609e-5
5.25e-5	0.9973332747371935	0.9990429749570875	979.8797388311468	111.0468030109933	5.1107219968938616e-5
5.5e-5	0.9972084383311222	0.998998133068548	976.4649716572187	110.65426854698556	5.347437525840616e-5
5.75e-5	0.9970837900186055	0.9989533550406275	973.072097368379	110.26433252754946	5.5835771896731385e-5
6.000000000000001e-5	0.99695932889886	0.998908640560989	969.7009458022426	109.87697417591282	5.8191444988543794e-5
6.25e-5	0.996835054077115	0.9988639893193919	966.3513482484666	109.4921728974276	6.054142937171681e-5
6.500000000000001e-5	0.9967109646650281	0.9988194010078422	963.0231374401607	109.10990827840205	6.288575960633498e-5
6.75e-5	0.9965870597802522	0.9987748753204353	959.7161475404822	108.73016008440479	6.52244699871477e-5
7.000000000000001e-5	0.9964633385467943	0.9987304119534882	956.4302141313234	108.3529082587725	6.755759453482831e-5
7.25e-5	0.9963398000945682	0.9986860106053754	953.1651741992022	107.97813292083035	6.988516700903416e-5
7.500000000000001e-5	0.9962164435597418	0.9986416709766591	949.9208661238453	107.6058143643911	7.220722089996654e-5
7.75e-5	0.996093268084293	0.9985973927699241	946.6971296642308	107.23593305599644	7.45237894413745e-5
8.0e-5	0.9959702728163546	0.9985531756899068	943.4938059473674	106.86846963344182	7.683490560219426e-5
8.5e-5	0.9957248184313054	0.9984649233603635	937.1477122744087	106.14071315641488	8.144095358158154e-5
9.0e-5	0.9954800744561876	0.9983769119264148	930.8813800838881	105.42239809580742	8.602559442442345e-5
9.5e-5	0.995236034532713	0.9982891391846344	924.6935992695081	104.71337710623153	9.058907315547618e-5
0.0001	0.9949926922298641	0.9982016029066915	918.5831717736213	104.01350439034896	9.513163724401283e-5
0.000105	0.9947500411473763	0.9981143008750806	912.5489169934392	103.32263634612814	9.965353252895853e-5
0.00011	0.994508074957306	0.9980272308976265	906.5896733580965	102.64063175303315	0.0001041550016853684
0.000115	0.9942667874090516	0.997940390809107	900.7042985875981	101.96735180064057	0.00010863628397104982
0.00012000000000000002	0.9940261723379582	0.9978537784743411	894.8916695708888	101.30266007083192	0.00011309761497133576
0.000125	0.9937862236595099	0.9977673917860599	889.1506820708656	100.64642250000644	0.00011753922676720883
0.00013000000000000002	0.9935469353742146	0.9976812286667058	883.4802504267861	99.99850734032894	0.00012196134782299638
0.000135	0.9933083015607223	0.9975952870659335	877.8793072101982	99.3587851161824	0.00012636420319699326
0.00014000000000000001	0.9930703163802497	0.9975095649622465	872.3468029188033	98.72712858453542	0.00013074801444550496
0.000145	0.9928329740697056	0.9974240603605053	866.8817056383813	98.10341269224077	0.00013511299983383162
0.00015000000000000001	0.9925962689460173	0.9973387712935275	861.4830007460714	97.48751453767171	0.0001394593742425759
0.000155	0.9923601953993804	0.9972536958196393	856.1496905839089	96.8793133295352	0.00014378734937441014
0.00016	0.9921247478975289	0.9971688320242569	850.8807941730997	96.27869034995896	0.00014809713366110717
0.00017	0.9916557024287996	0.9969997295750704	840.5320650594049	95.09967443423534	0.00015666320366216217
0.00018	0.9911890945332611	0.9968314507948318	830.4295337981567	93.94958644640629	0.00016515900833412656
0.00019	0.9907248840864653	0.9966639818028848	820.5660030067742	92.8275570163767	0.0001735860462230126
0.0002	0.9902630310245772	0.9964973087436583	810.9344602639756	91.73273995051552	0.00018194580911220902
0.00021	0.9898034959411252	0.9963314179911567	801.528106114154	90.66431551901722	0.00019023975881781683
0.00022	0.989346240371951	0.9961662962489305	792.34035830534	89.62149089556154	0.00019846931750339863
0.00023	0.9888912267645217	0.9960019305377388	783.3648477296758	88.60349961837035	0.00020663586823434438
0.00024000000000000003	0.9884384185510849	0.995838308222286	774.5954124443288	87.60960081612399	0.000214740753271019
0.00025	0.9879877800521476	0.9956754169761834	766.0260906255448	86.63907831831342	0.0002227852771285118
0.00026000000000000003	0.9875392765254957	0.9955132448003144	757.651113945256	85.69123981014914	0.0002307707057391471
0.00027	0.9870928740662998	0.9953517799866822	749.4649006696337	84.76541596539946	0.00023869826964786312
0.00028000000000000003	0.986648539652901	0.995191011135622	741.4620493990055	83.86095964996026	0.0002465691632524129
0.00029	0.9862062410503143	0.9950309271208773	733.6373326171432	82.9772451131886	0.000254384547877544
0.00030000000000000003	0.9857659468550767	0.9948715171064527	725.985690871778	82.11366724884492	0.00026214555100795213
0.00031	0.9853276264027112	0.9947127705131051	718.5022267758175	81.26964084459995	0.0002698532692203799
0.00032	0.984891249811861	0.9945546770349204	711.1821996069099	80.44459989732565	0.00027750876740310004
0.00034	0.9840241781061266	0.9942403976967363	697.0126999715777	78.84912123061207	0.00029266841292655574
0.00036	0.9831645318843418	0.9939286101874267	683.4434221692703	77.32320643794151	0.0003076315335519971
0.00038	0.9823121046882332	0.9936192433634419	670.4419325734036	75.86299749306225	0.00032240535708738917
0.0004	0.9814666949526755	0.99331222781623	657.977558883484	74.46485226286856	0.00033699689506499055
0.00042	0.980628108231219	0.9930074966128278	646.0214372556322	73.1253491901385	0.0003514128591856919
0.00044	0.9797961588053051	0.9927049858673694	634.5464489360252	71.84127890828842	0.00036565961580428636
0.00046	0.9789706687247555	0.9924046343877927	623.5271201642648	70.60963169821439	0.0003797432164392139
0.00048000000000000007	0.9781514683158458	0.9921063838679985	612.9395214108683	69.42758486029925	0.0003936693906797992
0.0005	0.9773383949678641	0.9918101784487242	602.761165591878	68.2924901210625	0.0004074435857026882
0.0005200000000000001	0.9765312935214338	0.9915159648678509	592.9709160287206	67.20186217470402	0.0004210709624426713
0.00054	0.9757300151192652	0.9912236920447007	583.5488965956088	66.15336761821845	0.0004345564327098266
0.0005600000000000001	0.9749344175814414	0.990933311225183	574.4764115532738	65.14481500818528	0.0004479046548902112
0.00058	0.9741443643467033	0.9906447755984614	565.7358674066137	64.17414527530606	0.0004611200677635873
0.0006000000000000001	0.9733597248439474	0.9903580404401351	557.3107034234952	63.23942313531336	0.00047420688550750046
0.00062	0.9725803735187251	0.9900730627593449	549.1853237393793	62.33882879191252	0.00048716912845167516
0.00064	0.971806190199851	0.9897898014396275	541.3450371271591	61.47065051558379	0.0005000106175205569
0.00068	0.9702727525009274	0.9892282315443889	526.4607227372572	59.824687156864066	0.0005253492796164324
0.00072	0.9687586337184259	0.9886730647445937	512.560153473657	58.29019612478247	0.0005502471568694765
0.00076	0.9672630549576104	0.9881240350555627	499.55403865198684	56.856837548952235	0.0005747282000619349
0.0008	0.9657852798377828	0.9875808914502787	487.3620236127764	55.515331713877515	0.0005988147549442677
0.00084	0.9643246147703742	0.987043397662642	475.9121180307289	54.25738690042396	0.0006225275629312913
0.00088	0.9628804159620665	0.9865113347488529	465.1398830635931	53.075599846889354	0.0006458856183287505
0.00092	0.9614520794447644	0.985984497445634	454.98758168817363	51.96335358381768	0.0006689064848625433
0.0009600000000000001	0.9600390441337794	0.9854626953805979	445.4034267060701	50.914726877169905	0.0006916062627302282
0.001	0.9586407821951981	0.9849457495754237	436.34088708567685	49.92441161228928	0.0007139998883856338
0.0010400000000000001	0.9572568017200378	0.9844334935141633	427.7580994714089	48.98764242899326	0.00073610110156411
0.00108	0.9558866383580613	0.9839257701020736	419.6173303098037	48.100133102822774	0.0007579227008070119
0.0011200000000000001	0.9545298579343506	0.983422432702874	411.8845228949621	47.258022703645885	0.0007794765027608072
0.00116	0.9531860492402408	0.9829233425123365	404.52888139975585	46.45782671190334	0.0008007735585137102
0.0012000000000000001	0.9518548265783912	0.9824283695602327	397.5225217327132	45.69639574330897	0.0008218241077402105
0.00124	0.9505358235269318	0.9819373904331772	390.84014862109706	44.97087783433045	0.0008426377628460947
0.00128	0.9492286953798255	0.9814502892305996	384.4587854188805	44.27868666411744	0.0008632234606291516
0.00136	0.9466485162209646	0.9804872029310459	372.51086360092296	42.984387822644145	0.0009037493076330547
0.00144	0.9441120833620996	0.9795383695708573	361.53901836513705	41.79781762254785	0.0009434578823395875
0.00152	0.9416172530943309	0.9786030705098596	351.42258347927253	40.705477362324324	0.0009824023938153313
0.0016	0.9391620560440423	0.9776806480541204	342.0589893956625	39.695920857209074	0.0010206306243663195
0.00168	0.936744662803007	0.9767704917601637	333.36114190364026	38.75945129735325	0.0010581861232654367
0.00176	0.9343634099776391	0.9758720484068223	325.2549183874914	37.88783223990034	0.0010951077061428897
0.00184	0.9320167516879484	0.9749848041264448	317.67690257312057	37.074029954492204	0.001131430855187223
0.0019200000000000003	0.9297032752617647	0.9741082908123044	310.57260124282953	36.31200980887505	0.0011671874021127518
0.002	0.9274216606362897	0.9732420712005118	303.8949146761338	35.596563814783835	0.001202406662684424
0.0020800000000000003	0.9251706939247825	0.9723857444262262	297.6029610301334	34.92317721628455	0.0012371151352532687
0.00216	0.9229492347904794	0.9715389339955524	291.6610578183389	34.28791442888831	0.0012713373954837568
0.0022400000000000002	0.9207562286290978	0.9707012927506229	286.03794243918014	33.687330971573665	0.0013050958084458344
0.00232	0.9185906801857991	0.9698724931036421	280.706083075838	33.11839673075567	0.0013384112419364065
0.0024000000000000002	0.9164516644129586	0.9690522314475257	275.6411527203457	32.57843672211149	0.0013713027998376317
0.00248	0.9143383048891459	0.968240220134832	270.8215535638442	32.06507837959958	0.0014037883991438085
0.00256	0.9122497834252107	0.9674361913741881	266.2280553353205	31.576210912055043	0.0014358845279863217
0.00272	0.908143818520289	0.9658509675713202	257.64690040048293	30.664015055694666	0.0014989714689083527
0.00288	0.9041284307274021	0.964294810723824	249.78574732839243	29.82957667945473	0.0015606721874764314
0.00304	0.9001985530905122	0.9627660655729828	242.54999374009978	29.062545952843006	0.0016210856787297779
0.0032	0.896349605638121	0.9612632448158902	235.86081832669987	28.354313544981014	0.0016802985149734144
0.00336	0.8925773613208106	0.9597849757875504	229.65236261357896	27.697698008127094	0.0017383892377747104
0.00352	0.8888780099303476	0.9583300269250745	223.8693610064045	27.08668112970826	0.0017954269675507176
0.00368	0.8852480252984833	0.9568972578682462	218.46502295484856	26.516175532425173	0.0018514749026721854
0.0038400000000000005	0.8816842062870353	0.9554856377659047	213.39950828914013	25.98185517463956	0.0019065892111750312
0.004	0.878183573164072	0.954094206357586	208.63860198331838	25.480010518067747	0.001960821666356435
0.0041600000000000005	0.8747434011318271	0.9527220890472973	204.15277875808385	25.007444619704682	0.002014218690967266
0.00432	0.8713611403930187	0.9513684666959469	199.91636530129992	24.56138185120059	0.0020668233709914305
0.0044800000000000005	0.8680344445450513	0.9500325883586954	195.9069518523775	24.139402534616053	0.002118674631464248
0.00464	0.8647611079498599	0.9487137474487913	192.10484481211577	23.739383469259778	0.0021698088088813934
0.0048000000000000004	0.8615390898787878	0.9474112925590698	188.49268453408322	23.359455467856336	0.002220258942809192
0.00496	0.8583664645941835	0.9461246083290132	185.05507596319862	22.997963336807643	0.002270056027905691
0.00512	0.8552414419438507	0.9448531246822063	181.77833302345041	22.653437473714554	0.002319228404557263
0.00544	0.8491273702863958	0.9423536205543528	175.65623759543033	22.00978876433739	0.0024157898802840295
0.00576	0.8431847995058255	0.9399089141001076	170.04670551147316	21.419985370342502	0.0025101443675060574
0.00608	0.8374026784856234	0.9375154806776098	164.88243436216922	20.876845748867016	0.0026024646956157456
0.0064	0.8317711904174175	0.9351702134447961	160.10742276160977	20.374407472551464	0.002692897335258637
0.00672	0.8262813818979655	0.9328702744160039	155.6748715121267	19.907700327050172	0.002781574089251549
0.00704	0.8209252480556052	0.9306131399712253	151.5455398253522	19.472566033143494	0.0028686096520776326
0.00736	0.815695440161538	0.9283964876554066	147.6861883347954	19.065490688450648	0.0029541088330866175
0.007680000000000001	0.8105853299964241	0.9262182328143795	144.068527603137	18.683489983053754	0.003038163998068042
0.008	0.8055887919484016	0.9240764437027066	140.66824518312046	18.324004868813496	0.0031208603007395128
0.008320000000000001	0.8007002580003796	0.9219693723257425	137.4643655110307	17.984831902890427	0.00320227347918861
0.00864	0.795914552940615	0.9198953894503112	134.43863450700513	17.664057470055678	0.003282473843482109
0.008960000000000001	0.7912269415491923	0.9178530106933512	131.5751197273028	17.360014421856146	0.0033615244133018583
0.00928	0.7866330012857831	0.915840845673315	128.85980753039135	17.071239147596412	0.0034394840375030996
0.009600000000000001	0.7821286626571513	0.913857620149696	126.28034489954679	16.796443690844498	0.0035164058152280598
0.00992	0.7777101089716777	0.9119021354843507	123.82576694236546	16.53448678550446	0.0035923395849223254
0.01024	0.7733738108935251	0.9099732875221717	121.486325155854	16.284355394753845	0.003667330577944675
0.01088	0.7649364926860069	0.906192048731725	117.11809457667813	15.815915865836649	0.0038145876705089404
0.01152	0.7567915276817644	0.9025059115525814	113.117179557229	15.385121626737797	0.003958537263973376
0.01216	0.7489172035687539	0.8989080240623993	109.43507766916598	14.986975499880511	0.004099460808717446
0.0128	0.7412947366923467	0.8953925172503593	106.03171086965133	14.617349548482627	0.004237586501205834
0.01344	0.7339072590266513	0.8919540975474978	102.87362135590404	14.272803297591327	0.004373118552547853
0.01408	0.7267398344730469	0.8885881052309789	99.93275941210904	13.95045923844202	0.004506232760944253
0.01472	0.719778873312511	0.8852902757286238	97.18533125701991	13.647881487338786	0.004637090498384475
0.015360000000000002	0.7130122078903929	0.8820568103237165	94.61107169336634	13.363000307156044	0.004765832700406511
0.016	0.7064286809347262	0.878884204602808	92.1925373997815	13.094037294877	0.004892589841182408
0.016640000000000002	0.7000182195410906	0.8757693099650286	89.91466903142296	12.839460363391053	0.005017476883161427
0.01728	0.6937715292130653	0.8727092033117754	87.76434402179088	12.597936353025702	0.005140600976773898
0.017920000000000002	0.6876801597099598	0.8697012391390052	85.73010366096902	12.368303337284708	0.005262057272771272
0.01856	0.6817362717071419	0.8667429480287844	83.80185931763337	12.149539431945147	0.005381934999195561
0.019200000000000002	0.6759326944346103	0.8638320808781652	81.9707163041301	11.940745181175098	0.005500313943852406
0.01984	0.6702627442274849	0.8609665283159957	80.22877429185054	11.741122301639475	0.005617269334287469
0.02048	0.6647202747067079	0.8581443584547408	78.56901012611226	11.549962155111361	0.005732868853877344
0.02176	0.6540023313506881	0.8526258382033606	75.47388642906371	11.190722114875637	0.005960070331701672
0.02304	0.6437310821547728	0.8472610105958301	72.64000478381907	10.858559479857801	0.006182549708607932
0.02432	0.6338687219729987	0.8420377277569799	70.0319452470201	10.549915397583982	0.006400739222345982
0.0256	0.6243836407654373	0.8369459665650594	67.62103038043406	10.261896254542952	0.006614971180628818
0.02688	0.6152478687208192	0.8319767770135327	65.38343857256775	9.992095339801946	0.006825545019858553
0.02816	0.6064368229368801	0.827122339326072	63.29922534837552	9.738500731820091	0.007032716632973906
0.02944	0.5979282826187521	0.8223755028863866	61.35147407173331	9.499404126719124	0.007236724238815706
0.030720000000000004	0.5897024636740981	0.8177299322460916	59.5257919630634	9.273352613563588	0.007437774004743193
0.032	0.5817413399432184	0.8131797873144927	57.809801433229715	9.05909354647214	0.007636058915113518
0.033280000000000004	0.5740287297654539	0.8087198492625548	56.192835651735145	8.855546584051583	0.007831747235410101
0.03456	0.5665497963991806	0.804345277431806	54.6656125779103	8.661768294354374	0.008024997373412002
0.035840000000000004	0.5592911260859772	0.8000517139248936	53.22004358257851	8.476935295465447	0.008215948491529328
0.03712	0.5522403512711912	0.7958350944408976	51.849017709652514	8.300320631551934	0.00840473235157068
0.038400000000000004	0.5453862201586468	0.7916917360246245	50.54627808551923	8.131283333338779	0.008591465509109556
0.03968	0.5387183075641376	0.7876181873220294	49.306274912590084	7.969252122723661	0.008776258890959855
0.04096	0.5322270762801594	0.7836113027834835	48.12408356695498	7.813718806229674	0.008959211224848163
0.04352	0.5197581700185934	0.7757937657707952	45.92050286523253	7.5207714118136515	0.009319566688126609
0.04608	0.5078976575994798	0.7682104442718026	43.90020830179658	7.24887634756497	0.009673610364988731
0.04864	0.4965873949270361	0.7608412975431919	42.0383308262938	6.99540004979401	0.010021980457584493
0.0512	0.4857805451351697	0.7536704640188318	40.315246021226386	6.758238144141745	0.010365143439555888
0.05376	0.4754361757273337	0.7466838593850398	38.71463561431138	6.535626908945069	0.0107035291358264
0.05632	0.4655184954825202	0.7398692336740637	37.222772717434474	6.326077886735662	0.011037501285164125
0.05888	0.4559953718634919	0.733215373750725	35.827974142826115	6.128310964565831	0.011367404555083418
0.06144000000000001	0.44683837522460673	0.7267123998808135	34.52026901837364	5.941227641840734	0.01169353224604126
0.064	0.43802182042270155	0.7203512149894667	33.29106557438492	5.763870299567672	0.012016162517222631
0.06656000000000001	0.42952281798541275	0.7141237450092198	32.13294846509408	5.595406710177259	0.012335533341831887
0.06912	0.4213205651291019	0.7080225154939864	31.039451828858255	5.435102932844295	0.012651871498501471
0.07168000000000001	0.4133963916698351	0.7020408454635335	30.004932113794194	5.28231402304068	0.012965372312239706
0.07424	0.40573323066623185	0.696172517287854	29.02441682323028	5.1364654585323155	0.013276222967340672
0.07680000000000001	0.3983156645838332	0.6904119372958192	28.093522687877552	4.9970475228239	0.013584585691245902
0.07936	0.3911295249219657	0.6847538746068648	27.208352273178235	4.863602210967926	0.013890616768691931
0.08192	0.38416193736570653	0.67919359604699	26.365440134654424	4.735719800213253	0.014194452384867691
0.08704	0.3708704057208623	0.6683665138760416	24.79954815592688	4.495756146429315	0.014795353985170966
0.09216	0.35831861111418	0.6578810048052574	23.36783642019259	4.273936693518964	0.015388971541976345
0.09728	0.34643048701046336	0.6477070653072357	22.05286160875921	4.068081276464806	0.01597616782691507
0.1024	0.33514698404759746	0.6378220631264505	20.840954329529218	3.8764624931767293	0.01655754101444396
0.10752	0.3244167964199363	0.6282058982728669	19.720544813160476	3.6976106128648305	0.01713366519848827
0.11264	0.31419513377067565	0.6188411736953179	18.68177406591111	3.530269611995735	0.017705010007852073
0.11776	0.30444200675576744	0.6097119279987779	17.71616663079852	3.373346414526515	0.018272032236516085
0.12288000000000002	0.295122242878026	0.6008042279339235	16.81644743160213	3.225895961119768	0.018835103708382518
0.128	0.2862043038242155	0.5921052481591634	15.976304644451739	3.087087668813767	0.019394586033734458
0.13312000000000002	0.277660263152671	0.5836037245930773	15.190260679154354	2.9561957966633536	0.019950774018051756
0.13824	0.2694649117194867	0.5752892309646553	14.453510019790135	2.832576094392741	0.020503956430874465
0.14336000000000002	0.26159574924635365	0.5671525431640063	13.761836376326759	2.715659906664745	0.02105436945924737
0.14848	0.25403232009665677	0.5591850700801702	13.111502897780221	2.604937797451888	0.02160224642280356
0.15360000000000001	0.24675622836451055	0.5513791577175235	12.499199184750141	2.4999560589303598	0.022147778628334298
0.15872	0.2397506396246732	0.5437276356078746	11.921965142943437	2.4003049741136717	0.022691156646688443
0.16384	0.23300031058031395	0.5362240743325186	11.377156403588693	2.3056167749434615	0.023232536960630906
0.17408	0.22026520412934927	0.5216735996947183	10.380481143827089	2.130434441503623	0.024308893979323436
0.18432	0.20838557768029883	0.5076447342699052	9.4858736482528	1.971310877693961	0.02537903620571515
0.19456	0.1972743442031537	0.49409679732673467	8.68021027838737	1.8262929629810942	0.02644392886120345
0.2048	0.18686516399324715	0.4810007767951269	7.952976998296729	1.6938229309487542	0.02750415896703979
0.21504	0.1770992541908233	0.46833021911351963	7.29505712428056	1.5725538280640612	0.028560355467497155
0.22528	0.1679245969397123	0.45606210093554966	6.6985966176194225	1.4613240813094273	0.029612968123046708
0.23552	0.15929436753650733	0.4441748534493429	6.156793989750531	1.359116309587561	0.03066247904752046
0.24576000000000003	0.15116716249034282	0.4326496662430284	5.663782924890323	1.2650474935184397	0.031709223381543514
0.256	0.14350564306558705	0.4214689078406121	5.214447648389563	1.1783386735423542	0.0327535652839557
0.26624000000000003	0.13627657082070982	0.41061708448079387	4.804338189573322	1.0983075433135276	0.03379575306550399
0.27648	0.1294497476795679	0.4000795738315287	4.429535393695224	1.0243470480399741	0.03483606383636844
0.28672000000000003	0.12299805409398036	0.3898433924004552	4.0865974157063905	0.9559206808072743	0.03587468275966538
0.29696	0.1168966608057301	0.37989619237287775	3.7724710448304553	0.8925474440562284	0.036911823108129765
0.30720000000000003	0.11112309066399272	0.37022689913879664	3.4844533091454575	0.8337989607051113	0.03794762400269916
0.31744	0.10565662690224824	0.3608249083876541	3.220130211820483	0.7792886991218926	0.03898225135205145
0.32768	0.10047838518084765	0.3516806215788474	2.977350890960007	0.7286701690791239	0.04001581035938842
0.34816	0.09098975024010592	0.3342048114885166	2.5522861858545727	0.6383829925588821	0.042078920948844765
0.36864	0.08243629983489321	0.3176426664091093	2.190871100870863	0.5600670804353229	0.044139113150006265
0.38912	0.07471385143052241	0.30193096209373693	1.8830700817473924	0.49196133506963313	0.046197129367863264
0.4096	0.06773995638642114	0.2870236629695457	1.6206912203652437	0.43264762752760716	0.04825316405430788
0.43008	0.06143896444058228	0.27287558817643837	1.3967205889535252	0.38090850346577826	0.05030767477017581
0.45056	0.055742976289047085	0.2594454171783268	1.205262605204117	0.3357098853628865	0.05236079940218173
0.47104	0.0505906906673577	0.24669298130160705	1.0413553409301752	0.29616519079075015	0.054412873144674336
0.49152000000000007	0.04592784869952007	0.23458193026453592	0.9008489659556757	0.2615212388993411	0.05646397423411171
0.512	0.04170570785838805	0.22307728709047994	0.7802427842946832	0.23113057443437968	0.05851434256552827
0.5324800000000001	0.03788104291284427	0.21214723984220546	0.6765953739160149	0.20444024533363997	0.06056401657519043
0.55296	0.034414936465748946	0.2017612007881442	0.587416297016045	0.18097273713974055	0.0626131703693544
0.5734400000000001	0.031272735760926734	0.19189114498318466	0.5106028501649146	0.1603180288023231	0.06466181860484296
0.59392	0.028423159299411322	0.1825101152533222	0.4443679247418136	0.14212055664036372	0.06671009023827101
0.6144000000000001	0.025838257804832034	0.1735932582110284	0.3871968371781923	0.12607359796568401	0.06875798633991062
0.63488	0.023492749899311726	0.16511666717353032	0.33779816011186997	0.11191022903256127	0.07080560429912272
0.65536	0.021363985118416785	0.1570581897767583	0.29507377882066743	0.09939928089962238	0.07285293776621526
0.69632	0.01772755331468386	0.14223649227976734	0.22695176970426265	0.07874814636424027	0.07694566102275097
0.73728	0.014709836704607217	0.12880954902383046	0.17525619055287828	0.062494179906768636	0.08103778987835168
0.77824	0.012205815157450388	0.11664167239900766	0.13598747854773713	0.04967177762774266	0.08512975727270103
0.8192	0.010131347197798462	0.10562251475970542	0.10611915367349045	0.03954548904393383	0.08922125814121741
0.86016	0.008413430426216407	0.09564590095262233	0.08333073809344084	0.031534862462615505	0.0933125815282332
0.90112	0.006990786383086157	0.08661477189912169	0.06587992732176458	0.0251869395458571	0.09740354796089774
0.94208	0.005812200837418546	0.07843910952168462	0.052459488512390566	0.020147084825571895	0.10149437773464785
0.9830400000000001	0.004835490130578121	0.07103815005459616	0.042093292750117466	0.01613894482280073	0.10558494333795145
1.024	0.00402566793080633	0.0643379089239488	0.03404705774282066	0.012945755615632522	0.10967540336773114
1.0649600000000001	0.0033539566160552155	0.058272080955562224	0.02776996420927683	0.010397867685616154	0.1137656640363996
1.10592	0.0027965077228111765	0.05278015083631968	0.022846134727984004	0.00836168647086192	0.117855839681948
1.1468800000000001	0.0023336846755513834	0.04780780069752693	0.01896171082715765	0.006732156788064241	0.1219458610754413
1.18784	0.0019492113014324898	0.04330554695793845	0.015878438734863505	0.005426225812048406	0.1260358114645932
1.2288000000000001	0.001629671222749382	0.039228905904762745	0.01341545147142004	0.004378299403026277	0.13012563981824166
1.26976	0.0013639404750695843	0.03553740518686695	0.011434644168281006	0.003536334968259725	0.1342154072912535
1.31072	0.0011428395457750448	0.03219461394679735	0.009830510139981919	0.0028590691624259083	0.1383050763139967
1.39264	0.0008132941934859894	0.026519226503290357	0.007495087078876853	0.0018892235378800003	0.14648363994412542
1.47456	0.0005804754205494704	0.02183825679618922	0.005869444508505764	0.001250945672630346	0.15466199397130037
1.55648	0.0004161669162227206	0.017978453724157215	0.004711650960871156	0.0008299198614222608	0.16284036399756022
1.6384	0.00030041388001543804	0.014800593107522055	0.00386619402342218	0.0005519090604126599	0.17101852803588757
1.72032	0.0002187219754277334	0.01218564431248649	0.0032322839276645293	0.00036792686060938977	0.1791966310258318
1.80224	0.00016086677058460802	0.010034346288794994	0.0027449222351871904	0.00024586705242598953	0.18737457007556366
1.88416	0.00011969504492295357	0.008264407477826318	0.0023617376098066904	0.0001646766157501151	0.1955524376329688
1.9660800000000003	9.023076266444792e-5	0.006808158356903253	0.0020543605251199986	0.00011053913170237063	0.20373017955627762
2.048	6.900260172146579e-5	0.005609841884008247	0.0018034919319562534	7.435427506242153e-5	0.21190785239385596
2.1299200000000003	5.3590984422803514e-5	0.0046236701276906825	0.0015956896828422573	5.01152814607485e-5	0.22008542714262577
2.21184	4.230282883363148e-5	0.003811959153845109	0.001421357268885196	3.384363887448238e-5	0.22826293889612362
2.2937600000000002	3.395245225564972e-5	0.0031437547232971755	0.0012735021363988782	2.2898545027617222e-5	0.23644037229831522
2.37568	2.770615492242706e-5	0.0025935893155794917	0.001146915154855264	1.5521954973189827e-5	0.24461774971101113
2.4576000000000002	2.2976529013898186e-5	0.0021405364632723876	0.0010376458216014236	1.0541148161217632e-5	0.2527950632685344
2.53952	1.9347830024479015e-5	0.001767380732017545	0.000942642587770916	7.171865496033829e-6	0.2609723276519652
2.62144	1.6524796614384825e-5	0.0014599716434798694	0.0008595137538657294	4.888658690381721e-6	0.2691495391010788
2.78528	1.2621942291006733e-5	0.0010114752602146356	0.0007247553433549087	2.3480133093901346e-6	0.28550374896446357
2.94912	9.991875858852348e-6	0.0007018832429411297	0.0006172697669666941	1.1342383023093882e-6	0.30185780275865276
3.11296	8.139173382797541e-6	0.0004879951853592569	0.0005304040662934785	5.514058337717424e-7	0.3182117437985286
3.2768	6.779486540462886e-6	0.00034038637574432734	0.0004593535096964606	2.704702090234508e-7	0.33456556437645696
3.44064	5.74368658958578e-6	0.00023845563796251603	0.00040057433266505095	1.34164106446401e-7	0.35091929070818845
3.60448	4.929842511408358e-6	0.00016795810307088362	0.00035144756858410125	6.747265098873849e-8	0.3672729244852652
3.76832	4.274553372221377e-6	0.00011909533643834411	0.000310012875072975	3.4512214266268996e-8	0.38362648241492314
3.9321600000000005	3.7367067972394047e-6	8.513631767488959e-5	0.00027478201497620257	1.802615035718131e-8	0.39997996798354873
4.096	3.2885410826407505e-6	6.145643574052403e-5	0.00024460969110651334	9.660939988484298e-9	0.4163333924197546
4.2598400000000005	2.910568100445874e-6	4.4876688128108574e-5	0.000218603551674036	5.342367807433783e-9	0.4326867592725021
4.42368	2.5886528080938235e-6	3.321020695104451e-5	0.00019606023688695175	3.066149974089205e-9	0.4490400764893653
4.5875200000000005	2.312243053256254e-6	2.49511880399487e-5	0.0001764194030248617	1.8363955795404405e-9	0.4653933472105483
4.75136	2.07324943028163e-6	1.90617057302589e-5	0.00015922234313235596	1.1524869115619874e-9	0.48174657727806897
4.9152000000000005	1.8654275565070695e-6	1.48253915834628e-5	0.00014411987741726225	7.593320089096795e-10	0.4980997693402161
5.07904	1.6838094471686971e-6	1.1747079739212943e-5	0.00013080212293555547	5.248664451051393e-10	0.5144529278045203
5.24288	1.5243924382937047e-6	9.48380762160239e-6	0.00011902101339717325	3.7944350424124096e-10	0.5308060548625986
5.57056	1.266968993155574e-6	6.634465119733855e-6	9.983505139665804e-5	2.2708662743327342e-10	0.56351219628404
5.89824	1.0628887900327296e-6	4.90516948720634e-6	8.446875425051702e-5	1.5113489214125593e-10	0.596218242726674
6.22592	8.99719298495662e-7	3.791001408685967e-6	7.207073809020284e-5	1.0871721636990876e-10	0.6289242129863761
6.5536	7.68317804117623e-7	3.033978499315686e-6	6.201746192401709e-5	8.291384279373189e-11	0.6616301142146908
6.88128	6.618212977749344e-7	2.4940031981936187e-6	5.3822805570761675e-5	6.615360719260143e-11	0.6943359581623822
7.20896	5.75037411742885e-7	2.0927731776771784e-6	4.71128965833529e-5	5.470062981329334e-11	0.7270417498963266
7.53664	5.039767265981966e-7	1.7849431202290794e-6	4.1595147695331826e-5	4.6547424432654257e-11	0.7597474972528651
7.864320000000001	4.455301674975039e-7	1.543032107469944e-6	3.703858300649983e-5	4.05369114984982e-11	0.7924532037533536
8.192	3.9724877235944916e-7	1.349538014419079e-6	3.3259576764248e-5	3.596514275976176e-11	0.8251588747342777
8.519680000000001	3.5718811570671863e-7	1.1927276987056908e-6	3.011132956962397e-5	3.2385927755158984e-11	0.8578645126506582
8.84736	3.2379500521374714e-7	1.0643627612889007e-6	2.7475964519075692e-5	2.95076126245307e-11	0.8905701212157304
9.175040000000001	2.958229594059186e-7	9.584228772427422e-7	2.525850067422683e-5	2.713493185126496e-11	0.9232757021595299
9.50272	2.722680106348742e-7	8.703711049309816e-7	2.338219686468936e-5	2.513461039193466e-11	0.9559812581267724
9.830400000000001	2.5231922263778014e-7	7.967070450426043e-7	2.1784915369777962e-5	2.3414162513941676e-11	0.9886867903563877
10.15808	2.3532011111731483e-7	7.346851274309588e-7	2.041625630991753e-5	2.1908440853826132e-11	1.0213923007743078
10.48576	2.2073827815774337e-7	6.821259754430492e-7	1.92352834312859e-5	2.0570892939129312e-11	1.0540977902944801
11.14112	1.9799600116048505e-7	6.015269313373379e-7	1.7374922880606327e-5	1.8309839157686914e-11	1.119508689668914
11.79648	1.8024078228197918e-7	5.402706127847518e-7	1.5903452364403474e-5	1.64005809200856e-11	1.1849195173104177
12.45184	1.6594556107064106e-7	4.923515051530511e-7	1.47031590571715e-5	1.475017624016388e-11	1.2503302822024274
13.1072	1.5410857817103136e-7	4.537432267136909e-7	1.3697244499094215e-5	1.3301471773252743e-11	1.3157409867457104
13.76256	1.440484328730146e-7	4.2172025391200504e-7	1.283304417198735e-5	1.201667966412454e-11	1.381151636319625
14.41792	1.3529698086787208e-7	3.9444289282763905e-7	1.2074203208475625e-5	1.0869342357150292e-11	1.4465622329056809
15.07328	1.275304186831553e-7	3.706590727853019e-7	1.1395497955831917e-5	9.839913141252773e-12	1.5119727804759795
15.728640000000002	1.2052336545404762e-7	3.4950800765169644e-7	1.0779314595554907e-5	8.91326991824674e-12	1.5773832808375536
16.384	1.1411775100055184e-7	3.303922544597379e-7	1.0213249210478338e-5	8.077262638244642e-12	1.642793737109429
17.039360000000002	1.0820162643113879e-7	3.128931093592182e-7	9.688471037002517e-6	7.32183041832986e-12	1.7082041509931805
17.69472	1.0269471077009658e-7	2.967138848115718e-7	9.198605473949754e-6	6.638444525116766e-12	1.7736145250499782
18.350080000000002	9.753852470195873e-8	2.8164153623004016e-7	8.738971337159282e-6	6.01974456470138e-12	1.8390248608914646
19.00544	9.268965097556999e-8	2.6752057324658174e-7	8.306059632921685e-6	5.459292576961036e-12	1.9044351606869292
19.660800000000002	8.811512694625885e-8	2.5423527050716206e-7	7.897177080902641e-6	4.951401159810628e-12	1.9698454259558977
20.31616	8.378929169594794e-8	2.41697516368524e-7	7.510202043405016e-6	4.491009134933658e-12	2.0352556585746524
20.97152	7.9691625821453e-8	2.298384998877524e-7	7.143417188353228e-6	4.073588561744406e-12	2.100665859965261
22.28224	7.225821189344392e-8	2.083387383103896e-7	6.477540103610987e-6	3.3645907126434475e-12	2.2314861492173894
23.59296	6.554131243904093e-8	1.889436333429912e-7	5.8756923291335965e-6	2.779701404120895e-12	2.36230633149081
24.90368	5.9458233273588975e-8	1.7139462841471748e-7	5.3304993894841905e-6	2.296588912091185e-12	2.4931264186609843
26.2144	5.394467314700407e-8	1.5549515881970395e-7	4.836281283623007e-6	1.897480055778033e-12	2.623946418921223
27.52512	4.894511986378283e-8	1.4108078278940987e-7	4.38810242409859e-6	1.5677491588854711e-12	2.7547663407274254
28.83584	4.441050258420314e-8	1.2800827162351013e-7	3.981583728768964e-6	1.2953274636199895e-12	2.8855861909781586
30.14656	4.0296958961571085e-8	1.1615037531786755e-7	3.6128033059001076e-6	1.0702499315788537e-12	3.0164059765393474
31.457280000000004	3.656503992471178e-8	1.0539297117111229e-7	3.2782299864095433e-6	8.842862823302827e-13	3.1472257031823574
32.768	3.317913943523696e-8	9.563320902955392e-8	2.9746745709880406e-6	7.306379867254984e-13	3.278045376521324
34.078720000000004	3.0107053736728545e-8	8.677814557392694e-8	2.6992515340086955e-6	6.036887171609753e-13	3.4088650013467783
35.38944	2.7319621079272315e-8	7.87436585247995e-8	2.4493473551327253e-6	4.987985360110394e-13	3.539684582266978
36.700160000000004	2.47904154984665e-8	7.145353956583579e-8	2.222593395718026e-6	4.121340314681635e-13	3.6705041232405042
38.01088	2.249547985328843e-8	6.483871207066911e-8	2.016842138689704e-6	3.4052806114134686e-13	3.801323628058518
39.321600000000004	2.0413089407076177e-8	5.8836542852495594e-8	1.8301460859459283e-6	2.8136391519403225e-13	3.9321430999835894
40.63232	1.8523540467365652e-8	5.3390229277735996e-8	1.660738859855833e-6	2.3247963315961225e-13	4.062962542138964
41.94304	1.680896036368451e-8	4.8448249521177653e-8	1.5070181954842671e-6	1.9208896160649984e-13	4.193781957209337
44.56448	1.3939451116759566e-8	4.0177074286762654e-8	1.249690551587817e-6	1.3299405373089555e-13	4.455420693232846
47.18592	1.1563990526381556e-8	3.3330057199143855e-8	1.0367325736772685e-6	9.215359804010696e-14	4.7170593493662345
49.80736	9.593674442406202e-9	2.7651042235207402e-8	8.600916916210128e-7	6.385811693203078e-14	4.978697941034625
52.4288	7.959144021617675e-9	2.2939933384011642e-8	7.135533902287667e-7	4.425112020040773e-14	5.2403364786183
55.05024	6.603141017458065e-9	1.9031624650944063e-8	5.919853337685528e-7	3.066447153025031e-14	5.501974971982612
57.67168	5.478191407999132e-9	1.578927091471255e-8	4.91131518210121e-7	2.124954362078901e-14	5.763613428128806
60.29312	4.544917160877644e-9	1.30993722150969e-8	4.074616824065063e-7	1.4725382097948702e-14	6.025251853930084
62.91456000000001	3.7706537216617046e-9	1.086778011177203e-8	3.3804742163273155e-7	1.0204373109669327e-14	6.286890254118799
65.536	3.128304711014589e-9	9.016395606328866e-9	2.8045951626995554e-7	7.071455817014313e-15	6.548528633496232
68.15744000000001	2.595392266735769e-9	7.480431755121017e-9	2.326827973905024e-7	4.900428313414203e-15	6.810166995248063
70.77888	2.1532695009460487e-9	6.206143637785332e-9	1.9304554481522022e-7	3.3959549359204455e-15	7.071805342737251
73.40032000000001	1.7864673485583232e-9	5.148945722602147e-9	1.6016093268460913e-7	2.353382038175766e-15	7.333443678097486
76.02176	1.482152839722376e-9	4.27185041722692e-9	1.328784637648962e-7	1.6308933386056682e-15	7.595082003691542
78.64320000000001	1.2296797681504587e-9	3.544172947855399e-9	1.1024368683489591e-7	1.1302155156302124e-15	7.8567203209394325
81.26464	1.0202159811313096e-9	2.940457095555761e-9	9.146478306750078e-8	7.832484210726764e-16	8.11835863150706
83.88608	8.464342167795296e-10	2.439584099865424e-9	7.588484937266542e-8	5.428006073813052e-16	8.379996936331798
89.12896	5.966455827897787e-10	1.7199097533788471e-9	5.348504361948837e-8	2.7332358889231033e-16	8.90327352309168
94.37184	4.2121162157253633e-10	1.2141945404076159e-9	3.775912979225974e-8	1.380788706735824e-16	9.42655009665379
99.61472	2.973989606551597e-10	8.572847971618272e-10	2.6660116281969614e-8	6.977224278763742e-17	9.949826663194441
104.8576	2.099831778831276e-10	6.052987435864679e-10	1.8823796744182777e-8	3.525758662032687e-17	10.47310322350083
110.10048	1.482625685796702e-10	4.2738241751125906e-10	1.3290897678543594e-8	1.7816830067894716e-17	10.996379780695422
115.34336	1.04683956305713e-10	3.017624127998979e-10	9.384323878428225e-9	9.003590745087979e-18	11.519656334800526
120.58624	7.391459825229082e-11	2.1306647979587657e-10	6.626026080332608e-9	4.5499687453942486e-18	12.042932887611363
125.82912000000002	5.2189330206166655e-11	1.5044111239080497e-10	4.678479146868725e-9	2.2993674192037205e-18	12.566209438894198
131.072	3.684975202842729e-11	1.0622317866347157e-10	3.3033728489885252e-9	1.1620252252509556e-18	13.089485989708699
136.31488000000002	2.601888635488689e-11	7.500208648093836e-11	2.3324469567413024e-9	5.872592806535727e-19	13.61276253976984
141.55776	1.837147719411168e-11	5.2957642343567554e-11	1.6468998624176632e-9	2.9679139086561097e-19	14.136039089719256
146.80064000000002	1.2971812101632175e-11	3.7392555049559674e-11	1.1628502891275811e-9	1.4999601250316445e-19	14.65931563929887
152.04352	9.159217684997246e-12	2.6402363501901292e-11	8.210726294756036e-10	7.580800361643356e-20	15.182592188906593
157.28640000000001	6.4672141272781465e-12	1.8642390555985002e-11	5.797496176224182e-10	3.8313979572851044e-20	15.705868738333933
162.52928	4.566434142757749e-12	1.3163200614188465e-11	4.0935534290375276e-10	1.93644983347177e-20	16.229145287832974
167.77216	3.2243206802558617e-12	9.294423847510024e-12	2.8904238082251125e-10	9.787278513047011e-21	16.752421837244828
178.25792	1.7244387369334895e-12	4.972639202903399e-12	1.5455130675769753e-10	2.875747498845768e-21	17.798974934150287
188.74368	9.281608638414227e-13	2.676388687414337e-12	8.318874794576782e-11	8.562304266444372e-22	18.84552803083701
199.22944	4.998890873866468e-13	1.441430468068661e-12	4.480406123545044e-11	2.5525401249308354e-22	19.89208112829783
209.7152	2.6924596693862807e-13	7.763700387630793e-13	2.4131986626735312e-11	7.610587481601449e-23	20.938634225759646
220.20096	1.4501954397890897e-13	4.1816349931410284e-13	1.2997816519683325e-11	2.2692585373484838e-23	21.98518732362638
230.68672	7.810948950224244e-14	2.2522853142888775e-13	7.0007998006552794e-12	6.76653222331262e-24	23.03174042150199
241.17248	4.207082291975323e-14	1.213111233401248e-13	3.770724996874854e-12	2.017736155859924e-24	24.078293519583863
251.65824000000003	2.2659915559220808e-14	6.533981681833039e-14	2.0309635812587075e-12	6.016979558503607e-25	25.124846617672524
262.144	1.2204942460578067e-14	3.519292532898326e-14	1.0939049353839482e-12	1.7943553739766474e-25	26.171399715865302
272.62976000000003	6.5737536119282854e-15	1.8955404624794958e-14	5.891925751409114e-13	5.35123370145299e-26	27.217952814062144
283.11552	3.5407184603462598e-15	1.0209654294095344e-14	3.173476129542861e-13	1.5959329777363164e-26	28.264505912311268
293.60128000000003	1.907083432138371e-15	5.4990711521137585e-15	1.7092812628710178e-13	4.759818270005213e-27	29.311059010562616
304.08704	1.0271842290973478e-15	2.9618836397728503e-15	9.206449591131523e-14	1.4196483652180987e-27	30.357612108840137
314.57280000000003	5.532575669755321e-16	1.5953170874911119e-15	4.958738397100363e-14	4.234338600047215e-28	31.404165207118826
325.05856	2.9799347995027164e-16	8.592636126419161e-16	2.6708567433747526e-14	1.2630031671196518e-28	32.4507183054106
335.54432	1.6050425292767179e-16	4.628137028079692e-16	1.438567930785721e-14	3.767359169436591e-29	33.49727140370298
356.51584	5.510339759711543e-17	1.5901843331655648e-16	4.936280325286458e-15	4.6886192989718115e-30	35.59037760026169
377.48736	1.9428765700872533e-17	5.606080829440371e-17	1.7406733162355537e-15	6.162367489333826e-31	37.683483796819154
398.45888	6.878066354802417e-18	1.984539062705374e-17	6.162372624488483e-16	8.16445390914796e-32	39.776589993395035
419.4304	2.4363294604350085e-18	7.02954650134697e-18	2.182823646364247e-16	1.0830062559021051e-32	41.86969618997179
440.40192	8.630538088498757e-19	2.4901708947362527e-18	7.732511950873963e-17	1.4369379046618802e-33	43.962802386553946
461.37344	3.0573296469809023e-19	8.821320479142126e-19	2.7392077815688047e-17	1.9067262323963129e-34	46.055908583136365
482.34496	1.0830426138976475e-19	3.1249057820340872e-19	9.703495890437207e-18	2.530304907679303e-35	48.14901477972035
503.31648000000007	3.8366089387275933e-20	1.1069779289839797e-19	3.4374009309407126e-18	3.3580667059310746e-36	50.242120976304406
524.288	1.3590906556767798e-20	3.921388712836342e-20	1.217674075026525e-18	4.456934852733372e-37	52.3352271728889
545.2595200000001	4.814468943249526e-21	1.389120416038928e-20	4.313511915625845e-19	5.915784736155585e-38	54.42833336947343
566.23104	1.7054835965622646e-21	4.920838202274232e-21	1.5280238747560816e-19	7.852648325303256e-39	56.521439566058106
587.2025600000001	6.041516818843654e-22	1.7431612377446065e-21	5.412882054273727e-20	1.0424284642932163e-39	58.61454576264277
608.17408	2.1401478738441535e-22	6.174977564470294e-22	1.9174601191369373e-20	1.3838892942320664e-40	60.70765195922749
629.1456000000001	7.581252739772208e-23	2.187422156102078e-22	6.792404115917873e-21	1.8373001114006836e-41	62.80075815581221
650.11712	2.685576970096742e-23	7.748707442679284e-23	2.4061357692373368e-21	2.4393900703136717e-42	64.89386435239689
671.08864	9.51335483294132e-24	2.7448927707611974e-23	8.5234654547455e-22	3.238945100280682e-43	66.98697054898156
713.03168	1.5401404455923136e-24	4.452933911720037e-24	1.3779890848701128e-22	9.467507522607582e-45	71.17318294215097
754.97472	2.777216017263773e-25	8.026141363574566e-25	2.485796935650924e-23	3.4454311558461884e-46	75.3593953353204
796.91776	5.196734703332591e-26	1.501434783675331e-25	4.652124747884296e-24	1.3497533073481259e-47	79.54560772848984
838.8608	9.834628912574373e-27	2.841241691189004e-26	8.804318573659857e-25	5.408104554727897e-49	83.73182012165927
880.80384	1.8673682017308442e-27	5.394788834671638e-27	1.671754772256527e-25	2.181495474309443e-50	87.9180325148287
922.74688	3.5491403417096746e-28	1.0253352860062952e-27	3.1773656495979775e-26	8.817525936932065e-52	92.10424490799814
964.68992	6.74743070627082e-29	1.9493087592981144e-28	6.040638631945505e-27	3.566347979293496e-53	96.29045730116758
1006.6329600000001	1.282887506071626e-29	3.7062152912514663e-29	1.1485055615041976e-27	1.4428055974702714e-54	100.476669694337
1048.576	2.4392047989809703e-30	7.046773544112485e-30	2.1836991851473576e-28	5.837740437018363e-56	104.66288208750643
1090.5190400000001	4.637780280837595e-31	1.339837818324066e-30	4.15197482041042e-29	2.362198890164593e-57	108.84909448067586
1132.46208	8.818042501182616e-32	2.5475004603768423e-31	7.894356192498062e-30	9.55906636992266e-59	113.03530687384529
1174.4051200000001	1.676616517232278e-32	4.843684491514439e-32	1.5009915862253389e-30	3.868457235952462e-60	117.22151926701471
1216.34816	3.187826580731882e-33	9.209516186078953e-33	2.8539028987648717e-31	1.565599154000025e-61	121.40773166018415
1258.2912000000001	6.061149766850299e-34	1.751044423884373e-33	5.426246370571836e-32	6.336383847946772e-63	125.59394405335358
1300.23424	1.1524305010881258e-34	3.3293305280731323e-34	1.0317137673900412e-32	2.564593173077921e-64	129.780156446523
1342.17728	2.191159052363571e-35	6.330180461628206e-35	1.961635780129922e-33	1.0380297596547692e-65	133.96636883969245
1426.06336	-3.47466538948008e-37	-9.915897428407056e-37	-3.1481333411520475e-35	3.3340207664865365e-69	142.33879362603136
1509.94944	-1.6475466758338235e-37	-4.757192439978093e-37	-1.4760860253274503e-35	9.141275155310605e-70	150.71121841237027
1593.83552	-2.0002543817199901e-38	-5.784057563551218e-38	-1.790001108582838e-36	1.6764493870100188e-71	159.08364319870918
1677.7216	-1.766921625361908e-39	-5.1125214616852716e-39	-1.5803069319073524e-37	1.629636826558278e-73	167.45606798504807
1761.60768	-1.2668797092784122e-40	-3.667502331839503e-40	-1.1325379642366414e-38	1.0438995127241527e-75	175.828492771387
1845.49376	-7.288438845258388e-42	-2.111332197696177e-41	-6.511500225946669e-40	4.3040563997406086e-78	184.20091755772592
1929.37984	-2.8424415421278456e-43	-8.247177467465904e-43	-2.535631289172155e-41	8.14077205580072e-81	192.57334234406483
2013.2659200000003	1.5800420212410706e-45	4.4028673900038763e-45	1.4621896779687287e-43	3.376390483873959e-85	200.94576713040374
2097.152	1.7432264676402205e-45	5.033768974954348e-45	1.5620608352445717e-43	4.806933305613723e-85	209.31819191674265
2181.0380800000003	2.2292737178153544e-46	6.445901891317445e-46	1.9950946388308625e-44	9.78146644846705e-87	217.6906167030816
2264.92416	2.0194103632812264e-47	5.842720420104243e-47	1.8062218696760132e-45	1.0000668169455675e-88	226.0630414894205
2348.8102400000002	1.478557315171418e-48	4.280045364056288e-48	1.321838203700324e-46	6.681250788953359e-91	234.4354662757594
2432.69632	8.736739137086303e-50	2.5306574107286763e-49	7.806062408570562e-48	2.906586619484382e-93	242.80789106209832
2516.5824000000002	3.6233917806906106e-51	1.0509967328081246e-50	3.2331852098190605e-49	6.220160373671026e-96	251.18031584843723
2600.46848	9.75404147140719e-54	3.0186446511904133e-53	8.15382923872604e-52	4.935182405886406e-101	259.55274063477617
2684.35456	-1.8252407188394428e-53	-5.269125010143356e-53	-1.6359783983345372e-51	2.4782384207335377e-100	267.92516542111514
2852.12672	-9.695485472692636e-54	-2.821704037996525e-53	-8.650080012829071e-52	1.0583051173317885e-100	284.67001499379296
3019.89888	-5.821616214537161e-55	-1.689435229801187e-54	-5.199717449294198e-53	5.834906737337509e-103	301.4148645664707
3187.67104	-1.4600799339996894e-56	-4.217014180767985e-56	-1.306035411898233e-54	5.616450906815973e-106	318.1597141391485
3355.4432	4.384646169139027e-58	1.2842422739081878e-57	3.904263070215716e-56	7.657867054857353e-109	334.90456371182626
3523.21536	6.297939917038653e-59	1.8304859561960464e-58	5.621971124468875e-57	2.422620554323675e-110	351.6494132845041
3690.98752	3.027801398865799e-60	8.77707490219114e-60	2.7051383638106765e-58	8.557883096424104e-113	368.39426285718184
3858.75968	4.611746383259168e-62	1.3254310476844843e-61	4.13172280541636e-60	3.0459964661931853e-116	385.1391124298596
4026.5318400000006	-4.207154974355961e-63	-1.2269718587522318e-62	-3.751424564966023e-61	3.8312407965123583e-118	401.88396200253743
4194.304	-3.8124004202723144e-64	-1.1072094506063881e-63	-3.4040670118875083e-62	4.813083203854988e-120	418.6288115752152
4362.0761600000005	-1.4642636749561458e-65	-4.2404168114895145e-65	-1.3086456053686814e-63	1.0853043755579682e-122	435.37366114789296
4529.84832	-4.105951062705985e-68	-1.1140106036666243e-67	-3.7446200656921785e-66	1.3558240481634352e-127	452.1185107205707
4697.6204800000005	3.2101164882752828e-68	9.344778915005954e-68	2.8641062954770946e-66	1.210170351893293e-127	468.86336029324855
4865.39264	2.1711890531449136e-69	6.30113523132822e-69	1.9390903381257673e-67	8.463398485266046e-130	485.6082098659263
5033.1648000000005	6.406827006175863e-71	1.8525958450608398e-70	5.728707555949122e-69	1.1270482082917706e-132	502.353059438604
5200.93696	-1.01440305929725e-72	-2.9876737772377127e-72	-9.01593027781523e-71	4.259226896164254e-136	519.0979090112819
5368.70912	-2.175934860080113e-73	-6.327087048500894e-73	-1.94211109014675e-71	3.0153541872228656e-137	535.8427585839597
5704.25344	-6.0234744475001926e-74	-1.7836114725012344e-73	-5.320471314878992e-72	4.9554569566646924e-138	569.3324577293154
6039.79776	-1.4914356027505412e-75	-4.3582187203461224e-75	-1.3273061155758609e-73	6.723178518699923e-141	602.822156874671
6375.34208	1.008542214943056e-77	3.1752152566276163e-77	8.655288271711326e-76	6.230238625577029e-145	636.3118560200267
6710.8864	1.5712106804779536e-78	4.648140198881062e-78	1.3896547191907513e-76	3.4998911402541504e-146	669.8015551653823
7046.43072	3.543557476644088e-80	1.0315054839117282e-79	3.1568782435877055e-78	3.935997229626579e-149	703.2912543107379
7381.97504	-3.6151990991208184e-82	-1.116047637953995e-81	-3.1335477053150654e-80	8.451038633850446e-153	736.7809534560936
7717.51936	-4.076569207375207e-83	-1.2045306973971463e-82	-3.6072371348137082e-81	2.4405358625505018e-154	770.2706526014491
8053.063680000001	-8.33119167161117e-85	-2.4203974842131765e-84	-7.428547073731877e-83	2.2554952083898077e-157	803.7603517468048
8388.608	1.1804045711052651e-86	3.603761734246235e-86	1.0286255446009773e-84	9.424256584343387e-161	837.2500508921604
8724.152320000001	1.051277836525553e-87	3.1032081524327264e-87	9.306651843467939e-86	1.6811937548299204e-162	870.7397500375159
9059.69664	1.93416553984588e-89	5.606230792903507e-89	1.7263836467239342e-87	1.2606769196594022e-165	904.2294491828716
9395.240960000001	-3.646197904366774e-91	-1.1052756412268143e-90	-3.18818695016277e-89	9.369471110316522e-169	937.7191483282272
9730.78528	-2.695136321541343e-92	-7.94795729716127e-92	-2.3869743930138417e-90	1.1445147097226518e-170	971.2088474735828
10066.329600000001	-4.42301964193235e-94	-1.2784252691607207e-93	-3.952796348684986e-92	6.839637425982991e-174	1004.6985466189384
10401.87392	1.085241383849087e-95	3.273213224095585e-95	9.511791220486901e-94	8.630722653173546e-177	1038.188245764294
10737.41824	6.86964782671993e-97	2.0239322429050694e-96	6.086811402418688e-95	7.701947881932859e-179	1071.6779449096498
11408.50688	1.0914100640399023e-97	3.3916183134851064e-97	9.363424460574428e-96	7.272670455931147e-180	1138.6573432003609
12079.59552	9.643234172626737e-100	2.855655168860308e-99	8.529980045321539e-98	2.3649094723674347e-183	1205.636741491072
12750.68416	-1.636326929631519e-101	-5.2952452517324516e-101	-1.3840385870972112e-99	2.4351420474223322e-186	1272.616139781783
13421.7728	-4.112988807679597e-103	-1.2566446840207117e-102	-3.5750299610316706e-101	6.353591468879853e-189	1339.5955380724943
14092.86144	-3.8429825945853856e-106	-4.2758244315720277e-106	-4.2661540443065045e-104	3.537996198510443e-194	1406.5749363632053
14763.95008	9.68710143197939e-107	3.035469570535994e-106	8.321747666048678e-105	5.264256109907975e-195	1473.5543346539164
15435.03872	1.1308204952325146e-108	3.3518148546497783e-108	9.951082754385814e-107	2.9435549941713424e-198	1540.5337329446274
16106.127360000002	-1.1686954747259298e-110	-3.8654858437574193e-110	-9.78657008368164e-109	1.1133098365361084e-201	1607.5131312353385
16777.216	-4.0270466908526407e-112	-1.2365406706426372e-111	-3.490488359742449e-110	5.537974599155342e-204	1674.4925295260496
17448.304640000002	-1.4389618063717573e-114	-3.73920615025392e-114	-1.3315122892803618e-112	3.15131978248381e-208	1741.4719278167606
18119.39328	8.348523412578938e-116	2.636141317682982e-115	7.146008978480635e-114	3.5493822949756824e-210	1808.4513261074717
18790.481920000002	1.2465466337626292e-117	3.738604690774933e-117	1.0915044103219594e-115	3.238174133849638e-213	1875.4307243981827
19461.57056	-7.162139193427193e-120	-2.4728338048330525e-119	-5.868281549264923e-118	3.660114235923995e-217	1942.4101226888938
20132.659200000002	-3.8270832639787718e-121	-1.1825575470471794e-120	-3.30795774766792e-119	4.5479555273797495e-219	2009.3895209796046
20803.74784	-2.336048182895631e-123	-6.580520875463111e-123	-2.0983243410852613e-121	7.155913547609505e-223	2076.368919270316
21474.83648	6.8977226810041e-125	2.1996156713905427e-124	5.8773959568537115e-123	2.1953981493756337e-225	2143.348317561027
22817.01376	1.695403918103426e-125	6.3426522548655e-125	1.2951609728203245e-123	1.1027264285588754e-225	2277.30711414245
24159.19104	4.828207641145314e-128	1.5110150023998366e-127	4.182243652078418e-126	1.1032301900639759e-229	2411.2659107238724
25501.36832	-6.756496045137382e-130	-2.7688249059844653e-129	-5.136005533328164e-128	1.5764002561693952e-232	2545.224707305295
26843.5456	-4.767784891337877e-132	-1.620641404111154e-131	-3.9279044082655345e-130	8.717977268743126e-236	2679.183503886717
28185.72288	1.790526561459634e-134	8.685483180885728e-134	1.2694782773935942e-132	8.60752845426773e-240	2813.1423004681387
29527.90016	3.06436629418976e-136	1.1102286008314755e-135	2.4566966006356504e-134	3.0467832791836787e-242	2947.101097049561
30870.07744	1.4776222740582265e-139	-6.2656472703376715e-139	2.025652030567068e-137	1.9578300913981296e-247	3081.059893630983
32212.254720000004	-1.5206944190824657e-140	-5.8686559276010585e-140	-1.1901730360897189e-138	6.38810003219081e-249	3215.0186902124055
33554.432	-6.045138747590099e-143	-1.7113126926586196e-142	-5.1765096746458094e-141	1.1421723362053872e-252	3348.9774867938277
34896.609280000004	5.701454412498481e-145	2.407437571797768e-144	4.3076676744876395e-143	7.47563392378023e-256	3482.93628337525
36238.78656	5.083816944852206e-147	1.713253262801936e-146	4.153552056032939e-145	6.569147649642138e-259	3616.8950799566724
37580.963840000004	-1.158366560469967e-149	-6.380054015978017e-149	-7.665666195719063e-148	2.114830566571788e-263	3750.8538765380945
38923.14112	-3.0112807343374844e-151	-1.1004911565899314e-150	-2.397744561354302e-149	1.9556343812198208e-265	3884.8126731195166
40265.318400000004	-4.523535963528092e-154	-5.550601011710166e-154	-4.401253701107178e-152	6.227886722081846e-270	4018.7714697009383
41607.49568	1.3879166051665439e-155	5.453042078169165e-155	1.0773475146949909e-153	3.527001056837911e-272	4152.73026628236
42949.67296	7.145598760108026e-158	2.1809871613735447e-157	6.00329800636019e-156	1.0350940922887485e-275	4286.689062863782
45634.02752	3.3212288974197775e-159	1.0329749935839157e-158	1.5371902917782303e-157	3.9129799769488763e-277	4554.606656026626
48318.38208	1.0340966348527169e-162	2.780921611250676e-162	9.565697605236593e-161	6.63271088767595e-282	4822.5242491894705
51002.73664	-2.0977860052108104e-164	-1.2850401721710292e-163	-8.309419695592504e-163	1.9219379137297174e-284	5090.441842352316
53687.0912	-2.0134733914301114e-167	-9.107859208125059e-167	-1.363403532879561e-165	1.883143957932159e-288	5358.35943551516
56371.44576	1.2210567997617642e-169	1.4084946967953975e-168	4.396131880475497e-168	6.980115219378935e-292	5626.277028678005
59055.80032	2.2691929910923407e-172	1.5406237954421657e-171	1.3326360041805395e-170	2.2692392487029407e-295	5894.194621840849
61740.15488	-6.224859241401976e-175	-1.4453609365117408e-173	-1.827989987220121e-173	1.5062560265865074e-299	6162.112215003693
64424.50944000001	-2.0489504337240536e-177	-2.094553336659507e-176	-1.0866052369723717e-175	1.875555598294721e-302	6430.029808166537
67108.864	2.3956192179862595e-180	1.428225686710449e-178	2.8130492147566036e-179	4.427993351501254e-308	6697.947401329381
69793.21856000001	1.6037960459173236e-182	2.5489633213501546e-181	7.773486556083465e-181	1.19093360407564e-309	6965.8649944922245
72477.57312	-1.8713870837922342e-186	-1.381539683536491e-183	5.088142498211966e-184	1.7970283233e-314	7233.782587655069
75161.92768000001	-1.1155765579502523e-187	-2.9091848431805756e-186	-4.919224965623827e-186	5.915641e-317	7501.700180817913
77846.28224	-8.864821113610967e-191	1.3217054772792458e-188	-7.973200351536758e-189	5.474e-321	7769.617773980758
80530.63680000001	6.877231647620728e-193	3.193554287876718e-191	2.6828764942167205e-191	0.0	8037.535367143602
83214.99136	1.2379939564840488e-195	-1.2583909317623585e-193	7.946012166382191e-194	0.0	8305.452960306446
85899.34592	-3.6242292291478784e-198	-3.423337418095159e-196	-1.1376318739080574e-196	0.0	8573.370553469289
91268.05504	-1.1610184875796749e-198	-1.6040671227497568e-196	7.239054180288083e-198	0.0	9109.20573979498
96636.76416	1.9967190186702826e-203	-9.605824916039559e-201	3.782234765524454e-201	0.0	9645.04092612067
102005.47328	1.9054969933093552e-204	8.054740172168031e-202	-1.7313220219719994e-203	0.0	10180.876112446358
107374.1824	-6.422218707042743e-209	1.0560016630726451e-205	-6.651263232092155e-207	0.0	10716.711298772047
112742.89152	-3.370824476590402e-210	-4.042989378603163e-207	6.265166859073973e-210	0.0	11252.546485097737
118111.60064	3.388413964995396e-215	-8.197983834147827e-211	2.6374658162598853e-214	0.0	11788.381671423427
123480.30976	6.115080278726584e-216	2.027364894431581e-212	3.245736706831974e-216	0.0	12324.216857749116
128849.01888000002	1.6158292353284916e-220	5.5709150811558105e-216	5.962367039884505e-219	0.0	12860.052044074804
134217.728	-1.1057006651499733e-221	-1.0155791770818636e-217	-3.2202439248245833e-222	0.0	13395.887230400493
139586.43712000002	-6.231142244977625e-226	-3.5269588373347875e-221	-4.363052641823449e-225	0.0	13931.722416726181
144955.14624	1.992659906815168e-227	5.082134251425764e-223	4.1251265498754664e-229	0.0	14467.55760305187
150323.85536000002	1.6245163089656182e-231	2.1366742061622394e-226	-8.744434348135083e-232	0.0	15003.392789377558
155692.56448	-3.5892310750425063e-233	-2.5405331473847026e-228	-7.312896706048498e-237	0.0	15539.227975703247
161061.27360000001	-3.8166554185189177e-237	-1.255977807578881e-231	2.9274046923995017e-237	0.0	16075.063162028937
166429.98272	6.463404657058918e-239	1.2686578757479916e-233	5.9390596661107254e-241	0.0	16610.89834835462
171798.69184	8.524159865745952e-243	7.222381282272975e-237	-1.2664755402723275e-243	0.0	17146.73353468031
182536.11008	3.447085821093023e-243	3.1585045651283627e-237	5.15903921696126e-244	0.0	18218.403907331685
193273.52832	3.7027560426997796e-248	9.463552301198335e-242	4.655180583547263e-248	0.0	19290.074279983062
204010.94656	-3.10826611475454e-249	-7.938907502302015e-243	-5.889755691205665e-251	0.0	20361.74465263444
214748.3648	-7.31109288808963e-254	-5.2148261282698496e-247	7.773527866584964e-255	0.0	21433.415025285816
225485.78304	2.8014192322067967e-255	1.9944331267103443e-248	-2.2470320778328173e-257	0.0	22505.085397937197
236223.20128	1.01746050093506e-259	2.0235588198324244e-252	-4.184552024794881e-261	0.0	23576.755770588574
246960.61952	-2.524626698684604e-261	-5.007919143106441e-254	-1.895691540234372e-266	0.0	24648.426143239954
257698.03776000004	-1.240807801187706e-265	-6.8768156574011555e-258	-1.0482701673105495e-267	0.0	25720.09651589133
268435.456	2.274774116023626e-267	1.2568214709803297e-259	6.518941115921334e-271	0.0	26791.766888542705
279172.87424000003	1.4100960910363592e-271	2.1780617024100565e-263	1.23958351532721e-274	0.0	27863.43726119408
289910.29248	-2.0492675761506553e-273	-3.152589767586319e-265	4.9597235838200746e-278	0.0	28935.10763384546
300647.71072000003	-1.5338379932229893e-277	-6.60274785558576e-269	6.543218221566425e-281	0.0	30006.778006496832
311385.12896	1.845779235589085e-279	7.903834170441803e-271	-1.13886539290395e-284	0.0	31078.448379148205
322122.54720000003	1.61936093972281e-283	1.942570721668129e-274	8.97189745402422e-289	0.0	32150.118751799582
332859.96544	-1.6621924676203902e-285	-1.9805386859425172e-276	-1.5511275834722305e-291	0.0	33221.78912445096
343597.38368	-1.6729647468231873e-289	-5.592025191453151e-280	-2.6749817527798668e-294	0.0	34293.45949710233
365072.22016	-7.300719025815543e-290	-2.4425073629557007e-280	-8.794981552137116e-298	0.0	36436.800242405094
386547.05664	-3.920239553627124e-295	-3.658332253391836e-285	1.2386821529022678e-300	0.0	38580.140987707855
408021.89312	3.2911533353586134e-296	3.070328038737981e-286	-2.2320150460238323e-303	0.0	40723.48173301061
429496.7296	3.874615889345524e-301	1.00821249211674e-290	2.539845485672321e-308	0.0	42866.82247831336
450971.56608	-1.4835121254205812e-302	-3.8585442327364176e-292	-1.2839155114504e-310	0.0	45010.16322361612
472446.40256	-2.6966599213071922e-307	-1.9566268301982732e-296	-7.29332965e-315	0.0	47153.50396891887
493921.23904	6.686434154307703e-309	4.847880347102081e-298	-2.28639e-318	0.0	49296.844714221625
515396.0755200001	1.6438586211e-313	3.325733799246859e-302	-7.07e-322	0.0	51440.185459524386
536870.912	-3.01341199e-315	-6.089334716047634e-304	0.0	0.0	53583.52620482714
558345.7484800001	-9.3403e-320	-5.268799566659387e-308	0.0	0.0	55726.866950129894
579820.58496	1.36e-321	7.64675421832924e-310	0.0	0.0	57870.207695432655
601295.4214400001	0.0	7.989927446e-314	0.0	0.0	60013.54844073541
622770.25792	0.0	-9.60004955e-316	0.0	0.0	62156.889186038155
644245.0944000001	0.0	-1.17598e-319	0.0	0.0	64300.22993134091
665719.93088	0.0	1.206e-321	0.0	0.0	66443.57067664366
687194.76736	0.0	0.0	0.0	0.0	68586.91142194641
730144.44032	0.0	0.0	0.0	0.0	72873.59291255193
773094.11328	0.0	0.0	0.0	0.0	77160.27440315745
816043.78624	0.0	0.0	0.0	0.0	81446.95589376298
858993.4592	0.0	0.0	0.0	0.0	85733.6373843685
901943.13216	0.0	0.0	0.0	0.0	90020.31887497402
944892.80512	0.0	0.0	0.0	0.0	94307.00036557953
987842.47808	0.0	0.0	0.0	0.0	98593.68185618504
1.0307921510400001e6	0.0	0.0	0.0	0.0	102880.36334679055
1.073741824e6	0.0	0.0	0.0	0.0	107167.04483739604
1.1166914969600001e6	0.0	0.0	0.0	0.0	111453.72632800155
1.15964116992e6	0.0	0.0	0.0	0.0	115740.40781860705
1.2025908428800001e6	0.0	0.0	0.0	0.0	120027.08930921256
1.24554051584e6	0.0	0.0	0.0	0.0	124313.77079981807
1.2884901888000001e6	0.0	0.0	0.0	0.0	128600.4522904236
1.33143986176e6	0.0	0.0	0.0	0.0	132887.1337810291
1.37438953472e6	0.0	0.0	0.0	0.0	137173.8152716346
1.46028888064e6	0.0	0.0	0.0	0.0	145747.17825284565
1.54618822656e6	0.0	0.0	0.0	0.0	154320.54123405667
1.63208757248e6	0.0	0.0	0.0	0.0	162893.90421526768
1.7179869184e6	0.0	0.0	0.0	0.0	171467.2671964787
1.80388626432e6	0.0	0.0	0.0	0.0	180040.63017768972
1.88978561024e6	0.0	0.0	0.0	0.0	188613.99315890073
1.97568495616e6	0.0	0.0	0.0	0.0	197187.35614011175
2.0615843020800003e6	0.0	0.0	0.0	0.0	205760.71912132276
2.147483648e6	0.0	0.0	0.0	0.0	214334.0821025338
2.2333829939200003e6	0.0	0.0	0.0	0.0	222907.44508374482
2.31928233984e6	0.0	0.0	0.0	0.0	231480.80806495584
2.4051816857600003e6	0.0	0.0	0.0	0.0	240054.17104616686
2.49108103168e6	0.0	0.0	0.0	0.0	248627.53402737784
2.5769803776000002e6	0.0	0.0	0.0	0.0	257200.89700858883
2.66287972352e6	0.0	0.0	0.0	0.0	265774.2599897998
2.74877906944e6	0.0	0.0	0.0	0.0	274347.62297101086
2.92057776128e6	0.0	0.0	0.0	0.0	291494.3489334329
3.09237645312e6	0.0	0.0	0.0	0.0	308641.074895855
3.26417514496e6	0.0	0.0	0.0	0.0	325787.800858277
3.4359738368e6	0.0	0.0	0.0	0.0	342934.5268206991
3.60777252864e6	0.0	0.0	0.0	0.0	360081.25278312113
3.77957122048e6	0.0	0.0	0.0	0.0	377227.9787455431
3.95136991232e6	0.0	0.0	0.0	0.0	394374.70470796514
4.1231686041600006e6	0.0	0.0	0.0	0.0	411521.43067038717
4.294967296e6	0.0	0.0	0.0	0.0	428668.15663280926
4.466765987840001e6	0.0	0.0	0.0	0.0	445814.8825952313
4.63856467968e6	0.0	0.0	0.0	0.0	462961.6085576533
4.8103633715200005e6	0.0	0.0	0.0	0.0	480108.33452007535
4.98216206336e6	0.0	0.0	0.0	0.0	497255.0604824974
5.1539607552000005e6	0.0	0.0	0.0	0.0	514401.7864449195
5.32575944704e6	0.0	0.0	0.0	0.0	531548.5124073415
5.49755813888e6	0.0	0.0	0.0	0.0	548695.2383697635
5.84115552256e6	0.0	0.0	0.0	0.0	582988.6902946075
6.18475290624e6	0.0	0.0	0.0	0.0	617282.1422194516
6.52835028992e6	0.0	0.0	0.0	0.0	651575.5941442957
6.8719476736e6	0.0	0.0	0.0	0.0	685869.0460691398
7.21554505728e6	0.0	0.0	0.0	0.0	720162.497993984
7.55914244096e6	0.0	0.0	0.0	0.0	754455.9499188282
7.90273982464e6	0.0	0.0	0.0	0.0	788749.4018436723
8.246337208320001e6	0.0	0.0	0.0	0.0	823042.8537685162
8.589934592e6	0.0	0.0	0.0	0.0	857336.3056933602
8.933531975680001e6	0.0	0.0	0.0	0.0	891629.7576182042
9.27712935936e6	0.0	0.0	0.0	0.0	925923.2095430483
9.620726743040001e6	0.0	0.0	0.0	0.0	960216.6614678922
9.96432412672e6	0.0	0.0	0.0	0.0	994510.1133927363
1.0307921510400001e7	0.0	0.0	0.0	0.0	1.0288035653175804e6
1.065151889408e7	0.0	0.0	0.0	0.0	1.0630970172424244e6
1.099511627776e7	0.0	0.0	0.0	0.0	1.0973904691672684e6
1.168231104512e7	0.0	0.0	0.0	0.0	1.1659773730169565e6
1.236950581248e7	0.0	0.0	0.0	0.0	1.2345642768666446e6
1.305670057984e7	0.0	0.0	0.0	0.0	1.303151180716333e6
1.37438953472e7	0.0	0.0	0.0	0.0	1.371738084566021e6
1.443109011456e7	0.0	0.0	0.0	0.0	1.4403249884157092e6
1.511828488192e7	0.0	0.0	0.0	0.0	1.5089118922653976e6
1.580547964928e7	0.0	0.0	0.0	0.0	1.5774987961150857e6
1.6492674416640002e7	0.0	0.0	0.0	0.0	1.6460856999647736e6
1.7179869184e7	0.0	0.0	0.0	0.0	1.7146726038144617e6
1.7867063951360002e7	0.0	0.0	0.0	0.0	1.7832595076641499e6
1.855425871872e7	0.0	0.0	0.0	0.0	1.8518464115138378e6
1.9241453486080002e7	0.0	0.0	0.0	0.0	1.9204333153635259e6
1.992864825344e7	0.0	0.0	0.0	0.0	1.989020219213214e6
2.0615843020800002e7	0.0	0.0	0.0	0.0	2.0576071230629021e6
2.130303778816e7	0.0	0.0	0.0	0.0	2.12619402691259e6
2.199023255552e7	0.0	0.0	0.0	0.0	2.194780930762278e6
2.336462209024e7	0.0	0.0	0.0	0.0	2.331954738461654e6
2.473901162496e7	0.0	0.0	0.0	0.0	2.4691285461610304e6
2.611340115968e7	0.0	0.0	0.0	0.0	2.6063023538604067e6
2.74877906944e7	0.0	0.0	0.0	0.0	2.743476161559783e6
2.886218022912e7	0.0	0.0	0.0	0.0	2.880649969259159e6
3.023656976384e7	0.0	0.0	0.0	0.0	3.017823776958536e6
3.161095929856e7	0.0	0.0	0.0	0.0	3.154997584657912e6
3.2985348833280005e7	0.0	0.0	0.0	0.0	3.2921713923572884e6
3.4359738368e7	0.0	0.0	0.0	0.0	3.4293452000566646e6
3.5734127902720004e7	0.0	0.0	0.0	0.0	3.5665190077560404e6
3.710851743744e7	0.0	0.0	0.0	0.0	3.703692815455416e6
3.8482906972160004e7	0.0	0.0	0.0	0.0	3.8408666231547925e6
3.985729650688e7	0.0	0.0	0.0	0.0	3.9780404308541687e6
4.1231686041600004e7	0.0	0.0	0.0	0.0	4.1152142385535445e6
4.260607557632e7	0.0	0.0	0.0	0.0	4.25238804625292e6
4.398046511104e7	0.0	0.0	0.0	0.0	4.389561853952297e6
4.672924418048e7	0.0	0.0	0.0	0.0	4.66390946935105e6
4.947802324992e7	0.0	0.0	0.0	0.0	4.938257084749804e6
5.222680231936e7	0.0	0.0	0.0	0.0	5.212604700148557e6
5.49755813888e7	0.0	0.0	0.0	0.0	5.48695231554731e6
5.772436045824e7	0.0	0.0	0.0	0.0	5.761299930946062e6
6.047313952768e7	0.0	0.0	0.0	0.0	6.035647546344815e6
6.322191859712e7	0.0	0.0	0.0	0.0	6.309995161743568e6
6.597069766656001e7	0.0	0.0	0.0	0.0	6.584342777142321e6
6.8719476736e7	0.0	0.0	0.0	0.0	6.858690392541073e6
7.146825580544001e7	0.0	0.0	0.0	0.0	7.133038007939826e6
7.421703487488e7	0.0	0.0	0.0	0.0	7.407385623338578e6
7.696581394432001e7	0.0	0.0	0.0	0.0	7.681733238737332e6
7.971459301376e7	0.0	0.0	0.0	0.0	7.956080854136083e6
8.246337208320001e7	0.0	0.0	0.0	0.0	8.230428469534835e6
8.521215115264e7	0.0	0.0	0.0	0.0	8.504776084933588e6
8.796093022208e7	0.0	0.0	0.0	0.0	8.779123700332342e6
9.345848836096e7	0.0	0.0	0.0	0.0	9.327818931129847e6
9.895604649984e7	0.0	0.0	0.0	0.0	9.876514161927352e6
1.0445360463872e8	0.0	0.0	0.0	0.0	1.0425209392724855e7
1.099511627776e8	0.0	0.0	0.0	0.0	1.097390462352236e7
1.1544872091648e8	0.0	0.0	0.0	0.0	1.1522599854319865e7
1.2094627905536e8	0.0	0.0	0.0	0.0	1.2071295085117372e7
1.2644383719424e8	0.0	0.0	0.0	0.0	1.2619990315914877e7
1.3194139533312002e8	0.0	0.0	0.0	0.0	1.3168685546712382e7
1.37438953472e8	0.0	0.0	0.0	0.0	1.3717380777509889e7
1.4293651161088002e8	0.0	0.0	0.0	0.0	1.4266076008307396e7
1.4843406974976e8	0.0	0.0	0.0	0.0	1.48147712391049e7
1.5393162788864002e8	0.0	0.0	0.0	0.0	1.5363466469902404e7
1.5942918602752e8	0.0	0.0	0.0	0.0	1.5912161700699907e7
1.6492674416640002e8	0.0	0.0	0.0	0.0	1.6460856931497412e7
1.7042430230528e8	0.0	0.0	0.0	0.0	1.7009552162294917e7
1.7592186044416e8	0.0	0.0	0.0	0.0	1.755824739309242e7
1.8691697672192e8	0.0	0.0	0.0	0.0	1.865563785468743e7
1.9791209299968e8	0.0	0.0	0.0	0.0	1.9753028316282444e7
2.0890720927744e8	0.0	0.0	0.0	0.0	2.0850418777877457e7
2.199023255552e8	0.0	0.0	0.0	0.0	2.1947809239472467e7
2.3089744183296e8	0.0	0.0	0.0	0.0	2.3045199701067477e7
2.4189255811072e8	0.0	0.0	0.0	0.0	2.4142590162662487e7
2.5288767438848e8	0.0	0.0	0.0	0.0	2.5239980624257497e7
2.6388279066624004e8	0.0	0.0	0.0	0.0	2.6337371085852508e7
2.74877906944e8	0.0	0.0	0.0	0.0	2.7434761547447518e7
2.8587302322176003e8	0.0	0.0	0.0	0.0	2.8532152009042528e7
2.9686813949952e8	0.0	0.0	0.0	0.0	2.9629542470637538e7
3.0786325577728003e8	0.0	0.0	0.0	0.0	3.072693293223255e7
3.1885837205504e8	0.0	0.0	0.0	0.0	3.182432339382756e7
3.2985348833280003e8	0.0	0.0	0.0	0.0	3.2921713855422568e7
3.4084860461056e8	0.0	0.0	0.0	0.0	3.401910431701758e7
3.5184372088832e8	0.0	0.0	0.0	0.0	3.511649477861259e7
3.7383395344384e8	0.0	0.0	0.0	0.0	3.731127570180262e7
3.9582418599936e8	0.0	0.0	0.0	0.0	3.950605662499264e7
4.1781441855488e8	0.0	0.0	0.0	0.0	4.170083754818266e7
4.398046511104e8	0.0	0.0	0.0	0.0	4.389561847137268e7
4.6179488366592e8	0.0	0.0	0.0	0.0	4.609039939456271e7
4.8378511622144e8	0.0	0.0	0.0	0.0	4.828518031775273e7
5.0577534877696e8	0.0	0.0	0.0	0.0	5.047996124094275e7
5.277655813324801e8	0.0	0.0	0.0	0.0	5.2674742164132774e7
5.49755813888e8	0.0	0.0	0.0	0.0	5.4869523087322794e7
5.717460464435201e8	0.0	0.0	0.0	0.0	5.7064304010512814e7
5.9373627899904e8	0.0	0.0	0.0	0.0	5.9259084933702834e7
6.157265115545601e8	0.0	0.0	0.0	0.0	6.145386585689285e7
6.3771674411008e8	0.0	0.0	0.0	0.0	6.364864678008286e7
6.597069766656001e8	0.0	0.0	0.0	0.0	6.584342770327288e7
6.8169720922112e8	0.0	0.0	0.0	0.0	6.80382086264629e7
7.0368744177664e8	0.0	0.0	0.0	0.0	7.023298954965292e7
7.4766790688768e8	0.0	0.0	0.0	0.0	7.462255139603296e7
7.9164837199872e8	0.0	0.0	0.0	0.0	7.9012113242413e7
8.3562883710976e8	0.0	0.0	0.0	0.0	8.340167508879304e7
8.796093022208e8	0.0	0.0	0.0	0.0	8.779123693517308e7
9.2358976733184e8	0.0	0.0	0.0	0.0	9.218079878155313e7
9.6757023244288e8	0.0	0.0	0.0	0.0	9.657036062793317e7
1.01155069755392e9	0.0	0.0	0.0	0.0	1.0095992247431321e8
1.0555311626649601e9	0.0	0.0	0.0	0.0	1.0534948432069327e8
1.099511627776e9	0.0	0.0	0.0	0.0	1.0973904616707332e8
1.1434920928870401e9	0.0	0.0	0.0	0.0	1.1412860801345336e8
1.18747255799808e9	0.0	0.0	0.0	0.0	1.1851816985983339e8
1.2314530231091201e9	0.0	0.0	0.0	0.0	1.2290773170621341e8
1.27543348822016e9	0.0	0.0	0.0	0.0	1.2729729355259345e8
1.3194139533312001e9	0.0	0.0	0.0	0.0	1.316868553989735e8
1.36339441844224e9	0.0	0.0	0.0	0.0	1.3607641724535352e8
1.40737488355328e9	0.0	0.0	0.0	0.0	1.4046597909173355e8
1.49533581377536e9	0.0	0.0	0.0	0.0	1.4924510278449365e8
1.58329674399744e9	0.0	0.0	0.0	0.0	1.5802422647725376e8
1.67125767421952e9	0.0	0.0	0.0	0.0	1.6680335017001387e8
1.7592186044416e9	0.0	0.0	0.0	0.0	1.7558247386277395e8
1.84717953466368e9	0.0	0.0	0.0	0.0	1.8436159755553403e8
1.93514046488576e9	0.0	0.0	0.0	0.0	1.9314072124829412e8
2.02310139510784e9	0.0	0.0	0.0	0.0	2.019198449410542e8
2.1110623253299203e9	0.0	0.0	0.0	0.0	2.1069896863381428e8
2.199023255552e9	0.0	0.0	0.0	0.0	2.194780923265744e8
2.2869841857740803e9	0.0	0.0	0.0	0.0	2.2825721601933447e8
2.37494511599616e9	0.0	0.0	0.0	0.0	2.3703633971209455e8
2.4629060462182403e9	0.0	0.0	0.0	0.0	2.4581546340485466e8
2.55086697644032e9	0.0	0.0	0.0	0.0	2.5459458709761474e8
2.6388279066624002e9	0.0	0.0	0.0	0.0	2.633737107903748e8
2.72678883688448e9	0.0	0.0	0.0	0.0	2.7215283448313487e8
2.81474976710656e9	0.0	0.0	0.0	0.0	2.80931958175895e8
2.99067162755072e9	0.0	0.0	0.0	0.0	2.984902055614152e8
3.16659348799488e9	0.0	0.0	0.0	0.0	3.1604845294693536e8
3.34251534843904e9	0.0	0.0	0.0	0.0	3.336067003324555e8
3.5184372088832e9	0.0	0.0	0.0	0.0	3.511649477179757e8
3.69435906932736e9	0.0	0.0	0.0	0.0	3.687231951034959e8
3.87028092977152e9	0.0	0.0	0.0	0.0	3.8628144248901606e8
4.04620279021568e9	0.0	0.0	0.0	0.0	4.038396898745362e8
4.2221246506598406e9	0.0	0.0	0.0	0.0	4.213979372600564e8
4.398046511104e9	0.0	0.0	0.0	0.0	4.3895618464557654e8
4.573968371548161e9	0.0	0.0	0.0	0.0	4.5651443203109676e8
4.74989023199232e9	0.0	0.0	0.0	0.0	4.7407267941661686e8
4.9258120924364805e9	0.0	0.0	0.0	0.0	4.91630926802137e8
5.10173395288064e9	0.0	0.0	0.0	0.0	5.091891741876572e8
5.2776558133248005e9	0.0	0.0	0.0	0.0	5.2674742157317734e8
5.45357767376896e9	0.0	0.0	0.0	0.0	5.443056689586974e8
5.62949953421312e9	0.0	0.0	0.0	0.0	5.618639163442175e8
5.98134325510144e9	0.0	0.0	0.0	0.0	5.969804111152579e8
6.33318697598976e9	0.0	0.0	0.0	0.0	6.320969058862982e8
6.68503069687808e9	0.0	0.0	0.0	0.0	6.672134006573386e8
7.0368744177664e9	0.0	0.0	0.0	0.0	7.023298954283789e8
7.38871813865472e9	0.0	0.0	0.0	0.0	7.374463901994193e8
7.74056185954304e9	0.0	0.0	0.0	0.0	7.725628849704596e8
8.09240558043136e9	0.0	0.0	0.0	0.0	8.076793797414999e8
8.444249301319681e9	0.0	0.0	0.0	0.0	8.427958745125402e8
8.796093022208e9	0.0	0.0	0.0	0.0	8.779123692835805e8
9.147936743096321e9	0.0	0.0	0.0	0.0	9.130288640546209e8
9.49978046398464e9	0.0	0.0	0.0	0.0	9.481453588256612e8
9.851624184872961e9	0.0	0.0	0.0	0.0	9.832618535967016e8
1.020346790576128e10	0.0	0.0	0.0	0.0	1.018378348367742e9
1.0555311626649601e10	0.0	0.0	0.0	0.0	1.0534948431387823e9
1.090715534753792e10	0.0	0.0	0.0	0.0	1.0886113379098227e9
1.125899906842624e10	0.0	0.0	0.0	0.0	1.1237278326808631e9
1.196268651020288e10	0.0	0.0	0.0	0.0	1.193960822222944e9
1.266637395197952e10	0.0	0.0	0.0	0.0	1.2641938117650247e9
1.337006139375616e10	0.0	0.0	0.0	0.0	1.3344268013071053e9
1.40737488355328e10	0.0	0.0	0.0	0.0	1.404659790849186e9
1.477743627730944e10	0.0	0.0	0.0	0.0	1.4748927803912668e9
1.548112371908608e10	0.0	0.0	0.0	0.0	1.5451257699333475e9
1.618481116086272e10	0.0	0.0	0.0	0.0	1.615358759475428e9
1.6888498602639362e10	0.0	0.0	0.0	0.0	1.6855917490175087e9
1.7592186044416e10	0.0	0.0	0.0	0.0	1.7558247385595894e9
1.8295873486192642e10	0.0	0.0	0.0	0.0	1.8260577281016703e9
1.899956092796928e10	0.0	0.0	0.0	0.0	1.896290717643751e9
1.9703248369745922e10	0.0	0.0	0.0	0.0	1.9665237071858313e9
2.040693581152256e10	0.0	0.0	0.0	0.0	2.0367566967279117e9
2.1110623253299202e10	0.0	0.0	0.0	0.0	2.1069896862699924e9
2.181431069507584e10	0.0	0.0	0.0	0.0	2.177222675812073e9
2.251799813685248e10	0.0	0.0	0.0	0.0	2.2474556653541536e9
2.392537302040576e10	0.0	0.0	0.0	0.0	2.387921644438315e9
2.533274790395904e10	0.0	0.0	0.0	0.0	2.528387623522476e9
2.674012278751232e10	0.0	0.0	0.0	0.0	2.6688536026066375e9
2.81474976710656e10	0.0	0.0	0.0	0.0	2.8093195816907988e9
2.955487255461888e10	0.0	0.0	0.0	0.0	2.94978556077496e9
3.096224743817216e10	0.0	0.0	0.0	0.0	3.0902515398591213e9
3.236962232172544e10	0.0	0.0	0.0	0.0	3.2307175189432826e9
3.3776997205278725e10	0.0	0.0	0.0	0.0	3.3711834980274444e9
3.5184372088832e10	0.0	0.0	0.0	0.0	3.5116494771116056e9
3.6591746972385284e10	0.0	0.0	0.0	0.0	3.6521154561957664e9
3.799912185593856e10	0.0	0.0	0.0	0.0	3.7925814352799277e9
3.9406496739491844e10	0.0	0.0	0.0	0.0	3.9330474143640885e9
4.081387162304512e10	0.0	0.0	0.0	0.0	4.07351339344825e9
4.2221246506598404e10	0.0	0.0	0.0	0.0	4.213979372532411e9
4.362862139015168e10	0.0	0.0	0.0	0.0	4.354445351616572e9
4.503599627370496e10	0.0	0.0	0.0	0.0	4.494911330700733e9
4.785074604081152e10	0.0	0.0	0.0	0.0	4.775843288869056e9
5.066549580791808e10	0.0	0.0	0.0	0.0	5.056775247037379e9
5.348024557502464e10	0.0	0.0	0.0	0.0	5.337707205205703e9
5.62949953421312e10	0.0	0.0	0.0	0.0	5.618639163374025e9
5.910974510923776e10	0.0	0.0	0.0	0.0	5.899571121542348e9
6.192449487634432e10	0.0	0.0	0.0	0.0	6.18050307971067e9
6.473924464345088e10	0.0	0.0	0.0	0.0	6.461435037878992e9
6.755399441055745e10	0.0	0.0	0.0	0.0	6.742366996047315e9
7.0368744177664e10	0.0	0.0	0.0	0.0	7.023298954215637e9
7.318349394477057e10	0.0	0.0	0.0	0.0	7.304230912383961e9
7.599824371187712e10	0.0	0.0	0.0	0.0	7.585162870552283e9
7.881299347898369e10	0.0	0.0	0.0	0.0	7.866094828720606e9
8.162774324609024e10	0.0	0.0	0.0	0.0	8.147026786888929e9
8.444249301319681e10	0.0	0.0	0.0	0.0	8.427958745057252e9
8.725724278030336e10	0.0	0.0	0.0	0.0	8.708890703225574e9
9.007199254740993e10	0.0	0.0	0.0	0.0	8.989822661393898e9
9.570149208162305e10	0.0	0.0	0.0	0.0	9.551686577730545e9
1.0133099161583617e11	0.0	0.0	0.0	0.0	1.011355049406719e10
1.0696049115004929e11	0.0	0.0	0.0	0.0	1.0675414410403835e10
1.125899906842624e11	0.0	0.0	0.0	0.0	1.123727832674048e10
1.1821949021847552e11	0.0	0.0	0.0	0.0	1.1799142243077126e10
1.2384898975268864e11	0.0	0.0	0.0	0.0	1.236100615941377e10
1.2947848928690176e11	0.0	0.0	0.0	0.0	1.2922870075750416e10
1.351079888211149e11	0.0	0.0	0.0	0.0	1.348473399208706e10
1.40737488355328e11	0.0	0.0	0.0	0.0	1.4046597908423708e10
1.4636698788954114e11	0.0	0.0	0.0	0.0	1.4608461824760353e10
1.5199648742375424e11	0.0	0.0	0.0	0.0	1.5170325741096996e10
1.5762598695796738e11	0.0	0.0	0.0	0.0	1.5732189657433641e10
1.6325548649218048e11	0.0	0.0	0.0	0.0	1.6294053573770287e10
1.6888498602639362e11	0.0	0.0	0.0	0.0	1.685591749010693e10
1.7451448556060672e11	0.0	0.0	0.0	0.0	1.7417781406443573e10
1.8014398509481985e11	0.0	0.0	0.0	0.0	1.7979645322780216e10
1.914029841632461e11	0.0	0.0	0.0	0.0	1.9103373155453506e10
2.0266198323167233e11	0.0	0.0	0.0	0.0	2.02271009881268e10
2.1392098230009857e11	0.0	0.0	0.0	0.0	2.1350828820800095e10
2.251799813685248e11	0.0	0.0	0.0	0.0	2.247455665347339e10
2.3643898043695105e11	0.0	0.0	0.0	0.0	2.359828448614668e10
2.476979795053773e11	0.0	0.0	0.0	0.0	2.4722012318819965e10
2.5895697857380353e11	0.0	0.0	0.0	0.0	2.584574015149325e10
2.702159776422298e11	0.0	0.0	0.0	0.0	2.6969467984166542e10
2.81474976710656e11	0.0	0.0	0.0	0.0	2.8093195816839832e10
2.927339757790823e11	0.0	0.0	0.0	0.0	2.9216923649513123e10
3.039929748475085e11	0.0	0.0	0.0	0.0	3.0340651482186413e10
3.1525197391593475e11	0.0	0.0	0.0	0.0	3.1464379314859707e10
3.2651097298436096e11	0.0	0.0	0.0	0.0	3.2588107147532997e10
3.3776997205278723e11	0.0	0.0	0.0	0.0	3.3711834980206287e10
3.4902897112121344e11	0.0	0.0	0.0	0.0	3.483556281287958e10
3.602879701896397e11	0.0	0.0	0.0	0.0	3.5959290645552864e10
3.828059683264922e11	0.0	0.0	0.0	0.0	3.8206746310899445e10
4.0532396646334467e11	0.0	0.0	0.0	0.0	4.045420197624603e10
4.2784196460019714e11	0.0	0.0	0.0	0.0	4.270165764159261e10
4.503599627370496e11	0.0	0.0	0.0	0.0	4.49491133069392e10
4.728779608739021e11	0.0	0.0	0.0	0.0	4.719656897228579e10
4.953959590107546e11	0.0	0.0	0.0	0.0	4.944402463763238e10
5.1791395714760706e11	0.0	0.0	0.0	0.0	5.169148030297896e10
5.404319552844596e11	0.0	0.0	0.0	0.0	5.393893596832553e10
5.62949953421312e11	0.0	0.0	0.0	0.0	5.6186391633672104e10
5.854679515581646e11	0.0	0.0	0.0	0.0	5.8433847299018684e10
6.07985949695017e11	0.0	0.0	0.0	0.0	6.0681302964365265e10
6.305039478318695e11	0.0	0.0	0.0	0.0	6.2928758629711845e10
6.530219459687219e11	0.0	0.0	0.0	0.0	6.5176214295058426e10
6.755399441055745e11	0.0	0.0	0.0	0.0	6.7423669960405014e10
6.980579422424269e11	0.0	0.0	0.0	0.0	6.96711256257516e10
7.205759403792794e11	0.0	0.0	0.0	0.0	7.191858129109819e10
7.656119366529844e11	0.0	0.0	0.0	0.0	7.641349262179137e10
8.106479329266893e11	0.0	0.0	0.0	0.0	8.090840395248454e10
8.556839292003943e11	0.0	0.0	0.0	0.0	8.54033152831777e10
9.007199254740992e11	0.0	0.0	0.0	0.0	8.989822661387086e10
9.457559217478042e11	0.0	0.0	0.0	0.0	9.439313794456403e10
9.907919180215092e11	0.0	0.0	0.0	0.0	9.888804927525719e10
1.0358279142952141e12	0.0	0.0	0.0	0.0	1.0338296060595035e11
1.0808639105689192e12	0.0	0.0	0.0	0.0	1.0787787193664352e11
1.125899906842624e12	0.0	0.0	0.0	0.0	1.1237278326733669e11
1.170935903116329e12	0.0	0.0	0.0	0.0	1.1686769459802985e11
1.215971899390034e12	0.0	0.0	0.0	0.0	1.2136260592872302e11
1.261007895663739e12	0.0	0.0	0.0	0.0	1.2585751725941617e11
1.3060438919374438e12	0.0	0.0	0.0	0.0	1.3035242859010931e11
1.351079888211149e12	0.0	0.0	0.0	0.0	1.3484733992080247e11
1.3961158844848538e12	0.0	0.0	0.0	0.0	1.3934225125149567e11
1.4411518807585588e12	0.0	0.0	0.0	0.0	1.4383716258218884e11
