# z G G_prime G_double_prime
1.5999999999999998e6	9.60507824163849e6	7151.052712504984	9.605075579631962e6
1.0666666666666665e6	6.40926213899208e6	13592.337981177021	6.409247726111509e6
799999.9999999999	4.811346896399758e6	15813.915810798106	4.811320907771827e6
640000.0	3.852617269730017e6	16910.679850162254	3.852580155678656e6
533333.3333333333	3.2134755308010466e6	17557.1209222969	3.2134275679657054e6
457142.8571428571	2.756952020624991e6	17981.41149954735	2.7568933807582594e6
399999.99999999994	2.4145630386429178e6	18280.879271971815	2.414493834540392e6
355555.55555555556	2.14826270901684e6	18503.637542055025	2.148183018820809e6
320000.0	1.9352238367384046e6	18676.057221580482	1.935133717128397e6
290909.0909090909	1.760920205539489e6	18813.74355125638	1.760819699268163e6
266666.6666666666	1.6156677742510152e6	18926.495079692308	1.6155569146697456e6
246153.84615384613	1.4927622679789963e6	19020.762134323573	1.4926410818778996e6
228571.42857142855	1.3874149568404092e6	19100.9579969016	1.387283466299543e6
213333.3333333333	1.2961141298244516e6	19170.20074019626	1.2959723534605883e6
199999.99999999997	1.21622601964261e6	19230.753942967982	1.2160739734730332e6
188235.29411764705	1.1461909888235475e6	20790.918554494292	1.1460024086213615e6
177777.77777777778	1.0836773234626695e6	21150.1061510152	1.0834709107295019e6
168421.05263157893	1.0276593489288279e6	21155.35109202437	1.0274415742809883e6
160000.0	977214.3114542176	21066.574549442612	976987.2107390625
152380.95238095237	931562.7269597118	20961.963762063253	931326.854727089
145454.54545454544	890056.4455862232	20863.620072231057	889811.8821903105
139130.4347826087	852156.6904708755	20776.572359803667	851903.3743067657
133333.3333333333	817413.3855155046	20700.86918548508	817151.2202982288
128000.0	785448.0970590962	20635.28817056996	785176.9851796937
123076.92307692306	755940.478648278	20578.438170004	755660.330533151
118518.51851851851	728617.5880677068	20529.057271999627	728328.3239371688
114285.71428571428	703245.4480121451	20486.069014555964	702946.9973804096
110344.8275862069	679622.3377721305	20448.570994771915	679314.638398973
106666.66666666666	657573.421449302	20415.80866794793	657256.4182668551
103225.80645161291	636946.4140046522	20387.14941521861	636620.0581603657
99999.99999999999	617608.0591587151	20362.060460550234	617272.3071964235
94117.64705882352	582268.1592072269	20032.212760948692	581923.4654819074
88888.88888888889	550923.590710195	20015.686710112222	550559.8742067362
84210.52631578947	522877.31312108657	20005.558529314847	522494.46141050814
80000.0	497634.67200010136	20000.21401649385	497232.59971158655
76190.47619047618	474795.2374915735	19998.551119847634	474373.8773349419
72727.27272727272	454031.3763081984	19999.767771248145	453590.67446477886
69565.21739130435	435072.4242721078	20003.259458786815	434612.3375757221
66666.66666666666	417692.81844366004	20008.56062298239	417213.3124448509
64000.0	401703.0783010226	20015.307904480847	401204.1258088036
61538.46153846153	386942.8679975833	20023.214446188314	386424.4479551431
59259.259259259255	373275.600303105	20032.05204409066	372737.69687616284
57142.85714285714	360584.1965234811	20041.63754800158	360026.7983732308
55172.41379310345	348767.72366027423	20051.823196573223	348190.8233335031
53333.33333333333	337738.7038931151	20062.488835681434	337142.2973302511
51612.903225806454	327420.9448401342	20073.53642869832	326805.03095156275
49999.99999999999	317747.7764564437	20084.88537762262	317112.3567797097
47058.82352941176	300034.22239409306	19812.093701984533	299379.3839775409
44444.444444444445	284357.4741208541	19851.878629443225	283663.667048274
42105.26315789473	270330.2703746714	19890.85023071951	269597.4947174807
40000.0	257705.11790522147	19928.592856551775	256933.41351661892
38095.23809523809	246281.71459662425	19965.0301785462	245471.13988129608
36363.63636363636	235896.19001105518	20000.190364706352	235046.81416072705
34782.608695652176	226413.17544981683	20034.132885393978	225525.0751841132
33333.33333333333	217719.86283449127	20066.922977538015	216793.1209122726
32000.0	209721.49220552976	20098.62504007502	208756.19646950017
30769.230769230766	202337.8806368273	20129.29890007616	201334.1234525195
29629.629629629628	195500.72320676156	20159.00033940884	194458.60094036086
28571.42857142857	189151.47183633185	20187.779965139238	188071.08453435835
27586.206896551725	183239.65346898625	20215.68454336067	182121.1044933494
26666.666666666664	177721.52411559966	20242.7562796131	176564.91993648076
25806.451612903227	172558.98384455315	20269.034179158476	171364.43376298613
24999.999999999996	167718.69475409843	20294.553415052735	166486.31076368416
23529.41176470588	158822.75360199675	20046.94598326256	157552.48972474135
22222.222222222223	150978.58554690395	20109.140118679974	149633.40461752212
21052.631578947367	143958.9720475998	20168.319305045457	142539.20348245022
20000.0	137640.0527153931	20223.991961221553	136146.1503702864
19047.619047619046	131921.66035818408	20276.236426056672	130354.12808213911
18181.81818181818	126721.87139279503	20325.269923498454	125081.2379688857
17391.304347826088	121973.02070998684	20371.327452618487	120259.83036299807
16666.666666666664	117618.72360007105	20414.62225050457	115833.53288093701
16000.0	113611.61868881156	20455.344402283834	111754.99445875282
15384.615384615383	109911.63107672549	20493.65758936741	107984.14996913192
14814.814814814814	106484.62375908477	20529.706906476276	104486.8710960761
14285.714285714284	103301.33636065797	20563.61778759748	101233.90596723708
13793.103448275862	100336.54518913213	20595.502999437613	98200.03847601543
13333.333333333332	97568.38965696814	20625.461000948948	95363.41551534478
12903.225806451614	94977.83062697339	20653.581703333788	92705.00457596537
12499.999999999998	92548.20883189075	20679.944368750483	90208.1529513638
11764.70588235294	88057.59375952264	20443.22874116903	85651.70294485312
11111.111111111111	84117.05752585722	20500.875034421377	81580.59505563448
10526.315789473683	80588.31462100353	20553.203463211394	77923.31025343885
10000.0	77409.2860125085	20599.129867124768	74618.18417573342
9523.809523809523	74529.88793818944	20638.678132978734	71615.28580549253
9090.90909090909	71909.19790626441	20672.162809329442	68873.75718157736
8695.652173913044	69513.43306294607	20699.964968908957	66359.84347843677
8333.333333333332	67314.4484245287	20722.4431549764	64045.41604507934
8000.0	65288.60874561782	20739.934247647878	61906.8458196798
7692.3076923076915	63415.917066411734	20752.736112377097	59924.13938659487
7407.407407407407	61679.34314139357	20761.126537151988	58080.26338836746
7142.857142857142	60064.29088363149	20765.35233414323	56360.61729428085
6896.551724137931	58558.18086993911	20765.646789441216	54752.61144651159
6666.666666666666	57150.11188780815	20762.219333504898	53245.333477558626
6451.612903225807	55830.592200940744	20755.270455842478	51829.27525841528
6249.999999999999	54591.317275167195	20744.981747799247	50496.11523792147
5882.35294117647	52287.45913188993	20478.287213203013	48110.47843539519
5555.555555555556	50268.18492777542	20453.620340879726	45918.83960733524
5263.157894736842	48454.47770992381	20420.306588839743	43941.40972885704
5000.0	46815.20484418949	20376.85981192959	42147.91796528497
4761.9047619047615	45325.388373279944	20323.608074302385	40513.47659768057
4545.454545454545	43964.66507189305	20261.34530415953	39017.55580952432
4347.826086956522	42716.246805196046	20190.97965628896	37643.08809916831
4166.666666666666	41566.15389441815	20113.362702470884	36375.785769840164
4000.0	40502.65369586248	20029.3018480944	35203.57970270757
3846.1538461538457	39515.82077173755	19939.51627806319	34116.209957451865
3703.7037037037035	38597.20553208254	19844.677232488066	33104.87970713974
3571.428571428571	37739.565720901606	19745.380962735246	32162.00788879177
3448.2758620689656	36936.66121916533	19642.183989698064	31281.009416804973
3333.333333333333	36183.08332302601	19535.581532091714	30456.141793799823
3225.8064516129034	35474.12302736031	19426.03601387391	29682.360575735358
3124.9999999999995	34805.65890575139	19313.959528610554	28955.221622199766
2941.176470588235	33561.971988749974	18950.571024078075	27699.852375689847
2777.777777777778	32457.595457515206	18728.656920221107	26509.109997288964
2631.578947368421	31457.895170892283	18504.39570191606	25439.860618520663
2500.0	30547.31909397971	18276.932344337376	24476.365087772563
2380.9523809523807	29713.41144828783	18047.194733336146	23604.778799054362
2272.7272727272725	28946.012594846514	17816.454262228195	22813.27689445214
2173.913043478261	28236.73342970564	17585.936178780838	22091.807610426615
2083.333333333333	27578.575510617524	17356.68829155043	21431.82677106151
2000.0	26965.650879309524	17129.576798393435	20826.039615172824
1923.0769230769229	26392.96841228249	16905.306270043588	20268.18693242606
1851.8518518518517	25856.266944059465	16684.430232791874	19752.881513580818
1785.7142857142856	25351.88705221396	16467.393733490524	19275.453839907652
1724.1379310344828	24876.66568070834	16254.525552329173	18831.858497195917
1666.6666666666665	24427.856358787412	16046.0879056925	18418.556653775548
1612.9032258064517	24003.059637348597	15842.25242204923	18032.468221244388
1562.4999999999998	23600.172196236577	15643.154192124992	17670.875886990445
1470.5882352941176	22850.82253719306	15226.437407272035	17038.65295464161
1388.888888888889	22171.773222107382	14868.080399056784	16447.726683640554
1315.7894736842104	21550.863120852016	14528.57626211012	15917.291636762513
1250.0	20980.082169392255	14206.502208527996	15438.236390000642
1190.4761904761904	20452.913763568293	13900.936688064761	15002.854415556274
1136.3636363636363	19964.00782269668	13611.300918559571	14604.591594738744
1086.9565217391305	19508.896415752162	13336.772735889517	14238.241898204344
1041.6666666666665	19083.83557510351	13076.693766845003	13899.38345343934
1000.0	18685.63657886275	12830.164469057194	13584.546148262592
961.5384615384614	18311.584432791555	12596.480194534708	13290.703937261896
925.9259259259259	17959.329016095373	12374.747839298725	13015.49517391239
892.8571428571428	17626.843104020063	12164.29019957003	12756.788065746965
862.0689655172414	17312.3478132964	11964.278497917328	12512.930385518086
833.3333333333333	17014.292024413713	11774.100708876369	12282.372962472076
806.4516129032259	16731.29879602105	11593.016457283527	12063.926758020734
781.2499999999999	16462.156622168644	11420.49131420837	11856.431958852636
735.2941176470588	15961.165200331607	11094.625552966008	11474.671167042236
694.4444444444445	15504.208166174709	10801.584660138406	11122.330677063204
657.8947368421052	15085.03206140356	10531.703461176576	10800.065485885478
625.0	14698.801685263215	10283.061632613788	10503.019301256329
595.2380952380952	14341.462658949338	10052.97691066636	10228.157528687521
568.1818181818181	14009.657731758532	9839.713636129753	9972.489424410729
543.4782608695652	13700.517263419119	9641.12768448514	9734.106546401652
520.8333333333333	13411.627973074388	9455.912321384125	9510.914102148507
500.0	13140.895129265098	9282.43646511185	9301.585782516064
480.7692307692307	12886.53433188961	9119.739866371105	9104.565440299231
462.96296296296293	12646.976977721992	8966.57916758253	8918.883602026943
446.4285714285714	12420.87207090863	8822.241797793704	8743.346765577799
431.0344827586207	12207.01932205805	8685.7666475648	8577.224403800423
416.66666666666663	12004.374998101965	8556.615444785057	8419.581416265382
403.2258064516129	11812.003409247669	8434.033470397837	8269.855135387048
390.62499999999994	11629.083996327778	8317.606534321143	8127.300667125898
367.6470588235294	11288.90886407815	8098.862714630052	7864.342697965124
347.22222222222223	10978.676364890183	7901.867062175889	7621.799764930729
328.9473684210526	10694.162559070033	7720.107471448856	7400.341442737279
312.5	10432.095932918308	7553.098958244506	7195.7849940487
297.6190476190476	10189.711943192278	7398.769297523247	7006.3144639148695
284.09090909090907	9964.720004161307	7255.92868532489	6829.871424471468
271.7391304347826	9755.157406484599	7122.887092651865	6665.401375057979
260.41666666666663	9559.37364215469	6998.797092441328	6511.410268840124
250.0	9375.93728289908	6882.455361524571	6367.103590289596
240.38461538461536	9203.62786701849	6773.275739200732	6231.332255249602
231.48148148148147	9041.375480447936	6670.373343249517	6103.489988532086
223.2142857142857	8888.25651028994	6573.321213431692	5982.687691812136
215.51724137931035	8743.453792778037	6481.445789714233	5868.461868449029
208.33333333333331	8606.254141633632	6394.424708855291	5760.11657808824
201.61290322580646	8476.021634043987	6311.733318847642	5657.293102936265
195.31249999999997	8352.195856786348	6233.122525829017	5559.438749381266
183.8235294117647	8122.118520945375	6085.834221228331	5378.794576855491
173.61111111111111	7912.223939666132	5951.833721905757	5213.34470548527
164.4736842105263	7719.715897459426	5827.903177188198	5062.564379324721
156.25	7542.366568187079	5714.142890492785	4922.9934466680825
148.8095238095238	7378.316038961119	5608.977689463636	4793.632949015816
142.04545454545453	7226.010242499041	5511.516658202584	4673.158263001209
135.8695652173913	7084.1285941326	5420.575728984709	4560.94690876237
130.20833333333331	6951.549594015136	5335.603868604332	4455.936839250135
125.0	6827.310405983057	5255.796819821225	4357.610258892094
120.19230769230768	6710.581465626379	5180.781034636591	4265.139092451511
115.74074074074073	6600.643797338987	5109.965317389389	4178.127929399386
111.60714285714285	6496.86961802819	5043.074594210104	4095.93865565518
107.75862068965517	6398.710346095227	4979.657894756649	4018.2709396472856
104.16666666666666	6305.6812331461	4919.506160910004	3944.6260845382335
100.80645161290323	6217.355759282179	4862.267988228709	3874.7725930853817
97.65624999999999	6133.3530054303865	4807.7811139371215	3808.3145681116584
91.91176470588235	5977.335382836454	4706.713705211291	3684.4788472842156
86.80555555555556	5834.933616729594	4612.833265107837	3573.26455499109
82.23684210526315	5704.244287265717	4526.047435514841	3471.78592373912
78.125	5583.743194166132	4446.430384211296	3377.4909173466604
74.4047619047619	5472.201903631261	4372.747149210013	3289.9963591440796
71.02272727272727	5368.576085388952	4304.3260933018655	3208.4865695730855
67.93478260869566	5271.987101973659	4240.37006606575	3132.5883397264583
65.10416666666666	5181.675632068745	4180.502376877391	3061.5620576590486
62.5	5096.999081211091	4124.187947233611	2995.0748587906305
60.09615384615384	5017.394559446728	4071.1681574931868	2932.548038579957
57.87037037037037	4942.382011422458	4021.0480472672725	2873.7279878931404
55.80357142857142	4871.534980555113	3973.635678534673	2818.168298921908
53.87931034482759	4804.487155471362	3928.629448926415	2765.676676713572
52.08333333333333	4740.908921933016	3885.8827619742824	2715.9036371445873
50.403225806451616	4680.515477246801	3845.1603166292784	2668.701420572612
48.82812499999999	4623.047575359046	3806.3476994003777	2623.792307958579
45.955882352941174	4516.239715627109	3735.363016134343	2538.4019198510255
43.40277777777778	4418.813874533769	3667.7671060196953	2464.4270153064076
41.118421052631575	4329.2828248850265	3605.451133602258	2396.541654353345
39.0625	4246.608251830643	3548.290173124175	2333.092045296653
37.20238095238095	4169.995682426115	3495.3322591696306	2274.09682939416
35.51136363636363	4098.746691279819	3446.073838170885	2219.076281057379
33.96739130434783	4032.2781246692257	3399.9757666047976	2167.8172573319193
32.55208333333333	3970.074345116651	3356.7634098838284	2119.8183214177807
31.25	3911.706161042455	3316.0744200838103	2074.8724131385334
30.04807692307692	3856.78976377762	3277.717718602823	2032.5830460615712
28.935185185185183	3805.0038869376876	3241.4255435774107	1992.7907629891304
27.90178571428571	3756.057062073239	3207.0552646295255	1955.1882730730297
26.939655172413794	3709.7038634951173	3174.402205116642	1919.6544988568126
26.041666666666664	3665.7185692080916	3143.3568571763553	1885.9481162214943
25.201612903225808	3623.910200087747	3113.759340122122	1853.9762431331908
24.414062499999996	3584.100916842189	3085.523745499641	1823.5467084960799
22.977941176470587	3509.950223868979	3034.40591486961	1764.1233850959009
21.70138888888889	3442.5019847866997	2984.8409244692375	1715.0931668203905
20.559210526315788	3380.38739151201	2939.32174734355	1669.5528090739238
19.53125	3322.9186879476024	2897.5370941324086	1626.6737210756594
18.601190476190474	3269.5932704027455	2858.776881548682	1586.7056738367432
17.755681818181817	3219.9426084869015	2822.6695775447947	1549.3762802987924
16.983695652173914	3173.577346354738	2788.8475493291808	1514.5700775786518
16.276041666666664	3130.1439780366227	2757.1043974727713	1481.95029089212
15.625	3089.3534603459652	2727.190914828368	1451.3905460037963
15.02403846153846	3050.941199682971	2698.961587392975	1422.6203125571337
14.467592592592592	3014.690126675377	2672.232191464639	1395.5399223146908
13.950892857142856	2980.3986840921066	2646.893479022362	1369.9384025739464
13.469827586206897	2947.9007405987595	2622.804532953336	1345.7396324483234
13.020833333333332	2917.0398141501378	2599.88109049361	1322.777227136462
12.600806451612904	2887.6864456642634	2578.013026442344	1300.9926379371605
12.207031249999998	2859.717089479845	2557.1339631981145	1280.252993014185
11.488970588235293	2807.4379908831015	2519.4126057096705	1238.6558016030735
10.850694444444445	2760.1215047166233	2482.631323029485	1206.1560573624065
10.279605263157894	2716.4119170530676	2448.941524670557	1175.4059349229815
9.765625	2675.884190843946	2417.947124108363	1146.2494963247113
9.300595238095237	2638.226241457307	2389.147470328368	1119.0228175231764
8.877840909090908	2603.1204015677	2362.274803989549	1093.5691909953023
8.491847826086957	2570.3033766218286	2337.0782546130476	1069.8246023009592
8.138020833333332	2539.5297553604178	2313.4011168851453	1047.5622419481842
7.8125	2510.602242206229	2291.0707231751326	1026.7027612608827
7.51201923076923	2483.3360511701085	2269.974886329154	1007.0610500243234
7.233796296296296	2457.5824220247473	2249.985668520267	988.5726339012366
6.975446428571428	2433.200182460282	2231.0182331337714	971.0925657986551
6.734913793103448	2410.0752423954723	2212.9745620086555	954.571245067749
6.510416666666666	2388.097736794181	2195.788902300177	938.8939753863976
6.300403225806452	2367.1786115323994	2179.3845805764936	924.0224179325303
6.103515624999999	2347.2309585329735	2163.70959383356	909.8648065774562
5.744485294117647	2309.7787882662246	2135.2714012786087	880.7349735341932
5.425347222222222	2276.1029375147614	2107.6809380419177	859.2587768408697
5.139802631578947	2244.865392525132	2082.408433699135	838.4484157154392
4.8828125	2215.836499075735	2059.0803666282827	818.6082301089737
4.650297619047619	2188.823859750512	2037.3626485952218	800.0645768450139
4.438920454545454	2163.6090046395725	2017.0639335512874	782.7240975746496
4.2459239130434785	2140.0108523806134	1998.0117224796454	766.5478492179855
4.069010416666666	2117.8570257964566	1980.0862252463753	751.383339118571
3.90625	2097.010617566859	1963.166360312219	737.1779784601636
3.756009615384615	2077.3410854835834	1947.1650030669496	723.8055237903327
3.616898148148148	2058.744769541454	1931.991969608377	711.2222265108414
3.487723214285714	2041.1217074224285	1917.5809231634516	699.3291268284587
3.367456896551724	2024.3922259444323	1903.8625783077464	688.0924119503377
3.255208333333333	2008.4783622088478	1890.7853039244715	677.4335878330658
3.150201612903226	1993.3178149103092	1878.2947984463153	667.3264278959175
3.0517578124999996	1978.8488079351287	1866.3501011412793	657.7080694625968
2.8722426470588234	1951.5381203736522	1844.5194495878677	637.3766824755959
2.712673611111111	1927.1566553251944	1823.5729003076217	623.3094347335348
2.5699013157894735	1904.4272478409398	1804.3301219391396	609.2913534443971
2.44140625	1883.2562777252544	1786.5012196109608	595.8754902831046
2.3251488095238093	1863.523446729159	1769.8703809193432	583.3339277410018
2.219460227272727	1845.076142197113	1754.2998832395783	571.6099108400617
2.1229619565217392	1827.7874263400115	1739.6687432738213	560.6777501941082
2.034505208333333	1811.534883815535	1725.8850286756149	550.4357392774714
1.953125	1796.221774293225	1712.8620617836052	540.8476862736113
1.8780048076923075	1781.75489075258	1700.5320475529545	531.8282109535882
1.808449074074074	1768.0606937683954	1688.8299893986746	523.3468102094936
1.743861607142857	1755.0676755516954	1677.704010341296	515.3365885042158
1.683728448275862	1742.7191873261181	1667.1040142631437	507.7739373996241
1.6276041666666665	1730.959339382971	1656.9895002367768	500.60566387348024
1.575100806451613	1719.743751718701	1647.3211131257815	493.8134484049107
1.5258789062499998	1709.0280646637368	1638.0666574883944	487.3546464671049
1.4361213235294117	1688.6745478888517	1621.0096304810602	473.2330362255732
1.3563368055555556	1670.6290382755953	1604.847207720694	464.1840404416468
1.2849506578947367	1653.7138341133993	1589.9246089288847	454.87271083279234
1.220703125	1637.9200005702596	1576.0462452079066	445.9373960929253
1.1625744047619047	1623.1695120851878	1563.0725702776017	437.5881682685657
1.1097301136363635	1609.35396874787	1550.9029038361605	429.7910883174356
1.0614809782608696	1596.3826255407057	1539.4500586552258	422.52929370004455
1.0172526041666665	1584.167382778118	1528.643368131543	415.73519182951594
0.9765625	1572.638592380071	1518.4192282420104	409.38391461818446
0.9390024038461537	1561.7288934657831	1508.7249260542692	403.4181877263333
0.904224537037037	1551.385135390334	1499.5124531188083	397.81684385116085
0.8719308035714285	1541.555528639525	1490.7413437965888	392.5349586656275
0.841864224137931	1532.199031816878	1482.37447972953	387.5561571529774
0.8138020833333333	1523.2750688971425	1474.3801954752469	382.84458297586895
0.7875504032258065	1514.751424010172	1466.7292614563912	378.3875660330727
0.7629394531249999	1506.5958284606613	1459.396469142828	374.15629914316946
0.7180606617647058	1490.986551062469	1445.7649597296002	364.4236225428098
0.6781684027777778	1477.2299935933204	1432.9835494002837	358.8406347111296
0.6424753289473684	1464.2626826145354	1421.1101875120003	352.86121726129585
0.6103515625	1452.121071432542	1410.0247521715487	347.1106514671606
0.5812872023809523	1440.752004993224	1399.633940961983	341.7472329064617
0.5548650568181818	1430.0769987632239	1389.8627176796174	336.75190926831885
0.5307404891304348	1420.0297700465935	1380.6464475256632	332.114339879125
0.5086263020833333	1410.5459487174383	1371.9305373004145	327.79029007244003
0.48828125	1401.5743594776807	1363.6671381102972	323.763218391686
0.46950120192307687	1393.0654730908407	1355.81520272056	319.99460681332584
0.4521122685185185	1384.9801597518413	1348.3383973855548	316.4705500390033
0.43596540178571425	1377.2801519665863	1341.2051379060188	313.1603344224808
0.4209321120689655	1369.9351490074303	1334.387251967047	310.05317975122085
0.40690104166666663	1362.9151762779109	1327.859962948773	307.12488750723566
0.39377520161290325	1356.196374986973	1321.6010314343334	304.36708304202705
0.38146972656249994	1349.754830911597	1315.5907035727828	301.76017670008173
0.3590303308823529	1337.3074846406157	1304.3230051348721	295.18266675356665
0.3390842013888889	1326.3887848794518	1293.8218295814565	292.1168977523921
0.3212376644736842	1316.039186516389	1284.0030518248202	288.60925721685834
0.30517578125	1306.3144978133855	1274.795012352788	285.22840615529935
0.29064360119047616	1297.1766932599935	1266.1316341529491	282.0958321813956
0.2774325284090909	1288.5675643007498	1257.9556587091124	279.20230745767446
0.2653702445652174	1280.4376193893822	1250.2177137639153	276.5432431618558
0.25431315104166663	1272.7387404731603	1242.8751853508259	274.08972096807355
0.244140625	1265.4323827430576	1235.8911270836252	271.83126621258737
0.23475060096153844	1258.4813053880466	1229.2333006994454	269.74189230215677
0.22605613425925924	1251.8560008742238	1222.8735180298104	267.8130053343185
0.21798270089285712	1245.5276350988438	1216.7868996629154	266.02392862979224
0.21046605603448276	1239.4732893359753	1210.9515108144208	264.36806432247806
0.20345052083333331	1233.6702170057206	1205.3477948797808	262.8286470409794
0.19688760080645162	1228.100351338104	1199.9583875946237	261.4007287634931
0.19073486328124997	1222.7454920734408	1194.7676679842696	260.07067871129
0.17951516544117646	1212.2713093291088	1184.9599954611933	255.8740639047274
0.16954210069444445	1203.109703992887	1175.8122851044045	254.83019844478932
0.1606188322368421	1194.3770326902302	1167.2014089923791	253.33252271298375
0.152587890625	1186.1334268323549	1159.0800127438372	251.8849545066386
0.14532180059523808	1178.350350833824	1151.3976611730538	250.58526524003244
0.13871626420454544	1170.9832552064827	1144.1093043418928	249.430719223356
0.1326851222826087	1163.9942360573377	1137.1759242057162	248.42201790819627
0.12715657552083331	1157.3460539773198	1130.5636208786898	247.5394671613791
0.1220703125	1151.0091116909489	1124.2429810032015	246.77863534070826
0.11737530048076922	1144.954395386093	1118.1882498512944	246.12111938725025
0.11302806712962962	1139.1591645263081	1112.3768797573114	245.563188417288
0.10899135044642856	1133.6007322209286	1106.788945444182	245.08947414032517
0.10523302801724138	1128.2614164566025	1101.4068387059638	244.69736311696144
0.10172526041666666	1123.123354500632	1096.2148671375865	244.37478284650413
0.09844380040322581	1118.1725292562949	1091.1990346422574	244.11979022444078
0.09536743164062499	1113.3945645835677	1086.3467856071948	243.92236028119217
0.08975758272058823	1103.9117355387832	1077.1302921475703	241.6846159736657
0.08477105034722222	1095.614237696314	1068.4370412787816	242.51360099243507
0.08030941611842105	1087.659161807485	1060.1951815019838	242.8757488588273
0.0762939453125	1080.102840295626	1052.3623703882784	243.21921594611422
0.07266090029761904	1072.923060932193	1044.8963359363431	243.62992801975562
0.06935813210227272	1066.0841060608752	1037.7602514796063	244.10854480046393
0.06634256114130435	1059.5559472472773	1030.921938590578	244.6605033096255
0.06357828776041666	1053.3085751768199	1024.35380400335	245.2717651196094
0.06103515625	1047.318593660802	1018.0314905956468	245.9433283975103
0.05868765024038461	1041.5623964144834	1011.9340613135133	246.66106538775034
0.05651403356481481	1036.021991140398	1006.0427441028688	247.42587408046998
0.05449567522321428	1030.6787605237312	1000.3413674345658	248.22541367450256
0.05261651400862069	1025.518722685496	994.8151893557648	249.06101582854131
0.05086263020833333	1020.5271495918764	989.4514703546707	249.9228898422476
0.049221900201612906	1015.692932107772	984.2384335973021	250.81235648111928
0.04768371582031249	1011.0041410442095	979.1659105037919	251.72106172471942
0.044878791360294115	1001.5689149790039	969.5559438349796	251.20024527551934
0.04238552517361111	993.2555085561512	960.2519277229082	253.91482938492814
0.04015470805921052	985.2377669221573	951.3664169703335	256.1159855042024
0.03814697265625	977.5635262667006	942.845208016969	258.211854116779
0.03633045014880952	970.2146775829563	934.6484131373386	260.28612029313933
0.03467906605113636	963.1606482154532	926.7452580300799	262.33882859686025
0.033171280570652176	956.377412762605	919.107572343011	264.38423951557854
0.03178914388020833	949.83936794656	911.7129723979906	266.4099864163151
0.030517578125	943.5275829329175	904.54018367845	268.42383624817944
0.029343825120192304	937.4218671593949	897.57253123555	270.41321750242525
0.028257016782407406	931.5078238497073	890.7933741243531	272.38573844709157
0.02724783761160714	925.7693406085252	884.1901000066789	274.32961754233304
0.026308257004310345	920.1952842395932	877.7494447559152	276.25219160663397
0.025431315104166664	914.7728527008176	871.4615552259124	278.14408101130886
0.024610950100806453	909.4930969285426	865.3157933493779	280.011198241799
0.023841857910156247	904.3456049383644	859.3044464472064	281.84542126384906
0.022439395680147058	893.9384924361068	848.1240254268633	282.5095852403464
0.021192762586805556	884.610704543101	836.8538978256955	286.725744024114
0.02007735402960526	875.5767709568804	826.0499579979611	290.30354584614406
0.019073486328125	866.8726204551879	815.627621896645	293.63195073776916
0.01816522507440476	858.4829704091858	805.5418937159602	296.8084701471363
0.01733953302556818	850.3798604599323	795.768373433422	299.830957239208
0.016585640285326088	842.5437537862389	786.2783897664864	302.7313509209569
0.015894571940104164	834.9511999204706	777.05602233847	305.4954081424937
0.0152587890625	827.5869085166529	768.07896754238	308.1473523611426
0.014671912560096152	820.4323045072239	759.3360223126309	310.6734161422021
0.014128508391203703	813.4755833062003	750.8090073805632	313.09480843919494
0.01362391880580357	806.7018453649031	742.4899832764756	315.3989411035472
0.013154128502155173	800.1020081149588	734.3633356092795	317.60622585585816
0.012715657552083332	793.663757279082	726.4237735212895	319.7040207464396
0.012305475050403226	787.379981155326	718.657625719154	321.71175253613296
0.011920928955078123	781.2404473971826	711.0613412088542	323.61768444820126
0.011219697840073529	768.9853426974008	697.448143553671	323.8897101437106
0.010596381293402778	757.7396731987243	683.1221532286254	327.8925679358956
0.01003867701480263	746.8721951074821	669.4830016004872	331.074895443117
0.0095367431640625	736.4007887340437	656.3833945690038	333.83672803062433
0.00908261253720238	726.3080451510991	643.7505243423801	336.3162780183584
0.00866976651278409	716.564085638539	631.5681620884166	338.50516312643606
0.008292820142663044	707.1493305007816	619.7895727102265	340.47182142929034
0.007947285970052082	698.0387753427887	608.408214332069	342.19523172499566
0.00762939453125	689.2166451987216	597.383986387029	343.73239129782695
0.007335956280048076	680.6626024225566	586.7149138502283	345.06113690528315
0.007064254195601851	672.3638421873218	576.3656410561478	346.23082487097196
0.006811959402901785	664.3037561135786	566.3365185433252	347.221007646189
0.006577064251077586	656.4717449962369	556.595710441133	348.07523194983975
0.006357828776041666	648.8539990733893	547.1455929886563	348.77386970158983
0.006152737525201613	641.4416032761037	537.9570272748672	349.3559319934417
0.005960464477539062	634.2229459203606	529.0338230372422	349.8027432918452
0.005609848920036764	620.1899169838877	513.7972984533154	347.34402144064063
0.005298190646701389	607.0538882980808	497.17820434920884	348.3220584716321
0.005019338507401315	594.49591166648	481.6633182865675	348.4621023946965
0.00476837158203125	582.4970528075429	466.9968852492975	348.16192453645453
0.00454130626860119	571.0212457116269	453.02496822131445	347.6113364407656
0.004334883256392045	560.0298045758644	439.7494741300219	346.77627083704857
0.004146410071331522	549.4901677709145	427.0639871850865	345.7684128524235
0.003973642985026041	539.371350277704	414.98213712892766	344.5450324185527
0.003814697265625	529.6460763668783	403.41149241984647	343.1969317963394
0.003667978140024038	520.2896487952153	392.3703469212841	341.6823517542567
0.0035321270978009257	511.27896476574693	381.77647515000024	340.07778938645066
0.0034059797014508925	502.59416202109895	371.65002549382416	338.3447210289094
0.003288532125538793	494.21537900001186	361.91736807838345	336.54815335006856
0.003178914388020833	486.12651204071483	352.5999641912128	334.65243307232464
0.0030763687626008066	478.31027551274127	343.6312680302781	332.71349731109143
0.002980232238769531	470.7535219132423	335.0333361526702	330.6985667645589
0.002804924460018382	456.4818515730941	321.08043185333025	324.47347672264254
0.0026490953233506945	442.97760492074974	305.44634844205393	320.8296848559049
0.0025096692537006577	430.2764534122191	291.25561770029907	316.71436898097124
0.002384185791015625	418.3071174662122	278.1642200120959	312.41880741714925
0.002270653134300595	406.99487638258154	265.89634073667156	308.1297865908466
0.0021674416281960225	396.29437482492216	254.49761196759934	303.7765577207451
0.002073205035665761	386.1457277158949	243.76947301517592	299.4744848215645
0.0019868214925130205	376.51534571019823	233.7658561992953	295.156450091609
0.0019073486328125	367.3537767772332	224.3196940447936	290.91145074772743
0.001833989070012019	358.635844260675	215.48510552345215	286.6807249992818
0.0017660635489004629	350.3201199354866	207.1191967474333	282.53464348697446
0.0017029898507254463	342.38752596552376	199.27384418600178	278.4226157482996
0.0016442660627693966	334.80293755861436	191.82584053339332	274.4008999648773
0.0015894571940104165	327.55183165701925	184.8244073701937	270.42585095017256
0.0015381843813004033	320.6041126768583	178.16244623090978	266.5429417904999
0.0014901161193847654	313.9486792572043	171.88615724035716	262.714525971607
0.001402462230009191	301.6712087680775	162.16743449203267	254.3761808618592
0.0013245476616753472	290.05945864804914	151.12463552972116	247.5799549382144
0.0012548346268503288	279.32648997966083	141.396015126263	240.8951118449089
0.0011920928955078125	269.3705955437083	132.69363407068062	234.4203856764347
0.0011353265671502975	260.08179406098265	124.67893264481074	228.24921326596098
0.0010837208140980113	251.41829086169835	117.43998912061997	222.30385946979467
0.0010366025178328805	243.2967128382261	110.73335876006253	216.6365937130695
0.0009934107462565103	235.68807327082354	104.64200175906946	211.18456229082653
0.00095367431640625	228.5262272028522	98.97211469693043	205.98241923034905
0.0009169945350060095	221.79062686731277	93.797736088192	200.98026487922996
0.0008830317744502314	215.42796978328047	88.96211024818074	196.20130760302425
0.0008514949253627231	209.4234044566802	84.52994360490288	191.60597842546093
0.0008221330313846983	203.73346124637186	80.37327257185635	187.20966932163785
0.0007947285970052083	198.34730478205938	76.54860822009694	182.98077465644653
0.0007690921906502017	193.2290722148909	72.950344737751	178.92937587682692
0.0007450580596923827	188.37078082570955	69.62776325202562	175.03007071188475
0.0007012311150045955	179.52799179806127	64.64767786712042	167.48426070957765
0.0006622738308376736	171.26897907179915	59.047083690172734	160.76848291870553
0.0006274173134251644	163.742166507417	54.222013481002115	154.50394929130033
0.0005960464477539062	156.85900666772127	50.04505962159979	148.66149461193626
0.0005676632835751488	150.51227653604468	46.261202746542466	143.22655657560884
0.0005418604070490056	144.66553641934104	42.94251049594098	138.14506223460066
0.0005183012589164402	139.2414549034347	39.913440040530745	133.398276104889
0.0004967053731282551	134.21448453758	37.23306002163234	128.94660562075228
0.000476837158203125	129.5266201534876	34.77191469307785	124.77202922515599
0.00045849726750300476	125.15929713692375	32.57727696900504	120.84523443269704
0.0004415158872251157	121.06821573221441	30.55192863289591	117.1498720331885
0.00042574746268136157	117.23945721431394	28.733377450939695	113.6639052125554
0.00041106651569234915	113.63869141733097	27.04767403732964	110.37289303182071
0.00039736429850260413	110.25523755856295	25.524695163958246	107.25999881541188
0.00038454609532510083	107.06213542829744	24.107487401907203	104.31265452299633
0.00037252902984619135	104.0510029905987	22.81988755041636	101.51780117563585
0.0003506155575022978	98.58504851840478	20.895924185933204	96.34506808234636
0.0003311369154188368	93.57939460982637	18.83279092505089	91.6647646673187
0.0003137086567125822	89.05672382818626	17.0680014572557	87.4058544107027
0.0002980232238769531	84.95683859557062	15.571470176498908	83.51762532960478
0.0002838316417875744	81.21073674238568	14.239147220277614	79.95267630717768
0.0002709302035245028	77.7845420630783	13.089760713183633	76.67524469106304
0.0002591506294582201	74.63094195838676	12.057734228165993	73.65044835490825
0.00024835268656412757	71.72544831053186	11.155788438481753	70.8525816019615
0.0002384185791015625	69.03444857280651	10.34034748728443	68.2556393537829
0.00022924863375150238	66.53968499489665	9.619785822917247	65.84063638772999
0.00022075794361255786	64.21670617490801	8.964505104073272	63.587915520116816
0.00021287373134068078	62.05156204230619	8.379901996930725	61.48311633621063
0.00020553325784617457	60.02609998851818	7.845525852136744	59.51117881486668
0.00019868214925130207	58.12945416336832	7.364803673298567	57.661018965891564
0.00019227304766255041	56.347898685613174	6.923377604902883	55.920948926355464
0.00018626451492309568	54.67283017267777	6.523367985794893	54.2822625653387
0.0001753077787511489	51.626265124475374	5.913553509408181	51.2864615234273
0.0001655684577094184	48.87926890280191	5.300042864790527	48.59107401677597
0.0001568543283562911	46.40919589317027	4.7760504469276635	46.16278593823226
0.00014901161193847656	44.1775943046448	4.33009816174154	43.964873347428934
0.0001419158208937872	42.14990100838351	3.941228991000819	41.96523405221307
0.0001354651017622514	40.30055933018335	3.604457033798395	40.13904547715515
0.00012957531472911006	38.6061981338768	3.3076877365724093	38.464239706375075
0.00012417634328206378	37.04874797440024	3.047160046303483	36.92322496915509
0.00011920928955078125	35.611814171579404	2.815495403603568	35.50034217051141
0.00011462431687575119	34.28227100188306	2.609843913080297	34.18278543062151
0.00011037897180627893	33.048271798061265	2.425521260770951	32.959143123753684
0.00010643686567034039	31.90006269750349	2.260366981014917	31.819879654326023
0.00010276662892308729	30.82886519113942	2.1112993141411764	30.756484587474475
9.934107462565103e-5	29.827287635979086	1.976677600977661	29.76171758116833
9.613652383127521e-5	28.888682830743555	1.8544072734015113	28.82910281919389
9.313225746154784e-5	28.007352061469412	1.7432370468142206	27.95304802868033
8.765388937557444e-5	26.402611176816254	1.5725693445026712	26.355737565298245
8.27842288547092e-5	24.966150445824766	1.405237059174257	24.92657170352713
7.842716417814555e-5	23.677900608572354	1.263214053384541	23.644180414739754
7.450580596923828e-5	22.51608299470752	1.1417552517746736	22.48711605274456
7.09579104468936e-5	21.462929261694732	1.0369743589180438	21.4378640883708
6.77325508811257e-5	20.503892607248233	0.9460084724626503	20.482057514312316
6.478765736455503e-5	19.626886759503236	0.8664945184843101	19.60775028196249
6.208817164103189e-5	18.821825618360656	0.7966103669141369	18.8049602906069
5.9604644775390625e-5	18.080201324259026	0.7348462169212223	18.065261718647044
5.7312158437875595e-5	17.39480323077427	0.680000963689223	17.381506785280056
5.5189485903139464e-5	16.759469055166402	0.6310714620153622	16.747583462127007
5.3218432835170196e-5	16.168908387843317	0.5872413377802139	16.158240809743866
5.138331446154364e-5	15.61854858282679	0.5478222394004927	15.608938164658701
4.9670537312825516e-5	15.104420798659865	0.5122441690409503	15.095732296721224
4.8068261915637603e-5	14.623060710689577	0.4800217911471704	14.61517990407703
4.656612873077392e-5	14.171432962642712	0.45074757733443954	14.164262735356314
4.382694468778722e-5	13.3485965041854	0.40586572479391897	13.342424878746298
4.13921144273546e-5	12.614556948839088	0.36203879733940664	12.609360607291931
3.9213582089072776e-5	11.957044789695157	0.32494627290443684	11.9526285821363
3.725290298461914e-5	11.364685153994836	0.2932775879577839	11.360900356302412
3.54789552234468e-5	10.828250212787673	0.26602276907622346	10.82498196566947
3.386627544056285e-5	10.340177153742541	0.24239938484740137	10.33733554205361
3.2393828682277515e-5	9.894207413480968	0.22178876528709052	9.891721290279776
3.1044085820515946e-5	9.485118231991919	0.20370036557830024	9.482930667042165
2.9802322387695312e-5	9.108516000478268	0.18773816062107382	9.106581033187771
2.8656079218937797e-5	8.760678691382855	0.17358204295615892	8.75895886552807
2.7594742951569732e-5	8.438431694922569	0.1609690337175031	8.436896256328973
2.6609216417585098e-5	8.139051205818893	0.14968308870454236	8.137674698825078
2.569165723077182e-5	7.860186566017735	0.13954406555172305	7.858947786209994
2.4835268656412758e-5	7.599798793179596	0.13040190116226788	7.598679953846411
2.4034130957818802e-5	7.35611031923058	0.12212986184005864	7.355096418507207
2.328306436538696e-5	7.1275646141609705	0.11462109482123668	7.126642921717181
2.191347234389361e-5	6.711002435529712	0.10311901814580096	6.710210142594819
2.06960572136773e-5	6.3400505232997695	0.0919055835462411	6.339384355101583
1.9606791044536388e-5	6.007962465648355	0.08242748963882594	6.007396998500374
1.862645149230957e-5	5.708934439502605	0.07434452813485012	5.708450343628762
1.77394776117234e-5	5.438263366889356	0.06739541546616236	5.437845741249461
1.6933137720281426e-5	5.192098026803805	0.061377715785376236	5.19173522976133
1.6196914341138758e-5	4.967254328655207	0.05613193053798497	4.966937162066576
1.5522042910257973e-5	4.76107699791046	0.051531533335177314	4.760798113877987
1.4901161193847656e-5	4.571334052156206	0.047474728103618975	4.571087525588891
1.4328039609468899e-5	4.3961357659795945	0.04387915863410346	4.395916774958616
1.3797371475784866e-5	4.23387142412186	0.04067739858746192	4.2336760132584335
1.3304608208792549e-5	4.083159707177162	0.03781398293004019	4.082984606511523
1.284582861538591e-5	3.9428092204766063	0.03524282381672452	3.942651708234544
1.2417634328206379e-5	3.811786962999202	0.03292546544154195	3.8116447585020476
1.2017065478909401e-5	3.689192830000262	0.03082954378475968	3.689064010850905
1.164153218269348e-5	3.5742389227116362	0.028927719427526467	3.5741218590970787
1.0956736171946805e-5	3.3646688287307893	0.026015674171420995	3.364568250419365
1.034802860683865e-5	3.178213310266498	0.023178499254803562	3.17812878951238
9.803395522268194e-6	3.0113388615084884	0.020781722411856225	3.0112671516896063
9.313225746154785e-6	2.8611147071604854	0.01873866360456533	2.861053342742205
8.8697388058617e-6	2.7251671751787097	0.016982947561948528	2.725114256717251
8.466568860140713e-6	2.601553335864694	0.015463090281650273	2.601507380767477
8.098457170569379e-6	2.488667523593254	0.0141386331152564	2.4886273610248306
7.761021455128987e-6	2.3851712046581843	0.012977447843594806	2.385135899980972
7.450580596923828e-6	2.2899396358914457	0.011953741784170217	2.289908435742356
7.164019804734449e-6	2.2020208235496113	0.011046630261825896	2.2019931151813275
6.898685737892433e-6	2.120603579407657	0.010239044025142084	2.120578860352526
6.6523041043962745e-6	2.044992419270654	0.009516933528293527	2.044970274319571
6.422914307692955e-6	1.9745876405431075	0.00886863953374961	1.9745677241914033
6.2088171641031895e-6	1.9088693846692315	0.008284430351717149	1.9088514075069432
6.0085327394547004e-6	1.847384774499218	0.007756123137469319	1.8473684926417369
5.82076609134674e-6	1.7897374651916158	0.007276805000619604	1.789722671929786
5.478368085973403e-6	1.6846291419011787	0.006542990520822626	1.6846164355774718
5.174014303419325e-6	1.5911563813721763	0.005828204038616307	1.591145707350236
4.901697761134097e-6	1.5075113827998303	0.005224490383286895	1.5075023296735868
4.656612873077393e-6	1.4322215808678842	0.004709971006166983	1.4322138362956918
4.43486940293085e-6	1.364094611318954	0.004267887883211601	1.3640879347616943
4.2332844300703565e-6	1.3021546979277692	0.0038852566801233024	1.3021489016682728
4.049228585284689e-6	1.2455956026623516	0.0035518664834399056	1.2455905385062422
3.880510727564493e-6	1.1937453432908223	0.003259619554997383	1.1937408929532738
3.725290298461914e-6	1.1460393585506632	0.0030020079523006165	1.1460354267192048
3.5820099023672247e-6	1.1019998727907796	0.002773770356051163	1.1019963819490999
3.4493428689462165e-6	1.0612198322685142	0.0025706005535130363	1.0612167188716959
3.3261520521981373e-6	1.0233502903783334	0.002388960504312454	1.0233475019196208
3.2114571538464777e-6	0.9880903926574526	0.00222590909936903	0.9880878854589
3.1044085820515948e-6	0.9551793707597236	0.002078996407035125	0.9551771082364156
3.0042663697273502e-6	0.9243900783195015	0.0019461583751766	0.9243880296515705
2.91038304567337e-6	0.8955237439321179	0.0018256551474226507	0.8955218829986681
2.7391840429867014e-6	0.8428884874794507	0.0016411842469567142	0.8428868897068358
2.5870071517096626e-6	0.7960907563213482	0.0014615651848878806	0.7960894146561092
2.4508488805670485e-6	0.7542162334090536	0.0013098933746287166	0.754215095922302
2.3283064365386963e-6	0.7165268392768576	0.001180664836267909	0.7165258665495811
2.217434701465425e-6	0.6824250060799208	0.0010696544773483284	0.6824241677743242
2.1166422150351783e-6	0.6514217655002424	0.000973596996294848	0.6514210379442329
2.0246142926423447e-6	0.6231131447932432	0.0008899186963097821	0.623112509310188
1.9402553637822466e-6	0.5971624720908703	0.0008165837754632872	0.5971619137760018
1.862645149230957e-6	0.5732869178186736	0.0007519524832470455	0.5732864246687668
1.7910049511836123e-6	0.5512471480185969	0.0006947024538945074	0.5512467102733017
1.7246714344731083e-6	0.5308392700003461	0.0006437491786996145	0.530838879662648
1.6630760260990686e-6	0.5118885082803953	0.0005982036220560689	0.5118881587436409
1.6057285769232388e-6	0.4942441843251188	0.0005573254635584834	0.49424387009605864
1.5522042910257974e-6	0.4777757034305134	0.0005204992107046046	0.47777541990886635
1.5021331848636751e-6	0.4623693152093754	0.00048720561365603077	0.4623690585213037
1.455191522836685e-6	0.4479254836614668	0.00045700764729742643	0.44792525052442544
1.3695920214933507e-6	0.4215875756148364	0.00041078183146807135	0.4215873754882638
1.2935035758548313e-6	0.39817338931849017	0.0003657868682719547	0.398173221301158
1.2254244402835243e-6	0.37722313826148574	0.000327799776071577	0.3772229958355545
1.1641532182693481e-6	0.3583673322687465	0.0002954386620375598	0.3583672104886483
1.1087173507327124e-6	0.34130684176027654	0.00026764374496375044	0.3413067368207083
1.0583211075175891e-6	0.32579691185049625	0.00024359536515787197	0.3257968207834725
1.0123071463211724e-6	0.3116353434156005	0.00022264856277691013	0.3116352638797104
9.701276818911233e-7	0.2986536299677772	0.0002042923901471528	0.29865356009522026
9.313225746154785e-7	0.28671022001930785	0.000188116256510295	0.2867101583058995
8.955024755918062e-7	0.27568533486343494	0.00017378832041382584	0.27568528008652177
8.623357172365541e-7	0.26547693709647596	0.00016103719580692587	0.26547688825422794
8.315380130495343e-7	0.2559975633324345	0.00014963981489594138	0.25599751959749456
8.028642884616194e-7	0.24717181176121397	0.00013941101115437325	0.2471717724455828
7.761021455128987e-7	0.23893433235262293	0.00013019637452914526	0.23893429688033013
7.510665924318376e-7	0.2312282058076112	0.00012186607754388157	0.2312281736935751
7.275957614183425e-7	0.2240036265359984	0.00011431050050513951	0.22400359736930234
6.847960107466753e-7	0.2108296050929161	0.00010274454450739084	0.21082958005743294
6.467517879274156e-7	0.19911868531860424	9.148781609009378e-5	0.199118664300936
6.127122201417621e-7	0.18864031508330334	8.198492292200381e-5	0.18864029726757847
5.820766091346741e-7	0.17920963685231492	7.388954275413272e-5	0.17920962161969448
5.543586753663562e-7	0.17067699962886418	6.693677352082196e-5	0.1706769865031008
5.291605537587946e-7	0.1629199584229561	6.0921257436633055e-5	0.1629199470327011
5.061535731605862e-7	0.15583736055464462	5.568177415776243e-5	0.1558373506069015
4.850638409455617e-7	0.1493449102451836	5.109034746080728e-5	0.14934490150627286
4.6566128730773926e-7	0.1433717975865556	4.704433264208581e-5	0.14337178986826885
4.477512377959031e-7	0.13785810537060697	4.346063590876933e-5	0.1378580985199872
4.3116785861827706e-7	0.13275279211936475	4.027140540059321e-5	0.13275278601107088
4.1576900652476716e-7	0.1280121072851294	3.742079752427414e-5	0.12801210181566192
4.014321442308097e-7	0.12359833430921319	3.4862512304342875e-5	0.12359832939250134
3.8805107275644935e-7	0.11947878504764362	3.255790180484614e-5	0.11947878061163857
3.755332962159188e-7	0.11562498880706247	3.0474500589332617e-5	0.11562498479108282
3.6379788070917124e-7	0.11201203342399604	2.858487597219856e-5	0.11201202977664172
3.4239800537333767e-7	0.10542375592720135	2.5692296939178125e-5	0.10542375279653063
3.233758939637078e-7	0.0995673395750547	2.2877131095366216e-5	0.09956733694686791
3.0635611007088106e-7	0.09432734339529995	2.0500626830902326e-5	0.09432734116754876
2.9103830456733704e-7	0.08961131058249573	1.8476147429716307e-5	0.08961130867778067
2.771793376831781e-7	0.08534439404991308	1.6737438500257016e-5	0.08534439240866966
2.645802768793973e-7	0.08146535445384355	1.523313230820531e-5	0.08146535302962878
2.530767865802931e-7	0.07792360215485178	1.3922906560037934e-5	0.07792360091102242
2.4253192047278083e-7	0.0746769786497998	1.2774751830009306e-5	0.07467697755713183
2.3283064365386963e-7	0.07169007043303836	1.1762996416184522e-5	0.07169006946799478
2.2387561889795154e-7	0.06893291194736621	1.0866857979213511e-5	0.06893291109081888
2.1558392930913853e-7	0.06637997675423501	1.0069366976043107e-5	0.06637997599050958
2.0788450326238358e-7	0.06400938487177886	9.356557069530517e-6	0.06400938418793257
2.0071607211540486e-7	0.06180227410440084	8.716849042885183e-6	0.061802273489670566
1.9402553637822467e-7	0.059742297100970544	8.140577443250178e-6	0.05974229654634673
1.877666481079594e-7	0.057815215752409964	7.61962314112629e-6	0.05781521525030463
1.8189894035458562e-7	0.056008571636580594	7.147125668855931e-6	0.056008571180566416
1.7119900268666884e-7	0.052714116190832626	6.423845488030821e-6	0.052714115799421424
1.616879469818539e-7	0.04978566891966342	5.719930925015531e-6	0.0497856685910788
1.5317805503544053e-7	0.04716546808011337	5.125706629001636e-6	0.04716546780159532
1.4551915228366852e-7	0.044807278262368556	4.619507435989556e-6	0.04480727802423928
1.3858966884158905e-7	0.04267367052604535	4.184765423162943e-6	0.04267367032085721
1.3229013843969864e-7	0.040734020988123544	3.808635460214106e-6	0.040734020810069625
1.2653839329014654e-7	0.03896303150421072	3.4810345888216536e-6	0.038963031348709445
1.2126596023639041e-7	0.037339620169756636	3.193958638740474e-6	0.03733962003315412
1.1641532182693481e-7	0.03584607809419705	2.9409882971692364e-6	0.03584607797355049
1.1193780944897577e-7	0.03446742076087913	2.7169269015694012e-6	0.03446742065379697
1.0779196465456927e-7	0.03319088352575902	2.5175312185792816e-6	0.033190883430281544
1.0394225163119179e-7	0.03200552522102718	2.339308999483377e-6	0.032005525135536214
1.0035803605770243e-7	0.03090191376990133	2.1793648945078345e-6	0.030901913693051213
9.701276818911234e-8	0.02987187467710889	2.035282124621158e-6	0.029871874607773213
9.38833240539797e-8	0.028908288197560132	1.905030540891836e-6	0.02890828813479022
9.094947017729281e-8	0.028004924535139843	1.7868947660305453e-6	0.02800492447813214
8.559950134333442e-8	0.02635761763735003	1.6060577850724847e-6	0.026357617588418793
8.084397349092696e-8	0.024893334230637033	1.4300637548760088e-6	0.024893334189560128
7.658902751772027e-8	0.023583183125502862	1.2814954025206588e-6	0.023583183090685033
7.275957614183426e-8	0.022404044865420417	1.1549356864328758e-6	0.022404044835651764
6.929483442079453e-8	0.02133720363104976	1.046242083988616e-6	0.0213372036053992
6.614506921984932e-8	0.020367346428167784	9.522029159245015e-7	0.020367346405909353
6.326919664507327e-8	0.01948182335346532	8.702971431657467e-7	0.019481823334026246
6.063298011819521e-8	0.01867009279146395	7.985234958194418e-7	0.018670092774387446
5.820766091346741e-8	0.01792329976247852	7.352769748665395e-7	0.017923299747396693
5.5968904724487885e-8	0.017233951573692473	6.792582764410648e-7	0.017233951560306344
5.389598232728463e-8	0.016595665546911713	6.294064926175657e-7	0.01659566553497629
5.1971125815595895e-8	0.016002970804022666	5.848484651980753e-7	0.01600297079333566
5.0179018028851214e-8	0.015451151061905137	5.448603055724081e-7	0.01545115105229832
4.850638409455617e-8	0.01493611886799886	5.088377500513938e-7	0.01493611885933142
4.694166202698985e-8	0.014454314177134596	4.76273232088076e-7	0.014454314169287935
4.5474735088646405e-8	0.014002621944992176	4.467378589063986e-7	0.014002621937865842
4.279975067166721e-8	0.013178948702297622	4.0152649828701137e-7	0.013178948696180916
4.042198674546348e-8	0.012446792056490406	3.5752606815862336e-7	0.012446792051355553
3.829451375886013e-8	0.011791703832840733	3.203824443269234e-7	0.011791703828488312
3.637978807091713e-8	0.011202123865199861	2.8874127393724724e-7	0.011202123861478622
3.464741721039726e-8	0.010668693906625323	2.615668623693736e-7	0.010668693903418876
3.307253460992466e-8	0.010183757196835458	2.380562354603601e-7	0.010183757194053048
3.1634598322536636e-8	0.009740988576405115	2.1757909790707295e-7	0.009740988573975144
3.0316490059097604e-8	0.00933511707179953	1.9963510359062626e-7	0.009335117069664892
2.9103830456733704e-8	0.008961715059579269	1.8382298236379007e-7	0.008961715057693977
2.7984452362243943e-8	0.008617036084716104	1.6981788822417858e-7	0.008617036083042784
2.6947991163642316e-8	0.00829788871907193	1.573545828507796e-7	0.008297888717579957
2.5985562907797947e-8	0.008001537450042126	1.4621476963653136e-7	0.00800153744870621
2.5089509014425607e-8	0.007725624074881604	1.3621746056329958e-7	0.007725624073680717
2.4253192047278084e-8	0.007468104816084612	1.2721159126083875e-7	0.007468104815001152
2.3470831013494924e-8	0.00722719960790718	1.1907025640126464e-7	0.007227199606926321
2.2737367544323203e-8	0.007001350891628346	1.1168623696046992e-7	0.007001350890737531
2.1399875335833604e-8	0.006589509321821743	1.0038313101660028e-7	0.006589509321057135
2.021099337273174e-8	0.00622342726334659	8.938278259341102e-8	0.006223427262704719
1.9147256879430066e-8	0.0058958799837835795	8.009668537121792e-8	0.005895879983239515
1.8189894035458565e-8	0.005601087290588945	7.218623807887567e-8	0.00560108729012378
1.732370860519863e-8	0.005334369975974442	6.539250835994629e-8	0.005334369975573628
1.653626730496233e-8	0.005091899594008748	5.951474727008343e-8	0.00509189959366094
1.5817299161268318e-8	0.004870513513037165	5.439537585735286e-8	0.004870513512733412
1.5158245029548802e-8	0.004667576204844307	4.9909304736034055e-8	0.004667576204577473
1.4551915228366852e-8	0.00448087382431122	4.59562124053987e-8	0.004480873824075554
1.3992226181121971e-8	0.004308533116770023	4.245488681139537e-8	0.0043085331165608545
1.3473995581821158e-8	0.004148958345891321	3.933901628752816e-8	0.004148958345704822
1.2992781453898974e-8	0.004000781736985138	3.65540236359917e-8	0.004000781736818146
1.2544754507212804e-8	0.003862824173384488	3.405466310421501e-8	0.003862824173234375
1.2126596023639042e-8	0.003734063753528916	3.180316701453772e-8	0.0037340637533934814
1.1735415506747462e-8	0.0036136104337577747	2.9767808186416944e-8	0.0036136104336351657
1.1368683772161601e-8	0.0035006854255689953	2.7921780211910616e-8	0.003500685425457642
1.0699937667916802e-8	0.003294763403550004	2.509597100370186e-8	0.003294763403454427
1.010549668636587e-8	0.0031117214404248676	2.2345854184854045e-8	0.0031117214403446327
9.573628439715033e-9	0.002947947008712687	2.0024305609769495e-8	0.002947947008644678
9.094947017729282e-9	0.002800549984774909	1.8046674221395567e-8	0.002800549984716763
8.661854302599316e-9	0.0026671907436384592	1.6348226090667285e-8	0.002667190743588357
8.268133652481165e-9	0.002545955045890031	1.4878772963688898e-8	0.0025459550458465543
7.908649580634159e-9	0.0024352615627168156	1.3598919146648863e-8	0.002435261562678846
7.579122514774401e-9	0.002333792519649208	1.247739222208988e-8	0.0023337925196158537
7.275957614183426e-9	0.0022404409857782253	1.1489111740141249e-8	0.002240440985748767
6.996113090560986e-9	0.002154270326981101	1.0613773605148811e-8	0.0021542703269549547
6.736997790910579e-9	0.002074482669528254	9.834800096689258e-9	0.0020744826695049414
6.496390726949487e-9	0.0020003941214782783	9.138547628664918e-9	0.0020003941214574044
6.272377253606402e-9	0.001931415120673343	8.51370299290397e-9	0.0019314151206545787
6.063298011819521e-9	0.001867034713131699	7.950825115426252e-9	0.0018670347131147695
5.867707753373731e-9	0.0018068078743259915	7.441982480436587e-9	0.0018068078743106654
5.684341886080801e-9	0.0017503452077197526	6.980472693590947e-9	0.0017503452077058334
5.349968833958401e-9	0.0016473838874311946	6.274016429161564e-9	0.0016473838874192473
5.052748343182935e-9	0.0015558626723972653	5.586483201762271e-9	0.001555862672387236
4.786814219857517e-9	0.0014739752585591008	5.006093257074354e-9	0.0014739752585505995
4.547473508864641e-9	0.0014002765772555264	4.511683012098097e-9	0.001400276577248258
4.330927151299658e-9	0.0013335968107302727	4.0870688836070604e-9	0.0013335968107240099
4.1340668262405825e-9	0.0012729788351649037	3.719704004418377e-9	0.0012729788351594693
3.9543247903170795e-9	0.001217631982906661	3.399739179680958e-9	0.0012176319829019149
3.7895612573872004e-9	0.0011668973641302408	3.119356305484534e-9	0.0011668973641260714
3.637978807091713e-9	0.0011202215112937274	2.872285159538626e-9	0.001120221511290045
3.498056545280493e-9	0.0010771361056386942	2.653449860040722e-9	0.001077136105635426
3.3684988954552896e-9	0.001037242208909086	2.458705968919078e-9	0.001037242208906172
3.2481953634747434e-9	0.0010001978739848192	2.2846419685461056e-9	0.00100019787398221
3.136188626803201e-9	0.0009657083188313308	2.128430337955718e-9	0.0009657083188289853
3.0316490059097605e-9	0.0009335180656571966	1.9877106315112797e-9	0.0009335180656550805
2.9338538766868654e-9	0.0009034046015242856	1.8604994100418146e-9	0.0009034046015223698
2.8421709430404003e-9	0.0008751732275932512	1.7451216092807472e-9	0.0008751732275915113
2.6749844169792006e-9	0.0008236924901291606	1.5685070054984824e-9	0.0008236924901276671
2.5263741715914674e-9	0.000777931824244499	1.3966233286123731e-9	0.0007779318242432453
2.3934071099287583e-9	0.0007369880678299189	1.2515254092503847e-9	0.0007369880678288563
2.2737367544323206e-9	0.0007001386848444881	1.127922476787226e-9	0.0007001386848435795
2.165463575649829e-9	0.0006667987650926825	1.0217687825802874e-9	0.0006667987650918996
2.0670334131202913e-9	0.0006364897456372419	9.299273775780499e-10	0.0006364897456365626
1.9771623951585398e-9	0.0006088162918402237	8.499359404363224e-10	0.0006088162918396305
1.8947806286936002e-9	0.0005834489581413913	7.798401148523544e-10	0.0005834489581408701
1.8189894035458565e-9	0.0005601110102479059	7.180722097348389e-10	0.0005601110102474457
1.7490282726402464e-9	0.0005385682883562875	6.633633106792181e-10	0.000538568288355879
1.6842494477276448e-9	0.0005186213229906542	6.146771730782622e-10	0.0005186213229902899
1.6240976817373717e-9	0.0005000991403037523	5.711611080667107e-10	0.0005000991403034262
1.5680943134016004e-9	0.0004828543490392874	5.321082541738987e-10	0.0004828543490389942
1.5158245029548803e-9	0.00046675921010132915	4.969281155723553e-10	0.0004667592101010646
1.4669269383434327e-9	0.0004517024668524076	4.6512533111435756e-10	0.00045170246685216815
1.4210854715202002e-9	0.0004375867697299156	4.362808270910447e-10	0.0004375867697296981
1.3374922084896003e-9	0.00041184638166793266	3.921271657627558e-10	0.00041184638166774596
1.2631870857957337e-9	0.00038896603413365156	3.491561031102957e-10	0.00038896603413349483
1.1967035549643792e-9	0.00036849414355251615	3.128816261193663e-10	0.00036849414355238333
1.1368683772161603e-9	0.0003500694414764069	2.819808608316833e-10	0.00035006944147629335
1.0827317878249145e-9	0.0003333994724781981	2.5544238855837727e-10	0.0003333994724781003
1.0335167065601456e-9	0.00031824495483227946	2.3248197116500543e-10	0.00031824495483219456
9.885811975792699e-10	0.0003044082210168319	2.1248418086698096e-10	0.00030440822101675773
9.473903143468001e-10	0.0002917245480897432	1.9496015134791848e-10	0.00029172454808967807
9.094947017729282e-10	0.0002800555687741929	1.7951815063928322e-10	0.0002800555687741354
8.745141363201232e-10	0.0002692842030623611	1.6584093100037065e-10	0.00026928420306231003
8.421247238638224e-10	0.0002593107161293562	1.5366941193548598e-10	0.00025931071612931065
8.120488408686859e-10	0.0002500496209796992	1.4279033480996084e-10	0.00025004962097965845
7.840471567008002e-10	0.00024142722192552064	1.3302710886318534e-10	0.000241427221925484
7.579122514774401e-10	0.0002333796493688548	1.2423211972894416e-10	0.00023337964936882174
7.334634691717164e-10	0.00022585127494876482	1.1628140218146781e-10	0.00022585127494873487
7.105427357601001e-10	0.00021879342384827565	1.090702646655343e-10	0.00021879342384824847
6.687461042448001e-10	0.00020592322498478568	9.803181719260254e-11	0.00020592322498476235
6.315935428978668e-10	0.00019448304756968174	8.728908695472114e-11	0.00019448304756966215
5.983517774821896e-10	0.0001842470991856404	7.822043717508578e-11	0.00018424709918562378
5.684341886080801e-10	0.00017503474550173556	7.049523474771352e-11	0.00017503474550172135
5.413658939124572e-10	0.0001666997587220596	6.386062002684395e-11	0.00016669975872204737
5.167583532800728e-10	0.00015912249791955974	5.812052415209436e-11	0.0001591224979195491
4.942905987896349e-10	0.00015220412928258238	5.3121046991666844e-11	0.0001522041292825731
4.736951571734001e-10	0.0001458622912996332	4.874005797119459e-11	0.00014586229129962504
4.547473508864641e-10	0.00014002780029965676	4.4879552356168544e-11	0.00014002780029964955
4.372570681600616e-10	0.0001346421162522359	4.146025645095153e-11	0.00013464211625222953
4.210623619319112e-10	0.00012965537172317682	3.8417352241491035e-11	0.00012965537172317113
4.0602442043434293e-10	0.00012502482319680673	3.569759212324823e-11	0.00012502482319680163
3.920235783504001e-10	0.00012071362281423569	3.3256799689521186e-11	0.0001207136228142311
3.7895612573872006e-10	0.0001166898357639678	3.1058028078357856e-11	0.00011668983576396367
3.667317345858582e-10	0.00011292564785502038	2.907035803541397e-11	0.00011292564785501664
3.5527136788005004e-10	0.00010939672166996345	2.726756377716564e-11	0.00010939672166996005
3.3437305212240007e-10	0.00010296162103010296	2.4507972919968467e-11	0.00010296162103010005
3.157967714489334e-10	9.724153141054767e-5	2.1822263941709248e-11	9.724153141054522e-5
2.991758887410948e-10	9.212355644516661e-5	1.9555117900353934e-11	9.212355644516453e-5
2.842170943040401e-10	8.751737894175209e-5	1.7623814677891237e-11	8.751737894175032e-5
2.706829469562286e-10	8.334988498176978e-5	1.5965158473334797e-11	8.334988498176825e-5
2.583791766400364e-10	7.956125408563073e-5	1.4530124821795198e-11	7.95612540856294e-5
2.4714529939481747e-10	7.610206933483495e-5	1.32802649519237e-11	7.61020693348338e-5
2.3684757858670003e-10	7.293114996350842e-5	1.2185024778282642e-11	7.29311499635074e-5
2.2737367544323206e-10	7.001390412796787e-5	1.1219888728691813e-11	7.001390412796696e-5
2.186285340800308e-10	6.732106180637918e-5	1.0365062282230592e-11	6.732106180637838e-5
2.105311809659556e-10	6.482768927621366e-5	9.604336164335846e-12	6.482768927621294e-5
2.0301221021717146e-10	6.251241477514508e-5	8.924408077700306e-12	6.251241477514445e-5
1.9601178917520005e-10	6.035681436998259e-5	8.314193135542316e-12	6.035681436998202e-5
1.8947806286936003e-10	5.8344920651872e-5	7.764514599545703e-12	5.834492065187149e-5
1.833658672929291e-10	5.6462826522670044e-5	7.267592245503618e-12	5.6462826522669576e-5
1.7763568394002502e-10	5.4698363271439084e-5	6.816891249614414e-12	5.469836327143866e-5
1.6718652606120003e-10	5.1480812649476386e-5	6.12699110794144e-12	5.148081264947602e-5
1.578983857244667e-10	4.862076761170266e-5	5.455568586741025e-12	4.8620767611702356e-5
1.495879443705474e-10	4.606177993566977e-5	4.888782036274111e-12	4.606177993566951e-5
1.4210854715202004e-10	4.375869101859568e-5	4.405950265594867e-12	4.375869101859546e-5
1.353414734781143e-10	4.167494389606971e-5	3.991289754186905e-12	4.167494389606952e-5
1.291895883200182e-10	3.9780628324280126e-5	3.632534901077445e-12	3.978062832427996e-5
1.2357264969740873e-10	3.8051035840803204e-5	3.3200663457518317e-12	3.805103584080306e-5
1.1842378929335001e-10	3.646557606017499e-5	3.0462526988119718e-12	3.646557606017486e-5
1.1368683772161603e-10	3.500695305851886e-5	2.8049722629329927e-12	3.5006953058518745e-5
1.093142670400154e-10	3.366053182325624e-5	2.591269237478168e-12	3.366053182325614e-5
1.052655904829778e-10	3.2413845491763844e-5	2.401085307264109e-12	3.2413845491763756e-5
1.0150610510858573e-10	3.125620818175543e-5	2.231097281343438e-12	3.125620818175535e-5
9.800589458760003e-11	3.017840792570948e-5	2.078551930887859e-12	3.0178407925709407e-5
9.473903143468002e-11	2.9172461018406127e-5	1.941125088840095e-12	2.9172461018406062e-5
9.168293364646455e-11	2.8231413910125027e-5	1.816899304437879e-12	2.8231413910124966e-5
8.881784197001251e-11	2.7349182244833935e-5	1.7042228542333438e-12	2.7349182244833884e-5
8.359326303060002e-11	2.574040685834526e-5	1.5317495899110731e-12	2.5740406858345216e-5
7.894919286223336e-11	2.431038428245794e-5	1.363890981213023e-12	2.43103842824579e-5
7.47939721852737e-11	2.303089039610621e-5	1.2221955299440628e-12	2.3030890396106175e-5
7.105427357601002e-11	2.187934589622857e-5	1.1014887743757406e-12	2.1879345896228542e-5
6.767073673905715e-11	2.0837472299331074e-5	9.978224560068492e-13	2.083747229933105e-5
6.45947941600091e-11	1.9890314482505305e-5	9.081319518077764e-13	1.9890314482505285e-5
6.178632484870437e-11	1.9025518213748045e-5	8.300165977058665e-13	1.9025518213748024e-5
5.921189464667501e-11	1.8232788299694e-5	7.615661743096729e-13	1.8232788299693982e-5
5.6843418860808015e-11	1.7503476777893023e-5	7.012424796443421e-13	1.750347677789301e-5
5.46571335200077e-11	1.6830266141643673e-5	6.478149251451932e-13	1.683026614164366e-5
5.26327952414889e-11	1.620692295929586e-5	6.002707360397805e-13	1.620692295929585e-5
5.0753052554292866e-11	1.5628104289424742e-5	5.577767257647122e-13	1.5628104289424732e-5
4.9002947293800014e-11	1.5089204148033482e-5	5.19636790090533e-13	1.5089204148033474e-5
4.736951571734001e-11	1.458623068232141e-5	4.852824816281225e-13	1.4586230682321402e-5
4.584146682323227e-11	1.411570711725986e-5	4.5422483176093556e-13	1.4115707117259852e-5
4.4408920985006255e-11	1.3674591274695727e-5	4.2605631840443025e-13	1.367459127469572e-5
4.179663151530001e-11	1.2870203562573917e-5	3.829365130778679e-13	1.2870203562573912e-5
3.947459643111668e-11	1.2155192260380857e-5	3.4097304725673633e-13	1.2155192260380852e-5
3.739698609263685e-11	1.1515445305120774e-5	3.0554829119035813e-13	1.1515445305120771e-5
3.552713678800501e-11	1.0939673044846889e-5	2.753724939279921e-13	1.0939673044846885e-5
3.383536836952858e-11	1.0418736237489594e-5	2.494556175801761e-13	1.0418736237489591e-5
3.229739708000455e-11	9.945157321344444e-6	2.2703388332942168e-13	9.945157321344442e-6
3.0893162424352184e-11	9.512759180210555e-6	2.075038534892023e-13	9.512759180210553e-6
2.9605947323337503e-11	9.116394217248059e-6	1.9039094811155138e-13	9.116394217248057e-6
2.8421709430404007e-11	8.751738451104827e-6	1.7531002192341516e-13	8.751738451104825e-6
2.732856676000385e-11	8.415133128326447e-6	1.6195523028137551e-13	8.415133128326446e-6
2.631639762074445e-11	8.103461533001414e-6	1.5006738475799744e-13	8.103461533001413e-6
2.5376526277146433e-11	7.814052194348644e-6	1.3944358310014936e-13	7.814052194348642e-6
2.4501473646900007e-11	7.544602120311831e-6	1.2991009899129818e-13	7.54460212031183e-6
2.3684757858670004e-11	7.2931153844398875e-6	1.2131972015587668e-13	7.293115384439887e-6
2.2920733411616136e-11	7.057853599179267e-6	1.1355620880873042e-13	7.057853599179266e-6
2.2204460492503128e-11	6.837295675417475e-6	1.0651408116259506e-13	6.837295675417474e-6
2.0898315757650004e-11	6.435101814637482e-6	9.573442474072181e-14	6.435101814637481e-6
1.973729821555834e-11	6.077596159978284e-6	8.524296552861945e-14	6.0775961599782834e-6
1.8698493046318424e-11	5.757722679327469e-6	7.638737057355226e-14	5.757722679327468e-6
1.7763568394002505e-11	5.469836546606596e-6	6.884327212865036e-14	5.469836546606595e-6
1.691768418476429e-11	5.2093681407008525e-6	6.236405403324135e-14	5.209368140700852e-6
1.6148698540002275e-11	4.9725786806948095e-6	5.675757631231571e-14	4.972578680694809e-6
1.5446581212176092e-11	4.75637960843949e-6	5.187611316005974e-14	4.7563796084394894e-6
1.4802973661668752e-11	4.558197125474336e-6	4.7597588055242856e-14	4.558197125474336e-6
1.4210854715202004e-11	4.3758692410922356e-6	4.382810429957336e-14	4.3758692410922356e-6
1.3664283380001925e-11	4.2075665785390965e-6	4.0488507937646184e-14	4.2075665785390965e-6
1.3158198810372225e-11	4.051730779839079e-6	3.7516696642838097e-14	4.051730779839079e-6
1.2688263138573216e-11	3.907026109583632e-6	3.4861495905187696e-14	3.907026109583632e-6
1.2250736823450003e-11	3.7723010717294466e-6	3.2477075161502654e-14	3.7723010717294466e-6
1.1842378929335002e-11	3.6465577030399418e-6	3.03302302338883e-14	3.6465577030399418e-6
1.1460366705808068e-11	3.528926809726968e-6	2.838905278356592e-14	3.528926809726968e-6
1.1102230246251564e-11	3.41864784722618e-6	2.662867001063309e-14	3.41864784722618e-6
1.0449157878825002e-11	3.217550915656292e-6	2.3933458456664902e-14	3.217550915656292e-6
9.86864910777917e-12	3.0387980874361855e-6	2.1310889972135054e-14	3.0387980874361855e-6
9.349246523159212e-12	2.878861346355383e-6	1.9096545211730736e-14	2.878861346355383e-6
8.881784197001252e-12	2.734918279349086e-6	1.7210892848624815e-14	2.734918279349086e-6
8.458842092382144e-12	2.6046840758394196e-6	1.5591013042555537e-14	2.6046840758394196e-6
8.074349270001138e-12	2.486289345353233e-6	1.4189617769957976e-14	2.486289345353233e-6
7.723290606088046e-12	2.378189808803279e-6	1.2969028123789365e-14	2.378189808803279e-6
7.401486830834376e-12	2.279098566949765e-6	1.1899397105582366e-14	2.279098566949765e-6
7.105427357601002e-12	2.1879346244309522e-6	1.0956876529058083e-14	2.1879346244309522e-6
6.8321416900009626e-12	2.103783292863537e-6	1.0122052324716607e-14	2.103783292863537e-6
6.5790994051861124e-12	2.0258653932542137e-6	9.379399154412785e-15	2.0258653932542137e-6
6.344131569286608e-12	1.953513057893983e-6	8.715074316924682e-15	1.953513057893983e-6
6.125368411725002e-12	1.8861505387582275e-6	8.119493551902194e-15	1.8861505387582275e-6
5.921189464667501e-12	1.82327885422489e-6	7.582407628902196e-15	1.82327885422489e-6
5.730183352904034e-12	1.7644634073978176e-6	7.097262868316952e-15	1.7644634073978176e-6
5.551115123125782e-12	1.7093239259924312e-6	6.657167564257856e-15	1.7093239259924312e-6
5.224578939412501e-12	1.6087754599125736e-6	5.9834386156948424e-15	1.6087754599125736e-6
4.934324553889585e-12	1.5193990455798142e-6	5.327648323720632e-15	1.5193990455798142e-6
4.674623261579606e-12	1.4394306748506648e-6	4.7742106636933685e-15	1.4394306748506648e-6
4.440892098500626e-12	1.3674591411859501e-6	4.302611520389912e-15	1.3674591411859501e-6
4.229421046191072e-12	1.3023420392919686e-6	3.8977907531726704e-15	1.3023420392919686e-6
4.037174635000569e-12	1.2431446739280431e-6	3.5474046221376442e-15	1.2431446739280431e-6
3.861645303044023e-12	1.1890949055475228e-6	3.2422573345094153e-15	1.1890949055475228e-6
3.700743415417188e-12	1.1395492845280316e-6	2.9748494405489087e-15	1.1395492845280316e-6
3.552713678800501e-12	1.0939673131867351e-6	2.7393312709422202e-15	1.0939673131867351e-6
3.4160708450004813e-12	1.051891647330265e-6	2.5304756280636656e-15	1.051891647330265e-6
3.2895497025930562e-12	1.0129326974607146e-6	2.344737475882853e-15	1.0129326974607146e-6
3.172065784643304e-12	9.767565297226132e-7	2.1789183689348352e-15	9.767565297226132e-7
3.062684205862501e-12	9.430752701024188e-7	2.029723484586294e-15	9.430752701024188e-7
2.9605947323337505e-12	9.116394277887251e-7	1.8957144846294852e-15	9.116394277887251e-7
2.865091676452017e-12	8.822317043325123e-7	1.7743909689635291e-15	8.822317043325123e-7
2.775557561562891e-12	8.546619635910302e-7	1.6642167682503206e-15	8.546619635910302e-7
2.6122894697062505e-12	8.043877304773735e-7	1.4958227072591533e-15	8.043877304773735e-7
2.4671622769447924e-12	7.596995232553567e-7	1.3319491318413984e-15	7.596995232553567e-7
2.337311630789803e-12	7.197153378435552e-7	1.193515612985215e-15	7.197153378435552e-7
2.220446049250313e-12	6.837295709708516e-7	1.0756901730576737e-15	6.837295709708516e-7
2.114710523095536e-12	6.511710199890386e-7	9.744290567603637e-16	6.511710199890386e-7
2.0185873175002844e-12	6.215723372768832e-7	8.868698072768107e-16	6.215723372768832e-7
1.9308226515220115e-12	5.945474530602423e-7	8.106017127640614e-16	5.945474530602423e-7
1.850371707708594e-12	5.697746425272932e-7	7.4367492937111645e-16	5.697746425272932e-7
1.7763568394002505e-12	5.469836568361572e-7	6.847954267169217e-16	5.469836568361572e-7
1.7080354225002406e-12	5.259458238897519e-7	6.325815526900833e-16	5.259458238897519e-7
1.6447748512965281e-12	5.064663489387895e-7	5.862405013200712e-16	5.064663489387895e-7
1.586032892321652e-12	4.88378265055177e-7	5.446733803502217e-16	4.88378265055177e-7
1.5313421029312504e-12	4.715376352320812e-7	5.075246467662741e-16	4.715376352320812e-7
1.4802973661668753e-12	4.558197140634124e-7	4.739098604053965e-16	4.558197140634124e-7
1.4325458382260085e-12	4.4111585232463185e-7	4.4354138717951486e-16	4.4111585232463185e-7
1.3877787807814455e-12	4.273309819442291e-7	4.160542527338772e-16	4.273309819442291e-7
1.3061447348531253e-12	4.0219386536897604e-7	3.7400194922813817e-16	4.0219386536897604e-7
1.2335811384723962e-12	3.7984976174402864e-7	3.3295950347889413e-16	3.7984976174402864e-7
1.1686558153949015e-12	3.598576690263459e-7	2.9840680100489893e-16	3.598576690263459e-7
1.1102230246251565e-12	3.418647855798776e-7	2.688760594011661e-16	3.418647855798776e-7
1.057355261547768e-12	3.255855100802906e-7	2.4362592620498387e-16	3.255855100802906e-7
1.0092936587501422e-12	3.1078616871665453e-7	2.2171742688588655e-16	3.1078616871665453e-7
9.654113257610057e-13	2.972737266017262e-7	2.026130437938149e-16	2.972737266017262e-7
9.25185853854297e-13	2.8488732132948086e-7	1.8595612640429473e-16	2.8488732132948086e-7
8.881784197001252e-13	2.73491828478781e-7	1.7119889545419337e-16	2.73491828478781e-7
8.540177112501203e-13	2.629729120010408e-7	1.5816408160675273e-16	2.629729120010408e-7
8.223874256482641e-13	2.532331745214852e-7	1.4652271267363853e-16	2.532331745214852e-7
7.93016446160826e-13	2.441891325760737e-7	1.3620579210800239e-16	2.441891325760737e-7
7.656710514656252e-13	2.3576881766123576e-7	1.2684365930374852e-16	2.3576881766123576e-7
7.401486830834376e-13	2.2790985707398125e-7	1.185149712612943e-16	2.2790985707398125e-7
7.162729191130043e-13	2.2055792620191736e-7	1.1088537805427606e-16	2.2055792620191736e-7
6.938893903907227e-13	2.1366549100929797e-7	1.0403233355629138e-16	2.1366549100929797e-7
