# z G G_prime G_double_prime
1.5999999999999998e6	9.602144669322075e6	3019.369722157558	9.602144194605537e6
1.0666666666666665e6	6.40391097129607e6	5735.5718507064275	6.403908402803848e6
799999.9999999999	4.8047905539782215e6	6669.6161371032695	4.804785924868966e6
640000.0	3.8453262913838034e6	7129.127108462373	3.845319682777257e6
533333.3333333333	3.205688021104034e6	7398.643861195796	3.205679483154689e6
457142.8571428571	2.748806015081598e6	7574.432269213917	2.7487955792536796e6
399999.99999999994	2.4061458870249977e6	7697.557532990862	2.406133574275406e6
355555.55555555556	2.1396332418330656e6	7788.320896378791	2.1396190669403486e6
320000.0	1.9264235820784445e6	7857.849857922452	1.9264075559921258e6
290909.0909090909	1.7519795765751828e6	7912.729397460529	1.7519617077579177e6
266666.6666666666	1.6066097147056751e6	7957.094320038466	1.6065900099392605e6
246153.84615384613	1.4836045150068125e6	7993.6665904505035	1.4835829798980036e6
228571.42857142855	1.3781715067229813e6	8024.308590108635	1.3781481460331988e6
213333.3333333333	1.2867962215340473e6	8050.3361446191375	1.286771039401439e6
199999.99999999997	1.206842814942514e6	8072.704492255824	1.2068158150358123e6
188235.29411764705	1.1364890470715556e6	8725.95908145387	1.1364555476355955e6
177777.77777777778	1.073841413085424e6	8873.48292441306	1.0738047502959236e6
168421.05263157893	1.0177521356046803e6	8872.250380476227	1.0177134629654231e6
160000.0	967259.4469777833	8831.607962122498	967219.127431096
152380.95238095237	921570.9247660402	8784.391960240937	921529.057508239
145454.54545454544	880033.7967330484	8739.863590371166	879990.3966389667
139130.4347826087	842107.3905375036	8700.119463345316	842062.4472800145
133333.3333333333	807340.679932815	8665.17045133585	807294.1770478897
128000.0	775354.6457529452	8634.497235353068	775306.5665581375
123076.92307692306	745828.5228800274	8607.51160478638	745778.852130695
118518.51851851851	718489.0438663528	8583.680764214085	718437.7680638204
114285.71428571428	693101.9681211726	8562.550511135474	693049.0754212051
110344.8275862069	669465.3572844676	8543.740222450866	669410.8373092201
106666.66666666666	647404.1933474689	8526.931717097881	647348.0369935316
103225.80645161291	626766.0376357116	8511.858279401282	626708.2369031076
99999.99999999999	607417.5034095212	8498.295325934461	607358.0512554427
94117.64705882352	572102.4192579399	8354.75330652369	572041.4112789168
88888.88888888889	540740.4230046733	8341.914457601331	540676.0744978967
84210.52631578947	512679.07282656163	8331.734392865783	512611.36733036814
80000.0	487423.318720621	8323.577144761599	487352.2439633774
76190.47619047618	464572.4026910294	8316.992090381882	464497.9493869532
72727.27272727272	443798.42646529555	8311.645713040394	443720.58762087347
69565.21739130435	424830.5125110028	8307.284668967573	424749.2829679528
66666.66666666666	407442.92541026685	8303.713388512635	407358.3015121181
64000.0	391446.04408644297	8300.77896495431	391358.0234254824
61538.46153846153	376679.4173334569	8298.360760739057	376587.9985492863
59259.259259259255	363006.36240843654	8296.362709279409	362911.5450282634
57142.85714285714	350309.7210364895	8294.707823755343	350211.50534324493
55172.41379310345	338488.49336751684	8293.333912195576	338386.8802935958
53333.33333333333	327455.14513922296	8292.190506268096	327350.1361764759
51612.903225806454	317133.4359496669	8291.236347836346	317025.03307635785
49999.99999999999	307456.65474394313	8290.437610467645	307344.8603613914
47058.82352941176	289778.5691755779	8167.298341570533	289663.4502163588
44444.444444444445	274094.0961900986	8173.180944064188	273972.21150971245
42105.26315789473	260060.11484528822	8178.715593358451	259931.47547880278
40000.0	247429.0446338499	8183.815095276036	247293.66611158082
38095.23809523809	236000.47426511798	8188.473774435358	235858.3743491123
36363.63636363636	225610.43337030246	8192.711476978462	225461.63115747803
34782.608695652176	216123.4680508539	8196.554755068732	215967.9835820014
33333.33333333333	207426.69946092903	8200.03129767097	207264.55349618226
32000.0	199425.30860616974	8203.167426341732	199256.5224951029
30769.230769230766	192039.06346836075	8205.987886314033	191863.65904103557
29629.629629629628	185199.61769597724	8208.515254192836	185017.61719376294
28571.42857142857	178848.38834413438	8210.770382470433	178659.8143484445
27586.206896551725	172934.8724967603	8212.772105961956	172739.74788625308
26666.666666666664	167415.30074093456	8214.53776170328	167213.64864011283
25806.451612903227	162251.55106883709	8216.082959948388	162043.39482076612
24999.999999999996	157410.26659077714	8217.422083883943	157195.62971811532
23529.41176470588	148551.0156161649	8099.35282836163	148330.0533417142
22222.222222222223	140703.85681898872	8107.579672156325	140470.0767978651
21052.631578947367	133681.89000666153	8114.742612520416	133435.37262692265
20000.0	127361.30056499201	8120.804242536802	127102.13774779961
19047.619047619046	121641.88242704123	8125.844740956137	121370.17017224617
18181.81818181818	116441.65683167233	8129.967086116829	116157.49257315948
17391.304347826088	111692.90425550696	8133.267739238754	111396.38601369303
16666.666666666664	107339.19259880169	8135.832466223032	107030.41856334204
16000.0	103333.1187703784	8137.73435276948	103012.18721305204
15384.615384615383	99634.57262896493	8139.037052900812	99301.5817538069
14814.814814814814	96209.38600235591	8139.794645229876	95864.43395797945
14285.714285714284	93028.2720153735	8140.054739588427	92671.4567868814
13793.103448275862	90065.98312170834	8139.85805003778	89697.40256331331
13333.333333333332	87300.63825452075	8139.240931936236	86920.38999393977
12903.225806451614	84713.17950642109	8138.234673215921	84321.36098575963
12499.999999999998	82286.93135430806	8136.867606136117	81883.6397412134
11764.70588235294	77833.91897538303	8018.387707304067	77419.79334538324
11111.111111111111	73899.79600805396	8020.183409968644	73463.30041661927
10526.315789473683	70378.22020675286	8020.71661912797	69919.68238190045
10000.0	67207.24578395628	8019.815628317062	66727.02932959709
9523.809523809523	64336.770378520254	8017.542857558545	63835.24911258397
9090.90909090909	61725.81670624874	8014.020330571669	61203.36531755913
8695.652173913044	59340.537825089355	8009.367708882421	58797.52935519291
8333.333333333332	57152.73044435769	8003.696568893138	56589.53470809332
8000.0	55138.703573313665	7997.100790203682	54555.68724429266
7692.3076923076915	53278.41205112131	7989.665176532168	52675.93797034826
7407.407407407407	51554.7797694994	7981.460271135392	50933.20733099253
7142.857142857142	49953.17090251523	7972.550898427042	49312.85547793683
6896.551724137931	48460.967758893676	7962.991121820396	47802.26112353203
6666.666666666666	47067.235755582864	7952.831753661193	46390.485541429465
6451.612903225807	45762.450657736255	7942.115275043567	45068.00078946996
6249.999999999999	44538.2794426579	7930.8825086806455	43826.46960851155
5882.35294117647	42281.455953168144	7805.09202480299	41554.80785666148
5555.555555555556	40293.0545325151	7786.046291241873	39533.62779597737
5263.157894736842	38511.06819428337	7765.650652449585	37719.98201761042
5000.0	36904.462740876326	7743.523988845977	36082.92125683418
4761.9047619047615	35448.18153541453	7719.696079926376	34597.39681827627
4545.454545454545	34121.749899904644	7694.326304877216	33242.91140898639
4347.826086956522	32908.25827521798	7667.574585231817	32002.52744219368
4166.666666666666	31793.62096992161	7639.606069384171	30862.12490227573
4000.0	30766.004017708023	7610.555142318755	29809.8382022337
3846.1538461538457	29815.39711320264	7580.554487043368	28835.622044390493
3703.7037037037035	28933.270459217492	7549.709358701612	27930.91527439373
3571.428571428571	28112.315256271962	7518.12585469598	27088.374862678145
3448.2758620689656	27346.22840177909	7485.887360002145	26301.66721399291
3333.333333333333	26629.5493345999	7453.080221273108	25565.298609231177
3225.8064516129034	25957.519813294974	7419.771629772112	24874.481377902735
3124.9999999999995	25325.978252729274	7386.033010780479	24225.02199836725
2941.176470588235	24156.124047590867	7241.475040104231	23045.15932351402
2777.777777777778	23124.69181767572	7177.850144453414	21982.48937145765
2631.578947368421	22197.285426577484	7113.881276688288	21026.46364679836
2500.0	21358.316966520935	7049.086675264842	20161.54956066075
2380.9523809523807	20595.234570550547	6983.506775262652	19375.09535811014
2272.7272727272725	19897.802283007186	6917.394895664244	18656.692728109243
2173.913043478261	19257.559848540845	6850.963983229718	17997.719406097585
2083.333333333333	18667.46573396493	6784.460758142918	17390.95653349676
2000.0	18121.59428237968	6718.051750072195	16830.3285772598
1923.0769230769229	17614.936651845164	6651.923956540194	16310.668316317537
1851.8518518518517	17143.21575032828	6586.193387323939	15827.567814641452
1785.7142857142856	16702.769686540145	6520.997802735694	15377.226760970934
1724.1379310344828	16290.43243095365	6456.414900749126	14956.36638414729
1666.6666666666665	15903.463710302764	6392.545379995653	14562.126271585932
1612.9032258064517	15539.468632174705	6329.438705885235	14192.015045044993
1562.4999999999998	15196.354863680725	6267.167691661634	13843.83654437979
1470.5882352941176	14559.43217488051	6104.880734021872	13217.696337800866
1388.888888888889	13993.29312753438	5991.006109447346	12645.951856213336
1315.7894736842104	13481.425694391784	5881.194693542924	12130.968128309034
1250.0	13015.907441975654	5774.936980575235	11664.64527572364
1190.4761904761904	12590.334664368293	5672.0228503370045	11240.315108841422
1136.3636363636363	12199.493513597026	5572.530760166146	10852.39802602623
1086.9565217391305	11839.044353454472	5476.3828495656635	10496.294683746512
1041.6666666666665	11505.378946458324	5383.623684746177	10168.10408693019
1000.0	11195.4356217915	5294.135756069827	9864.578316277943
961.5384615384614	10906.62973129093	5207.904520058519	9582.91722835136
925.9259259259259	10636.734031433232	5124.783416159648	9320.767446562806
892.8571428571428	10383.844969452093	5044.721578700411	9076.068562048767
862.0689655172414	10146.30060079602	4967.561572412047	8847.075669734539
833.3333333333333	9922.665742351533	4893.234024919086	8632.23935093385
806.4516129032259	9711.673098996542	4821.58222376937	8430.23957199345
781.2499999999999	9512.218603064975	4752.529359921135	8239.88879995252
735.2941176470588	9142.201899825255	4606.639958572788	7896.754008404277
694.4444444444445	8810.0634186382	4486.780996995968	7581.953160328997
657.8947368421052	8508.37893980162	4374.88363535737	7297.458828958339
625.0	8232.89975778686	4270.209188540921	7038.888542083019
595.2380952380952	7980.125433067721	4171.919263305491	6802.756175841881
568.1818181818181	7747.207200507496	4079.5980020789616	6586.053412251418
543.4782608695652	7531.736673555637	3992.61671504743	6386.397191414484
520.8333333333333	7331.7170970767975	3910.6399386288745	6201.69096795132
500.0	7145.429242955565	3833.1557397732577	6030.263355835123
480.7692307692307	6971.427565437819	3759.8854073292887	5870.610191785735
462.96296296296293	6808.448948271831	3690.4109532781304	5721.524628728658
446.4285714285714	6655.419018862814	3624.5032766910404	5581.897375794074
431.0344827586207	6511.38726330597	3561.82155581701	5450.834000156352
416.66666666666663	6375.537243424207	3502.178542420527	5327.49665408608
403.2258064516129	6247.138908159897	3445.295668346635	5211.20737406574
390.62499999999994	6125.559866455764	3391.0198380450042	5101.320234558774
367.6470588235294	5900.094891415011	3284.0033873289485	4901.677414897221
347.22222222222223	5696.558973561008	3191.698614626428	4718.4578087178215
328.9473684210526	5511.15381123919	3106.268387276844	4552.352472880452
312.5	5341.433103396091	3027.1830990843678	4400.803345148878
297.6190476190476	5185.342317249197	2953.5859677432522	4261.936752018432
284.09090909090907	5041.2107402490365	2885.026016355716	4134.057403151643
271.7391304347826	4907.609524261415	2820.8498298944155	4015.8980913123273
260.41666666666663	4783.358108094114	2760.716827712475	3906.2715455348043
250.0	4667.430571264185	2704.135324588772	3804.2818354957217
240.38461538461536	4558.967571125794	2650.8495092714243	3709.0675639265555
231.48148148148147	4457.212067393304	2600.4843412917994	3619.975221519154
223.2142857142857	4361.522500551933	2552.8449036594625	3536.3627388434998
215.51724137931035	4271.327050991344	2507.640134477048	3457.7414207095276
208.33333333333331	4186.1362648816275	2464.7190104185283	3383.621880151299
201.61290322580646	4105.509477468668	2423.8519119497614	3313.630935774613
195.31249999999997	4029.0662335740203	2384.919980428541	3247.3883970783463
183.8235294117647	3887.3057906384734	2310.6347876127293	3126.0379377424842
173.61111111111111	3758.810439251031	2244.462264415421	3015.1359939209588
164.4736842105263	3641.481606498449	2183.137139231429	2914.498331064016
156.25	3533.8550472339502	2126.4731325534267	2822.4534560182356
148.8095238095238	3434.680327496827	2073.838288033113	2737.9232471312266
142.04545454545453	3342.9384326851687	2024.889279675995	2659.8986390042764
135.8695652173913	3257.7520524775086	1979.1162336902282	2587.672191172063
130.20833333333331	3178.3974208761	1936.264961305572	2520.5333095700557
125.0	3104.2423179645934	1895.9619764214463	2457.9765158776995
120.19230769230768	3034.758167439043	1858.0239228779815	2399.4799930091303
115.74074074074073	2969.476982974387	1822.170860244607	2344.6720257831576
111.60714285714285	2908.0029310179684	1788.266237263305	2293.1604635247913
107.75862068965517	2849.9814651809093	1756.0946516982128	2244.666105716317
104.16666666666666	2795.109730461941	1725.5517337060826	2198.888269018451
100.80645161290323	2743.113733577104	1696.468324389258	2155.6131795113943
97.65624999999999	2693.757438063975	1668.7630582412924	2114.606107665009
91.91176470588235	2602.240107882646	1617.4481226035675	2038.5080695840477
86.80555555555556	2518.969114849632	1570.142094010315	1969.735821419523
82.23684210526315	2442.7670490685073	1526.2128733406325	1907.297858559117
78.125	2372.7335366664124	1485.6788329937294	1850.0332000307162
74.4047619047619	2308.084605595683	1448.063590756699	1797.3220033462549
71.02272727272727	2248.1802699999425	1413.1052307776852	1748.556013734121
67.93478260869566	2192.466677721108	1380.4166141336914	1703.3379301656817
65.10416666666666	2140.4878348224074	1349.8166763745105	1661.2293975258165
62.5	2091.8434566062106	1321.0294681520181	1621.9402551327885
60.09615384615384	2046.1995802375577	1293.9287592286362	1585.1438698759805
57.87037037037037	2003.2589657608687	1268.3089074339632	1550.6253574687123
55.80357142857142	1962.7707840666856	1244.0769726307772	1518.1375553472064
53.87931034482759	1924.509150999555	1221.074689523748	1487.5187645490428
52.08333333333333	1888.281630203471	1199.2315062023617	1458.5785235960018
50.403225806451616	1853.9131574736377	1178.4229860174016	1431.192950471635
48.82812499999999	1821.2533770597856	1158.5944531226908	1405.2127086832822
45.955882352941174	1760.7107881988986	1122.9692875833134	1356.1129963334959
43.40277777777778	1705.416271940229	1088.8601432610694	1312.5655217991948
41.118421052631575	1654.7113165212595	1057.1538338003422	1272.9867684719893
39.0625	1608.027073320182	1027.9357164815722	1236.5675199163961
37.20238095238095	1564.8572877908268	1000.8214115141557	1202.9691739221232
35.51136363636363	1524.7892990009116	975.609603921115	1171.8226431864919
33.96739130434783	1487.4640245846517	952.007641087101	1142.9044910863474
32.55208333333333	1452.587013575373	929.8904312557585	1115.935848454919
31.25	1419.8981054658132	909.0545051295255	1090.7476961282655
30.04807692307692	1389.1811433404355	889.4154534411701	1067.1290457075365
28.935185185185183	1360.2423813375133	870.8220942842316	1044.9536908845166
27.90178571428571	1332.9190965767978	853.213143286529	1024.0608625185457
26.939655172413794	1307.0636643944777	836.4722940265708	1004.355277830632
26.041666666666664	1282.5509951373367	820.5535697528522	985.712379091195
25.201612903225808	1259.2664057749366	805.3655318820275	968.0590068635828
24.414062499999996	1237.1119910682628	790.8729267647018	951.2970577876903
22.977941176470587	1196.0498174275583	765.5933450135168	918.9134865913711
21.70138888888889	1158.3837994408418	740.3726171327104	890.8992168629746
20.559210526315788	1123.7641236535899	716.9181415289554	865.3751694829183
19.53125	1091.8222349954658	695.2942376452717	841.8085981550524
18.601190476190474	1062.2225928944315	675.1852626393601	820.0254251972846
17.755681818181817	1034.693859509979	656.44438633518	799.7950678496867
16.983695652173914	1008.9980811951209	638.855253093394	780.9872556261154
16.276041666666664	984.9417619310767	622.3358295464704	763.4188821732143
15.625	962.3521241252336	606.7369409026287	746.9885510183332
15.02403846153846	941.0869074676464	592.0043357078125	731.5568562389187
14.467592592592592	921.017080608287	578.0266810210376	717.0478497283257
13.950892857142856	902.0353892825286	564.7649951610224	703.3550623681139
13.469827586206897	884.04324872597	552.133219077364	690.421156982631
13.020833333333332	866.9581015667276	540.1024013253293	678.16350974879
12.600806451612904	850.7031581824463	528.6045469889729	666.5381431277365
12.207031249999998	835.2137268494276	517.617673048349	655.4799112602329
11.488970588235293	806.5158834221878	499.00709741108255	633.6085439335856
10.850694444444445	780.0395575743223	479.69599679311585	615.1044318173975
10.279605263157894	755.6423138639236	461.7695312154461	598.1339369595171
9.765625	733.0793872198673	445.2342055539021	582.3846582555568
9.300595238095237	712.1218238695532	429.8316235955953	567.7695548270208
8.877840909090908	692.5882864247756	415.4611657428266	554.1394718411769
8.491847826086957	674.316873922661	401.95995551804253	541.4161436610135
8.138020833333332	657.1784841107258	389.27561933324716	529.4790384621363
7.8125	641.0550684162733	377.29368830196546	518.2673764667155
7.51201923076923	625.8515666951208	365.97990776748946	507.68975826309236
7.233796296296296	611.4793858255714	355.24755383376515	497.7009290575457
6.975446428571428	597.8667417510836	345.07234990281637	488.2312098018777
6.734913793103448	584.9456028274354	335.3863940510111	479.2466222652088
6.510416666666666	572.6606291638146	326.1719471017907	470.69316663631594
6.300403225806452	560.958557860356	317.37470845488303	462.5449146514837
6.103515624999999	549.7959596582389	308.9814425828622	454.75934888239215
5.744485294117647	529.1656874393881	295.19089557973604	439.17953040873107
5.425347222222222	510.0127391978163	280.4777826071175	425.9638571614432
5.139802631578947	492.3455305016775	266.91886669939896	413.71299230854083
4.8828125	475.9948937492122	254.4742622081935	402.26109524650707
4.650297619047619	460.796815553295	242.9309940950218	391.55872782005747
4.438920454545454	446.62720547224103	232.22474119810406	381.5069203086846
4.2459239130434785	433.37019590385734	222.22226378207924	372.05778069718644
4.069010416666666	420.9374245991509	212.89051689120365	363.1335060910271
3.90625	409.24359875453126	204.1320910939492	354.6976353278542
3.756009615384615	398.2234412933508	195.92550101750388	346.69166019181785
3.616898148148148	387.81230703537074	188.1953287869348	339.0883420450697
3.487723214285714	377.9607265246179	180.92657839847172	331.84316178586334
3.367456896551724	368.6185610277356	174.0591922165686	324.93544149426674
3.255208333333333	359.7475369072052	167.58243012306636	318.33067622340224
3.150201612903226	351.30801202818566	161.44756608851287	312.01282460708427
3.0517578124999996	343.2698432268451	155.64677408535402	305.95468126146653
2.8722426470588234	328.5114056027768	146.43779701516337	294.06753512834075
2.712673611111111	314.7878083656954	136.54537440440342	283.6313188356305
2.5699013157894735	302.18083966765823	127.59494120031835	273.92113982374246
2.44140625	290.56594485284944	119.53034858294293	264.84158298097617
2.3251488095238093	279.81627837971047	112.17047296697862	256.3492434953455
2.219460227272727	269.8428773830102	105.47507219252789	248.3750946055649
2.1229619565217392	260.5553904559738	99.32439355995973	240.8812494562646
2.034505208333333	251.89012087370074	93.69693313399726	233.8151357698017
1.953125	243.77973983760484	88.50299978616749	227.14704617084487
1.8780048076923075	236.1769790347096	83.72898016708504	220.83709676171154
1.808449074074074	229.03031929994924	79.30529324453472	214.86171744178873
1.743861607142857	222.30382395683446	75.22299739037084	209.1900829615006
1.683728448275862	215.9572415119828	71.4270118253526	203.80312103391796
1.6276041666666665	209.96271703458436	67.91149060931521	198.6765511774498
1.575100806451613	204.28826182235883	64.63221214034084	193.79466213558774
1.5258789062499998	198.91192535208842	61.585429311006706	189.1380155966901
1.4361213235294117	189.12011292211014	56.92194945857371	180.35051644369437
1.3563368055555556	180.09147010399766	51.971717314397	172.4293426410119
1.2849506578947367	171.87590266137713	47.61260377205235	165.1495258173899
1.220703125	164.37906195123273	43.80398401669505	158.43511918836785
1.1625744047619047	157.50018940940032	40.40698163064857	152.22872757629358
1.1097301136363635	151.1741920919158	37.402935087883286	146.47408235402963
1.0614809782608696	145.32981231139874	34.69976263318655	141.12647100975386
1.0172526041666665	139.92074861685134	32.28915322618955	136.144138608446
0.9765625	134.89459803126303	30.10478732494847	131.4924117891814
0.9390024038461537	130.21734000854923	28.14281046669977	127.13983584202683
0.904224537037037	125.84954430353912	26.354217402411386	123.05918505546384
0.8719308035714285	121.76561332479505	24.737464065317607	119.2263496882322
0.841864224137931	117.93531724814102	23.25568447177026	115.61968774464465
0.8138020833333333	114.33901329564198	21.908588780018203	112.22042460750652
0.7875504032258065	110.95315647806272	20.66805423276597	109.01116670633755
0.7629394531249999	107.76240920922517	19.534434810738542	105.97708570819215
0.7180606617647058	101.96683954582765	17.828994320940648	100.39603243389864
0.6781684027777778	96.6964632469651	16.059010111023465	95.35362708741455
0.6424753289473684	91.94015171299094	14.529985028412705	90.78475109885962
0.6103515625	87.63270628886985	13.225573181501472	86.62895258244832
0.5812872023809523	83.70735473071474	12.078791669202097	82.83129860038248
0.5548650568181818	80.12012288143202	11.083892948087255	79.34974106858263
0.5307404891304348	76.82528841546632	10.199556451630722	76.14521645060563
0.5086263020833333	73.79176048450532	9.422879000534282	73.18765788535585
0.48828125	70.9870404440411	8.726556838701649	70.44861330604624
0.46950120192307687	68.38841521263541	8.10866872631648	67.90599993213176
0.4521122685185185	65.97219053686477	7.5506890696165305	65.53866811895374
0.43596540178571425	63.72135049405551	7.051141033135294	63.33002383480606
0.4209321120689655	61.618242237659544	6.597197698653747	61.264057643807504
0.40690104166666663	59.649850149562475	6.1876345113887075	59.32805240372154
0.39377520161290325	57.80277140357256	5.81341554193825	57.50969119783566
0.38146972656249994	56.066871288002545	5.473483499165885	55.79905944018952
0.3590303308823529	52.90884631252054	4.955478555249596	52.676268379701874
0.3390842013888889	50.06925512329513	4.43809923462918	49.872172438998476
0.3212376644736842	47.518289071781425	3.995967188585928	47.34997405001535
0.30517578125	45.215216492554795	3.6192969858694988	45.07012859751651
0.29064360119047616	43.12459571647828	3.2920968659601093	42.99875409747162
0.2774325284090909	41.218994154144035	3.0084991692366554	41.10905510745854
0.2653702445652174	39.474406940249054	2.759265823792531	39.37785234618609
0.25431315104166663	37.871614471762996	2.5403710492263234	37.78631627494404
0.244140625	36.393748917129216	2.3461176711888467	36.31804912321117
0.23475060096153844	35.026947198695616	2.173647314424175	34.95943774451625
0.22605613425925924	33.759004673538556	2.0192974427798145	33.698558342836876
0.21798270089285712	32.57967707298486	1.881001792185965	32.52533151926001
0.21046605603448276	31.479912354244853	1.756319680947011	31.430880086457268
0.20345052083333331	30.451981606977455	1.64373639096656	30.407586462406147
0.19688760080645162	29.48902686993332	1.541572931102837	29.448705551072024
0.19073486328124997	28.585110361245412	1.4487043272380793	28.548376313493232
0.17951516544117646	26.938912639526556	1.3062514490130503	26.9072243338475
0.16954210069444445	25.467234591310703	1.1666862325155618	25.44049686943459
0.1606188322368421	24.148011505198983	1.0483113867333311	24.125246172664596
0.152587890625	22.95874855761733	0.9471431540534679	22.939203455604673
0.14532180059523808	21.881120076147425	0.8599196239217203	21.864216291172575
0.13871626420454544	20.900125879125866	0.784238702215662	20.885407140423524
0.1326851222826087	20.003315820292332	0.7181156416478093	19.990421549621665
0.12715657552083331	19.18030569888594	0.6600286717775361	19.168945950551066
0.1220703125	18.42234112337759	0.6087095764858005	18.412281909572847
0.11737530048076922	17.722007322631253	0.5631579741169248	17.713057235824206
0.11302806712962962	17.0729696578926	0.5225317921948238	17.064971534270633
0.10899135044642856	16.46979327243977	0.4861522146225674	16.46261663470057
0.10523302801724138	15.907781685576804	0.45344202591446076	15.901317822278358
0.10172526041666666	15.382861014105181	0.42392778315181573	15.37701850860397
0.09844380040322581	14.891475808063305	0.39720297982955954	14.886177532696202
0.09536743164062499	14.430512545798889	0.37292938896225164	14.425692912484564
0.08975758272058823	13.590545744517655	0.3357272703896671	13.586398376087153
0.08477105034722222	12.841724421898816	0.2994085781129563	12.838233547935824
0.08030941611842105	12.171118073246662	0.2686789576419425	12.168152151030656
0.0762939453125	11.567080717268334	0.24245139720372258	11.564539491038754
0.07266090029761904	11.020167307827048	0.2198841648229133	11.01797342738492
0.06935813210227272	10.52264055965746	0.20032875557801913	10.520733469556049
0.06634256114130435	10.068099088167296	0.18327025407365943	10.066430909867057
0.06357828776041666	9.651202943982877	0.1683023379400984	9.649735363676438
0.06103515625	9.267460856893893	0.15509573017621558	9.266162962550442
0.05868765024038461	8.913069245765845	0.1433854108282514	8.911915843620749
0.05651403356481481	8.584784511202205	0.1329528978072708	8.583754926064811
0.05449567522321428	8.27982438339965	0.12361939419758315	8.278901501124265
0.05261651400862069	7.9957881122769585	0.11523533037081946	7.9949576831315285
0.05086263020833333	7.730593732426215	0.10767655397878553	7.729843802791278
0.049221900201612906	7.482426441219511	0.10083788990203844	7.481746932917537
0.04768371582031249	7.249697414499718	0.09463095922523987	7.249079774934196
0.044878791360294115	6.825474708562469	0.08512478611162239	6.824943865557824
0.04238552517361111	6.447829873438192	0.07585841396861143	6.447383622666805
0.04015470805921052	6.109785973192434	0.06802722003901263	6.109407249116135
0.03814697265625	5.805424155418972	0.0613500011169361	5.805099982057591
0.03633045014880952	5.529948885267919	0.05561020448744868	5.5296692648686285
0.03467906605113636	5.279434005429095	0.0506405385291301	5.279191126824125
0.033171280570652176	5.050633886404742	0.046308851725939154	5.050421580893192
0.03178914388020833	4.840842388189506	0.04251062507432268	4.840655727693106
0.030517578125	4.647785008056012	0.039161540588951334	4.647620020488866
0.029343825120192304	4.469536298072356	0.03619358939802667	4.469389750723562
0.028257016782407406	4.304455235371121	0.033550938262844505	4.304324477529027
0.02724783761160714	4.151134685706016	0.03118779708172032	4.151017525882633
0.026308257004310345	4.0083610764582565	0.029066013845957823	4.008255691208421
0.025431315104166664	3.875082292473743	0.02715384739325753	3.8749871537871323
0.024610950100806453	3.7503816306460096	0.02542451498204602	3.7502954509644906
0.023841857910156247	3.6334567401086897	0.0238554544485496	3.633378427790631
0.022439395680147058	3.4202837378974196	0.021453189622507605	3.420216456363627
0.021192762586805556	3.2306555085521373	0.019112904651007272	3.230598971060022
0.02007735402960526	3.060950430880927	0.01713604044202935	3.060902464376822
0.019073486328125	2.908185301005879	0.015451093094972496	2.9081442551408667
0.01816522507440476	2.769944179424734	0.014003219540419328	2.769908783149991
0.01733953302556818	2.644249718470755	0.012749942126169487	2.6442189797005176
0.016585640285326088	2.5294679229003805	0.011657847275530375	2.529441058332624
0.015894571940104164	2.4242367436432457	0.010700430413459845	2.424213128010608
0.0152587890625	2.3274117463451343	0.009856398751177994	2.327390875729508
0.014671912560096152	2.238024330122008	0.009108525047616717	2.2380057946729095
0.014128508391203703	2.155249198639205	0.008442722737020611	2.15523266230533
0.01362391880580357	2.0783788085945045	0.007847403856084022	2.078363993690093
0.013154128502155173	2.006803086737949	0.00731294913719553	2.006789762211248
0.012715657552083332	1.9399932079820568	0.006831332728147854	1.9399811802978062
0.012305475050403226	1.8774885024016363	0.006395805002956719	1.8774776084759848
0.011920928955078123	1.8188858205216267	0.006000665347639201	1.8188759221315831
0.011219697840073529	1.7120330582687635	0.005395749682512167	1.7120245554577944
0.010596381293402778	1.617017238748947	0.0048064923295569155	1.6170100952198025
0.01003867701480263	1.5319936248048098	0.004308787999965703	1.531987565481049
0.0095367431640625	1.455464703762469	0.003884606863541548	1.4554595197833182
0.00908261253720238	1.3862179651856614	0.003520133836538821	1.3862134957001568
0.00866976651278409	1.323261186064153	0.0032046655248733893	1.3232573055391692
0.008292820142663044	1.2657745705636017	0.0029297851044746814	1.2657711798918128
0.007947285970052082	1.213074859083573	0.0026888180667339273	1.2130718791555735
0.00762939453125	1.1645880343364812	0.002476400297638211	1.1645854014031238
0.007335956280048076	1.1198283318545488	0.0022881955261418226	1.1198259940657636
0.007064254195601851	1.0783819030752455	0.0021206544822946166	1.0783798179235158
0.006811959402901785	1.039893985002068	0.0019708613407386673	1.039892117360766
0.006577064251077586	1.004058715734646	0.0018363919485851283	1.0040570363815582
0.006357828776041666	0.970610992136899	0.0017152272946321637	0.9706094765930855
0.006152737525201613	0.9393198967900731	0.001605666048422046	0.9393185244326094
0.005960464477539062	0.9099833619347053	0.0015062744004032834	0.9099821152832728
0.005609848920036764	0.8564900976038529	0.0013541227305422737	0.8564890271597694
0.005298190646701389	0.8089315836853821	0.0012059544367442824	0.8089306847670181
0.005019338507401315	0.7663768606400744	0.0010808309844629101	0.7663760984848882
0.00476837158203125	0.7280756920587701	0.0009742173426900543	0.7280750402722416
0.00454130626860119	0.6934206810277735	0.0008826290593956861	0.6934201192949082
0.004334883256392045	0.6619148263763323	0.0008033748119495431	0.6619143388428155
0.004146410071331522	0.6331475264590131	0.000734331529733482	0.6331471006159399
0.003973642985026041	0.6067765906199997	0.0006738212039850554	0.6067762164829927
0.003814697265625	0.5825145575188283	0.0006204908472088524	0.5825142270472584
0.003667978140024038	0.5601181772493473	0.0005732504585891141	0.5601178839039537
0.0035321270978009257	0.5393802237318169	0.000531204975974678	0.5393799621549343
0.0034059797014508925	0.5201230663591534	0.0004936215587458483	0.5201228321239176
0.003288532125538793	0.5021935667898482	0.000459889076378295	0.5021933562156583
0.003178914388020833	0.4854589998547847	0.0004295001569649421	0.4854588098589035
0.0030763687626008066	0.4698037605655575	0.00040202608322684847	0.4698035885522461
0.002980232238769531	0.4551266910793187	0.0003771065903330211	0.45512653484874854
0.002804924460018382	0.4283633201695322	0.0003389621739057876	0.42836318605980817
0.0026490953233506945	0.4045714181797722	0.00030183199002648133	0.4045713055883251
0.0025096692537006577	0.38328333607654214	0.0002704843432688543	0.3832832406356735
0.002384185791015625	0.3641235837497802	0.00024377990103155892	0.3641235021447298
0.002270653134300595	0.3467881773200189	0.00022084338147988316	0.3467881070007184
0.0021674416281960225	0.3310283927043102	0.00020099890109816554	0.33102833168150547
0.002073205035665761	0.31663875343233505	0.00018371378028998492	0.31663870013697
0.0019868214925130205	0.30344802334562776	0.00016856667426421414	0.30344797652587
0.0019073486328125	0.29131235894311786	0.00015521848900660836	0.2913123175909742
0.001833989070012019	0.28011004299920483	0.0001433955585229933	0.28011000629525923
0.0017660635489004629	0.2697373873384962	0.00013287377265641803	0.2697373546114043
0.0017029898507254463	0.26010551417640404	0.00012346915618774513	0.2601054848716939
0.0016442660627693966	0.2511378027518435	0.00011502881424125035	0.2511377764084801
0.0015894571940104165	0.2427678469640263	0.00010742538745536365	0.24276782319602208
0.0015381843813004033	0.23493780794808847	0.0001005516865245977	0.23493778643038937
0.0014901161193847654	0.22759707572775462	9.431728914015298e-5	0.22759705618499165
0.001402462230009191	0.21421120908893057	8.477386074831161e-5	0.2142111923143468
0.0013245476616753472	0.20231210110220313	7.548562549443205e-5	0.20231208701980316
0.0012548346268503288	0.19166538323760898	6.76445600193287e-5	0.19166537130069433
0.0011920928955078125	0.18208321752783774	6.096493132041055e-5	0.18208320732172703
0.0011353265671502975	0.17341354099859096	5.5228114609384666e-5	0.17341353220416608
0.0010837208140980113	0.16553193580767503	5.026467129887986e-5	0.16553192817610465
0.0010366025178328805	0.15833561995275786	4.594155558717043e-5	0.15833561328771756
0.0009934107462565103	0.1517389402200213	4.2153173263251946e-5	0.15173893436493213
0.00095367431640625	0.14566994670763014	3.8814822060906575e-5	0.14566994153638352
0.0009169945350060095	0.140067757797246	3.585793982903559e-5	0.14006775320735362
0.0008830317744502314	0.13488051063157172	3.322653739415562e-5	0.13488050653905012
0.0008514949253627231	0.1300637507483294	3.087453701556037e-5	0.1300637470838301
0.0008221330313846983	0.12557915486516216	2.8763734392566778e-5	0.125579151571015
0.0007947285970052083	0.12139350909165457	2.6862240366983073e-5	0.12139350611958476
0.0007690921906502017	0.11747788489161556	2.5143266592225176e-5	0.11747788220096506
0.0007450580596923827	0.1138069695429063	2.358417793663578e-5	0.11380696709923585
0.0007012311150045955	0.1071129910975639	2.1197578576789754e-5	0.10711298900007164
0.0006622738308376736	0.10116264802856317	1.8874861796176287e-5	0.10116264626773337
0.0006274173134251644	0.09583861997864959	1.6914079783224197e-5	0.0958386184861088
0.0005960464477539062	0.09104696482672071	1.5243748284654726e-5	0.09104696355061083
0.0005676632835751488	0.08671163328040143	1.3809200775544923e-5	0.0867116321808141
0.0005418604070490056	0.08277040251640792	1.2568053994743342e-5	0.08277040156222637
0.0005183012589164402	0.07917187056351724	1.1487038305892755e-5	0.07917186973019065
0.0004967053731282551	0.07587320205775382	1.0539743109764236e-5	0.0758732013257023
0.000476837158203125	0.07283841499389741	9.704987065218012e-6	0.0728384143473514
0.00045849726750300476	0.07003706282619802	8.96562298483912e-6	0.0700370622523419
0.0004415158872251157	0.06744320942419331	8.307649667783388e-6	0.06744320891252546
0.00042574746268136157	0.06503462367254928	7.719543767350668e-6	0.06503462321439828
0.00041106651569234915	0.06279214069931113	7.191751565040285e-6	0.06279214028746588
0.00039736429850260413	0.060699150853952534	6.716298353653452e-6	0.06069915048237679
0.00038454609532510083	0.05874118758945532	6.286485256525755e-6	0.05874118725306531
0.00037252902984619135	0.056905592613909324	5.896651912250823e-6	0.056905592308398895
0.0003506155575022978	0.05355834210932666	5.299911337123377e-6	0.05355834184709804
0.0003311369154188368	0.05058297332021686	4.719149671463823e-6	0.05058297310007981
0.0003137086567125822	0.0479207920255738	4.228888360973862e-6	0.04792079183897946
0.0002980232238769531	0.045524821384049924	3.8112523328139696e-6	0.04552482122451449
0.0002838316417875744	0.0433570322969532	3.4525720578169717e-6	0.04335703215948699
0.0002709302035245028	0.04138630987844456	3.1422495762173982e-6	0.04138630975915714
0.0002591506294582201	0.03958695040006754	2.8719658858965073e-6	0.03958695029588942
0.00024835268656412757	0.037937533991125316	2.635117117718025e-6	0.03793753389960853
0.0002384185791015625	0.036420067885372685	2.4264070135791225e-6	0.03642006780454567
0.00022924863375150238	0.03501932737603896	2.241548046256783e-6	0.03501932730429947
0.00022075794361255786	0.03372234322245397	2.0770393551329964e-6	0.03372234315848907
0.00021287373134068078	0.032517998896023456	1.9299996518680617e-6	0.03251799883874904
0.00020553325784617457	0.03139671115310558	1.7980401485895721e-6	0.031396711101620116
0.00019868214925130207	0.03035017449217109	1.679166880878886e-6	0.030350174445719934
0.00019227304766255041	0.02937115507000681	1.571704894424132e-6	0.02937115502795439
0.00018626451492309568	0.028453323257986503	1.4742389130572927e-6	0.02845332321979447
0.0001753077787511489	0.026779632684832504	1.325042425759934e-6	0.026779632652051296
0.0001655684577094184	0.025291898978398446	1.1798417004996876e-6	0.02529189895087923
0.0001568543283562911	0.023960766515034575	1.0572681455084669e-6	0.02396076649170861
0.00014901161193847656	0.02276274542897165	9.528524929726806e-7	0.022762745409028368
0.0001419158208937872	0.021678820057809526	8.631769992696546e-7	0.021678820040625137
0.0001354651017622514	0.020693432090131487	7.855919054141139e-7	0.020693432075219637
0.00012957531472911006	0.019793728976035003	7.180172611218389e-7	0.01979372896301197
0.00012417634328206378	0.018969000233023506	6.588019481606111e-7	0.018969000221583262
0.00011920928955078125	0.018210249037085513	6.066217855003687e-7	0.01821024902698159
0.00011462431687575119	0.01750986267637853	5.604047997971626e-7	0.017509862667410628
0.00011037897180627893	0.016861356236719534	5.192757063152213e-7	0.01686135622872352
0.00010643686567034039	0.016259171211089708	4.82514127288147e-7	0.01625917120393006
0.00010276662892308729	0.015698515775759297	4.4952282003295025e-7	0.015698515769323313
9.934107462565103e-5	0.015175237010902873	4.198032568752133e-7	0.015175237005096216
9.613652383127521e-5	0.01468571785249316	3.929366714704438e-7	0.014685717847236377
9.313225746154784e-5	0.01422679336555232	3.6856922069925323e-7	0.014226793360778115
8.765388937557444e-5	0.013389931748711616	3.312686803392704e-7	0.0133899317446138
8.27842288547092e-5	0.012646052567746521	2.949672104202275e-7	0.01264605256430649
7.842716417814555e-5	0.011980475882226787	2.643227937148218e-7	0.011980475879310937
7.450580596923828e-5	0.011381456398006288	2.3821804942859646e-7	0.011381456395513292
7.09579104468936e-5	0.010839486005630714	2.1579849807720723e-7	0.010839486003482595
6.77325508811257e-5	0.010346785332273876	1.9640166554643203e-7	0.010346785330409837
6.478765736455503e-5	0.009896927931570546	1.795075389487798e-7	0.00989692792994262
6.208817164103189e-5	0.009484558425489082	1.6470332078988783e-7	0.00948455842405901
5.9604644775390625e-5	0.009105178291803904	1.5165795023515278e-7	0.00910517829054088
5.7312158437875595e-5	0.008754981084981859	1.4010342347952533e-7	0.008754981083860842
5.5189485903139464e-5	0.00843072427447078	1.2982091029551984e-7	0.008430724273471253
5.3218432835170196e-5	0.008129628546081841	1.206303087312557e-7	0.008129628545186864
5.138331446154364e-5	0.007849297937474105	1.1238230279340589e-7	0.007849297936669589
4.9670537312825516e-5	0.007587655946470601	1.0495225653449819e-7	0.007587655945744753
4.8068261915637603e-5	0.007342894005452596	9.823547353916747e-8	0.0073428940047954834
4.656612873077392e-5	0.007113429616766026	9.214349200407291e-8	0.007113429616169238
4.382694468778722e-5	0.0066949947257737156	8.281817916757472e-8	0.006694994725261479
4.13921144273546e-5	0.006323052053381926	7.374265080538538e-8	0.006323052052951914
3.9213582089072776e-5	0.005990261097184172	6.60814182117964e-8	0.005990261096819684
3.725290298461914e-5	0.005690749119793735	5.955512816886085e-8	0.005690749119482105
3.54789552234468e-5	0.005419761996920882	5.395015547504757e-8	0.005419761996652363
3.386627544056285e-5	0.005173409987874067	4.910087767226111e-8	0.005173409987641058
3.2393828682277515e-5	0.0049484798266176315	4.487728771521664e-8	0.004948479826414137
3.1044085820515946e-5	0.004742293789940326	4.1176184280586424e-8	0.004742293789761564
2.9802322387695312e-5	0.004552602589174945	3.791480061897293e-8	0.0045526025890170645
2.8656079218937797e-5	0.004377502979151913	3.502613375316494e-8	0.004377502979011784
2.7594742951569732e-5	0.004215373676230353	3.2455475597392516e-8	0.00421537367610541
2.6609216417585098e-5	0.00406482500814608	3.015779927746299e-8	0.004064825008034207
2.569165723077182e-5	0.00392465898110969	2.809577509007533e-8	0.003924658981009125
2.4835268656412758e-5	0.0037938373334669923	2.6238244716607795e-8	0.00379383733337626
2.4034130957818802e-5	0.0036714557725070515	2.4559031633318308e-8	0.0036714557724249115
2.328306436538696e-5	0.0035567230418617063	2.3036021354812574e-8	0.0035567230417871067
2.191347234389361e-5	0.0033475045757218693	2.070467094720891e-8	0.003347504575657839
2.06960572136773e-5	0.0031615324690521017	1.843576871708236e-8	0.00316153246899835
1.9606791044536388e-5	0.002995136337596451	1.65204445647385e-8	0.0029951363375508894
1.862645149230957e-5	0.0028453797900832977	1.4888858941438887e-8	0.0028453797900443436
1.77394776117234e-5	0.002709885746977348	1.3487605277038224e-8	0.002709885746943783
1.6933137720281426e-5	0.0025867093243631986	1.2275277127446585e-8	0.002586709324334072
1.6196914341138758e-5	0.0024742438785099016	1.1219372252569765e-8	0.002474243878484465
1.5522042910257973e-5	0.002371150539263062	1.0294090340009441e-8	0.0023711505392407166
1.4901161193847656e-5	0.002276304655400443	9.478739355433978e-9	0.002276304655380708
1.4328039609468899e-5	0.0021887545987365467	8.7565681052321e-9	0.0021887545987190303
1.3797371475784866e-5	0.002107689722859814	8.113899911876904e-9	0.0021076897228441962
1.3304608208792549e-5	0.002032415187845711	7.539477629931352e-9	0.002032415187831727
1.284582861538591e-5	0.0019623319936448	7.023968686675718e-9	0.001962331993632229
1.2417634328206379e-5	0.0018969210067884502	6.559583595806921e-9	0.0018969210067771088
1.2017065478909401e-5	0.0018357300786961282	6.139778363355062e-9	0.0018357300786858606
1.164153218269348e-5	0.0017783635792981902	5.759023922311282e-9	0.0017783635792888652
1.0956736171946805e-5	0.001673754091067256	5.176183520517731e-9	0.001673754091059252
1.034802860683865e-5	0.001580767845114326	4.6089554020976365e-9	0.001580767845107607
9.803395522268194e-6	0.0014975696160476571	4.13012243588043e-9	0.001497569616041962
9.313225746154785e-6	0.001422691202586865	3.7222243477170656e-9	0.0014226912025819957
8.8697388058617e-6	0.0013549440606167166	3.3719096396936105e-9	0.001354944060612521
8.466568860140713e-6	0.0012933557447871108	3.068826466559142e-9	0.00129335574478347
8.098457170569379e-6	0.0012371229305543625	2.8048493878761574e-9	0.001237122930551183
7.761021455128987e-6	0.0011855761807039772	2.5735280410380863e-9	0.001185576180701184
7.450580596923828e-6	0.0011381531679028106	2.369689797413132e-9	0.0011381531679003436
7.164019804734449e-6	0.0010943780766578491	2.189146364530799e-9	0.0010943780766556595
6.898685737892433e-6	0.0010538455826155375	2.028478801061438e-9	0.0010538455826135853
6.6523041043962745e-6	0.0010162082648655772	1.8848729325662343e-9	0.001016208264863829
6.422914307692955e-6	0.000981166622594467	1.7559952031734719e-9	0.0009811666225928955
6.2088171641031895e-6	0.000948461088407636	1.639898784084989e-9	0.0009484610884062183
6.0085327394547004e-6	0.0009178655874583743	1.5349471084799075e-9	0.0009178655874570908
5.82076609134674e-6	0.0008891823042406305	1.4397582985641574e-9	0.0008891823042394649
5.478368085973403e-6	0.0008368774963349058	1.294047867584189e-9	0.0008368774963339053
5.174014303419325e-6	0.000790384325203988	1.1522405179186605e-9	0.0007903843252031481
4.901697761134097e-6	0.0007487851698359665	1.0325319968407757e-9	0.0007487851698352547
4.656612873077393e-6	0.0007113459281795626	9.305572885297991e-10	0.0007113459281789539
4.43486940293085e-6	0.000677472327090215	8.42978437958927e-10	0.0006774723270896905
4.2332844300703565e-6	0.0006466781430448205	7.672075582859619e-10	0.0006466781430443653
4.049228585284689e-6	0.0006185617131019156	7.012131131784948e-10	0.0006185617131015182
3.880510727564493e-6	0.000592788318120022	6.433827239006501e-10	0.0005927883181196729
3.725290298461914e-6	0.0005690767940019389	5.924229792012622e-10	0.0005690767940016306
3.5820099023672247e-6	0.0005471892326512576	5.472871748547894e-10	0.000547189232650984
3.4493428689462165e-6	0.0005269229716041299	5.071202244523028e-10	0.0005269229716038859
3.3261520521981373e-6	0.0005081043001683929	4.712186225957592e-10	0.0005081043001681744
3.2114571538464777e-6	0.0004905834677402125	4.389991943939946e-10	0.000490583467740016
3.1044085820515948e-6	0.0004742306904571185	4.099750566606499e-10	0.0004742306904569413
3.0042663697273502e-6	0.0004589329307567261	3.8373708695703654e-10	0.00045893293075656563
2.91038304567337e-6	0.0004445912807681598	3.599398546757207e-10	0.0004445912807680141
2.7391840429867014e-6	0.0004184388608677334	3.235122177532179e-10	0.00041843886086760835
2.5870071517096626e-6	0.00039519226326366526	2.8806032830436325e-10	0.00039519226326356025
2.4508488805670485e-6	0.00037439267537099993	2.58133196842049e-10	0.0003743926753709109
2.3283064365386963e-6	0.0003556730458112892	2.3263946262672466e-10	0.0003556730458112131
2.217434701465425e-6	0.0003387362377405552	2.1074474287209585e-10	0.00033873623774048964
2.1166422150351783e-6	0.0003233391391851985	1.918019782163968e-10	0.00032333913918514156
2.0246142926423447e-6	0.0003092809185071369	1.7530340084366669e-10	0.00030928091850708717
1.9402553637822466e-6	0.00029639421600200253	1.608457604879582e-10	0.0002963942160019589
1.862645149230957e-6	0.0002845384495136006	1.481058110615394e-10	0.00028453844951356204
1.7910049511836123e-6	0.0002735946649062014	1.3682187642806074e-10	0.0002735946649061672
1.7246714344731083e-6	0.0002634615308761418	1.2678011674310186e-10	0.0002634615308761113
1.6630760260990686e-6	0.00025405219201809473	1.1780470432244622e-10	0.0002540521920180674
1.6057285769232388e-6	0.00024529177298084623	1.0974985512985008e-10	0.0002452917729808217
1.5522042910257974e-6	0.0002371153817918751	1.0249379951024702e-10	0.00023711538179185294
1.5021331848636751e-6	0.0002294664996352448	9.593431536553457e-11	0.00022946649963522474
1.455191522836685e-6	0.00022229567254603404	8.99849864680492e-11	0.00022229567254601583
1.3695920214933507e-6	0.00020921945860893372	8.087809420880136e-11	0.00020921945860891808
1.2935035758548313e-6	0.00019759615679724695	7.201510573263273e-11	0.00019759615679723383
1.2254244402835243e-6	0.00018719636029874664	6.453331665514392e-11	0.00018719636029873552
1.1641532182693481e-6	0.00017783654333602077	5.815988687515656e-11	0.00017783654333601126
1.1087173507327124e-6	0.0001693681374191377	5.2686206028512536e-11	0.00016936813741912952
1.0583211075175891e-6	0.00016166958650829633	4.7950504404435646e-11	0.00016166958650828923
1.0123071463211724e-6	0.00015464047474260867	4.382586430554745e-11	0.00015464047474260246
9.701276818911233e-7	0.000148197122236498	4.021144884284285e-11	0.00014819712223649253
9.313225746154785e-7	0.0001422692378849591	3.702646588459286e-11	0.00014226923788495426
8.955024755918062e-7	0.00013679734459823918	3.420547214803385e-11	0.0001367973445982349
8.623357172365541e-7	0.00013173077670658906	3.169503675658484e-11	0.00013173077670658524
8.315380130495343e-7	0.0001270261064925206	2.945117852921191e-11	0.0001270261064925172
8.028642884616194e-7	0.0001226458962681078	2.743747572297583e-11	0.00012264589626810474
7.761021455128987e-7	0.000118557700036766	2.5623451843604164e-11	0.00011855770003676324
7.510665924318376e-7	0.00011473325838184214	2.3983585526514967e-11	0.00011473325838183963
7.275957614183425e-7	0.00011114784431350863	2.2496258008658392e-11	0.00011114784431350636
6.847960107466753e-7	0.00010460973634823116	2.021952492847362e-11	0.0001046097363482292
6.467517879274156e-7	9.87980846899763e-5	1.8003777560706374e-11	9.879808468997466e-5
6.127122201417621e-7	9.359818580268664e-5	1.6133337404750813e-11	9.359818580268524e-5
5.820766091346741e-7	8.891827677560338e-5	1.4539972556708492e-11	8.89182767756022e-5
5.543586753663562e-7	8.468407334678205e-5	1.317154979591013e-11	8.468407334678102e-5
5.291605537587946e-7	8.083479748307313e-5	1.1987629171778948e-11	8.083479748307223e-5
5.061535731605862e-7	7.732024124356499e-5	1.0956471486160497e-11	7.732024124356421e-5
4.850638409455617e-7	7.409856467712238e-5	1.005286027718905e-11	7.40985646771217e-5
4.6566128730773926e-7	7.11346222245184e-5	9.256616908309342e-12	7.11346222245178e-5
4.477512377959031e-7	6.839867533540596e-5	8.551373278724718e-12	6.839867533540543e-5
4.3116785861827706e-7	6.586539117042183e-5	7.923752239479972e-12	6.586539117042135e-5
4.1576900652476716e-7	6.351305586713091e-5	7.362802243288654e-12	6.351305586713047e-5
4.014321442308097e-7	6.132295057847277e-5	6.859364338171712e-12	6.132295057847239e-5
3.8805107275644935e-7	5.927885230359104e-5	6.4058656447345196e-12	5.92788523035907e-5
3.755332962159188e-7	5.736663133197625e-5	5.995899052852421e-12	5.736663133197594e-5
3.6379788070917124e-7	5.557392416687547e-5	5.624062270161472e-12	5.5573924166875186e-5
3.4239800537333767e-7	5.230486993505749e-5	5.054883813809844e-12	5.2304869935057245e-5
3.233758939637078e-7	4.9399043917826514e-5	4.500944540481014e-12	4.939904391782631e-5
3.0635611007088106e-7	4.679909431467081e-5	4.0333344744267835e-12	4.679909431467064e-5
2.9103830456733704e-7	4.4459139664699716e-5	3.6349920306926994e-12	4.445913966469957e-5
2.771793376831781e-7	4.2342037832695075e-5	3.2928887532664423e-12	4.2342037832694946e-5
2.645802768793973e-7	4.0417399798767554e-5	2.9969073680874965e-12	4.041739979876744e-5
2.530767865802931e-7	3.866012158984675e-5	2.7391167223457764e-12	3.866012158984665e-5
2.4253192047278083e-7	3.704928322828026e-5	2.5132163400943546e-12	3.7049283228280175e-5
2.3283064365386963e-7	3.556731193276897e-5	2.31415428550075e-12	3.5567311932768895e-5
2.2387561889795154e-7	3.4199338426774285e-5	2.1378445869801957e-12	3.419933842677422e-5
2.1558392930913853e-7	3.293269628949376e-5	1.980938095929134e-12	3.2932696289493696e-5
2.0788450326238358e-7	3.175652858878184e-5	1.840699379886383e-12	3.175652858878179e-5
2.0071607211540486e-7	3.0661475900342114e-5	1.7148423315220343e-12	3.0661475900342066e-5
1.9402553637822467e-7	2.9639426723097242e-5	1.601466449540714e-12	2.9639426723097198e-5
1.877666481079594e-7	2.8683316201251627e-5	1.4989747920638654e-12	2.868331620125159e-5
1.8189894035458562e-7	2.7786962585968377e-5	1.4060155938190653e-12	2.778696258596834e-5
1.7119900268666884e-7	2.615243540776391e-5	1.2637209755259073e-12	2.615243540776388e-5
1.616879469818539e-7	2.46995223521227e-5	1.1252355532485748e-12	2.4699522352122675e-5
1.5317805503544053e-7	2.339954751066762e-5	1.0083348399613397e-12	2.33995475106676e-5
1.4551915228366852e-7	2.222957015157438e-5	9.087474167490793e-13	2.222957015157436e-5
1.3858966884158905e-7	2.1171019206173565e-5	8.232228066519622e-13	2.117101920617355e-5
1.3229013843969864e-7	2.0208700163691375e-5	7.492262466632178e-13	2.0208700163691362e-5
1.2653839329014654e-7	1.9330061036939615e-5	6.847791918978975e-13	1.93300610369396e-5
1.2126596023639041e-7	1.8524641836569743e-5	6.283040931349336e-13	1.8524641836569733e-5
1.1641532182693481e-7	1.7783656171511768e-5	5.78537966534303e-13	1.7783656171511758e-5
1.1193780944897577e-7	1.709966940315481e-5	5.344611513014412e-13	1.7099669403154805e-5
1.0779196465456927e-7	1.6466348320817598e-5	4.952345316099763e-13	1.646634832081759e-5
1.0394225163119179e-7	1.5878264458195512e-5	4.601760683284814e-13	1.5878264458195505e-5
1.0035803605770243e-7	1.5330738102947167e-5	4.287099799889048e-13	1.533073810294716e-5
9.701276818911234e-8	1.4819713504374381e-5	4.003678358786235e-13	1.4819713504374376e-5
9.38833240539797e-8	1.434165823444087e-5	3.747406512122573e-13	1.4341658234440865e-5
9.094947017729281e-8	1.3893481418617511e-5	3.515063438144511e-13	1.3893481418617506e-5
8.559950134333442e-8	1.3076217813940588e-5	3.1592964301215883e-13	1.3076217813940583e-5
8.084397349092696e-8	1.2349761274363794e-5	2.8130888955832834e-13	1.234976127436379e-5
7.658902751772027e-8	1.1699773843666703e-5	2.5208371095282485e-13	1.16997738436667e-5
7.275957614183426e-8	1.1114785155593482e-5	2.2718715848612192e-13	1.111478515559348e-5
6.929483442079453e-8	1.0585509675543206e-5	2.0580570339579136e-13	1.0585509675543204e-5
6.614506921984932e-8	1.0104350147922831e-5	1.8730717009829366e-13	1.010435014792283e-5
6.326919664507327e-8	9.665030578973866e-6	1.7119479826904325e-13	9.665030578973864e-6
6.063298011819521e-8	9.262320973892112e-6	1.5707541779905292e-13	9.26232097389211e-6
5.820766091346741e-8	8.891828137037871e-6	1.4463479778205332e-13	8.89182813703787e-6
5.5968904724487885e-8	8.549834749019077e-6	1.3361437662586522e-13	8.549834749019076e-6
5.389598232728463e-8	8.233174204426724e-6	1.2380954696838487e-13	8.233174204426723e-6
5.1971125815595895e-8	7.939132270048577e-6	1.15043409738281e-13	7.939132270048575e-6
5.0179018028851214e-8	7.665369089667858e-6	1.0717810510122301e-13	7.665369089667856e-6
4.850638409455617e-8	7.409856787893303e-6	1.0009134926558739e-13	7.409856787893302e-6
4.694166202698985e-8	7.170829150674773e-6	9.368577328910412e-14	7.170829150674772e-6
4.5474735088646405e-8	6.946740740716675e-6	8.787628115131895e-14	6.9467407407166745e-6
4.279975067166721e-8	6.538108934484993e-6	7.898226030340899e-14	6.538108934484992e-6
4.042198674546348e-8	6.174880661757548e-6	7.032737367941443e-14	6.174880661757547e-6
3.829451375886013e-8	5.849886943916615e-6	6.302107948123551e-14	5.8498869439166144e-6
3.637978807091713e-8	5.5573925977481525e-6	5.6796336504607246e-14	5.5573925977481525e-6
3.464741721039726e-8	5.292754855885711e-6	5.145142618708087e-14	5.292754855885711e-6
3.307253460992466e-8	5.052175090480661e-6	4.6826944276472576e-14	5.052175090480661e-6
3.1634598322536636e-8	4.832515304612948e-6	4.2798699849176004e-14	4.832515304612948e-6
3.0316490059097604e-8	4.631160500847948e-6	3.92688541952674e-14	4.631160500847948e-6
2.9103830456733704e-8	4.445914081339472e-6	3.615900374080045e-14	4.445914081339472e-6
2.7984452362243943e-8	4.274917386370121e-6	3.340374673021071e-14	4.274917386370121e-6
2.6947991163642316e-8	4.11658711321764e-6	3.0952082566906484e-14	4.11658711321764e-6
2.5985562907797947e-8	3.969566145262157e-6	2.876115672043752e-14	3.969566145262157e-6
2.5089509014425607e-8	3.832684554382333e-6	2.6794221366247765e-14	3.832684554382333e-6
2.4253192047278084e-8	3.7049284028733433e-6	2.5023142696741698e-14	3.7049284028733433e-6
2.3470831013494924e-8	3.585414583700725e-6	2.3420833657255573e-14	3.585414583700725e-6
2.2737367544323203e-8	3.4733703782104817e-6	2.1969527791025814e-14	3.4733703782104817e-6
2.1399875335833604e-8	3.2690544741211913e-6	1.974556558042445e-14	3.2690544741211913e-6
2.021099337273174e-8	3.0874403370226263e-6	1.7581692385708094e-14	3.0874403370226263e-6
1.9147256879430066e-8	2.9249434774791032e-6	1.5755269664863372e-14	2.9249434774791032e-6
1.8189894035458565e-8	2.7786963038620517e-6	1.419931098220051e-14	2.7786963038620517e-6
1.732370860519863e-8	2.6463774324713824e-6	1.2862856355996387e-14	2.6463774324713824e-6
1.653626730496233e-8	2.5260875493701215e-6	1.1706736446048162e-14	2.5260875493701215e-6
1.5817299161268318e-8	2.416257656087978e-6	1.0699675053015818e-14	2.416257656087978e-6
1.5158245029548802e-8	2.315580253899447e-6	9.817213891526836e-15	2.315580253899447e-6
1.4551915228366852e-8	2.2229570438747685e-6	9.039523221913976e-15	2.2229570438747685e-6
1.3992226181121971e-8	2.1374586961501653e-6	8.35086058448492e-15	2.1374586961501653e-6
1.3473995581821158e-8	2.0582935593599914e-6	7.738249003060151e-15	2.0582935593599914e-6
1.2992781453898974e-8	1.9847830751904644e-6	7.190136984713598e-15	1.9847830751904644e-6
1.2544754507212804e-8	1.916342279578309e-6	6.698555621333968e-15	1.916342279578309e-6
1.2126596023639042e-8	1.8524642036683038e-6	6.255785738437022e-15	1.8524642036683038e-6
1.1735415506747462e-8	1.792707293941341e-6	5.855437361094252e-15	1.792707293941341e-6
1.1368683772161601e-8	1.7366851910681542e-6	5.492153333539708e-15	1.7366851910681542e-6
1.0699937667916802e-8	1.6345272387802701e-6	4.936391450342618e-15	1.6345272387802701e-6
1.010549668636587e-8	1.5437201700473176e-6	4.3954985585050376e-15	1.5437201700473176e-6
9.573628439715033e-9	1.4624717401197713e-6	3.938893127721039e-15	1.4624717401197713e-6
9.094947017729282e-9	1.3893481531779384e-6	3.549638682451079e-15	1.3893481531779384e-6
8.661854302599316e-9	1.323188717367823e-6	3.2157144260683767e-15	1.323188717367823e-6
8.268133652481165e-9	1.2630437757175291e-6	2.926759874629175e-15	1.2630437757175291e-6
7.908649580634159e-9	1.208128828989355e-6	2.6748811120177287e-15	1.208128828989355e-6
7.579122514774401e-9	1.157790127818592e-6	2.454303510170651e-15	1.157790127818592e-6
7.275957614183426e-9	1.111478522738714e-6	2.260032745188715e-15	1.111478522738714e-6
6.996113090560986e-9	1.068729348816369e-6	2.0877151802896997e-15	1.068729348816369e-6
6.736997790910579e-9	1.029146780367717e-6	1.9344102058420646e-15	1.029146780367717e-6
6.496390726949487e-9	9.9239153823514e-7	1.797686543154946e-15	9.9239153823514e-7
6.272377253606402e-9	9.581711403859198e-7	1.6745627688018461e-15	9.581711403859198e-7
6.063298011819521e-9	9.262321023920396e-7	1.5638701622528287e-15	9.262321023920396e-7
5.867707753373731e-9	8.963536474933741e-7	1.463821154715746e-15	8.963536474933741e-7
5.684341886080801e-9	8.683425960248464e-7	1.3730764408770274e-15	8.683425960248464e-7
5.349968833958401e-9	8.172636198200686e-7	1.2341542343738911e-15	8.172636198200686e-7
5.052748343182935e-9	7.718600854076342e-7	1.0988182773603329e-15	7.718600854076342e-7
4.786814219857517e-9	7.312358704049303e-7	9.84723304782558e-16	7.312358704049303e-7
4.547473508864641e-9	6.94674076900743e-7	8.874852741084728e-16	6.94674076900743e-7
4.330927151299658e-9	6.615943589669393e-7	8.039096765704079e-16	6.615943589669393e-7
4.1340668262405825e-9	6.315218881168664e-7	7.316709876643013e-16	6.315218881168664e-7
3.9543247903170795e-9	6.040644147310242e-7	6.687202967602149e-16	6.040644147310242e-7
3.7895612573872004e-9	5.788950641265285e-7	6.136328389493915e-16	5.788950641265285e-7
3.637978807091713e-9	5.557392615696487e-7	5.64932313188981e-16	5.557392615696487e-7
3.498056545280493e-9	5.343646745934961e-7	5.21890783393449e-16	5.343646745934961e-7
3.3684988954552896e-9	5.14573390355835e-7	4.836975731072641e-16	5.14573390355835e-7
3.2481953634747434e-9	4.961957692775164e-7	4.493835847666463e-16	4.961957692775164e-7
3.136188626803201e-9	4.79085570342146e-7	4.1858358181594546e-16	4.79085570342146e-7
3.0316490059097605e-9	4.631160513355123e-7	3.9100570568787034e-16	4.631160513355123e-7
2.9338538766868654e-9	4.4817682387737324e-7	3.659743099190518e-16	4.4817682387737324e-7
2.8421709430404003e-9	4.341712981351105e-7	3.4326907540622227e-16	4.341712981351105e-7
2.6749844169792006e-9	4.086318100175051e-7	3.085197891461751e-16	4.086318100175051e-7
2.5263741715914674e-9	3.859300427998237e-7	2.7472343383457445e-16	3.859300427998237e-7
2.3934071099287583e-9	3.656179352887314e-7	2.4619967201722457e-16	3.656179352887314e-7
2.2737367544323206e-9	3.4733703852829205e-7	2.218241291299385e-16	3.4733703852829205e-7
2.165463575649829e-9	3.3079717955423167e-7	2.009868678605187e-16	3.3079717955423167e-7
2.0670334131202913e-9	3.157609441229613e-7	1.829177916773537e-16	3.157609441229613e-7
1.9771623951585398e-9	3.020322074245987e-7	1.6718004993751749e-16	3.020322074245987e-7
1.8947806286936002e-9	2.8944753211756466e-7	1.5340818649277068e-16	2.8944753211756466e-7
1.8189894035458565e-9	2.7786963083490737e-7	1.4123302513055246e-16	2.7786963083490737e-7
1.7490282726402464e-9	2.671823373430912e-7	1.3051073227127384e-16	2.671823373430912e-7
1.6842494477276448e-9	2.572866952208834e-7	1.2086735774523424e-16	2.572866952208834e-7
1.6240976817373717e-9	2.4809788467874985e-7	1.1234590380557795e-16	2.4809788467874985e-7
1.5680943134016004e-9	2.395427852083875e-7	1.0468398625927272e-16	2.395427852083875e-7
1.5158245029548803e-9	2.31558025702619e-7	9.773235811207064e-17	2.31558025702619e-7
1.4669269383434327e-9	2.2408841197135562e-7	9.149358435383037e-17	2.2408841197135562e-7
1.4210854715202002e-9	2.1708564909822706e-7	8.581729961136033e-17	2.1708564909822706e-7
1.3374922084896003e-9	2.043159050356279e-7	7.714878095849141e-17	2.043159050356279e-7
1.2631870857957337e-9	1.9296502142390844e-7	6.867141664638529e-17	1.9296502142390844e-7
1.1967035549643792e-9	1.8280896766592467e-7	6.153104844704927e-17	1.8280896766592467e-7
1.1368683772161603e-9	1.7366851928363766e-7	5.547491378199335e-17	1.7366851928363766e-7
1.0827317878249145e-9	1.653985897948051e-7	5.0246722034374864e-17	1.653985897948051e-7
1.0335167065601456e-9	1.5788047207761008e-7	4.572000502905623e-17	1.5788047207761008e-7
9.885811975792699e-10	1.5101610372707358e-7	4.180450675604127e-17	1.5101610372707358e-7
9.473903143468001e-10	1.4472376607235746e-7	3.835206712524325e-17	1.4472376607235746e-7
9.094947017729282e-10	1.389348154299745e-7	3.5308291389198223e-17	1.389348154299745e-7
8.745141363201232e-10	1.3359116868312373e-7	3.2618194937249226e-17	1.3359116868312373e-7
8.421247238638224e-10	1.2864334762119857e-7	3.0245365091858656e-17	1.2864334762119857e-7
8.120488408686859e-10	1.2404894234937026e-7	2.80769769341147e-17	1.2404894234937026e-7
7.840471567008002e-10	1.1977139261351212e-7	2.6151958506242836e-17	1.1977139261351212e-7
7.579122514774401e-10	1.1577901286003289e-7	2.445214278049883e-17	1.1577901286003289e-7
7.334634691717164e-10	1.1204420599384248e-7	2.286385849629621e-17	1.1204420599384248e-7
7.105427357601001e-10	1.0854282455678404e-7	2.1463872361565863e-17	1.0854282455678404e-7
6.687461042448001e-10	1.021579525245277e-7	1.927779600717031e-17	1.021579525245277e-7
6.315935428978668e-10	9.64825107179559e-8	1.7172570269203594e-17	9.64825107179559e-8
5.983517774821896e-10	9.140448383835587e-8	1.5387483701482003e-17	9.140448383835587e-8
5.684341886080801e-10	8.683425964668663e-8	1.3859283376158422e-17	8.683425964668663e-8
5.413658939124572e-10	8.269929490182486e-8	1.2561683041201116e-17	8.269929490182486e-8
5.167583532800728e-10	7.894023604284119e-8	1.1439468931599555e-17	7.894023604284119e-8
4.942905987896349e-10	7.550805186722776e-8	1.0446375796191386e-17	7.550805186722776e-8
4.736951571734001e-10	7.23618830395712e-8	9.58326299774761e-18	7.23618830395712e-8
4.547473508864641e-10	6.946740771811615e-8	8.822316404256155e-18	6.946740771811615e-8
4.372570681600616e-10	6.679558434446023e-8	8.16404300313847e-18	6.679558434446023e-8
4.210623619319112e-10	6.432167381328209e-8	7.55183124365045e-18	6.432167381328209e-8
4.0602442043434293e-10	6.202447117718654e-8	7.023990655387296e-18	6.202447117718654e-8
3.920235783504001e-10	5.988569630908949e-8	6.5427518921745016e-18	5.988569630908949e-8
3.7895612573872006e-10	5.788950643219344e-8	6.108275041226805e-18	5.788950643219344e-8
3.667317345858582e-10	5.602210299896497e-8	5.7207368515612895e-18	5.602210299896497e-8
3.5527136788005004e-10	5.427141228030706e-8	5.361191659804237e-18	5.427141228030706e-8
3.3437305212240007e-10	5.1078976263944806e-8	4.8241517464966165e-18	5.1078976263944806e-8
3.157967714489334e-10	4.824125536047582e-8	4.2860796713300975e-18	4.824125536047582e-8
2.991758887410948e-10	4.570224192052631e-8	3.849226645921936e-18	4.570224192052631e-8
2.842170943040401e-10	4.341712982456217e-8	3.4671841055656245e-18	4.341712982456217e-8
2.706829469562286e-10	4.1349647452018e-8	3.1404220263520795e-18	4.1349647452018e-8
2.583791766400364e-10	3.9470118022427096e-8	2.8551358129448358e-18	3.9470118022427096e-8
2.4714529939481747e-10	3.775402593453727e-8	2.6115992965342824e-18	3.775402593453727e-8
2.3684757858670003e-10	3.6180941520635646e-8	2.4005688397801456e-18	3.6180941520635646e-8
2.2737367544323206e-10	3.4733703859841574e-8	2.2079555934445234e-18	3.4733703859841574e-8
2.186285340800308e-10	3.3397792172952784e-8	2.0386350095795874e-18	3.3397792172952784e-8
2.105311809659556e-10	3.216083690731174e-8	1.8832063667072518e-18	3.216083690731174e-8
2.0301221021717146e-10	3.101223558921925e-8	1.760756908181227e-18	3.101223558921925e-8
1.9601178917520005e-10	2.994284815512682e-8	1.6333086738665127e-18	2.994284815512682e-8
1.8947806286936003e-10	2.8944753216642255e-8	1.5294540732675375e-18	2.8944753216642255e-8
1.833658672929291e-10	2.8011051499992777e-8	1.430185070507491e-18	2.8011051499992777e-8
1.7763568394002502e-10	2.7135706140632944e-8	1.3403017584347052e-18	2.7135706140632944e-8
1.6718652606120003e-10	2.553948813239138e-8	1.2036852927610263e-18	2.553948813239138e-8
1.578983857244667e-10	2.412062768061397e-8	1.0738718767825333e-18	2.412062768061397e-8
1.495879443705474e-10	2.2851120960599934e-8	9.62309898092533e-19	2.2851120960599934e-8
1.4210854715202004e-10	2.170856491258548e-8	8.667966910366737e-19	2.170856491258548e-8
1.353414734781143e-10	2.0674823726285394e-8	7.851084349489663e-19	2.0674823726285394e-8
1.291895883200182e-10	1.9735059011466126e-8	7.14969905601927e-19	1.9735059011466126e-8
1.2357264969740873e-10	1.8877012967499162e-8	6.517141965784928e-19	1.8877012967499162e-8
1.1842378929335001e-10	1.8090470760529694e-8	6.001407553672765e-19	1.8090470760529694e-8
1.1368683772161603e-10	1.7366851930116025e-8	5.508036437228257e-19	1.7366851930116025e-8
1.093142670400154e-10	1.66988960866577e-8	5.108494994874146e-19	1.66988960866577e-8
1.052655904829778e-10	1.6080418453824186e-8	4.708020840025656e-19	1.6080418453824186e-8
1.0150610510858573e-10	1.5506117794764845e-8	4.378122759009862e-19	1.5506117794764845e-8
9.800589458760003e-11	1.497142407771021e-8	4.1189795075468956e-19	1.497142407771021e-8
9.473903143468002e-11	1.4472376608456227e-8	3.7879053479045373e-19	1.4472376608456227e-8
9.168293364646455e-11	1.4005525750123963e-8	3.5754669642568656e-19	1.4005525750123963e-8
8.881784197001251e-11	1.3567853070436643e-8	3.362688717629235e-19	1.3567853070436643e-8
8.359326303060002e-11	1.276974406630107e-8	3.0209559160273973e-19	1.276974406630107e-8
7.894919286223336e-11	1.2060313840400364e-8	2.672900502846665e-19	1.2060313840400364e-8
7.47939721852737e-11	1.1425560480384164e-8	2.4057782433180785e-19	1.1425560480384164e-8
7.105427357601002e-11	1.0854282456369004e-8	2.1729119318532094e-19	1.0854282456369004e-8
6.767073673905715e-11	1.03374118632118e-8	1.9627512986397927e-19	1.03374118632118e-8
6.45947941600091e-11	9.867529505795734e-9	1.775574303629086e-19	9.867529505795734e-9
6.178632484870437e-11	9.438506483807535e-9	1.6352298875371214e-19	9.438506483807535e-9
5.921189464667501e-11	9.045235380317978e-9	1.506299657052414e-19	9.045235380317978e-9
5.6843418860808015e-11	8.683425965106985e-9	1.3770021273078446e-19	8.683425965106985e-9
5.46571335200077e-11	8.349448043373859e-9	1.2711843956023398e-19	8.349448043373859e-9
5.26327952414889e-11	8.040209226954175e-9	1.177007671616698e-19	8.040209226954175e-9
5.0753052554292866e-11	7.753058897421869e-9	1.1064288005056093e-19	7.753058897421869e-9
4.9002947293800014e-11	7.485712038890845e-9	1.0118955491479107e-19	7.485712038890845e-9
4.736951571734001e-11	7.236188304262851e-9	9.648456855181884e-20	7.236188304262851e-9
4.584146682323227e-11	7.002762875093874e-9	8.938688850460724e-20	7.002762875093874e-9
4.4408920985006255e-11	6.783926535248044e-9	8.347091726115273e-20	6.783926535248044e-9
4.179663151530001e-11	6.384872033176641e-9	7.523062401898375e-20	6.384872033176641e-9
3.947459643111668e-11	6.0301569202237665e-9	6.711726923015439e-20	6.0301569202237665e-9
3.739698609263685e-11	5.712780240213131e-9	6.014463098662445e-20	5.712780240213131e-9
3.552713678800501e-11	5.427141228203486e-9	5.432236192108366e-20	5.427141228203486e-9
3.383536836952858e-11	5.168705931623175e-9	4.906951455377147e-20	5.168705931623175e-9
3.229739708000455e-11	4.933764752913694e-9	4.4389508643849857e-20	4.933764752913694e-9
3.0893162424352184e-11	4.719253241918176e-9	4.088036773165146e-20	4.719253241918176e-9
2.9605947323337503e-11	4.522617690172111e-9	3.73613841484704e-20	4.522617690172111e-9
2.8421709430404007e-11	4.3417129825657355e-9	3.4425668136387816e-20	4.3417129825657355e-9
2.732856676000385e-11	4.1747240216985024e-9	3.2670560627379244e-20	4.1747240216985024e-9
2.631639762074445e-11	4.020104613487528e-9	2.9128064904660555e-20	4.020104613487528e-9
2.5376526277146433e-11	3.8765294487203966e-9	2.676908879907374e-20	3.8765294487203966e-9
2.4501473646900007e-11	3.742856019454839e-9	2.6190084299782337e-20	3.742856019454839e-9
2.3684757858670004e-11	3.6180941521397913e-9	2.3822797876726576e-20	3.6180941521397913e-9
2.2920733411616136e-11	3.501381437554832e-9	2.204906105047986e-20	3.501381437554832e-9
2.2204460492503128e-11	3.3919632676315344e-9	2.086745658068652e-20	3.3919632676315344e-9
2.0898315757650004e-11	3.192436016594967e-9	1.9101223107286878e-20	3.192436016594967e-9
1.973729821555834e-11	3.015078460117661e-9	1.6484837579307674e-20	3.015078460117661e-9
1.8698493046318424e-11	2.856390120111909e-9	1.533116959572507e-20	2.856390120111909e-9
1.7763568394002505e-11	2.7135706141064908e-9	1.3580673559433847e-20	2.7135706141064908e-9
1.691768418476429e-11	2.584352965815868e-9	1.2119693540882906e-20	2.584352965815868e-9
1.6148698540002275e-11	2.4668823764607654e-9	1.0949284169385914e-20	2.4668823764607654e-9
1.5446581212176092e-11	2.359626620962731e-9	1.0368439863771055e-20	2.359626620962731e-9
1.4802973661668752e-11	2.2613088450893376e-9	9.191790286727216e-21	2.2613088450893376e-9
1.4210854715202004e-11	2.170856491286009e-9	8.903171098659995e-21	2.170856491286009e-9
1.3664283380001925e-11	2.087362010851905e-9	7.722292602298565e-21	2.087362010851905e-9
1.3158198810372225e-11	2.0100523067464545e-9	7.430479588662754e-21	2.0100523067464545e-9
1.2688263138573216e-11	1.938264724362804e-9	7.138421681692045e-21	1.938264724362804e-9
1.2250736823450003e-11	1.871428009729574e-9	6.249843607629353e-21	1.871428009729574e-9
1.1842378929335002e-11	1.8090470760720273e-9	5.955955699853092e-21	1.8090470760720273e-9
1.1460366705808068e-11	1.7506907187794702e-9	5.661202999377028e-21	1.7506907187794702e-9
1.1102230246251564e-11	1.6959816338176058e-9	5.068165558762018e-21	1.6959816338176058e-9
1.0449157878825002e-11	1.5962180082990864e-9	4.701987306323793e-21	1.5962180082990864e-9
9.86864910777917e-12	1.5075392300603542e-9	4.2687089395937795e-21	1.5075392300603542e-9
9.349246523159212e-12	1.4281950600572103e-9	3.685373926139537e-21	1.4281950600572103e-9
8.881784197001252e-12	1.3567853070544316e-9	3.395360562859752e-21	1.3567853070544316e-9
8.458842092382144e-12	1.2921764829090429e-9	3.1037015965948956e-21	1.2921764829090429e-9
8.074349270001138e-12	1.233441188231401e-9	2.8114430646360437e-21	1.233441188231401e-9
7.723290606088046e-12	1.1798133104822357e-9	2.5181392288433344e-21	1.1798133104822357e-9
7.401486830834376e-12	1.1306544225455283e-9	2.3720436237869925e-21	1.1306544225455283e-9
7.105427357601002e-12	1.0854282456437095e-9	2.0773616989594015e-21	1.0854282456437095e-9
6.8321416900009626e-12	1.0436810054266754e-9	1.9307209759593033e-21	1.0436810054266754e-9
6.5790994051861124e-12	1.0050261533738993e-9	1.931963158728498e-21	1.0050261533738993e-9
6.344131569286608e-12	9.691323621819528e-10	1.6359383783209573e-21	9.691323621819528e-10
6.125368411725002e-12	9.35714004865385e-10	1.63687129814623e-21	9.35714004865385e-10
5.921189464667501e-12	9.045235380365459e-10	1.4889161957247149e-21	9.045235380365459e-10
5.730183352904034e-12	8.753453593902079e-10	1.3407882980570607e-21	8.753453593902079e-10
5.551115123125782e-12	8.479908169093019e-10	1.3414426073609094e-21	8.479908169093019e-10
5.224578939412501e-12	7.981090041499728e-10	1.24888860220714e-21	7.981090041499728e-10
4.934324553889585e-12	7.537696150305081e-10	9.5673579803077e-22	7.537696150305081e-10
4.674623261579606e-12	7.140975300289486e-10	9.582308941311613e-22	7.140975300289486e-10
4.440892098500626e-12	6.783926535275024e-10	8.118050870308959e-22	6.783926535275024e-10
4.229421046191072e-12	6.460882414547989e-10	8.130296954473381e-22	6.460882414547989e-10
4.037174635000569e-12	6.167205941159355e-10	6.658375182606897e-22	6.167205941159355e-10
3.861645303044023e-12	5.899066552413556e-10	6.666217899217325e-22	5.899066552413556e-10
3.700743415417188e-12	5.653272112729693e-10	5.930282141009571e-22	5.653272112729693e-10
3.552713678800501e-12	5.42714122822071e-10	5.93528940877782e-22	5.42714122822071e-10
3.4160708450004813e-12	5.218405027135085e-10	4.455592869705389e-22	5.218405027135085e-10
3.2895497025930562e-12	5.025130766870979e-10	4.45794138794226e-22	5.025130766870979e-10
3.172065784643304e-12	4.845661810911443e-10	4.461198107938902e-22	4.845661810911443e-10
3.062684205862501e-12	4.678570024328222e-10	3.720412743967384e-22	4.678570024328222e-10
2.9605947323337505e-12	4.522617690184262e-10	4.467060203932868e-22	4.522617690184262e-10
2.865091676452017e-12	4.376726796952424e-10	3.725286915593012e-22	4.376726796952424e-10
2.775557561562891e-12	4.239954084547558e-10	2.981860052364622e-22	4.239954084547558e-10
2.6122894697062505e-12	3.9905450207507926e-10	2.939368368757915e-22	3.9905450207507926e-10
2.4671622769447924e-12	3.768848075153567e-10	2.576062406782256e-22	3.768848075153567e-10
2.337311630789803e-12	3.570487650145504e-10	2.2113588016628117e-22	3.570487650145504e-10
2.220446049250313e-12	3.3919632676383283e-10	2.214519100275861e-22	3.3919632676383283e-10
2.114710523095536e-12	3.2304412072745877e-10	1.8472505646014956e-22	3.2304412072745877e-10
2.0185873175002844e-12	3.083602970580363e-10	1.8495565026687944e-22	3.083602970580363e-10
1.9308226515220115e-12	2.949533276207271e-10	1.4816276320511512e-22	2.949533276207271e-10
1.850371707708594e-12	2.826636056365358e-10	1.4826570760226311e-22	2.826636056365358e-10
1.7763568394002505e-12	2.7135706141106954e-10	1.1130459297843128e-22	2.7135706141106954e-10
1.7080354225002406e-12	2.609202513568019e-10	1.1142677808848625e-22	2.609202513568019e-10
1.6447748512965281e-12	2.512565383436009e-10	1.4864036804589106e-22	2.512565383436009e-10
1.586032892321652e-12	2.422830905456091e-10	1.1153737047877266e-22	2.422830905456091e-10
1.5313421029312504e-12	2.3392850121645344e-10	1.1163888893949994e-22	2.3392850121645344e-10
1.4802973661668753e-12	2.2613088450923132e-10	7.447697146198795e-23	2.2613088450923132e-10
1.4325458382260085e-12	2.1883633984764568e-10	7.450405994283758e-23	2.1883633984764568e-10
1.3877787807814455e-12	2.1199770422740905e-10	7.452945539363411e-23	2.1199770422740905e-10
1.3061447348531253e-12	1.9952725103757013e-10	9.185430510017018e-23	1.9952725103757013e-10
1.2335811384723962e-12	1.8844240375769901e-10	5.520195335365777e-23	1.8844240375769901e-10
1.1686558153949015e-12	1.7852438250729664e-10	5.530925596240877e-23	1.7852438250729664e-10
1.1102230246251565e-12	1.6959816338193428e-10	5.536816995310053e-23	1.6959816338193428e-10
1.057355261547768e-12	1.615220603637442e-10	3.6950945516259785e-23	1.615220603637442e-10
1.0092936587501422e-12	1.5418014852903526e-10	5.550416535264471e-23	1.5418014852903526e-10
9.654113257610057e-13	1.474766638103784e-10	3.704520597188961e-23	1.474766638103784e-10
9.25185853854297e-13	1.4133180281828068e-10	3.7070753939067606e-23	1.4133180281828068e-10
8.881784197001252e-13	1.3567853070555074e-10	3.71243847546187e-23	1.3567853070555074e-10
8.540177112501203e-13	1.3046012567841535e-10	3.714492215575499e-23	1.3046012567841535e-10
8.223874256482641e-13	1.2562826917180346e-10	1.8585815390401467e-23	1.2562826917180346e-10
7.93016446160826e-13	1.2114154527281625e-10	3.718159608635551e-23	1.2114154527281625e-10
7.656710514656252e-13	1.169642506082323e-10	1.8602599059482727e-23	1.169642506082323e-10
7.401486830834376e-13	1.1306544225463022e-10	3.7238485730998773e-23	1.1306544225463022e-10
7.162729191130043e-13	1.0941816992383149e-10	1.864151280815619e-23	1.0941816992383149e-10
6.938893903907227e-13	1.0599885211371233e-10	1.8647377363903808e-23	1.0599885211371233e-10
