# τ	Fs	F	Δζ	ΔG	Δr²
0.0	1.0	1.0	1145.8519695169919	114.23054756784933	0.0
3.125e-7	0.9999838611727643	0.9999885771228375	1145.304232993975	114.1772355502078	3.125e-7
6.25e-7	0.9999677242401839	0.9999771555328208	1144.7569549978698	114.12396742766929	6.24944050196801e-7
9.375000000000001e-7	0.9999515908346678	0.9999657363853623	1144.2101431570788	114.07074387907224	9.372762642943162e-7
1.25e-6	0.9999354609540491	0.9999543196789521	1143.6637969946069	114.01756485982271	1.2494967257683679e-6
1.5625e-6	0.9999193345959977	0.9999429054119637	1143.117916033623	113.96443032535224	1.5616055280210227e-6
1.8750000000000003e-6	0.9999032117581856	0.999931493582773	1142.5724997978332	113.91134023114137	1.873602764358098e-6
2.1875000000000002e-6	0.9998870924382872	0.999920084189757	1142.0275478114777	113.8582945327193	2.1854885279874817e-6
2.5e-6	0.9998709766339786	0.9999086772312941	1141.483059599336	113.80529318566413	2.4972629120192454e-6
2.8125e-6	0.9998548643429385	0.9998972727057647	1140.9390346867194	113.75233614560284	2.8089260094657573e-6
3.125e-6	0.9998387555628475	0.9998858706115503	1140.3954725994747	113.69942336821076	3.1204779132417973e-6
3.4375e-6	0.9998226502913886	0.9998744709470339	1139.8523728639816	113.64655480921223	3.4319187161646685e-6
3.7500000000000005e-6	0.9998065485262468	0.9998630737106003	1139.3097350071544	113.5937304243799	3.7432485109543122e-6
4.0625000000000005e-6	0.9997904502651094	0.9998516789006356	1138.767558556437	113.54095016953511	4.054467390233421e-6
4.3750000000000005e-6	0.9997743555056655	0.9998402865155276	1138.2258430398085	113.4882140005475	4.365575446527548e-6
4.6875000000000004e-6	0.9997582642456069	0.9998288965536652	1137.6845879857772	113.43552187333523	4.676572772265226e-6
5.0e-6	0.9997421764826271	0.9998175090134395	1137.1437929233814	113.38287374386482	4.987459459778076e-6
5.3125e-6	0.999726094454486	0.9998061254609703	1136.6035419480547	113.33027759146887	5.298162037769957e-6
5.625e-6	0.9997100166635575	0.9997947448481425	1136.0637780373736	113.27772800698673	5.608729725406494e-6
5.9375e-6	0.9996939426090672	0.999783366824491	1135.5244818770423	113.22522315868044	5.919178992245424e-6
6.25e-6	0.9996778721225483	0.9997719912721194	1134.9856467187365	113.17276240696268	6.229515389939995e-6
6.5625e-6	0.9996618051463148	0.9997606181506605	1134.4472700018757	113.12034550954287	6.539740830343066e-6
6.875e-6	0.9996457416596104	0.9997492474455928	1133.9093505617357	113.0679723565555	6.849856011831768e-6
7.1875e-6	0.9996296816539909	0.9997378791510118	1133.3718876990847	113.01564288229503	7.159861228179121e-6
7.500000000000001e-6	0.9996136251251189	0.999726513263886	1132.8348808701585	112.9633570358038	7.469756638210169e-6
7.8125e-6	0.9995975720700269	0.9997151497821439	1132.2983295833478	112.91111477107032	7.779542355698195e-6
8.125000000000001e-6	0.9995815224862047	0.9997037887040332	1131.7622333647776	112.85891604376316	8.089218479333766e-6
8.4375e-6	0.9995654763712972	0.9996924300279111	1131.226591746824	112.80676081014249	8.398785102715705e-6
8.750000000000001e-6	0.9995494337230028	0.9996810737521705	1130.6914042642975	112.75464902669741	8.70824231768186e-6
9.0625e-6	0.9995333945390364	0.999669719875218	1130.156670453169	112.70258065002491	9.017590215419582e-6
9.375000000000001e-6	0.9995173588171234	0.999658368395466	1129.6223898501391	112.65055563678976	9.326828886835993e-6
9.6875e-6	0.9995013265549915	0.9996470193113289	1129.088561992502	112.59857394371076	9.635958422681507e-6
1.0e-5	0.9994852977503721	0.9996356726212238	1128.5551864180934	112.54663552755639	9.944978913591077e-6
1.0625e-5	0.9994532505015951	0.9996129864146834	1127.4897901063039	112.44288833785816	1.056269324284424e-5
1.125e-5	0.9994212170546984	0.9995903097646156	1126.426197339778	112.33931373318447	1.1179972517213811e-5
1.1875e-5	0.9993891973922792	0.9995676426588773	1125.3644044772025	112.23591137285243	1.1796817431473196e-5
1.25e-5	0.9993571914965211	0.9995449850850379	1124.3044078606806	112.13268091462507	1.2413228696749323e-5
1.3125e-5	0.9993251993494914	0.999522337030585	1123.2462038322726	112.02962201624791	1.3029207028654147e-5
1.375e-5	0.9992932209332419	0.9994996984829951	1122.1897887394994	111.92673433596033	1.3644753143261674e-5
1.4375e-5	0.999261256229841	0.9994770694297569	1121.13515893716	111.82401753266396	1.4259867755837401e-5
1.5000000000000002e-5	0.9992293052213844	0.9994544498583782	1120.08231078793	111.72147126597855	1.4874551580348397e-5
1.5625e-5	0.9991973678899989	0.9994318397563883	1119.0312406625383	111.61909519625846	1.5488805329370815e-5
1.6250000000000002e-5	0.9991654442178463	0.9994092391113399	1117.9819449398187	111.51688898459783	1.6102629713992853e-5
1.6875e-5	0.9991335341871179	0.9993866479108086	1116.934420006715	111.41485229283043	1.6716025443853124e-5
1.7500000000000002e-5	0.9991016377800404	0.9993640661423935	1115.8886622582702	111.31298478352934	1.732899322708735e-5
1.8125e-5	0.9990697549788733	0.9993414937937161	1114.8446680975992	111.21128612000452	1.7941533770381197e-5
1.8750000000000002e-5	0.9990378857659065	0.9993189308524213	1113.8024339358885	111.10975596630226	1.855364777892192e-5
1.9375e-5	0.9990060301234657	0.999296377306176	1112.7619561923598	111.00839398720244	1.9165335956452653e-5
2.0e-5	0.9989741880339084	0.9992738331426723	1111.7232312942624	110.90719984821772	1.9776599005224723e-5
2.125e-5	0.9989105444197436	0.9992287728985135	1109.651024499837	110.70531363698166	2.0997853444824918e-5
2.25e-5	0.9988469547985699	0.9991837500328431	1107.5857859977204	110.50409475188488	2.221741606335574e-5
2.375e-5	0.9987834190356251	0.9991387644516381	1105.527487781413	110.30354057004435	2.3435292218929272e-5
2.5e-5	0.9987199369932023	0.9990938160588221	1103.4761017783892	110.10364846223602	2.465148738462108e-5
2.625e-5	0.9986565085329353	0.9990489047578606	1101.4315999778848	109.90441580477378	2.5866007057069524e-5
2.75e-5	0.9985931335165995	0.9990040304523192	1099.3939544731998	109.7058399834421	2.7078856724989613e-5
2.875e-5	0.9985298118063374	0.9989591930460191	1097.3631374752188	109.50791839475652	2.8290041859815675e-5
3.0000000000000004e-5	0.9984665432647721	0.998914392443119	1095.3391213166842	109.31064844636167	2.9499567911580447e-5
3.125e-5	0.9984033277550038	0.9988696285481103	1093.3218784530598	109.11402755711491	3.07074403086783e-5
3.2500000000000004e-5	0.9983401651406469	0.998824901265845	1091.311381462588	108.91805315709361	3.191366445679008e-5
3.375e-5	0.9982770552858009	0.9987802105015138	1089.307603045769	108.72272268754892	3.311824573965649e-5
3.5000000000000004e-5	0.99821399805508	0.9987355561606681	1087.3105160249443	108.52803360086966	3.432118951834414e-5
3.625e-5	0.9981509933135815	0.9986909381491964	1085.320093343629	108.33398336052242	3.5522501132127084e-5
3.7500000000000003e-5	0.9980880409269125	0.9986463563733442	1083.3363080660515	108.14056944101131	3.6722185897793156e-5
3.875e-5	0.9980251407611586	0.9986018107396919	1081.3591333764755	107.9477893278166	3.792024911053341e-5
4.0e-5	0.9979622926829116	0.9985573011551734	1079.3885425787364	107.75564051735466	3.9116696043255235e-5
4.25e-5	0.9978367520833032	0.9984683896413039	1075.4669969465451	107.37322595802526	4.150476893653883e-5
4.5e-5	0.9977114181885671	0.9983796211763346	1071.5714664890554	106.99330655782575	4.388644165680693e-5
4.75e-5	0.9975862899880601	0.998290995055266	1067.7017440465995	106.61586287793413	4.62617540574216e-5
5.0e-5	0.9974613664528127	0.9982025105603343	1063.8576228714226	106.240875514994	4.8630746683122925e-5
5.25e-5	0.9973366465524779	0.9981141669728254	1060.0388975746162	105.8683251893191	5.09934600936394e-5
5.5e-5	0.9972121292615557	0.9980259635774241	1056.2453644317661	105.49819277340417	5.3349934623650134e-5
5.75e-5	0.9970878135608161	0.9979378996631997	1052.4768214707697	105.13045930016891	5.5700210321056685e-5
6.000000000000001e-5	0.9969636984383379	0.9978499745243375	1048.7330684920455	104.76510596490107	5.804432691214062e-5
6.25e-5	0.9968397828892107	0.997762187459923	1045.0139070617035	104.40211412469027	6.0382323808110796e-5
6.500000000000001e-5	0.9967160659159946	0.9976745377742702	1041.3191405004754	104.04146529745854	6.271424009315118e-5
6.75e-5	0.9965925465282361	0.9975870247765753	1037.6485738667545	103.68314116044762	6.504011453841929e-5
7.000000000000001e-5	0.9964692237428606	0.9974996477811983	1034.002013942331	103.32712354895098	6.735998559268918e-5
7.25e-5	0.9963460965836672	0.9974124061073043	1030.3792692146171	102.97339445472376	6.967389139703147e-5
7.500000000000001e-5	0.9962231640817177	0.9973252990791404	1026.7801498623037	102.62193602470452	7.198186977579224e-5
7.75e-5	0.9961004252748326	0.9972383260256779	1023.2044677377976	102.27273055944302	7.428395825120304e-5
8.0e-5	0.9959778792079732	0.9971514862808847	1019.652036353121	101.92576051184346	7.658019403444453e-5
8.5e-5	0.9957333602837856	0.9969782032232699	1012.6161224696358	101.23845110752455	8.11553024274489e-5
9.0e-5	0.9954896006448724	0.9968054452588411	1005.6709949528279	100.55987472622333	8.57074538422812e-5
9.5e-5	0.9952465931711142	0.9966332074224966	998.8152352430764	99.8898977516525	9.023692440800607e-5
0.0001	0.9950043306643682	0.996461484695017	992.047439649549	99.22838792021116	9.474399283964928e-5
0.000105	0.9947628059643481	0.996290272083739	985.3662256922507	98.57521491476034	9.922893583959869e-5
0.00011	0.994522011995125	0.9961195646550846	978.7702339346642	97.93025053730915	0.00010369202637683909
0.000115	0.9942819417706417	0.9959493575382872	972.2581282610889	97.29336873660424	0.0001081335334018953
0.00012000000000000002	0.9940425884042612	0.9957796459321556	965.8285957086949	96.66444559400466	0.00011255372156897894
0.000125	0.9938039451021489	0.9956104251003463	959.4803460938228	96.04335929020577	0.00011695285142655174
0.00013000000000000002	0.9935660051686557	0.9954416903752177	953.2121116386096	95.42999007183684	0.00012133117930058247
0.000135	0.9933287619985032	0.9952734371522715	947.022646541035	94.82422021283487	0.00012568895753279748
0.00014000000000000001	0.9930922090816489	0.9951056608936477	940.9107265929117	94.22593398013939	0.0001300264343821191
0.000145	0.9928563399954901	0.9949383571225777	934.8751487584744	93.63501759576903	0.00013434385426302673
0.00015000000000000001	0.9926211484096211	0.9947715214268031	928.9147308048215	93.05135920358606	0.0001386414576492804
0.000155	0.9923866280781856	0.9946051494531335	923.0283108955807	92.47484883269158	0.00014291948130723807
0.00016	0.9921527728445729	0.9944392369108208	917.2147472355731	91.90537836543115	0.00014717815820013407
0.00017	0.9916870258775669	0.9941087679660284	905.8013285916747	90.78709699355707	0.00015563867044897034
0.00018	0.9912238652653016	0.9937800851534697	894.6660148205248	89.69571292629199	0.00016402458333944205
0.00019	0.9907632464501566	0.9934531574245652	883.8004492039178	88.6304333529582	0.00017233756694305479
0.0002	0.9903051249812233	0.9931279538090494	873.1964979700597	87.59048606557052	0.00018057928187680913
0.00021	0.9898494571753902	0.992804443873708	862.8462824569516	86.57512251400588	0.00018875135344148227
0.00022	0.9893962004323434	0.992482597943235	852.7421835467909	85.58361825407503	0.0001968553609686737
0.00023	0.9889453131979993	0.9921623870730667	842.8768363956746	84.61527248486586	0.0002048928385041183
0.00024000000000000003	0.9884967550439775	0.9918437831061527	833.243122983423	83.66940737757295	0.00021286527306362484
0.00025	0.9880504865580981	0.9915267585950475	823.8341634139023	82.74536728707396	0.00022077410810559262
0.00026000000000000003	0.9876064693971077	0.9912112868400198	814.6433077682611	81.84251801165644	0.0002286207427481078
0.00027	0.987164666173723	0.9908973418087883	805.6641276297752	80.96024602210348	0.0002364065353815101
0.00028000000000000003	0.9867250405058605	0.9905848981721648	796.8904084121463	80.0979577626733	0.00024413280296198958
0.00029	0.9862875569077333	0.990273931226665	788.316141460761	79.25507893111033	0.0002518008244780185
0.00030000000000000003	0.9858521808381296	0.9899644169294538	779.9355169408636	78.43105382920994	0.00025941184022635103
0.00031	0.9854188785961675	0.9896563318242474	771.7429165112791	77.62534469373581	0.0002669670551100683
0.00032	0.9849876173688576	0.9893496530757315	763.7329067423341	76.83743109407897	0.00027446763789089595
0.00034	0.9841310534523544	0.9887404002082133	748.2380393258568	75.31282348957367	0.0002893107189019321
0.00036	0.983282270068949	0.9881365059270666	733.412310269126	73.85352543313454	0.0003039487939374756
0.00038	0.9824410413127957	0.9875378130771197	719.2187034229856	72.45598010144299	0.0003183897557393894
0.0004	0.9816071469674343	0.9869441685074337	705.6222733841169	71.11682554825738	0.00033264124507334487
0.00042	0.9807803749023959	0.986355424712944	692.5901922189183	69.83289959233772	0.0003467105606464799
0.00044	0.9799605228110181	0.9857714410597539	680.0916699891651	68.60123264600581	0.00036060461126741585
0.00046	0.9791473971229163	0.9851920830066941	668.097833395933	67.41903655485304	0.00037432995049345886
0.00048000000000000007	0.9783408135376866	0.9846172224930747	656.5816046968507	66.2836933880258	0.0003878927706418304
0.0005	0.977540595666475	0.9840467369734638	645.5175797965002	65.19274413838889	0.0004012989469974715
0.0005200000000000001	0.9767465754374943	0.98348050971568	634.8819184249022	64.14387850400202	0.0004145540351433677
0.00054	0.9759585918145341	0.9829184288903923	624.6522370904698	63.13492492800329	0.00042766331226533214
0.0005600000000000001	0.9751764911907854	0.9823603878603143	614.8075138989351	62.163841708169215	0.00044063177374699343
0.00058	0.9744001262121023	0.981806284343839	605.3279958812865	61.22870834535446	0.000453464170634013
0.0006000000000000001	0.9736293561687571	0.9812560207021357	596.1951168802128	60.32771784549173	0.00046616500528447906
0.00062	0.9728640459166946	0.9807095031720191	587.3914173813257	59.45916921126289	0.000478738565294966
0.00064	0.9721040662655739	0.9801666421498246	578.9004736519183	58.62146077522002	0.000491188918387283
0.00068	0.9705994827158256	0.9790914627525839	562.7909724677422	57.03213741280873	0.0005157390110480063
0.00072	0.9691147711146435	0.978029903944903	547.7578907000451	55.54911447747356	0.000539841043136972
0.00076	0.9676490980873083	0.9769813881739478	533.7019920182917	54.16267385236432	0.0005635203317511078
0.0008	0.9662016774713394	0.9759453710132863	520.5341779084637	52.86407693593581	0.0005868004232092013
0.00084	0.9647717701977115	0.9749213408029117	508.17480301443123	51.645500730505745	0.0006097031098624055
0.00088	0.9633586916268739	0.973908823893863	496.55273066564604	50.499947918055334	0.0006322482905963063
0.00092	0.9619618005903169	0.9729073768300521	485.6043523104909	49.421153360328525	0.0006544543165480893
0.0009600000000000001	0.9605805025471065	0.971916588692856	475.2727250718443	48.40350134564819	0.000676337964535441
0.001	0.9592142390799996	0.9709360736268139	465.5067780044766	47.4419494825925	0.000697914761115643
0.0010400000000000001	0.9578624906702201	0.9699654729090014	456.26064220037284	46.531964066331774	0.0007191989535983653
0.00108	0.9565247676173795	0.9690044484837709	447.4930393529141	45.66946118492812	0.000740203784469103
0.0011200000000000001	0.9552006127716779	0.9680526849915224	439.1667695413774	44.85075704683161	0.0007609414525958304
0.00116	0.9538895937414335	0.9671098842145823	431.2482411825306	44.072522520738765	0.0007814233442616707
0.0012000000000000001	0.9525913055607221	0.9661757670506506	423.70707861449273	43.3317448995113	0.0008016599878321829
0.00124	0.951305363973614	0.9652500687210093	416.51575918243475	42.62569267358766	0.0008216612494249689
0.00128	0.9500314079971858	0.964332540661577	409.6493112741548	41.95188597796806	0.0008414362842294409
0.00136	0.9475178416742913	0.962520888406108	396.7952280141631	40.6915016593391	0.0008803465658465941
0.00144	0.94504829978423	0.9607392222031691	384.9933731077242	39.53552096617421	0.0009184483891832661
0.00152	0.9426205472531645	0.9589860048053276	374.11312680978534	38.4709465449681	0.0009557959652387608
0.0016	0.9402325361104623	0.957259829895508	364.04360241508317	37.4867397505339	0.0009924378000364823
0.00168	0.937882367658673	0.9555593940643805	354.69074523089455	36.57353547709415	0.0010284179907362532
0.00176	0.9355683192202159	0.9538835163451929	345.97458619380046	35.72336939272007	0.0010637757333726038
0.00184	0.9332887925381522	0.9522311012560164	337.82675814477875	34.929432656065224	0.0010985467872885108
0.0019200000000000003	0.931042329942141	0.9506011509717993	330.1885522134415	34.18587831681553	0.0011327631567118637
0.002	0.9288275714123002	0.9489927346048107	323.0092489865892	33.487656186695794	0.0011664542682061378
0.0020800000000000003	0.9266432685946024	0.9474049987680131	316.24484349139186	32.8303854044614	0.0011996466640345823
0.00216	0.924488250422528	0.9458371429414804	309.85693795389034	32.210244732803	0.0012323649265989502
0.0022400000000000002	0.9223614357194507	0.9442884289449813	303.8118997151681	31.623888141945084	0.0012646313841643481
0.00232	0.9202618054802125	0.9427581610401509	298.08011404055287	31.068370740328675	0.0012964668454244893
0.0024000000000000002	0.9181884141080718	0.9412456943611834	292.635417608255	30.541091841386983	0.00132789032647418
0.00248	0.9161403667970293	0.9397504186487078	287.45458370308614	30.039743937624532	0.0013589196434815086
0.00256	0.9141168294737342	0.938271765702063	282.5169335850372	29.562273561389155	0.0013895711647810547
0.00272	0.9101398175410585	0.9353619760360603	273.29324836396137	28.67124280087664	0.0014498023907797218
0.00288	0.9062519318734159	0.9325126124013666	264.8440234499439	27.85605546724154	0.0015086922772698172
0.00304	0.9024480271003923	0.9297201714683907	257.0675360551234	27.106633139947533	0.0015663388969012033
0.0032	0.8987234686550255	0.9269815053971301	249.87902682211208	26.41458940593958	0.001622827622474092
0.00336	0.8950739886992375	0.9242937152152874	243.20766708848734	25.772926316420875	0.0016782357454544453
0.00352	0.8914957502803255	0.9216541994786281	236.9940202515808	25.175778177662853	0.0017326311002547525
0.00368	0.8879852087686163	0.9190605541657911	231.18775940507336	24.618185207908034	0.0017860756375276934
0.0038400000000000005	0.8845391537681824	0.9165106056086717	225.74603348296992	24.09592917158777	0.0018386242905114138
0.004	0.8811546015505678	0.9140023327863809	220.6320382369588	23.605392127979965	0.001890327651409229
0.0041600000000000005	0.87782882956451	0.9115338944982263	215.81401426051085	23.143455634297965	0.0019412309887458328
0.00432	0.874559293636165	0.9091035693810128	211.26434315029118	22.707411638808242	0.0019913762892334627
0.0044800000000000005	0.8713436572870638	0.9067097789513355	206.9589175540107	22.294899074485382	0.0020408014099845663
0.00464	0.8681797269458821	0.9043510405218681	202.87655030577093	21.903845756226538	0.002089541671952004
0.0048000000000000004	0.865065476930981	0.9020259868162578	198.99856546396876	21.53242719496512	0.0021376291312574162
0.00496	0.8619989978639787	0.8997333283607513	195.30839938951337	21.179027471416223	0.0021850938476410016
0.00512	0.8589785180135415	0.8974718702402371	191.79132739373506	20.842211694366743	0.0022319632576729216
0.00544	0.8530689172219668	0.8930381135283774	185.22147480436223	20.21297207223245	0.0023240012486505637
0.00576	0.8473246679576154	0.8887165961289586	179.20317628251536	19.636377047580474	0.00241393995861613
0.00608	0.841734861942141	0.8844999526320532	173.663980323991	19.10540792977082	0.0025019468098976478
0.0064	0.8362898575662113	0.8803816932427526	168.54361623515672	18.614237164581223	0.0025881627418890625
0.00672	0.830980881601784	0.8763559079984694	163.79171496347826	18.15800568271722	0.0026727144000745612
0.00704	0.8258001136269041	0.8724173397070493	159.36604286325527	17.732647409508992	0.002755711676554675
0.00736	0.8207403842601033	0.8685611630680695	155.23081912167734	17.334725241202996	0.002837255002657459
0.007680000000000001	0.8157952432696877	0.8647830447067806	151.35558841850084	16.96131942146698	0.002917432676260044
0.008	0.8109587360857595	0.8610789790995841	147.71417010390545	16.60992541304512	0.0029963261244786775
0.008320000000000001	0.8062254624902274	0.8574453397659532	144.2839728953096	16.278386215973992	0.003074007605675804
0.00864	0.8015904077758756	0.853878754634054	141.0453303217532	15.96482796283551	0.0031505442256250155
0.008960000000000001	0.797048993159079	0.8503761496391119	137.9810732950382	15.667617822393568	0.0032259960007091724
0.00928	0.7925969453548439	0.8469346519047516	135.07609516555988	15.385321950443627	0.0033004190038068495
0.009600000000000001	0.7882303397262101	0.8435516268734872	132.31707618915073	15.116678438745124	0.0033738637250032705
0.00992	0.7839454975787054	0.8402246016448275	129.69218933233117	14.860568927595121	0.0034463775842634623
0.01024	0.779739023121196	0.8369512966937408	127.19091728628474	14.616000703914871	0.0035180035349215424
0.01088	0.7715505030441399	0.8305588191623374	122.52197342926614	14.1579262787272	0.003658683240563302
0.01152	0.7636402599522704	0.8243576148012324	118.24685472356504	13.736555521835	0.0037962519300431697
0.01216	0.7559873876703151	0.8183335851004344	114.3131361341268	13.346989933807146	0.003930977903722471
0.0128	0.7485739113497331	0.8124746559796292	110.67755299463286	12.985189323099686	0.004063076884815298
0.01344	0.7413837100371106	0.8067699762542752	107.30400582899608	12.64779009567453	0.004192742147234826
0.01408	0.7344025395800406	0.801209977495891	104.16224919403298	12.33198261260405	0.0043201397881882505
0.01472	0.7276174365288928	0.7957859276440347	101.22664320939057	12.03539132871379	0.004445422713188213
0.015360000000000002	0.7210168111061835	0.790490033060804	98.47537232602188	11.75600072127797	0.0045687242692848615
0.016	0.7145900304140573	0.7853151233456758	95.88967856060412	11.492081326149329	0.004690168237129588
0.016640000000000002	0.7083275069016117	0.7802547429180876	93.45338999391228	11.242145510928017	0.004809863523652556
0.01728	0.7022203883033532	0.7753029143036536	91.15243366260734	11.004900543187816	0.004927911898947671
0.017920000000000002	0.6962606351075127	0.7704542164303142	88.97454084554833	10.779221371655689	0.005044403613426295
0.01856	0.6904407837750953	0.7657036021926035	86.9089260380807	10.564119719706856	0.005159423514620083
0.019200000000000002	0.6847540137970234	0.7610464652315462	84.94609646305034	10.358726797435471	0.005273047376051649
0.01984	0.6791939633392736	0.7564784966174973	83.07763354797433	10.162272258257724	0.005385346814962046
0.02048	0.6737547871075847	0.7519957419292205	81.29606620274967	9.974072920411153	0.00549638618619799
0.02176	0.6632252043826863	0.7432769936422902	77.97048527466828	9.620243755770616	0.005714742533073412
0.02304	0.6531189375849555	0.7348583867434835	74.92086946275805	9.292910866462238	0.005928729354614204
0.02432	0.6433998679817029	0.7267152138354043	72.10973285388809	8.988644268173001	0.006138759360757251
0.0256	0.6340379869256841	0.7188270444891556	69.50687115545226	8.704659994919663	0.006345147917905152
0.02688	0.6250067405721621	0.7111757239669729	67.08724872577716	8.438641591713132	0.006548180358133656
0.02816	0.61628281718576	0.7037453363150086	64.82993823786771	8.188650364178411	0.006748100300486414
0.02944	0.6078451237296859	0.6965214047899612	62.71720665324876	7.953037203461485	0.006945135227703
0.030720000000000004	0.5996749034308909	0.6894910685702044	60.73398129971836	7.730396662815278	0.00713948159145802
0.032	0.5917550571654425	0.6826425423693263	58.86730615744905	7.519514149292067	0.007331323616480294
0.033280000000000004	0.5840702587342942	0.6759652718494857	57.106021045506814	7.319339461965194	0.007520821492930988
0.03456	0.5766064530272146	0.6694495286208205	55.440414685008655	7.1289530525314495	0.007708126218061842
0.035840000000000004	0.5693509540846688	0.6630865386942683	53.86202412868463	6.947550097098522	0.007893370038962708
0.03712	0.5622920654613394	0.6568681720034708	52.363406260121444	6.774418061567855	0.00807667828772191
0.038400000000000004	0.5554191644589467	0.6507870500049712	50.93800900464195	6.608926822907082	0.008258161461536784
0.03968	0.5487224100846145	0.6448363036307383	49.580016326432585	6.4505132379773	0.008437924797583785
0.04096	0.542192815610444	0.6390096641870214	48.28426330779074	6.298674857745856	0.008616061620476527
0.04352	0.5296213441775649	0.6277205338004292	45.86665684920703	6.013372457331489	0.00896742934120111
0.04608	0.5176258268978252	0.6168630983259893	43.64747443740072	5.749455679672204	0.009313288232001884
0.04864	0.5061514753802245	0.606398367223508	41.600491906567534	5.504291328281941	0.009654235370654048
0.0512	0.49515457312581	0.5962954174889927	39.705014576332765	5.275766200534542	0.009990704053942225
0.05376	0.48459694423488475	0.586527066296528	37.94376974127088	5.062102159527562	0.01032309490303864
0.05632	0.4744452818803546	0.5770696200304554	36.302171885124565	4.861791654293761	0.010651744379841252
0.05888	0.4646696752336785	0.5679016313924419	34.76775180293876	4.673534239375769	0.010976971643252727
0.06144000000000001	0.4552437271824856	0.559004184165078	33.32983469012462	4.4962098203712	0.011299045630132766
0.064	0.4461435870886188	0.5503600555155578	31.97919536089139	4.328839889514061	0.011618221694120325
0.06656000000000001	0.4373480551919851	0.541953947811039	30.7078357545467	4.170571507417441	0.011934715919197918
0.06912	0.42883785904387356	0.5337718517375271	29.508760332518527	4.020651380782091	0.01224873462590781
0.07168000000000001	0.42059574318271414	0.5258012348117703	28.375841982983495	3.8784159243220637	0.012560453401656548
0.07424	0.412605924261315	0.518030552604516	27.30366366237112	3.743273458715051	0.012870040989845554
0.07680000000000001	0.4048541748066469	0.510449408937372	26.287433969119682	3.6146979708448996	0.013177641732780404
0.07936	0.39732740726271665	0.5030481753666045	25.322878291544548	3.492216553482125	0.01348339520616061
0.08192	0.39001375190861204	0.49581812912336465	24.406183224458243	3.375405423812008	0.013787421312896926
0.08704	0.37601975289533046	0.48187087970003595	22.709019984280328	3.1578355945613814	0.014390121230579814
0.09216	0.3627535015574471	0.4685166005131039	21.164571636954033	2.958691177543337	0.01498722751097804
0.09728	0.35014431703228177	0.455701798406531	19.75342541068096	2.7757186266756557	0.015579487853708272
0.1024	0.33813806391485696	0.44338599916488586	18.46026821899783	2.607122475613219	0.016167404437604015
0.10752	0.3266874451971789	0.431533560855408	17.272042576196185	2.4513745977465855	0.01675146761861595
0.11264	0.31575111300750514	0.4201134145040601	16.17755431323925	2.307167099275126	0.017332064550700684
0.11776	0.30529188910534466	0.409097332132508	15.16712719749508	2.1733626248869866	0.01790957832221242
0.12288000000000002	0.2952770428099553	0.3984605217400833	14.232413632990957	2.048976595615893	0.01848430819793979
0.128	0.2856770150327097	0.3881803684705245	13.36613566391514	1.933144392505299	0.019056551369054767
0.13312000000000002	0.27646559602620646	0.37823687137978856	12.561948700222258	1.8251096904920057	0.019626539122513994
0.13824	0.2676189407674609	0.3686116581933978	11.814262213565199	1.7242017266621028	0.02019450390956471
0.14336000000000002	0.25911572248377523	0.35928834082168	11.118151692975754	1.629827917445955	0.02076062616028583
0.14848	0.25093638674718954	0.35025175169001443	10.469236073692342	1.5414580134920435	0.0213250897528861
0.15360000000000001	0.2430632998887894	0.34148824950581785	9.86362116476613	1.458619484398377	0.021888036853904315
0.15872	0.23548017769055488	0.332985120394699	9.29781389527337	1.3808862372840913	0.022449614448434168
0.16384	0.22817222579938287	0.3247308432544272	8.768685192197605	1.3078757014108953	0.023009935552318683
0.17408	0.2143910142044372	0.30898651952731465	7.814863372535837	1.1751976117973988	0.024126391946679725
0.18432	0.20154526928407948	0.29410806486865715	6.974912829359911	1.0574841748550046	0.025239119456768364
0.19456	0.1895473878718578	0.28002409313803245	6.233261852457822	0.9527272637715146	0.02634882811270574
0.2048	0.17833075900875808	0.26668166583902747	5.577332202590931	0.8593163264859454	0.027455874956823792
0.21504	0.1678349362771996	0.2540321180909557	4.996212655254312	0.7758677249423052	0.028560701719077975
0.22528	0.1580056960215635	0.24203181307536553	4.480521155108196	0.7011946486904754	0.02966356944997822
0.23552	0.14879324376528638	0.2306399621138766	4.022165146054329	0.6342669687522965	0.030764806585146753
0.24576000000000003	0.14015306661210303	0.21982005509129307	3.614192433729497	0.5741967309923635	0.031864594567273884
0.256	0.13204431674098122	0.20953800912445428	3.250579551824417	0.5202089360021228	0.0329631732193816
0.26624000000000003	0.12443027451370008	0.1997631165467975	2.926119362697279	0.4716306547904251	0.034060666447564676
0.27648	0.11727706137034999	0.190466564814377	2.63626945646962	0.4278706423656364	0.035157250992139594
0.28672000000000003	0.11055399114800929	0.18162216969607411	2.377076774765234	0.38841191424110405	0.03625301133823602
0.29696	0.10423259424975573	0.17320523052076023	2.1450731322180805	0.3527975908266629	0.037348079666739385
0.30720000000000003	0.09828691319978598	0.16519312838008918	1.937223797374388	0.32062582310121224	0.03844251356954353
0.31744	0.09269275770707436	0.1575644346819714	1.7508539866029642	0.2915397842425706	0.03953641337302336
0.32768	0.0874279524292124	0.15029940263363992	1.5836127898715835	0.26522409758753596	0.0406298182229444
0.34816	0.07788690141055256	0.13688310253777577	1.301230790664045	0.22012031941059723	0.04281433789762597
0.36864	0.06940385413989628	0.12468291491297777	1.0716964861655376	0.1829619094418169	0.044997590745221985
0.38912	0.06185412780406502	0.11357880966578716	0.884849404393824	0.15227349596070944	0.04718002893071879
0.4096	0.05513784171205174	0.10347554579555569	0.7326261046602383	0.12689883806551516	0.049361587528668475
0.43008	0.0491629151067388	0.09428286725292197	0.6083911193796535	0.10588735883071183	0.05154254168716763
0.45056	0.04384695251573911	0.08591849652752638	0.5067921376022807	0.08846409457456658	0.053722853707608174
0.47104	0.039115740637456466	0.07830613468428348	0.42351448134362824	0.07399401145382181	0.055902732883525104
0.49152000000000007	0.03490399824326718	0.07137737051647274	0.35510007883766753	0.06196006533199725	0.05808214140951248
0.512	0.031153434026099908	0.06506941884630707	0.29876068877403394	0.051938023410295575	0.06026123272581919
0.5324800000000001	0.027812813028186438	0.05932601175928704	0.25225493766728607	0.04358116621452212	0.062439969824013765
0.55296	0.024836426345735126	0.05409561006283909	0.21376971447221618	0.036604021269612756	0.06461846663476307
0.5734400000000001	0.022184022013042846	0.04933191809943224	0.18184137616145565	0.030772278797502547	0.06679668953032303
0.59392	0.01981968192567002	0.04499255495529645	0.15528333754987172	0.025892358043010905	0.06897472469819849
0.6144000000000001	0.01771171981644026	0.041039369948344694	0.1331329555687738	0.02180476036909688	0.07115254299159071
0.63488	0.015831854630013572	0.03743745308382311	0.11460667768363052	0.018377307488817943	0.07333021064207106
0.65536	0.014155098906350923	0.0341553216836218	0.09906751952275468	0.01550071929846879	0.07550770309371088
0.69632	0.011368631115302563	0.02851566327796617	0.07535565532620497	0.011103964846578425	0.07986145383618869
0.73728	0.009132784071427624	0.02380638680326173	0.05816702346001329	0.007970092968543955	0.08421480265738278
0.77824	0.007338889555660747	0.019873498257088243	0.04560261920474024	0.005730672777265115	0.08856804610027365
0.8192	0.005902113706477605	0.016593695781326093	0.03632772541007174	0.004128865519119158	0.09292093022244545
0.86016	0.004751716658629629	0.013859717554044524	0.029393563930269654	0.0029810061815689873	0.09727365507016245
0.90112	0.0038304204027533725	0.011581006227598563	0.024138434987238628	0.0021567606776639998	0.10162608924746608
0.94208	0.0030920738468684017	0.009681286144627887	0.020099132331077192	0.0015635483700904733	0.10597837845698181
0.9830400000000001	0.002499935408553152	0.008097221200505324	0.016950662163472265	0.0011357121717568775	0.11033044252747427
1.024	0.0020246085443402623	0.006775891597221319	0.014462337775261304	0.0008264875835775612	0.1146823810814596
1.0649600000000001	0.0016427146732239436	0.0056734194518390894	0.012469461129253583	0.0006025526842735329	0.11903414332424334
1.10592	0.0013355606902957723	0.004753199322698948	0.010852900960308868	0.0004400643125560146	0.12338579733675324
1.1468800000000001	0.0010882616412561932	0.003984856020307346	0.009525850064694892	0.00032194722327255414	0.1277373107659681
1.18784	0.0008889106745708435	0.0033430579619281556	0.008424062639016166	0.00023592862021032154	0.13208873067498023
1.2288000000000001	0.0007280135351337391	0.002806766234526389	0.007500084155010256	0.00017317882694775063	0.13644003653217407
1.26976	0.0005979703510291509	0.0023584367135972262	0.006717702661809298	0.00012732540610301107	0.14079126128737093
1.31072	0.0004927118543365139	0.0019834851613172045	0.006049468488035705	9.376447152570579e-5	0.14514239203199247
1.39264	0.00034200356957362753	0.0014209057665107688	0.004997453798974497	5.188946790718292e-5	0.15384420558022077
1.47456	0.00024039896779145292	0.0010208141596998377	0.004187085479889024	2.8841652400656505e-5	0.1625457587638883
1.55648	0.00017157643473844346	0.0007360755007938367	0.003551791930945269	1.610285903449437e-5	0.17124715871225502
1.6384	0.0001247474775496509	0.0005336042027222676	0.0030458155994075413	9.043856263883234e-6	0.17994834821847183
1.72032	9.259671795462837e-5	0.000389420632647556	0.002636701646062554	5.114402264783883e-6	0.1886493927556873
1.80224	7.026006011699045e-5	0.00028646244811400957	0.002301508256682498	2.9148610799008663e-6	0.1973502744866901
1.88416	5.452209793182453e-5	0.0002126745020415045	0.002023677743226456	1.6760095401350173e-6	0.20605103415470924
1.9660800000000003	4.325664107283066e-5	0.00015956426200543946	0.0017910353738039137	9.735971529023657e-7	0.21475166658080883
2.048	3.505134526839526e-5	0.0001211427376343109	0.0015944577812076705	5.72450059450445e-7	0.2234521974901221
2.1299200000000003	2.8963018289196482e-5	9.318401572401495e-5	0.001427001474575591	3.4154482698758246e-7	0.23215262670932238
2.21184	2.435750342858049e-5	7.270054285669119e-5	0.0012833030204993964	2.0747188633202106e-7	0.24085297130292604
2.2937600000000002	2.0805027843226034e-5	5.757695013353462e-5	0.0011591681950030822	1.2886817980216508e-7	0.24955323302758836
2.37568	1.801181847872983e-5	4.631218637499996e-5	0.0010512785906466187	8.228359995402779e-8	0.2582534237533766
2.4576000000000002	1.577494479557553e-5	3.783865769018224e-5	0.0009569824034107305	5.4337626398948045e-8	0.2669535458424158
2.53952	1.3952705895686599e-5	3.139506284229588e-5	0.0008741403114222282	3.734168393983021e-8	0.2756536078834046
2.62144	1.2444849333799166e-5	2.6436788046835e-5	0.0008010120424907942	2.6844402205108444e-8	0.28435361229438333
2.78528	1.016238653157867e-5	1.972837671941563e-5	0.0006812994159416944	1.6296434122996392e-8	0.3017534110802765
2.94912	8.457426159645281e-6	1.5338743248244e-5	0.0005848479024305842	1.1627030449181819e-8	0.3191530323626469
3.11296	7.145156394209301e-6	1.2328094867948844e-5	0.0005061892182880877	9.369051317345585e-9	0.3365525100729947
3.2768	6.110789165102537e-6	1.0172885499199262e-5	0.0004413404084001807	8.165802677267904e-9	0.3539518530069167
3.44064	5.278927665085199e-6	8.567022535661765e-6	0.0003873250861406892	7.45371804698654e-9	0.371351083427976
3.60448	4.598785063173115e-6	7.328240870878746e-6	0.000341908660969061	6.9869328969469914e-9	0.3887502093853367
3.76832	4.035068902922834e-6	6.3450041341771775e-6	0.0003033944061460412	6.651902809536486e-9	0.4061492462555041
3.9321600000000005	3.5624618737471087e-6	5.546531734788838e-6	0.0002704784402937176	6.3928267725438315e-9	0.4235482005414603
4.096	3.1623233138573426e-6	4.886205061372199e-6	0.00024214733596648026	6.180513038892306e-9	0.4409470832229026
4.2598400000000005	2.8206194686693915e-6	4.33211725588001e-6	0.00021760513443127812	5.99873494563189e-9	0.45834589950342364
4.42368	2.526575833732606e-6	3.861648185559287e-6	0.00019621493117480548	5.837953152132799e-9	0.4757446574750345
4.5875200000000005	2.271850952879593e-6	3.4582952206835116e-6	0.00017748385882722817	5.692275241780895e-9	0.4931433613157294
4.75136	2.0498571777424054e-6	3.1096670597934815e-6	0.00016099694299179126	5.557893325668779e-9	0.5105420171413758
4.9152000000000005	1.855334375151619e-6	2.80623799766012e-6	0.0001464222401921221	5.432250739684016e-9	0.527940628328321
5.07904	1.6840491188616813e-6	2.5405575995228577e-6	0.0001334874578003887	5.3135748030422625e-9	0.5453391995972172
5.24288	1.5325633179708242e-6	2.3067064502941137e-6	0.00012196756210755304	5.200601300265544e-9	0.562737733696386
5.57056	1.2851739542421552e-6	1.926725658328905e-6	0.00010300473839613833	4.989453789817374e-9	0.5975346689335619
5.89824	1.0861460344026445e-6	1.6228025075720132e-6	8.760071897017592e-5	4.792302872231918e-9	0.6323314902588089
6.22592	9.244062214931685e-7	1.377095112861815e-6	7.497325707240903e-5	4.6063782857256286e-9	0.6671282194795171
6.5536	7.919006464564217e-7	1.1766609005697427e-6	6.455892430779973e-5	4.429908993835086e-9	0.7019248662467249
6.88128	6.826274388192842e-7	1.0119115014773555e-6	5.592652541510972e-5	4.261692583586162e-9	0.7367214441435092
7.20896	5.92036636555784e-7	8.75669358468214e-7	4.874070263702983e-5	4.100875203097487e-9	0.7715179600521649
7.53664	5.166072101890445e-7	7.624494890195405e-7	4.2737151929381295e-5	3.94682212477564e-9	0.8063144232990923
7.864320000000001	4.535689304229324e-7	6.679784158775542e-7	3.770516536338557e-5	3.799040893630345e-9	0.8411108388075008
8.192	4.007143248750623e-7	5.888750259124761e-7	3.3475127870827405e-5	3.6571343521044504e-9	0.8759072130948901
8.519680000000001	3.5626648971281525e-7	5.224319617588442e-7	2.9909403083643708e-5	3.520771102382061e-9	0.9107035496900446
8.84736	3.18783403864475e-7	4.664608443171932e-7	2.6895567620773825e-5	3.389666372970823e-9	0.9454998532183195
9.175040000000001	2.8708706678529e-7	4.191794708272872e-7	2.4341302484338527e-5	3.263569390510807e-9	0.9802961262159755
9.50272	2.602100280673975e-7	3.791277224958981e-7	2.2170472668193132e-5	3.1422548420655887e-9	1.0150923720082103
9.830400000000001	2.3735435621266355e-7	3.451036233916897e-7	2.0320075043671904e-5	3.0255170363880453e-9	1.0498885924309038
10.15808	2.178596901211007e-7	3.1611392984125703e-7	1.873783110424463e-5	2.9131658180938803e-9	1.0846847899091678
10.48576	2.0117803607829282e-7	2.9133539104464205e-7	1.7380267384250825e-5	2.8050236873910823e-9	1.1194809657819764
11.14112	1.7556823449248862e-7	2.5332842195962665e-7	1.5286609460799962e-5	2.602200341302695e-9	1.189073235665314
11.79648	1.5610757830084552e-7	2.2455246029278635e-7	1.3684814947655786e-5	2.4141694410011228e-9	1.258665434443319
12.45184	1.4102265629687618e-7	2.023306565096152e-7	1.2433524699930314e-5	2.239762327759978e-9	1.3282575726722037
13.1072	1.2910690026750486e-7	1.8484061099464686e-7	1.1437052250667998e-5	2.0779759390427428e-9	1.3978496533830025
13.76256	1.1950293572379067e-7	1.7079499399988601e-7	1.0627011962909726e-5	1.927889210034835e-9	1.467441682470883
14.41792	1.1159651931675646e-7	1.5927480814844127e-7	9.954282003251725e-6	1.7886514011126775e-9	1.5370336619136948
15.07328	1.0494616413225216e-7	1.4962043628310767e-7	9.383517888993512e-6	1.6594753797461952e-9	1.6066255957480604
15.728640000000002	9.923393484267773e-8	1.41357133989597e-7	8.889245779260477e-6	1.5396321852210079e-9	1.676217485472367
16.384	9.423043453810124e-8	1.3414250599438694e-7	8.453069223780022e-6	1.4284463189243597e-9	1.745809334043617
17.039360000000002	8.97697704614084e-8	1.277290540701598e-7	8.061669771642683e-6	1.325291590070198e-9	1.8154011427280858
17.69472	8.573162883081623e-8	1.2193737959445094e-7	7.70537470391192e-6	1.229587363574763e-9	1.8849929138244537
18.350080000000002	8.202843097207244e-8	1.1663698681097461e-7	7.377130498849004e-6	1.1407951580828182e-9	1.954584648480426
19.00544	7.859612584586374e-8	1.1173252279516496e-7	7.07176676869625e-6	1.0584155235551512e-9	2.0241763485710402
19.660800000000002	7.53875868532462e-8	1.0715391015037744e-7	6.785468304249015e-6	9.819851768795768e-10	2.0937680151735316
20.31616	7.236787471823667e-8	1.0284926873821308e-7	6.515396260247507e-6	9.110743558842381e-10	2.1633596498741223
20.97152	6.951083803087433e-8	9.87798364598741e-8	6.259416275218139e-6	8.452843790916776e-10	2.232951253697259
22.28224	6.429627219491007e-8	9.135911867128413e-8	5.791149760284559e-6	7.292725042788609e-10	2.3721343467914147
23.59296	5.952844881701417e-8	8.457890794537345e-8	5.36248610506317e-6	6.292608807224827e-10	2.511317330321052
24.90368	5.5142909563903404e-8	7.83448055252935e-8	4.967854424934147e-6	5.429685797830682e-10	2.6505002148057444
26.2144	5.109639379637951e-8	7.259397610049041e-8	4.603541349708079e-6	4.685101401791907e-10	2.789683006557862
27.52512	4.7355767830256096e-8	6.727861479696899e-8	4.2666636045701885e-6	4.0426251652857135e-10	2.928865712954456
28.83584	4.389404977873218e-8	6.235999026585271e-8	3.954845917663731e-6	3.4882542359019396e-10	3.068048339681781
30.14656	4.068828448861497e-8	5.7805270610588875e-8	3.666050883312304e-6	3.0099061736896417e-10	3.2072308928842514
31.457280000000004	3.7718334173523316e-8	5.3585724373645456e-8	3.3984812198032705e-6	2.597155518806778e-10	3.3464133776198333
32.768	3.496616677104664e-8	4.967566576306129e-8	3.1505217739555974e-6	2.241006540218706e-10	3.4855957990755098
34.078720000000004	3.241542166313331e-8	4.605181357673964e-8	2.9207037760979674e-6	1.933697164531476e-10	3.6247781616865837
35.38944	3.0051131792301504e-8	4.2692883086521725e-8	2.707681675045575e-6	1.668529788213747e-10	3.7639604698653466
36.700160000000004	2.7859535136722735e-8	3.9579310816713263e-8	2.510217189665767e-6	1.4397252975380121e-10	3.90314272746816
38.01088	2.5827938255106645e-8	3.669305658952763e-8	2.3271675895730982e-6	1.2422971060805165e-10	4.042324938265411
39.321600000000004	2.394461107257946e-8	3.401745177325216e-8	2.157476535165255e-6	1.0719424690020051e-10	4.181507105593075
40.63232	2.219870119338187e-8	3.1537076281613194e-8	2.0001665351697054e-6	9.249487015432033e-11	4.320689232681845
41.94304	2.0580161085236897e-8	2.923765441813229e-8	1.8543324854822537e-6	7.981122596261863e-11	4.459871322408697
44.56448	1.7764684496594747e-8	2.523807347197803e-8	1.600595367621814e-6	5.993060320220011e-11	4.7382353708171925
47.18592	1.533776139766942e-8	2.17901695367395e-8	1.381933936828583e-6	4.5024667096331175e-11	5.0165993013644306
49.80736	1.3242693152027003e-8	1.8813722104948096e-8	1.1931693969967448e-6	3.382715940105174e-11	5.294963132095801
52.4288	1.1433879748745816e-8	1.624396048680059e-8	1.0301954787026621e-6	2.5414514085458392e-11	5.5733268762618335
55.05024	9.872178579033461e-9	1.4025269988521155e-8	8.894861786309805e-7	1.909407710095899e-11	5.8516905461282525
57.67168	8.52381778998172e-9	1.2109670317766704e-8	7.679987530933026e-7	1.4345512805733459e-11	6.130054151467634
60.29312	7.359644965008846e-9	1.0455744690702343e-8	6.631066097899131e-7	1.0777896904474746e-11	6.408417701464946
62.91456000000001	6.354493564615032e-9	9.027739126704369e-9	5.725422696419945e-7	8.097529022046879e-12	6.686781203360447
65.536	5.486637277896514e-9	7.794787196729677e-9	4.943482090851602e-7	6.0837525350654355e-12	6.965144664041562
68.15744000000001	4.737319302871821e-9	6.730241258618827e-9	4.268344512123668e-7	4.57078826977856e-12	7.243508088865057
70.77888	4.090346168934531e-9	5.811095392457393e-9	3.685419711523274e-7	3.4340862851037634e-12	7.521871483000683
73.40032000000001	3.5317372086560063e-9	5.017487400367684e-9	3.182111148210041e-7	2.5800720557756464e-12	7.800234850406169
76.02176	3.0494220245856204e-9	4.3322689951686424e-9	2.7475434157772943e-7	1.9384428346044215e-12	8.078598194966087
78.64320000000001	2.632979362061291e-9	3.740634815866376e-9	2.3723269729516388e-7	1.456379945826274e-12	8.356961519600032
81.26464	2.2734117072488265e-9	3.229802198911328e-9	2.048355060665174e-7	1.094200501061818e-12	8.635324827230288
83.88608	1.962950715067625e-9	2.788734749929432e-9	1.7686283956427518e-7	8.220905455904007e-13	8.913688120006832
89.12896	1.4854472760060518e-9	2.110412358295465e-9	1.338298200513968e-7	4.780341477375302e-13	9.470414652733583
94.37184	1.125145770809833e-9	1.5985206698403619e-9	1.01369563641295e-7	2.7853015247228746e-13	10.027141147544128
99.61472	8.52302544273806e-10	1.2108851644851578e-9	7.678795597349279e-8	1.6231001082260058e-13	10.583867616204877
104.8576	6.45628349357242e-10	9.172584542858885e-10	5.816771381560629e-8	9.45852808282814e-14	11.140594063749141
110.10048	4.890720352531039e-10	6.948354085892596e-10	4.406281959439713e-8	5.5119251371049264e-14	11.697320496646004
115.34336	3.704795646434276e-10	5.263484523201708e-10	3.33782647864033e-8	3.21206496899803e-14	12.254046917443874
120.58624	2.8064466012646335e-10	3.987180157371982e-10	2.528461360437403e-8	1.8718307287015274e-14	12.810773330080325
125.82912000000002	2.12593675774105e-10	3.0203648127398885e-10	1.915357803190589e-8	1.0908123910519225e-14	13.36749973578635
131.072	1.6104412079158788e-10	2.2879889469907442e-10	1.450923391421558e-8	6.356744962674873e-15	13.924226136990658
136.31488000000002	1.2199452393263664e-10	1.7332027575233983e-10	1.0991070025713672e-8	3.704424455725927e-15	14.480952534227233
141.55776	9.241376953131084e-11	1.3129425052472738e-10	8.325998953388989e-9	2.1587776954044837e-15	15.037678929015911
146.80064000000002	7.000577786694868e-11	9.945872735391599e-11	6.307156083318962e-9	1.2580454191572893e-15	15.59440532153459
152.04352	5.303125516800461e-11	7.534265294175657e-11	4.777840241729247e-9	7.33138339308538e-16	16.151131712749468
157.28640000000001	4.017267213531029e-11	5.707418424224538e-11	3.619348989228423e-9	4.2724476287439107e-16	16.70785810266681
162.52928	3.043198655798304e-11	4.323538065756306e-11	2.7417639771736634e-9	2.4898246525973926e-16	17.26458449191118
167.77216	2.305316900346966e-11	3.275213453046628e-11	2.0769709272399034e-9	1.4509818120020033e-16	17.821310880414767
178.25792	1.3860834832707831e-11	1.9693568674884845e-11	1.2485995428065957e-9	5.4073953024249557e-17	18.934763651400388
188.74368	8.366433443991669e-12	1.1887015540573398e-11	7.536727860945039e-10	2.031632302362433e-17	20.048216420869906
199.22944	5.051838321932776e-12	7.177633490136387e-12	4.5508562397081467e-10	7.638402453445405e-18	21.161669191308107
209.7152	3.0505118247700247e-12	4.334155696847503e-12	2.7479983325785006e-10	2.8720071315622134e-18	22.275121961366736
220.20096	1.8420333955008563e-12	2.6171540891580463e-12	1.6593624569377416e-10	1.0798685749461208e-18	23.388574732154243
230.68672	1.1123022150246308e-12	1.580354779112207e-12	1.0019973356021764e-10	4.0602886573329833e-19	24.50202750282229
241.17248	6.71658593715444e-13	9.54289985577492e-13	6.050515032920606e-11	1.5266641768480368e-19	25.61548027396762
251.65824000000003	4.055784273400459e-13	5.762442911510424e-13	3.653579982376837e-11	5.740250204755509e-20	26.72893304508006
262.144	2.4490724549453576e-13	3.479632843036834e-13	2.2062026889047786e-11	2.158335297241963e-20	27.84238581648789
272.62976000000003	1.4788664198587005e-13	2.1011677867346583e-13	1.3322101148441443e-11	8.115361033582965e-21	28.955838587889847
283.11552	8.930109713211059e-14	1.268786589502076e-13	8.044528164663806e-12	3.0513896029133308e-21	30.06929135946917
293.60128000000003	5.3924382222101105e-14	7.661555686062074e-14	4.857680678892012e-12	1.1473301280550628e-21	31.182744131049855
304.08704	3.256222697708246e-14	4.626428796568803e-14	2.933309481614455e-12	4.31399935643364e-22	32.296196902735176
314.57280000000003	1.9662718229994273e-14	2.7936715062551716e-14	1.7712805119548201e-12	1.6220816552053953e-22	33.40964967442301
325.05856	1.1873357467193738e-14	1.686962097934295e-14	1.0695899987204137e-12	6.099107884984728e-23	34.52310244617194
335.54432	7.169750706887702e-15	1.0186754433985564e-14	6.458740664537162e-13	2.2933000836313147e-23	35.63655521792293
356.51584	2.9540332405383473e-15	4.197622206672968e-15	2.660218459751973e-13	4.135194223700573e-24	37.86346076120388
377.48736	1.2370225523463087e-15	1.7577501794060136e-15	1.1140498353545833e-13	7.708282401303153e-25	40.0903663044729
398.45888	5.191199828204523e-16	7.376414158796199e-16	4.675185650126474e-14	1.442887913363341e-25	42.31727184788024
419.4304	2.179073783828072e-16	3.0963448629533884e-16	1.962471831487438e-14	2.7022661888517973e-26	44.54417739129439
440.40192	9.147198444336475e-17	1.2997669475793268e-16	8.237958760369023e-15	5.061122308505497e-27	46.77108293475957
461.37344	3.839760675633692e-17	5.456090343815704e-17	3.45808488474888e-15	9.479058900564309e-28	48.99798847822731
482.34496	1.6118290869632777e-17	2.2903212028599894e-17	1.451611704315623e-15	1.775338430493848e-28	51.22489402171368
503.31648000000007	6.766011498609947e-18	9.614133400936273e-18	6.093463104161271e-16	3.3250250153634054e-29	53.45179956520098
524.288	2.8401781466966676e-18	4.0357383388826525e-18	2.557861467097709e-16	6.227402139222532e-30	55.67870510869508
545.2595200000001	1.1922235317676848e-18	1.694084678809405e-18	1.0737152285943919e-16	1.1663192538274488e-30	57.90561065218951
566.23104	5.004597652793638e-19	7.111260675751019e-19	4.50713511290327e-17	2.1843727282993172e-31	60.132516195686435
587.2025600000001	2.1007777201402883e-19	2.985090752501988e-19	1.891958035804981e-17	4.0910518971682404e-32	62.35942173918349
608.17408	8.818415518639066e-20	1.2530488433864341e-19	7.941854805223457e-18	7.66200275910059e-33	64.58632728268144
629.1456000000001	3.7016945909553224e-20	5.259906576124733e-20	3.333741772068257e-18	1.4349897209514061e-33	66.81323282617943
650.11712	1.5538540184603528e-20	2.2079420270290387e-20	1.3993990552324724e-18	2.687537408750646e-34	69.04013836967775
671.08864	6.522580952021067e-21	9.268232786993585e-21	5.874228390519188e-19	5.033377926833855e-35	71.2670439131761
713.03168	1.4478606726864308e-21	2.0579423196446716e-21	1.3029541990569692e-19	2.793360200739159e-36	75.72085500017258
754.97472	3.4378466394582196e-22	4.886143964874648e-22	3.094323079456648e-20	1.7769500024124135e-37	80.17466608716903
796.91776	8.301736664321427e-23	1.1798834524901274e-22	7.472567556285703e-21	1.1688453147174138e-38	84.6284771741657
838.8608	2.0125971280532594e-23	2.860390377657736e-23	1.8115993622762443e-21	7.74845461922925e-40	89.08228826116236
880.80384	4.8835358833049366e-24	6.940687576416409e-24	4.3958277929665435e-22	5.145713825552867e-41	93.53609934815906
922.74688	1.1852229891105854e-24	1.6844886973038898e-24	1.0668578786934731e-22	3.418621451033078e-42	97.98991043515575
964.68992	2.876637413583825e-25	4.0883977907450347e-25	2.5893554193313873e-23	2.2714064920150125e-43	102.44372152215246
1006.6329600000001	6.981905438777145e-26	9.922976963966295e-26	6.2846414433210116e-24	1.5091981111713178e-44	106.89753260914915
1048.576	1.6945839955377373e-26	2.4084138960513646e-26	1.525350451897805e-24	1.0027629501126555e-45	111.35134369614586
1090.5190400000001	4.1129345774852185e-27	5.8454752921946615e-27	3.7021867906647647e-25	6.662687996506439e-47	115.80515478314257
1132.46208	9.982514316216027e-28	1.4187568556864132e-27	8.985587097439001e-26	4.426898799669429e-48	120.25896587013928
1174.4051200000001	2.4228555858767436e-28	3.4434641331443676e-28	2.180891383965128e-26	2.941363123846678e-49	124.71277695713599
1216.34816	5.880504608944935e-29	8.357620230587896e-29	5.293234013459393e-27	1.9543245342333212e-50	129.1665880441327
1258.2912000000001	1.427253684534078e-29	2.0284729197658232e-29	1.2847175742773192e-27	1.2985054585073589e-51	133.62039913112943
1300.23424	3.464075062916017e-30	4.923289097712222e-30	3.118126852220712e-28	8.627599731961864e-53	138.07421021812615
1342.17728	8.407618300615867e-31	1.1949260633583714e-30	7.567971104486998e-29	5.732385166088596e-54	142.52802130512285
1426.06336	3.879967566289961e-32	5.52007912858751e-32	3.4824842904816516e-30	1.5353448734849357e-56	151.4356434791162
1509.94944	4.711916047304707e-34	6.730593843430343e-34	4.1835434276492736e-32	2.8017198313510166e-60	160.3432656531096
1593.83552	-1.9662016085489215e-34	-2.793476652708999e-34	-1.7717786923169018e-32	6.354121270165993e-61	169.25088782710299
1677.7216	-3.594391209203341e-35	-5.109128330888301e-35	-3.234653270940736e-33	2.677885588338167e-62	178.15851000109637
1761.60768	-4.569111473499115e-36	-6.495525316817677e-36	-4.110156937530882e-34	5.4670539564727945e-64	187.06613217508973
1845.49376	-5.032892283249668e-37	-7.1553553288075785e-37	-4.5264245714671206e-35	8.383920471611274e-66	195.9737543490831
1929.37984	-5.111944068087799e-38	-7.268073895938637e-38	-4.5969248313754084e-36	1.0933807469972597e-67	204.8813765230765
2013.2659200000003	-4.9146841503210774e-39	-6.987842584299541e-39	-4.419122746837737e-37	1.277640898478322e-69	213.7889986970699
2097.152	-4.5315613455470295e-40	-6.44327626582519e-40	-4.074325108637407e-38	1.373245253581201e-71	222.6966208710633
2181.0380800000003	-4.0358221830961235e-41	-5.738530994912609e-41	-3.6283710983782954e-39	1.3770833369813576e-73	231.60424304505668
2264.92416	-3.48490546700806e-42	-4.955286287307918e-42	-3.13288726474976e-40	1.2981546907019159e-75	240.51186521905007
2348.8102400000002	-2.9222125605976066e-43	-4.1552618009688105e-43	-2.626879984112379e-41	1.1540309806388079e-77	249.41948739304345
2432.69632	-2.3790560652571945e-44	-3.38298780869679e-44	-2.13848804000131e-42	9.670540632823885e-80	258.32710956703687
2516.5824000000002	-1.8766383205238966e-45	-2.66861819538236e-45	-1.68676179234182e-43	7.607548221983118e-82	267.23473174103026
2600.46848	-1.4279530376267335e-46	-2.0306342567373267e-46	-1.2833730635363886e-44	5.5685631277658485e-84	276.14235391502365
2684.35456	-1.0395383256139754e-47	-1.4783372689812995e-47	-9.341912832415526e-46	3.73086071417832e-86	285.04997608901704
2852.12672	4.984057936147329e-48	7.093424002702851e-48	4.4721698665092764e-46	1.339221401916522e-86	302.86522043700387
3019.89888	4.399586885785242e-49	6.258277269952329e-49	3.952202409213224e-47	1.6360596632587705e-88	320.68046478499065
3187.67104	2.0348485227085172e-50	2.8934238224104313e-50	1.8292526182120992e-48	5.481967994471185e-91	338.4957091329774
3355.4432	2.8322072597324996e-52	4.020280350037471e-52	2.554751287918021e-50	1.6724470809679053e-94	356.31095348096426
3523.21536	-4.0734084585914046e-53	-5.797813840718747e-53	-3.6547045345565394e-51	5.35334870947032e-96	374.12619782895104
3690.98752	-4.2224150846153255e-54	-6.006484056082398e-54	-3.7926846943742684e-52	9.017378860874649e-98	391.9414421769378
3858.75968	-2.1755216065142836e-55	-3.093695284913938e-55	-1.9554107542230978e-53	3.749114346211144e-100	409.75668652492465
4026.5318400000006	-4.5392874224208054e-57	-6.448773344186523e-57	-4.087943185343101e-55	2.5628798087586067e-103	427.5719308729114
4194.304	3.118440819583113e-58	4.439733769640641e-58	2.7964461078529883e-56	1.8758464892884095e-105	445.3871752208982
4362.0761600000005	3.977178601115816e-59	5.657979725004322e-59	3.571967060315213e-57	4.787018729191117e-107	463.202419568885
4529.84832	2.274786998535832e-60	3.2350688322605797e-60	2.0443648243441044e-58	2.4526347959162656e-109	481.01766391687175
4697.6204800000005	6.121688915933832e-62	8.700036715254844e-62	5.508971139648229e-60	2.7856267860505315e-112	498.83290826485853
4865.39264	-2.135457110821566e-63	-3.041725516880868e-63	-1.9131160878466176e-61	5.254488342548149e-115	516.6481526128454
5033.1648000000005	-3.669864694936483e-64	-5.221153118627672e-64	-3.295509400058822e-62	2.438702056657863e-116	534.4633969608321
5200.93696	-2.332058995796662e-65	-3.3167163058346924e-65	-2.0955861240699206e-63	1.5423769028275653e-118	552.2786413088188
5368.70912	-7.555459215103689e-67	-1.0740003529021238e-66	-6.796325382068306e-65	2.5374276074922466e-121	570.0938856568055
5704.25344	3.771523108273132e-67	5.3870969858870984e-67	3.354567557328001e-65	1.4145679493710673e-121	605.7243743527789
6039.79776	1.4220150434772529e-68	2.0258703349145197e-68	1.2727942795364058e-66	4.63509048808829e-124	641.3548630487523
6375.34208	7.945901020712177e-71	1.1168732054755068e-70	7.323881296374371e-69	3.4916803600566946e-128	676.9853517447258
6710.8864	-1.3301714723727081e-71	-1.900070352754046e-71	-1.1832745745203746e-69	2.0735710635388563e-129	712.6158404406993
7046.43072	-5.6450010604128566e-73	-8.043020912351377e-73	-5.050496530446261e-71	8.594307355186469e-132	748.2463291366728
7381.97504	-5.033360668820912e-75	-7.116865401559806e-75	-4.5804712177384526e-73	1.608265799889385e-135	783.8768178326461
7717.51936	4.611550129180115e-76	6.590059849149323e-76	4.098353252498773e-74	2.9292137489918987e-137	819.5073065286196
8053.063680000001	2.215612878695964e-77	3.1575638515226225e-77	1.981219246549981e-75	1.5573711945895814e-139	855.137795224593
8388.608	2.6669394537251172e-79	3.780403966851641e-79	2.413548671205835e-77	5.25816195800047e-143	890.7682839205664
8724.152320000001	-1.5634549995492163e-80	-2.235407655058364e-80	-1.3878027815135175e-78	3.955233423622673e-145	926.3987726165398
9059.69664	-8.601615551759122e-82	-1.226130956026656e-81	-7.687707286900015e-80	2.7612457810903325e-147	962.0292613125132
9395.240960000001	-1.292852734830902e-83	-1.835250413983714e-83	-1.1663130421302998e-81	1.4458939046177961e-150	997.6597500084866
9730.78528	5.151657362880034e-85	7.37085111807791e-85	4.565705823513234e-83	5.041001068749781e-153	1033.29023870446
10066.329600000001	3.304204170374524e-86	4.711077877596731e-86	2.951658762182631e-84	4.793227133234938e-155	1068.9207274004334
10401.87392	5.935696985285415e-88	8.43384236519403e-88	5.343566533465313e-86	3.573986694722777e-158	1104.5512160964067
10737.41824	-1.633288944501349e-89	-2.339118031030535e-89	-1.44433783040127e-87	5.940497772966992e-161	1140.1817047923803
11408.50688	-9.772022038520242e-90	-1.4094652190596253e-89	-8.485681675967497e-88	8.808261100361949e-161	1211.4426821843272
12079.59552	-1.2333790443486172e-91	-1.7618481686994345e-91	-1.097248312042908e-89	6.190589525177409e-164	1282.7036595762743
12750.68416	1.409448092387925e-93	2.0528966852223165e-93	1.1989737775857424e-91	3.0996437510393253e-167	1353.9646369682212
13421.7728	5.792034386905639e-95	8.320325897526744e-95	5.08320065838459e-93	2.33573857020618e-169	1425.2256143601683
14092.86144	3.35523754904874e-97	4.732478721060925e-97	3.062708781534953e-95	3.5547260216604016e-173	1496.4865917521154
14763.95008	-1.3781162144702412e-98	-1.9912633818922664e-98	-1.1936195849677589e-96	2.263446621479428e-175	1567.7475691440625
15435.03872	-2.917996507958777e-100	-4.17979092650099e-100	-2.5768284269322295e-98	4.4223478829937013e-178	1639.0085465360096
16106.127360000002	4.220218739641566e-103	6.588990386808336e-103	2.9883745738566796e-101	2.4934201197118473e-183	1710.2695239279567
16777.216	9.790662426532399e-104	1.409764326838197e-103	8.546414052414654e-102	8.549421878725831e-184	1781.5305013199038
17448.304640000002	1.1863397646550734e-105	1.6920307564060963e-105	1.0575539058117309e-103	5.48804180852929e-187	1852.791478711851
18119.39328	-1.4950606474552896e-107	-2.1745690071894277e-107	-1.2754325120953428e-105	3.346346018047966e-190	1924.052456103798
18790.481920000002	-5.764449180802699e-109	-8.278523950312678e-109	-5.061401452117314e-107	2.2092300630670293e-192	1995.3134334957451
19461.57056	-3.0451993344778136e-111	-4.286530235926949e-111	-2.791635962925047e-109	2.817477376200462e-196	2066.574410887692
20132.659200000002	1.4112790772261483e-112	2.0384845365344155e-112	1.2232720462615047e-110	2.2679447291681553e-198	2137.835388279639
20803.74784	2.8646847022751155e-114	4.102413537201465e-114	2.5311303971436656e-112	4.070604393830896e-201	2209.096365671586
21474.83648	-5.9870129754748124e-117	-9.125004012271371e-117	-4.541465100434794e-115	5.493704749593138e-206	2280.3573430635333
22817.01376	-7.290001094762104e-117	-1.0938802700730648e-116	-5.727395721753389e-115	1.0285355257267966e-204	2422.8792978474276
24159.19104	-2.7621032106088757e-119	-3.979761641413235e-119	-2.4139401163307107e-117	1.966675559490297e-208	2565.4012526313218
25501.36832	3.2850947449969033e-121	4.983218205287114e-121	2.564771228815835e-119	2.349043581423022e-211	2707.923207415216
26843.5456	3.14327981536635e-123	4.6018251661339524e-123	2.638189530074005e-121	2.6213936005695183e-214	2850.44516219911
28185.72288	-7.259394760622219e-126	-1.1644669792888844e-125	-4.965716702125119e-124	9.789354122556669e-219	2992.9671169830044
29527.90016	-2.31214993826366e-127	-3.423816987233674e-127	-1.894028733398438e-125	1.5010177446436663e-220	3135.4890717668986
30870.07744	-5.34413477195114e-130	-7.357146153299603e-130	-4.995308351095445e-128	1.1004013038637278e-224	3278.011026550793
32212.254720000004	1.2422481436331283e-131	1.8628385732747013e-131	9.911580751816874e-130	4.565880269484393e-227	3420.532981334687
33554.432	8.754950681499029e-134	1.2712033615355418e-133	7.450669358279696e-132	2.719199889323038e-230	3563.0549361185813
34896.609280000004	-4.140875674922114e-136	-6.388224986269912e-136	-3.103592385657057e-134	4.972693971171599e-234	3705.5768909024755
36238.78656	-7.359691674602015e-138	-1.0848171696615e-137	-6.0821637417092585e-136	2.0127526555598388e-236	3848.0988456863697
37580.963840000004	-5.326329115078962e-141	-6.039348989403483e-141	-6.430166338856217e-139	2.3709938152247547e-241	3990.620800470264
38923.14112	4.4580239754860566e-142	6.649170147999283e-142	3.5968102814663697e-140	7.8186699533993e-243	4133.142755254158
40265.318400000004	2.259402750099138e-144	3.248598127182828e-144	1.9587632655206106e-142	2.4438443003989705e-246	4275.664710038052
41607.49568	-1.8661735286029696e-146	-2.835664166899127e-146	-1.4471522554195898e-144	1.4058853203745066e-249	4418.186664821947
42949.67296	-2.242828971889251e-148	-3.290435200381413e-148	-1.8708683465637424e-146	2.4763938219409764e-252	4560.708619605841
45634.02752	-1.5826565792550348e-149	-2.7412514105306252e-149	-6.993925997317648e-148	2.9081373873369424e-253	4845.752529173629
48318.38208	-6.012673642215831e-153	-8.94548482336264e-153	-5.233531475595082e-151	1.0652990747407303e-257	5130.796438741418
51002.73664	9.431070121731897e-155	1.919369545671175e-154	3.448667906308824e-153	2.5355676166360352e-260	5415.840348309206
53687.0912	1.02908978176063e-157	1.6797920514926737e-157	6.853959066751933e-156	4.944152498459748e-264	5700.8842578769945
56371.44576	-5.2042092807463775e-160	-1.2263931632911092e-159	-1.7207966173554033e-158	1.4555373963878753e-267	5985.928167444782
59055.80032	-1.1516501609971165e-162	-2.0118428145277516e-162	-6.824342396114686e-161	1.0400083999205183e-270	6270.9720770125705
61740.15488	2.414848995307462e-165	6.931497454003589e-165	5.70965157415805e-164	3.263502838516559e-275	6556.015986580359
64424.50944000001	1.060691258154329e-167	1.969495826959524e-167	5.762128752255606e-166	1.4805356196100205e-277	6841.059896148147
67108.864	-6.014746335587179e-171	-3.073223910539596e-170	1.7483184753775688e-169	6.053092885166005e-283	7126.103805715936
69793.21856000001	-8.448259825560558e-173	-1.6732142641658332e-172	-4.202190287370626e-171	1.5508025166554172e-284	7411.147715283724
72477.57312	-4.758432441711759e-176	5.189149544631971e-176	-5.775272109292537e-174	1.2981650095255639e-288	7696.191624851513
75161.92768000001	5.837309068316883e-178	1.2521129968276616e-177	2.5935220615588585e-176	1.1598694195093015e-291	7981.235534419301
77846.28224	9.945608248302552e-181	9.51212415014621e-181	7.147377126056185e-179	3.9021420290703974e-295	8266.279443987089
80530.63680000001	-3.3626920230884753e-183	-8.140469188048618e-183	-1.222391513556158e-181	5.055695093135685e-299	8551.323353554875
83214.99136	-1.1192359257947953e-185	-1.5953524210463802e-185	-6.744815425931026e-184	6.817683794759319e-302	8836.367263122662
85899.34592	1.3674124946539973e-188	4.315596546567469e-188	2.1916203298134902e-187	3.1882858637593512e-307	9121.411172690448
91268.05504	5.351378814811287e-189	1.9734379034526877e-188	-6.510561190118754e-188	1.4574286945611696e-306	9691.498991826023
96636.76416	-3.1750840235042823e-193	-3.6893662370087364e-194	-3.7302163079330877e-191	1.736449258378e-311	10261.586810961599
102005.47328	-8.033888890927922e-195	-4.799053210444548e-194	1.4907790446654295e-193	3.606982982e-314	10831.674630097175
107374.1824	1.071455712318606e-198	-5.57752007993217e-199	6.034191873258466e-197	1.89601e-318	11401.762449232752
112742.89152	1.4300660285843508e-200	1.2195690703361594e-199	-2.0706311624756075e-200	7.46e-322	11971.85026836833
118111.60064	-9.882618999082791e-205	6.460453055354239e-204	5.478453961004244e-203	0.0	12541.938087503906
123480.30976	-2.6748352059062327e-206	-3.118109000544376e-205	-8.66011422155589e-206	0.0	13112.025906639483
128849.01888000002	-4.5542574651267426e-211	-2.9452641722682106e-209	-1.4296952444124644e-208	0.0	13682.11372577506
134217.728	4.861300155355643e-212	7.939390972098273e-211	3.8477840283453263e-212	0.0	14252.201544910637
139586.43712000002	2.1908707970268874e-216	1.0265434211872917e-214	1.6027592010758638e-215	0.0	14822.289364046213
144955.14624	-8.753149276954327e-218	-2.01912682374253e-216	6.879724714054694e-219	0.0	15392.37718318179
150323.85536000002	-4.4020995749450806e-222	-3.2871772077426887e-220	1.5354092517647424e-220	0.0	15962.465002317367
155692.56448	1.5810926418649062e-223	5.1334980998638256e-222	3.06743225998435e-224	0.0	16532.552821452944
161061.27360000001	1.0716852905989453e-227	1.012823806222751e-225	-9.895038833623987e-227	0.0	17102.64064058852
166429.98272	-2.8490960187455324e-229	-1.304418611049354e-227	-2.707758673484685e-231	0.0	17672.728459724098
171798.69184	-2.713368064930456e-233	-3.031018121937482e-231	-7.85789769117888e-233	0.0	18242.816278859675
182536.11008	-9.986082130963183e-234	-1.2907515848718557e-231	-2.947454803984296e-233	0.0	19382.99191713083
193273.52832	-1.3240129148799289e-238	-1.8423081211984117e-236	-2.900324310148948e-237	0.0	20523.167555401982
204010.94656	9.024140322147662e-240	1.6440105978146e-237	2.0111925957149752e-240	0.0	21663.343193673132
214748.3648	2.171786013210948e-244	5.176965219771449e-242	-1.1368172659063776e-243	0.0	22803.518831944282
225485.78304	-8.110083511961798e-246	-2.093391076091001e-243	2.201971494076048e-246	0.0	23943.694470215436
236223.20128	-2.906910756589589e-250	-1.0200182615637032e-247	3.427195972057609e-250	0.0	25083.87010848659
246960.61952	7.311371361377557e-252	2.6650319597043353e-249	2.127952044718614e-253	0.0	26224.045746757743
257698.03776000004	3.537691339219276e-256	1.7584864223569783e-253	2.2863582537221813e-256	0.0	27364.221385028897
268435.456	-6.588980665402051e-258	-3.391975202389927e-255	-8.596117472770174e-260	0.0	28504.39702330005
279172.87424000003	-3.992236643246953e-262	-2.824402526442848e-259	8.698580326050151e-264	0.0	29644.572661571205
289910.29248	5.935932668476002e-264	4.316195683604087e-261	-2.0823108249672135e-266	0.0	30784.74829984236
300647.71072000003	4.32110788771072e-268	4.3414721688995045e-265	-1.999159721098258e-269	0.0	31924.923938113512
311385.12896	-5.346924847593787e-270	-5.4909538342428745e-267	7.575392941067324e-274	0.0	33065.099576384666
322122.54720000003	-4.5485203375197425e-274	-6.476429476863085e-271	-4.370256890947236e-276	0.0	34205.27521465582
332859.96544	4.815573009134189e-276	6.9838090856694636e-273	4.809715059938492e-280	0.0	35345.45085292697
343597.38368	4.688400930788939e-280	9.453304921332623e-277	8.070323494946863e-283	0.0	36485.62649119813
365072.22016	2.050620216817747e-280	4.1252986759971993e-277	-2.8867969634423167e-283	0.0	38765.977767740435
386547.05664	1.0385338262583484e-285	2.950731073853771e-282	-8.298883753583267e-288	0.0	41046.32904428274
408021.89312	-9.244245788039215e-287	-2.627390247652206e-283	-4.883302170379359e-291	0.0	43326.68032082505
429496.7296	-1.0317292569912997e-291	-4.142304117222364e-288	-1.4769519928020531e-294	0.0	45607.03159736734
450971.56608	4.1669834690207944e-293	1.673182002776979e-289	8.819007424415877e-298	0.0	47887.38287390964
472446.40256	7.191463681337884e-298	4.079485525573309e-294	-7.429856083103563e-302	0.0	50167.73415045194
493921.23904	-1.8781753452451845e-299	-1.0653962867703617e-295	9.563968584827816e-305	0.0	52448.08542699424
515396.0755200001	-4.3870402502229395e-304	-3.5160239980549303e-300	5.165239362149803e-309	0.0	54728.43670353654
536870.912	8.46476081245684e-306	6.783104893537557e-302	4.229866175947e-312	0.0	57008.78798007884
558345.7484800001	2.49381469329437e-310	2.823749007669872e-306	1.132485554e-315	0.0	59289.13925662114
579820.58496	-3.81467367814e-312	-4.318124919775779e-308	-3.786e-320	0.0	61569.49053316344
601295.4214400001	-1.3568276e-316	-2.170504856193e-312	8.4e-323	0.0	63849.841809705744
622770.25792	1.718953e-318	2.748597382e-314	0.0	0.0	66130.19308624805
644245.0944000001	7.0e-323	1.61924e-318	0.0	0.0	68410.54436279036
665719.93088	-0.0	-1.7495e-320	0.0	0.0	70690.89563933265
687194.76736	0.0	-0.0	0.0	0.0	72971.24691587496
730144.44032	0.0	-0.0	0.0	0.0	77531.94946895957
773094.11328	0.0	0.0	0.0	0.0	82092.65202204419
816043.78624	0.0	0.0	0.0	0.0	86653.3545751288
858993.4592	0.0	0.0	0.0	0.0	91214.05712821342
901943.13216	0.0	0.0	0.0	0.0	95774.75968129803
944892.80512	0.0	0.0	0.0	0.0	100335.46223438265
987842.47808	0.0	0.0	0.0	0.0	104896.16478746726
1.0307921510400001e6	0.0	0.0	0.0	0.0	109456.86734055188
1.073741824e6	0.0	0.0	0.0	0.0	114017.5698936365
1.1166914969600001e6	0.0	0.0	0.0	0.0	118578.27244672111
1.15964116992e6	0.0	0.0	0.0	0.0	123138.97499980572
1.2025908428800001e6	0.0	0.0	0.0	0.0	127699.67755289034
1.24554051584e6	0.0	0.0	0.0	0.0	132260.38010597497
1.2884901888000001e6	0.0	0.0	0.0	0.0	136821.08265905958
1.33143986176e6	0.0	0.0	0.0	0.0	141381.7852121442
1.37438953472e6	0.0	0.0	0.0	0.0	145942.48776522884
1.46028888064e6	0.0	0.0	0.0	0.0	155063.89287139807
1.54618822656e6	0.0	0.0	0.0	0.0	164185.2979775673
1.63208757248e6	0.0	0.0	0.0	0.0	173306.70308373653
1.7179869184e6	0.0	0.0	0.0	0.0	182428.10818990576
1.80388626432e6	0.0	0.0	0.0	0.0	191549.513296075
1.88978561024e6	0.0	0.0	0.0	0.0	200670.91840224422
1.97568495616e6	0.0	0.0	0.0	0.0	209792.32350841345
2.0615843020800003e6	0.0	0.0	0.0	0.0	218913.72861458268
2.147483648e6	0.0	0.0	0.0	0.0	228035.1337207519
2.2333829939200003e6	0.0	0.0	0.0	0.0	237156.53882692114
2.31928233984e6	0.0	0.0	0.0	0.0	246277.94393309037
2.4051816857600003e6	0.0	0.0	0.0	0.0	255399.3490392596
2.49108103168e6	0.0	0.0	0.0	0.0	264520.75414542883
2.5769803776000002e6	0.0	0.0	0.0	0.0	273642.15925159806
2.66287972352e6	0.0	0.0	0.0	0.0	282763.5643577673
2.74877906944e6	0.0	0.0	0.0	0.0	291884.9694639365
2.92057776128e6	0.0	0.0	0.0	0.0	310127.779676275
3.09237645312e6	0.0	0.0	0.0	0.0	328370.58988861344
3.26417514496e6	0.0	0.0	0.0	0.0	346613.4001009519
3.4359738368e6	0.0	0.0	0.0	0.0	364856.21031329036
3.60777252864e6	0.0	0.0	0.0	0.0	383099.0205256288
3.77957122048e6	0.0	0.0	0.0	0.0	401341.8307379673
3.95136991232e6	0.0	0.0	0.0	0.0	419584.64095030574
4.1231686041600006e6	0.0	0.0	0.0	0.0	437827.4511626442
4.294967296e6	0.0	0.0	0.0	0.0	456070.26137498266
4.466765987840001e6	0.0	0.0	0.0	0.0	474313.0715873211
4.63856467968e6	0.0	0.0	0.0	0.0	492555.8817996596
4.8103633715200005e6	0.0	0.0	0.0	0.0	510798.69201199804
4.98216206336e6	0.0	0.0	0.0	0.0	529041.5022243365
5.1539607552000005e6	0.0	0.0	0.0	0.0	547284.312436675
5.32575944704e6	0.0	0.0	0.0	0.0	565527.1226490133
5.49755813888e6	0.0	0.0	0.0	0.0	583769.9328613516
5.84115552256e6	0.0	0.0	0.0	0.0	620255.5532860284
6.18475290624e6	0.0	0.0	0.0	0.0	656741.1737107052
6.52835028992e6	0.0	0.0	0.0	0.0	693226.794135382
6.8719476736e6	0.0	0.0	0.0	0.0	729712.4145600589
7.21554505728e6	0.0	0.0	0.0	0.0	766198.0349847358
7.55914244096e6	0.0	0.0	0.0	0.0	802683.6554094127
7.90273982464e6	0.0	0.0	0.0	0.0	839169.2758340896
8.246337208320001e6	0.0	0.0	0.0	0.0	875654.8962587665
8.589934592e6	0.0	0.0	0.0	0.0	912140.5166834434
8.933531975680001e6	0.0	0.0	0.0	0.0	948626.1371081204
9.27712935936e6	0.0	0.0	0.0	0.0	985111.7575327972
9.620726743040001e6	0.0	0.0	0.0	0.0	1.0215973779574741e6
9.96432412672e6	0.0	0.0	0.0	0.0	1.058082998382151e6
1.0307921510400001e7	0.0	0.0	0.0	0.0	1.0945686188068278e6
1.065151889408e7	0.0	0.0	0.0	0.0	1.1310542392315047e6
1.099511627776e7	0.0	0.0	0.0	0.0	1.1675398596561817e6
1.168231104512e7	0.0	0.0	0.0	0.0	1.2405111005055355e6
1.236950581248e7	0.0	0.0	0.0	0.0	1.3134823413548893e6
1.305670057984e7	0.0	0.0	0.0	0.0	1.3864535822042432e6
1.37438953472e7	0.0	0.0	0.0	0.0	1.459424823053597e6
1.443109011456e7	0.0	0.0	0.0	0.0	1.5323960639029508e6
1.511828488192e7	0.0	0.0	0.0	0.0	1.6053673047523047e6
1.580547964928e7	0.0	0.0	0.0	0.0	1.6783385456016585e6
1.6492674416640002e7	0.0	0.0	0.0	0.0	1.7513097864510124e6
1.7179869184e7	0.0	0.0	0.0	0.0	1.8242810273003662e6
1.7867063951360002e7	0.0	0.0	0.0	0.0	1.89725226814972e6
1.855425871872e7	0.0	0.0	0.0	0.0	1.9702235089990739e6
1.9241453486080002e7	0.0	0.0	0.0	0.0	2.0431947498484277e6
1.992864825344e7	0.0	0.0	0.0	0.0	2.1161659906977816e6
2.0615843020800002e7	0.0	0.0	0.0	0.0	2.1891372315471354e6
2.130303778816e7	0.0	0.0	0.0	0.0	2.262108472396489e6
2.199023255552e7	0.0	0.0	0.0	0.0	2.335079713245843e6
2.336462209024e7	0.0	0.0	0.0	0.0	2.4810221949445503e6
2.473901162496e7	0.0	0.0	0.0	0.0	2.6269646766432575e6
2.611340115968e7	0.0	0.0	0.0	0.0	2.7729071583419647e6
2.74877906944e7	0.0	0.0	0.0	0.0	2.9188496400406724e6
2.886218022912e7	0.0	0.0	0.0	0.0	3.06479212173938e6
3.023656976384e7	0.0	0.0	0.0	0.0	3.2107346034380877e6
3.161095929856e7	0.0	0.0	0.0	0.0	3.3566770851367954e6
3.2985348833280005e7	0.0	0.0	0.0	0.0	3.502619566835503e6
3.4359738368e7	0.0	0.0	0.0	0.0	3.6485620485342103e6
3.5734127902720004e7	0.0	0.0	0.0	0.0	3.794504530232918e6
3.710851743744e7	0.0	0.0	0.0	0.0	3.9404470119316257e6
3.8482906972160004e7	0.0	0.0	0.0	0.0	4.0863894936303333e6
3.985729650688e7	0.0	0.0	0.0	0.0	4.232331975329041e6
4.1231686041600004e7	0.0	0.0	0.0	0.0	4.378274457027748e6
4.260607557632e7	0.0	0.0	0.0	0.0	4.524216938726456e6
4.398046511104e7	0.0	0.0	0.0	0.0	4.670159420425164e6
4.672924418048e7	0.0	0.0	0.0	0.0	4.962044383822579e6
4.947802324992e7	0.0	0.0	0.0	0.0	5.253929347219994e6
5.222680231936e7	0.0	0.0	0.0	0.0	5.54581431061741e6
5.49755813888e7	0.0	0.0	0.0	0.0	5.837699274014824e6
5.772436045824e7	0.0	0.0	0.0	0.0	6.129584237412239e6
6.047313952768e7	0.0	0.0	0.0	0.0	6.421469200809655e6
6.322191859712e7	0.0	0.0	0.0	0.0	6.71335416420707e6
6.597069766656001e7	0.0	0.0	0.0	0.0	7.0052391276044855e6
6.8719476736e7	0.0	0.0	0.0	0.0	7.297124091001901e6
7.146825580544001e7	0.0	0.0	0.0	0.0	7.589009054399316e6
7.421703487488e7	0.0	0.0	0.0	0.0	7.880894017796732e6
7.696581394432001e7	0.0	0.0	0.0	0.0	8.172778981194147e6
7.971459301376e7	0.0	0.0	0.0	0.0	8.464663944591561e6
8.246337208320001e7	0.0	0.0	0.0	0.0	8.756548907988975e6
8.521215115264e7	0.0	0.0	0.0	0.0	9.04843387138639e6
8.796093022208e7	0.0	0.0	0.0	0.0	9.340318834783806e6
9.345848836096e7	0.0	0.0	0.0	0.0	9.924088761578634e6
9.895604649984e7	0.0	0.0	0.0	0.0	1.0507858688373463e7
1.0445360463872e8	0.0	0.0	0.0	0.0	1.1091628615168294e7
1.099511627776e8	0.0	0.0	0.0	0.0	1.1675398541963125e7
1.1544872091648e8	0.0	0.0	0.0	0.0	1.2259168468757955e7
1.2094627905536e8	0.0	0.0	0.0	0.0	1.2842938395552786e7
1.2644383719424e8	0.0	0.0	0.0	0.0	1.3426708322347617e7
1.3194139533312002e8	0.0	0.0	0.0	0.0	1.4010478249142447e7
1.37438953472e8	0.0	0.0	0.0	0.0	1.4594248175937278e7
1.4293651161088002e8	0.0	0.0	0.0	0.0	1.5178018102732109e7
1.4843406974976e8	0.0	0.0	0.0	0.0	1.576178802952694e7
1.5393162788864002e8	0.0	0.0	0.0	0.0	1.634555795632177e7
1.5942918602752e8	0.0	0.0	0.0	0.0	1.6929327883116603e7
1.6492674416640002e8	0.0	0.0	0.0	0.0	1.7513097809911434e7
1.7042430230528e8	0.0	0.0	0.0	0.0	1.8096867736706264e7
1.7592186044416e8	0.0	0.0	0.0	0.0	1.8680637663501095e7
1.8691697672192e8	0.0	0.0	0.0	0.0	1.9848177517090753e7
1.9791209299968e8	0.0	0.0	0.0	0.0	2.1015717370680414e7
2.0890720927744e8	0.0	0.0	0.0	0.0	2.218325722427007e7
2.199023255552e8	0.0	0.0	0.0	0.0	2.3350797077859733e7
2.3089744183296e8	0.0	0.0	0.0	0.0	2.45183369314494e7
2.4189255811072e8	0.0	0.0	0.0	0.0	2.568587678503906e7
2.5288767438848e8	0.0	0.0	0.0	0.0	2.685341663862872e7
2.6388279066624004e8	0.0	0.0	0.0	0.0	2.802095649221838e7
2.74877906944e8	0.0	0.0	0.0	0.0	2.918849634580804e7
2.8587302322176003e8	0.0	0.0	0.0	0.0	3.03560361993977e7
2.9686813949952e8	0.0	0.0	0.0	0.0	3.1523576052987363e7
3.0786325577728003e8	0.0	0.0	0.0	0.0	3.2691115906577025e7
3.1885837205504e8	0.0	0.0	0.0	0.0	3.385865576016668e7
3.2985348833280003e8	0.0	0.0	0.0	0.0	3.502619561375634e7
3.4084860461056e8	0.0	0.0	0.0	0.0	3.6193735467346005e7
3.5184372088832e8	0.0	0.0	0.0	0.0	3.736127532093567e7
3.7383395344384e8	0.0	0.0	0.0	0.0	3.969635502811499e7
3.9582418599936e8	0.0	0.0	0.0	0.0	4.203143473529431e7
4.1781441855488e8	0.0	0.0	0.0	0.0	4.436651444247363e7
4.398046511104e8	0.0	0.0	0.0	0.0	4.670159414965295e7
4.6179488366592e8	0.0	0.0	0.0	0.0	4.903667385683227e7
4.8378511622144e8	0.0	0.0	0.0	0.0	5.1371753564011596e7
5.0577534877696e8	0.0	0.0	0.0	0.0	5.370683327119092e7
5.277655813324801e8	0.0	0.0	0.0	0.0	5.604191297837024e7
5.49755813888e8	0.0	0.0	0.0	0.0	5.8376992685549565e7
5.717460464435201e8	0.0	0.0	0.0	0.0	6.071207239272889e7
5.9373627899904e8	0.0	0.0	0.0	0.0	6.304715209990821e7
6.157265115545601e8	0.0	0.0	0.0	0.0	6.538223180708753e7
6.3771674411008e8	0.0	0.0	0.0	0.0	6.771731151426685e7
6.597069766656001e8	0.0	0.0	0.0	0.0	7.005239122144617e7
6.8169720922112e8	0.0	0.0	0.0	0.0	7.23874709286255e7
7.0368744177664e8	0.0	0.0	0.0	0.0	7.472255063580482e7
7.4766790688768e8	0.0	0.0	0.0	0.0	7.939271005016345e7
7.9164837199872e8	0.0	0.0	0.0	0.0	8.406286946452208e7
8.3562883710976e8	0.0	0.0	0.0	0.0	8.873302887888072e7
8.796093022208e8	0.0	0.0	0.0	0.0	9.340318829323937e7
9.2358976733184e8	0.0	0.0	0.0	0.0	9.807334770759802e7
9.6757023244288e8	0.0	0.0	0.0	0.0	1.0274350712195666e8
1.01155069755392e9	0.0	0.0	0.0	0.0	1.074136665363153e8
1.0555311626649601e9	0.0	0.0	0.0	0.0	1.1208382595067395e8
1.099511627776e9	0.0	0.0	0.0	0.0	1.167539853650326e8
1.1434920928870401e9	0.0	0.0	0.0	0.0	1.2142414477939124e8
1.18747255799808e9	0.0	0.0	0.0	0.0	1.2609430419374989e8
1.2314530231091201e9	0.0	0.0	0.0	0.0	1.3076446360810852e8
1.27543348822016e9	0.0	0.0	0.0	0.0	1.3543462302246717e8
1.3194139533312001e9	0.0	0.0	0.0	0.0	1.401047824368258e8
1.36339441844224e9	0.0	0.0	0.0	0.0	1.4477494185118446e8
1.40737488355328e9	0.0	0.0	0.0	0.0	1.494451012655431e8
1.49533581377536e9	0.0	0.0	0.0	0.0	1.587854200942604e8
1.58329674399744e9	0.0	0.0	0.0	0.0	1.681257389229777e8
1.67125767421952e9	0.0	0.0	0.0	0.0	1.7746605775169495e8
1.7592186044416e9	0.0	0.0	0.0	0.0	1.8680637658041224e8
1.84717953466368e9	0.0	0.0	0.0	0.0	1.9614669540912953e8
1.93514046488576e9	0.0	0.0	0.0	0.0	2.0548701423784682e8
2.02310139510784e9	0.0	0.0	0.0	0.0	2.148273330665641e8
2.1110623253299203e9	0.0	0.0	0.0	0.0	2.241676518952814e8
2.199023255552e9	0.0	0.0	0.0	0.0	2.335079707239987e8
2.2869841857740803e9	0.0	0.0	0.0	0.0	2.42848289552716e8
2.37494511599616e9	0.0	0.0	0.0	0.0	2.5218860838143328e8
2.4629060462182403e9	0.0	0.0	0.0	0.0	2.6152892721015057e8
2.55086697644032e9	0.0	0.0	0.0	0.0	2.7086924603886783e8
2.6388279066624002e9	0.0	0.0	0.0	0.0	2.802095648675851e8
2.72678883688448e9	0.0	0.0	0.0	0.0	2.895498836963024e8
2.81474976710656e9	0.0	0.0	0.0	0.0	2.988902025250197e8
2.99067162755072e9	0.0	0.0	0.0	0.0	3.175708401824542e8
3.16659348799488e9	0.0	0.0	0.0	0.0	3.3625147783988875e8
3.34251534843904e9	0.0	0.0	0.0	0.0	3.5493211549732333e8
3.5184372088832e9	0.0	0.0	0.0	0.0	3.736127531547579e8
3.69435906932736e9	0.0	0.0	0.0	0.0	3.922933908121925e8
3.87028092977152e9	0.0	0.0	0.0	0.0	4.109740284696271e8
4.04620279021568e9	0.0	0.0	0.0	0.0	4.2965466612706167e8
4.2221246506598406e9	0.0	0.0	0.0	0.0	4.4833530378449625e8
4.398046511104e9	0.0	0.0	0.0	0.0	4.6701594144193083e8
4.573968371548161e9	0.0	0.0	0.0	0.0	4.856965790993654e8
4.74989023199232e9	0.0	0.0	0.0	0.0	5.043772167568e8
4.9258120924364805e9	0.0	0.0	0.0	0.0	5.230578544142346e8
5.10173395288064e9	0.0	0.0	0.0	0.0	5.417384920716692e8
5.2776558133248005e9	0.0	0.0	0.0	0.0	5.604191297291038e8
5.45357767376896e9	0.0	0.0	0.0	0.0	5.790997673865384e8
5.62949953421312e9	0.0	0.0	0.0	0.0	5.97780405043973e8
5.98134325510144e9	0.0	0.0	0.0	0.0	6.351416803588421e8
6.33318697598976e9	0.0	0.0	0.0	0.0	6.725029556737113e8
6.68503069687808e9	0.0	0.0	0.0	0.0	7.098642309885805e8
7.0368744177664e9	0.0	0.0	0.0	0.0	7.472255063034496e8
7.38871813865472e9	0.0	0.0	0.0	0.0	7.845867816183188e8
7.74056185954304e9	0.0	0.0	0.0	0.0	8.21948056933188e8
8.09240558043136e9	0.0	0.0	0.0	0.0	8.593093322480571e8
8.444249301319681e9	0.0	0.0	0.0	0.0	8.966706075629263e8
8.796093022208e9	0.0	0.0	0.0	0.0	9.340318828777955e8
9.147936743096321e9	0.0	0.0	0.0	0.0	9.713931581926646e8
9.49978046398464e9	0.0	0.0	0.0	0.0	1.0087544335075338e9
9.851624184872961e9	0.0	0.0	0.0	0.0	1.046115708822403e9
1.020346790576128e10	0.0	0.0	0.0	0.0	1.0834769841372721e9
1.0555311626649601e10	0.0	0.0	0.0	0.0	1.1208382594521413e9
1.090715534753792e10	0.0	0.0	0.0	0.0	1.1581995347670102e9
1.125899906842624e10	0.0	0.0	0.0	0.0	1.1955608100818791e9
1.196268651020288e10	0.0	0.0	0.0	0.0	1.2702833607116172e9
1.266637395197952e10	0.0	0.0	0.0	0.0	1.3450059113413553e9
1.337006139375616e10	0.0	0.0	0.0	0.0	1.4197284619710937e9
1.40737488355328e10	0.0	0.0	0.0	0.0	1.494451012600832e9
1.477743627730944e10	0.0	0.0	0.0	0.0	1.5691735632305703e9
1.548112371908608e10	0.0	0.0	0.0	0.0	1.6438961138603084e9
1.618481116086272e10	0.0	0.0	0.0	0.0	1.7186186644900467e9
1.6888498602639362e10	0.0	0.0	0.0	0.0	1.793341215119785e9
1.7592186044416e10	0.0	0.0	0.0	0.0	1.8680637657495234e9
1.8295873486192642e10	0.0	0.0	0.0	0.0	1.9427863163792617e9
1.899956092796928e10	0.0	0.0	0.0	0.0	2.017508867009e9
1.9703248369745922e10	0.0	0.0	0.0	0.0	2.0922314176387384e9
2.040693581152256e10	0.0	0.0	0.0	0.0	2.166953968268477e9
2.1110623253299202e10	0.0	0.0	0.0	0.0	2.2416765188982153e9
2.181431069507584e10	0.0	0.0	0.0	0.0	2.3163990695279536e9
2.251799813685248e10	0.0	0.0	0.0	0.0	2.391121620157692e9
2.392537302040576e10	0.0	0.0	0.0	0.0	2.5405667214171686e9
2.533274790395904e10	0.0	0.0	0.0	0.0	2.6900118226766453e9
2.674012278751232e10	0.0	0.0	0.0	0.0	2.839456923936122e9
2.81474976710656e10	0.0	0.0	0.0	0.0	2.9889020251955986e9
2.955487255461888e10	0.0	0.0	0.0	0.0	3.1383471264550753e9
3.096224743817216e10	0.0	0.0	0.0	0.0	3.287792227714552e9
3.236962232172544e10	0.0	0.0	0.0	0.0	3.4372373289740286e9
3.3776997205278725e10	0.0	0.0	0.0	0.0	3.5866824302335052e9
3.5184372088832e10	0.0	0.0	0.0	0.0	3.736127531492982e9
3.6591746972385284e10	0.0	0.0	0.0	0.0	3.8855726327524586e9
3.799912185593856e10	0.0	0.0	0.0	0.0	4.035017734011935e9
3.9406496739491844e10	0.0	0.0	0.0	0.0	4.184462835271412e9
4.081387162304512e10	0.0	0.0	0.0	0.0	4.333907936530889e9
4.2221246506598404e10	0.0	0.0	0.0	0.0	4.483353037790365e9
4.362862139015168e10	0.0	0.0	0.0	0.0	4.632798139049842e9
4.503599627370496e10	0.0	0.0	0.0	0.0	4.782243240309319e9
4.785074604081152e10	0.0	0.0	0.0	0.0	5.081133442828272e9
5.066549580791808e10	0.0	0.0	0.0	0.0	5.380023645347225e9
5.348024557502464e10	0.0	0.0	0.0	0.0	5.678913847866178e9
5.62949953421312e10	0.0	0.0	0.0	0.0	5.977804050385131e9
5.910974510923776e10	0.0	0.0	0.0	0.0	6.276694252904084e9
6.192449487634432e10	0.0	0.0	0.0	0.0	6.575584455423038e9
6.473924464345088e10	0.0	0.0	0.0	0.0	6.874474657941991e9
6.755399441055745e10	0.0	0.0	0.0	0.0	7.173364860460944e9
7.0368744177664e10	0.0	0.0	0.0	0.0	7.4722550629798975e9
7.318349394477057e10	0.0	0.0	0.0	0.0	7.771145265498851e9
7.599824371187712e10	0.0	0.0	0.0	0.0	8.070035468017804e9
7.881299347898369e10	0.0	0.0	0.0	0.0	8.368925670536757e9
8.162774324609024e10	0.0	0.0	0.0	0.0	8.66781587305571e9
8.444249301319681e10	0.0	0.0	0.0	0.0	8.966706075574663e9
8.725724278030336e10	0.0	0.0	0.0	0.0	9.265596278093615e9
9.007199254740993e10	0.0	0.0	0.0	0.0	9.564486480612566e9
9.570149208162305e10	0.0	0.0	0.0	0.0	1.016226688565047e10
1.0133099161583617e11	0.0	0.0	0.0	0.0	1.0760047290688375e10
1.0696049115004929e11	0.0	0.0	0.0	0.0	1.1357827695726282e10
1.125899906842624e11	0.0	0.0	0.0	0.0	1.1955608100764187e10
1.1821949021847552e11	0.0	0.0	0.0	0.0	1.2553388505802094e10
1.2384898975268864e11	0.0	0.0	0.0	0.0	1.315116891084e10
1.2947848928690176e11	0.0	0.0	0.0	0.0	1.3748949315877907e10
1.351079888211149e11	0.0	0.0	0.0	0.0	1.4346729720915813e10
1.40737488355328e11	0.0	0.0	0.0	0.0	1.494451012595372e10
1.4636698788954114e11	0.0	0.0	0.0	0.0	1.5542290530991627e10
1.5199648742375424e11	0.0	0.0	0.0	0.0	1.6140070936029533e10
1.5762598695796738e11	0.0	0.0	0.0	0.0	1.673785134106744e10
1.6325548649218048e11	0.0	0.0	0.0	0.0	1.7335631746105347e10
1.6888498602639362e11	0.0	0.0	0.0	0.0	1.7933412151143253e10
1.7451448556060672e11	0.0	0.0	0.0	0.0	1.853119255618116e10
1.8014398509481985e11	0.0	0.0	0.0	0.0	1.9128972961219067e10
1.914029841632461e11	0.0	0.0	0.0	0.0	2.032453377129488e10
2.0266198323167233e11	0.0	0.0	0.0	0.0	2.152009458137069e10
2.1392098230009857e11	0.0	0.0	0.0	0.0	2.27156553914465e10
2.251799813685248e11	0.0	0.0	0.0	0.0	2.391121620152231e10
2.3643898043695105e11	0.0	0.0	0.0	0.0	2.5106777011598118e10
2.476979795053773e11	0.0	0.0	0.0	0.0	2.630233782167393e10
2.5895697857380353e11	0.0	0.0	0.0	0.0	2.7497898631749744e10
2.702159776422298e11	0.0	0.0	0.0	0.0	2.8693459441825558e10
2.81474976710656e11	0.0	0.0	0.0	0.0	2.988902025190137e10
2.927339757790823e11	0.0	0.0	0.0	0.0	3.1084581061977184e10
3.039929748475085e11	0.0	0.0	0.0	0.0	3.2280141872052998e10
3.1525197391593475e11	0.0	0.0	0.0	0.0	3.347570268212881e10
3.2651097298436096e11	0.0	0.0	0.0	0.0	3.467126349220462e10
3.3776997205278723e11	0.0	0.0	0.0	0.0	3.586682430228043e10
3.4902897112121344e11	0.0	0.0	0.0	0.0	3.706238511235625e10
3.602879701896397e11	0.0	0.0	0.0	0.0	3.825794592243206e10
3.828059683264922e11	0.0	0.0	0.0	0.0	4.064906754258369e10
4.0532396646334467e11	0.0	0.0	0.0	0.0	4.304018916273531e10
4.2784196460019714e11	0.0	0.0	0.0	0.0	4.543131078288694e10
4.503599627370496e11	0.0	0.0	0.0	0.0	4.782243240303857e10
4.728779608739021e11	0.0	0.0	0.0	0.0	5.021355402319019e10
4.953959590107546e11	0.0	0.0	0.0	0.0	5.260467564334182e10
5.1791395714760706e11	0.0	0.0	0.0	0.0	5.499579726349345e10
5.404319552844596e11	0.0	0.0	0.0	0.0	5.738691888364507e10
5.62949953421312e11	0.0	0.0	0.0	0.0	5.97780405037967e10
5.854679515581646e11	0.0	0.0	0.0	0.0	6.2169162123948326e10
6.07985949695017e11	0.0	0.0	0.0	0.0	6.456028374409995e10
6.305039478318695e11	0.0	0.0	0.0	0.0	6.695140536425158e10
6.530219459687219e11	0.0	0.0	0.0	0.0	6.934252698440321e10
6.755399441055745e11	0.0	0.0	0.0	0.0	7.173364860455484e10
6.980579422424269e11	0.0	0.0	0.0	0.0	7.412477022470647e10
7.205759403792794e11	0.0	0.0	0.0	0.0	7.65158918448581e10
7.656119366529844e11	0.0	0.0	0.0	0.0	8.129813508516135e10
8.106479329266893e11	0.0	0.0	0.0	0.0	8.60803783254646e10
8.556839292003943e11	0.0	0.0	0.0	0.0	9.086262156576785e10
9.007199254740992e11	0.0	0.0	0.0	0.0	9.56448648060711e10
9.457559217478042e11	0.0	0.0	0.0	0.0	1.0042710804637436e11
9.907919180215092e11	0.0	0.0	0.0	0.0	1.0520935128667761e11
1.0358279142952141e12	0.0	0.0	0.0	0.0	1.0999159452698087e11
1.0808639105689192e12	0.0	0.0	0.0	0.0	1.1477383776728412e11
1.125899906842624e12	0.0	0.0	0.0	0.0	1.1955608100758737e11
1.170935903116329e12	0.0	0.0	0.0	0.0	1.2433832424789062e11
1.215971899390034e12	0.0	0.0	0.0	0.0	1.2912056748819388e11
1.261007895663739e12	0.0	0.0	0.0	0.0	1.3390281072849713e11
1.3060438919374438e12	0.0	0.0	0.0	0.0	1.3868505396880038e11
1.351079888211149e12	0.0	0.0	0.0	0.0	1.4346729720910364e11
1.3961158844848538e12	0.0	0.0	0.0	0.0	1.482495404494069e11
1.4411518807585588e12	0.0	0.0	0.0	0.0	1.5303178368971014e11
