# τ	Fs	F	Δζ	ΔG	Δr²
0.0	1.0	1.0	1630.0857468774755	168.068152316652	0.0
3.125e-7	0.9999838611727643	0.999988548131405	1629.2873119653045	167.99126495702762	3.125e-7
6.25e-7	0.9999677249307894	0.9999770980435978	1628.4895579881468	167.91444027304144	6.249204059693908e-7
9.375000000000001e-7	0.9999515935961832	0.9999656513843278	1627.6925018005402	167.837679724807	9.371817221223936e-7
1.25e-6	0.999935467165512	0.9999542081511912	1626.8961426706194	167.76098324813645	1.2492840871378006e-6
1.5625e-6	0.9999193456350107	0.9999427683415486	1626.1004798660729	167.68435077883998	1.5612276597989097e-6
1.8750000000000003e-6	0.9999032290009184	0.9999313319527636	1625.3055126554304	167.60778225279876	1.8730125987055736e-6
2.1875000000000002e-6	0.9998871172594778	0.9999198989822023	1624.5112403080732	167.53127760596493	2.1846390622692725e-6
2.5e-6	0.9998710104069353	0.9999084694272337	1623.7176620942264	167.4548367743613	2.4961072087133534e-6
2.8125e-6	0.9998549084395413	0.9998970432852292	1622.924777284955	167.37845969408153	2.8074171960732727e-6
3.125e-6	0.9998388113535499	0.999885620553563	1622.1325851521708	167.30214630128987	3.118569182196836e-6
3.4375e-6	0.999822719145219	0.9998742012296121	1621.3410849686275	167.22589653222113	3.429563324744439e-6
3.7500000000000005e-6	0.9998066318108104	0.9998627853107559	1620.5502760079155	167.1497103231805	3.740399781189309e-6
4.0625000000000005e-6	0.9997905493465896	0.9998513727943767	1619.7601575444705	167.07358761054374	4.051078708817742e-6
4.3750000000000005e-6	0.9997744717488259	0.9998399636778595	1618.9707288535574	166.99752833075664	4.361600264729346e-6
4.6875000000000004e-6	0.9997583990137925	0.9998285579585915	1618.181989211292	166.9215324203354	4.671964605837278e-6
5.0e-6	0.9997423311377662	0.999817155633963	1617.3939378946147	166.84559981586654	4.982171888868483e-6
5.3125e-6	0.9997262712621411	0.9998057589154703	1616.6067062170787	166.76974247257309	5.292117899897544e-6
5.625e-6	0.9997102172831641	0.9997943663221309	1615.820205156232	166.69395229058728	5.6018725267579956e-6
5.9375e-6	0.999694168497045	0.9997829773585046	1615.0344045666816	166.61822652863384	5.911459173154913e-6
6.25e-6	0.9996781246666956	0.9997715918576991	1614.2492939236774	166.54256423117766	6.220885745326792e-6
6.5625e-6	0.9996620857106162	0.9997602097623519	1613.4648692413623	166.46696503780862	6.530154982688873e-6
6.875e-6	0.999646051599175	0.9997488310516143	1612.681128713455	166.39142878648224	6.83926790196647e-6
7.1875e-6	0.9996300223200352	0.9997374557168122	1611.8980712605296	166.31595538130338	7.148224945434737e-6
7.500000000000001e-6	0.9996139978666279	0.9997260837533319	1611.1156960459398	166.2405447484669	7.457026363730476e-6
7.8125e-6	0.9995979782343094	0.9997147151579162	1610.3340023144854	166.16519682157497	7.765672343477926e-6
8.125000000000001e-6	0.9995819634190801	0.9997033499277606	1609.552989338659	166.08991153674427	8.07416304983808e-6
8.4375e-6	0.9995659534171581	0.9996919880602132	1608.772656400732	166.01468883097567	8.382498640694354e-6
8.750000000000001e-6	0.9995499482248358	0.9996806295526754	1607.9930027867827	165.93952864161048	8.690679271382108e-6
9.0625e-6	0.9995339478384332	0.999669274402568	1607.2140277847034	165.86443090614947	8.998705096265587e-6
9.375000000000001e-6	0.9995179522542825	0.9996579226073201	1606.435730683545	165.78939556219265	9.306576269263786e-6
9.6875e-6	0.999501961468722	0.9996465741643639	1605.6581107732848	165.71442254741876	9.614292944025945e-6
1.0e-5	0.9994859754780953	0.9996352290711359	1604.8811673447515	165.63951179957863	9.921855273990214e-6
1.0625e-5	0.9994540178621808	0.9996125489202242	1603.3293068338025	165.48987683291503	1.0536517715743331e-5
1.125e-5	0.9994220793806055	0.9995898821364074	1601.7801436727798	165.34049018111955	1.1150564681977125e-5
1.1875e-5	0.9993901600053293	0.9995672287000309	1600.233672277474	165.19135135384965	1.1763997348120997e-5
1.25e-5	0.9993582597076514	0.9995445885909762	1598.6898870369469	165.04245985840666	1.2376816916985568e-5
1.3125e-5	0.9993263784586878	0.9995219617889972	1597.1487823399953	164.89381520203148	1.298902459863045e-5
1.375e-5	0.9992945162295337	0.9994993482738324	1595.6103525839505	164.74541689266982	1.3600621603583327e-5
1.4375e-5	0.9992626729913149	0.9994767480252418	1594.0745921775906	164.5972644392235	1.4211609140657272e-5
1.5000000000000002e-5	0.9992308487152087	0.9994541610230222	1592.5414955420888	164.44935735163432	1.4821988416153848e-5
1.5625e-5	0.9991990433724448	0.9994315872470075	1591.0110571112996	164.30169514090846	1.543176063367621e-5
1.6250000000000002e-5	0.9991672569343131	0.9994090266770728	1589.4832713318528	164.15427731912465	1.6040926993997702e-5
1.6875e-5	0.9991354893721579	0.9993864792931323	1587.9581326631371	164.0071033994336	1.6649488695096732e-5
1.7500000000000002e-5	0.9991037406573836	0.9993639450751416	1586.4356355773036	163.8601728960576	1.725744693209944e-5
1.8125e-5	0.9990720107614511	0.9993414240030961	1584.9157745592165	163.7134853242873	1.7864802897339116e-5
1.8750000000000002e-5	0.9990402996558795	0.9993189160570333	1583.3985441064433	163.56704020048053	1.8471557780307155e-5
1.9375e-5	0.9990086073122445	0.9992964212170286	1581.8839387292053	163.42083704205825	1.9077712767715066e-5
2.0e-5	0.9989769337021794	0.9992739394631986	1580.3719529503644	163.27487536750397	1.9683269043446434e-5
2.125e-5	0.998913642532147	0.9992290151084953	1577.3558162914733	162.98367437093586	2.0892591742249895e-5
2.25e-5	0.9988504259451584	0.9991841428522971	1574.3500919502483	162.69343350021444	2.2099534240689966e-5
2.375e-5	0.9987872837247079	0.9991393225428469	1571.3547370223719	162.4041489812429	2.33041055594936e-5
2.5e-5	0.9987242156496206	0.9990945540251167	1568.3697084949863	162.1158170299326	2.4506314908540622e-5
2.625e-5	0.9986612214977368	0.999049837143389	1565.3949634508012	161.8284338699455	2.5706171532203654e-5
2.75e-5	0.9985983010471897	0.9990051717421526	1562.4304591357431	161.5419957385796	2.6903684656746868e-5
2.875e-5	0.9985354540767779	0.9989605576663625	1559.4761529805112	161.256498888646	2.809886347408693e-5
3.0000000000000004e-5	0.9984726803661383	0.9989159947615619	1556.5320026074357	160.9719395890725	2.9291717135367255e-5
3.125e-5	0.9984099796957473	0.9988714828738839	1553.5979658318054	160.68831412502286	3.0482254750114474e-5
3.2500000000000004e-5	0.9983473518469734	0.9988270218500883	1550.674000661992	160.40561879791608	3.1670485384951646e-5
3.375e-5	0.9982847966020387	0.9987826115375324	1547.760065298555	160.12384992535115	3.285641806446221e-5
3.5000000000000004e-5	0.998222313744055	0.9987382517841993	1544.8561181336238	159.84300384106226	3.404006177047627e-5
3.625e-5	0.9981599030569819	0.9986939424386657	1541.9621177497595	159.56307689482318	3.522142544311915e-5
3.7500000000000003e-5	0.9980975643256618	0.9986496833501297	1539.078022919272	159.28406545239517	3.640051798016272e-5
3.875e-5	0.9980352973357781	0.9986054743683781	1536.203792603057	159.00596589543028	3.7577348238089064e-5
4.0e-5	0.9979731018738884	0.9985613153438107	1533.3393859499197	158.72877462141932	3.8751925031450495e-5
4.25e-5	0.997848924405787	0.998473146375434	1527.6398659805611	158.17710126700038	4.109436476543322e-5
4.5e-5	0.997725030419711	0.9983851753925148	1521.979150320982	157.62901778865307	4.34278990585605e-5
4.75e-5	0.9976014183012731	0.9982974012635649	1516.3569222806996	157.08449622933404	4.575259435269234e-5
5.0e-5	0.9974780864077206	0.9982098228372355	1510.7728657803234	156.54350867725307	4.8068518177710357e-5
5.25e-5	0.9973550330951939	0.998122438961409	1505.226666860386	156.00602739748848	5.037573801293754e-5
5.5e-5	0.9972322567285448	0.9980352484900911	1499.7180141693802	155.4720248747018	5.267432089362893e-5
5.75e-5	0.9971097556837357	0.9979482502850806	1494.2465991027132	154.94147382538566	5.496433330150969e-5
6.000000000000001e-5	0.996987528349356	0.9978614432170432	1488.812115835461	154.4143472009121	5.72458411148438e-5
6.25e-5	0.996865573126262	0.9977748261652473	1483.4142613103909	153.89061818662594	5.951890961340864e-5
6.500000000000001e-5	0.9967438884281672	0.9976883980179876	1478.0527352208476	153.37026020054165	6.178360346682973e-5
6.75e-5	0.996622472680978	0.9976021576721121	1472.7272399825968	152.85324689102518	6.403998675208561e-5
7.000000000000001e-5	0.9965013243232825	0.9975161040333717	1467.4374807116553	152.33955213504288	6.628812294609361e-5
7.25e-5	0.9963804418056574	0.9974302360159266	1462.1831651948721	151.8291500357295	6.8528074944394e-5
7.500000000000001e-5	0.9962598235911441	0.9973445525426854	1456.9640038676146	151.32201492062023	7.075990505419884e-5
7.75e-5	0.9961394681545566	0.9972590525448162	1451.7797097847335	150.8181213392471	7.29836750129944e-5
8.0e-5	0.9960193739829528	0.9971737349620816	1446.6299985986564	150.3174440614013	7.519944598163206e-5
8.5e-5	0.9957799615065949	0.9970036414864524	1436.4330962361366	149.32562944663562	7.960731066414695e-5
9.0e-5	0.9955415756257233	0.9968342647321767	1426.3711461345092	148.3463799669337	8.398392314782416e-5
9.5e-5	0.9953042050964783	0.9966655968200612	1416.4419885764887	147.3795036137685	8.832973483977643e-5
0.0001	0.9950678385643656	0.9964976297936656	1406.643486816586	146.42481028891845	9.264520050083644e-5
0.000105	0.9948324647496322	0.9963303557490409	1396.9735371336121	145.4821126893221	9.693077059493924e-5
0.00011	0.994598072518757	0.9961637668849452	1387.4300717475146	144.5512265672491	0.00010118688858374852
0.000115	0.9943646508947076	0.9959978555098922	1378.0110592421072	143.63197077128578	0.00010541399038702623
0.00012000000000000002	0.9941321890698247	0.9958326140513044	1368.7145043040523	142.7241672279383	0.00010961250405413703
0.000125	0.9939006763968031	0.9956680350490587	1359.5384471123198	141.8276408918827	0.00011378285000990335
0.00013000000000000002	0.9936701023949994	0.9955041111600325	1350.4809627512668	140.94221969876457	0.00011792544098875503
0.000135	0.9934404567395041	0.995340835150315	1341.5401605119373	140.06773450749643	0.00012204068235965424
0.00014000000000000001	0.9932117292666794	0.9951781998992089	1332.7141832919908	139.2040190516599	0.00012612897208686712
0.000145	0.9929839099632484	0.9950161983914556	1324.0012069118031	138.35090988287965	0.00013019070105533222
0.00015000000000000001	0.9927569889717008	0.9948548237211474	1315.3994395347108	137.50824632377166	0.00013422625303187072
0.000155	0.9925309565796165	0.9946940690841152	1306.907121008214	136.67587041330967	0.0001382360049825027
0.00016	0.9923058032250115	0.994533927781796	1298.522522307322	135.85362686157524	0.0001422203270313475
0.00017	0.9918580843716008	0.9942154506788184	1282.0691047515277	134.2388740414419	0.00015011457818398826
0.00018	0.991413767056887	0.9938993466290454	1266.0264080259321	132.6628372326375	0.00015791151395417514
0.00019	0.9909727825093266	0.9935855674587148	1250.3818081580196	131.12437841249007	0.0001656137594112468
0.0002	0.9905350622739993	0.9932740652196538	1235.1230246399855	129.62238893812858	0.00017322391473164307
0.00021	0.9901005392569462	0.9929647929184808	1220.2381708395887	128.15579410434236	0.0001807445133608346
0.00022	0.9896691481832568	0.9926577048391019	1205.7157610468546	126.72355386070403	0.00018817800686664413
0.00023	0.9892408255550552	0.9923527565113094	1191.5447019507237	125.32466213961237	0.00019552676547534317
0.00024000000000000003	0.9888155097439524	0.9920499047772229	1177.7142809714674	123.95814590658331	0.00020279307706276776
0.00025	0.9883931408354087	0.9917491076803994	1164.2141523686212	122.6230640032901	0.0002099791521349641
0.00026000000000000003	0.9879736606808551	0.991450324503999	1151.0343244982234	121.31850609289012	0.0002170871242534016
0.00027	0.9875570127367698	0.9911535156562549	1138.1651463117598	120.04359152878236	0.00022411905522079975
0.00028000000000000003	0.9871431421126908	0.9908586427057181	1125.59729538345	118.79746835928545	0.00023107693552905256
0.00029	0.9867319954166873	0.9905656682712645	1113.3217653510344	117.5793122717979	0.00023796268929470065
0.00030000000000000003	0.9863235208031547	0.9902745560571479	1101.3298548432988	116.38832566926676	0.00024477817458575803
0.00031	0.9859176678255785	0.9899852707481699	1089.6131558520538	115.22373668965182	0.0002515251880748895
0.00032	0.9855143874844158	0.9896977780447489	1078.163543509004	114.08479835050535	0.0002582054652423183
0.00034	0.984715300364935	0.9891279994577427	1056.0316830931022	111.88075463271153	0.0002713743641899149
0.00036	0.9839259347418425	0.9885649930104298	1034.8767441723478	109.7708819278066	0.0002842961777655375
0.00038	0.9831459573121857	0.9880085254313553	1014.6435904166269	107.75007650425715	0.0002969823861734566
0.0004	0.9823750445870582	0.987458370361392	995.2802296415996	105.81351261001832	0.00030944401890714904
0.00042	0.9816128865625134	0.9869143108933089	976.7378842457667	103.95665020917042	0.0003216915194444886
0.00044	0.9808591889578541	0.9863761411572198	958.97086908425	102.17522514755001	0.0003337346938543741
0.00046	0.9801136716787304	0.9858436652205362	941.9364018954309	100.46523306182402	0.0003455827608603226
0.00048000000000000007	0.9793760692838818	0.9853166974339176	925.5944170139691	98.82291347324552	0.0003572443606398328
0.0005	0.9786461290518752	0.9847950610558341	909.9073756584185	97.2447334383382	0.0003687276182695007
0.0005200000000000001	0.9779236112869278	0.9842785884851514	894.8400975514395	95.72737303576878	0.0003800401552851442
0.00054	0.9772082875092211	0.9837671199736521	880.3595948750683	94.26771095785887	0.00039118914800578033
0.0005600000000000001	0.9764999407712057	0.9832605038650928	866.4349269140058	92.86281189791647	0.00040218133607643387
0.00058	0.9757983640108474	0.9827585954230611	853.0370567623501	91.5099140401702	0.0004130230744642243
0.0006000000000000001	0.9751033603894113	0.9822612570842209	840.1387264230738	90.2064181526125	0.0004237203389565579
0.00062	0.9744147417953113	0.9817683573927667	827.7143332267327	88.94987673355304	0.0004342787724575063
0.00064	0.9737323291978838	0.9812797712640448	815.7398224716823	87.73798457654146	0.0004447036879581349
0.00068	0.9723852784827691	0.9803149507619041	793.043820981659	85.4388700654631	0.00046517728965603353
0.00072	0.9710610649354718	0.9793659968099068	771.8921948274192	83.29377750380196	0.0004851741673903632
0.00076	0.969758557241194	0.9784321192871079	752.14039106097	81.28870567546909	0.0005047262745808617
0.0008	0.9684766967092515	0.9775125791650008	733.6588483379342	79.41105285927729	0.0005238629291676036
0.00084	0.9672144968688287	0.9766066879280407	716.3319598576472	77.64952802926338	0.0005426108707514969
0.00088	0.9659710511713814	0.9757138131285983	700.0566653042634	75.99402462369851	0.0005609941933623808
0.00092	0.9647455179262281	0.9748333676334624	684.7409731124693	74.43548647312616	0.0005790348082907093
0.0009600000000000001	0.9635371226735516	0.9739648114536568	670.3026782513314	72.96579052982233	0.0005967524957672137
0.001	0.9623451439593452	0.9731076416082718	656.6681710592944	71.57763738634868	0.0006141653253105815
0.0010400000000000001	0.9611689155355738	0.9722613938208099	643.7714468268285	70.26445958472056	0.0006312896835182367
0.00108	0.9600078142428204	0.971425633878375	631.5531922685016	69.0203367607698	0.0006481406206394626
0.0011200000000000001	0.9588612624274637	0.9705999594663707	619.9600326621465	67.8399251578036	0.0006647318505598347
0.00116	0.9577287176867719	0.9697839928479935	608.9438324778148	66.71839201856844	0.0006810760355329552
0.0012000000000000001	0.9566096754103819	0.9689773827733462	598.4611218902032	65.65136130905609	0.0006971847668197343
0.00124	0.9555036600557045	0.9681797982445066	588.4725588400379	64.63486278345532	0.0007130688006073121
0.00128	0.9544102277119226	0.967390930428952	578.942490152735	63.66529001364761	0.0007287380264265909
0.00136	0.952259181837031	0.9658380044701614	561.1208866510593	61.85304897794166	0.0007594721623831602
0.00144	0.9501537263394907	0.964316648615265	544.7809522235041	60.19272374736636	0.0007894489948043202
0.00152	0.9480911779968139	0.9628249970100428	529.7370806740875	58.66537920986892	0.0008187253843663295
0.0016	0.9460691071322717	0.9613613620367808	515.8318877507863	57.25491713590773	0.0008473513376419775
0.00168	0.9440852851859701	0.9599241958968101	502.93203245248833	55.94766808726405	0.0008753717037631884
0.00176	0.942137710548644	0.9585121097167397	490.924298864656	54.73200236111953	0.0009028258399261253
0.00184	0.9402245434024676	0.9571238268381013	479.71199898646745	53.5979732106608	0.0009297492874921043
0.0019200000000000003	0.9383441210640641	0.9557581945434598	469.212205863569	52.537038482102645	0.0009561735188198373
0.002	0.9364949049436307	0.9544141460455445	459.3533414072747	51.54181901171811	0.0009821272405847723
0.0020800000000000003	0.9346754945249087	0.9530907111282874	450.0733703585242	50.6059148721665	0.0010076361113794707
0.00216	0.932884585559996	0.9517869861400307	441.3182029538202	49.72374417318127	0.0010327237445601348
0.0022400000000000002	0.9311209831090299	0.9505021438558202	433.0405081394386	48.89042114927172	0.0010574114189803516
0.00232	0.9293835682768109	0.949235409558112	425.1986369939843	48.10164691854043	0.0010817188642303257
0.0024000000000000002	0.9276713101014568	0.9479860699921167	417.7558280098704	47.35362719455107	0.0011056639840431876
0.00248	0.9259832387183838	0.9467534540335125	410.6794504844263	46.64299678794404	0.001129263482809085
0.00256	0.9243184560240035	0.9455369407020544	403.9405232107261	45.96676302878959	0.001152532610686855
0.00272	0.9210552009561064	0.9431497725647118	391.3656638690837	44.70621761906275	0.0011981322266725832
0.00288	0.9178756501509201	0.9408204849383874	379.8628200607307	43.554638058537265	0.0012425667376961124
0.00304	0.9147743537402409	0.9385453085263297	369.2897059400198	42.497382753226645	0.0012859271765876886
0.0032	0.9117464763770623	0.9363209051620266	359.52790741673687	41.52228250313454	0.0013282912161300597
0.00336	0.9087876094496824	0.9341442302847143	350.4785732113508	40.619194483502476	0.0013697286039786984
0.00352	0.9058938302889269	0.9320125784648786	342.05888331020975	39.779631420937804	0.0014102999837519383
0.00368	0.9030615417261182	0.9299234674064443	334.1987905429479	38.996426642118244	0.0014500605678470526
0.0038400000000000005	0.9002875144262255	0.927874671263089	326.8387476764542	38.26349568579194	0.001489058975951981
0.004	0.8975687655801143	0.9258641328523236	319.92766573999137	37.575626974627255	0.001527339905030915
0.0041600000000000005	0.8949025949330918	0.92388999192091	313.42152550575804	36.92833605466591	0.0015649431068832428
0.00432	0.8922864926796348	0.9219505183047662	307.28208614105387	36.31773355700809	0.00160190540581684
0.0044800000000000005	0.8897181704779695	0.9200441361591364	301.47601639026806	35.74043390521123	0.001638259822318498
0.00464	0.8871954901221379	0.9181693720420897	295.9740504314887	35.193469258954536	0.001674037138576888
0.0048000000000000004	0.8847164901279765	0.9163248756341469	290.75042662565886	34.67423049782404	0.0017092651515730568
0.00496	0.8822793294347642	0.9145093786417023	285.78231758639026	34.180409299593855	0.001743969913088754
0.00512	0.8798823101803015	0.9127217125256547	281.04945691523204	33.70995887207128	0.0017781750922294475
0.00544	0.875202845887908	0.9092258784741672	272.2146369701967	32.83156745075648	0.001845149100242355
0.00576	0.8706662965542035	0.9058292256754574	264.1274768871729	32.02718502025221	0.0019103677434891553
0.00608	0.8662622839866075	0.9025245975950025	256.68848960424225	31.28683857325316	0.001973976696810739
0.0064	0.8619818086958598	0.8993058033533052	249.81521874837142	30.602270050607242	0.002036095576722669
0.00672	0.8578167554626845	0.8961672546525855	243.43889722291186	29.966606512544093	0.0020968314039714244
0.00704	0.853759958418703	0.8931040241245601	237.5019972892432	29.374109696667066	0.002156276580396596
0.00736	0.8498048806426093	0.890111610685606	231.9558532801517	28.819936385642045	0.002214515710524454
0.007680000000000001	0.845945685124952	0.8871860002820914	226.75912463107372	28.299980420407884	0.0022716229168996556
0.008	0.8421770049238855	0.8843234968662288	221.87631987398998	27.810723980683406	0.0023276666500740817
0.008320000000000001	0.8384940058585054	0.8815207752371048	217.27686903095932	27.34914249650336	0.002382707432001471
0.00864	0.8348922146387345	0.8787747540176598	212.93419162138122	26.912611037606084	0.0024368015233511785
0.008960000000000001	0.8313675724951048	0.8760826405015653	208.82512134647732	26.498845603467846	0.0024899990644569655
0.00928	0.8279163033367374	0.87344183273682	204.92929661727712	26.105842083426715	0.002542346939351415
0.009600000000000001	0.8245349593986203	0.8708499575278927	201.22879168411146	25.731838805236794	0.002593887226061861
0.00992	0.8212203180595232	0.8683047934417766	197.70770469069265	25.375275364457124	0.002644659473605718
0.01024	0.817969420742695	0.8658043031122651	194.35191403480107	25.034768025026487	0.0026946993973294407
0.01088	0.8116508244274776	0.8609319235250377	188.0880549307795	24.397073613162064	0.002792636478764109
0.01152	0.8055567301778618	0.85621725773343	182.35033584391698	23.810429224313033	0.002888014999767781
0.01216	0.7996689401491148	0.8516477131875859	177.06832246798248	23.267993655667038	0.0029810594758443677
0.0128	0.7939721780738404	0.847212751903813	172.18431014794305	22.76414849904641	0.003071945690633401
0.01344	0.7884528470460302	0.8429029745360842	167.65023628417043	22.294219649166596	0.0031608312574859404
0.01408	0.7830990230587584	0.838710150347715	163.42585987948559	21.854304215602024	0.0032478517774265476
0.01472	0.7778998815644304	0.8346267876982526	159.4770556964448	21.44109968359895	0.0033331325145816307
0.015360000000000002	0.7728458050067156	0.8306462385851595	155.77478914752206	21.05180326248202	0.0034167826068353807
0.016	0.7679279912819735	0.8267624024879835	152.2940807928298	20.6840073850525	0.003498903433221352
0.016640000000000002	0.7631385517786253	0.8229698183797086	149.01339093088137	20.335640248970066	0.003579584012390581
0.01728	0.758470220022824	0.8192634426597429	145.913961673933	20.004899488802586	0.003658907515777295
0.017920000000000002	0.7539164348237226	0.8156387262617363	142.97943360032596	19.690215849964638	0.00373694755182696
0.01856	0.7494711179847565	0.8120914439722949	140.19541240728242	19.390209417654674	0.0038137732945770515
0.019200000000000002	0.7451287450960431	0.8086177595166402	137.549222283723	19.103666703201345	0.003889446407881101
0.01984	0.7408841727887073	0.8052140919518821	135.0296110779278	18.82951074592758	0.003964025144484867
0.02048	0.73673269923018	0.8018771709470907	132.6265869576046	18.566786265258642	0.004037561766759579
0.02176	0.728700636703588	0.7953980840087359	128.1416553147583	18.072738072203627	0.004181514689119048
0.02304	0.7209924211351805	0.7891522080820857	124.02649887222763	17.615257775332957	0.004321857780929108
0.02432	0.713578986689587	0.7831191291232977	120.2306863051645	17.189519962321793	0.004458923384125421
0.0256	0.7064368524507926	0.7772824230071301	116.71391971434291	16.79164200974295	0.004592959880821749
0.02688	0.699545308698919	0.7716275499348219	113.4427171949876	16.41839601867796	0.004724193741670356
0.02816	0.692886243198838	0.7661418103278584	110.38900128150637	16.067081579926814	0.0048528199339463686
0.02944	0.6864432482247531	0.7608136475483068	107.52891722825184	15.735400963386247	0.004979020950249935
0.030720000000000004	0.6802017943977392	0.75563283817466	104.84216014889114	15.421398340770752	0.005102954781713491
0.032	0.6741486340494345	0.7505900189753252	102.31125632195996	15.123384584495495	0.005224769416838593
0.033280000000000004	0.6682719466863883	0.7456768431288153	99.92114711458643	14.839902153616409	0.005344593760983492
0.03456	0.6625608911611728	0.7408856219030597	97.65872200410857	14.569676335478718	0.005462549132115404
0.035840000000000004	0.6570057238142691	0.7362094509143567	95.51255580532253	14.311594180790925	0.005578742013562288
0.03712	0.6515974580242662	0.7316419349605897	93.47259856750902	14.064671747639121	0.005693273160690286
0.038400000000000004	0.6463279635778925	0.7271772930393737	91.53000646555714	13.828041206997536	0.005806231639305839
0.03968	0.6411897041189442	0.7228101439318815	89.67693016743085	13.60092812878307	0.005917702137921399
0.04096	0.6361758215379343	0.7185355945474535	87.90640331305029	13.382643446504996	0.006027759994847104
0.04352	0.626515365064622	0.7102610986533692	84.59790100068211	12.970945931762218	0.0062435460113351516
0.04608	0.6172804556833568	0.7023055917856065	81.55058330702262	12.587787374563828	0.0064545207604293445
0.04864	0.6084293003664549	0.6946387583714819	78.72942755743	12.22957870765206	0.006661155103443543
0.0512	0.5999293712055254	0.687237129205529	76.10703973025313	11.89348795686178	0.006863789808661414
0.05376	0.5917520773265482	0.6800799577578823	73.66045726804724	11.577134045951304	0.007062744747365387
0.05632	0.5838724208873786	0.6731491250829396	71.37025517437174	11.278501230953307	0.007258294302001292
0.05888	0.5762678298950034	0.6664281592592061	69.21983169454987	10.995850830239233	0.007450698304166684
0.06144000000000001	0.568918418053536	0.659902559438391	67.19500590453369	10.727689903891259	0.007640178764794026
0.064	0.5618061682654827	0.6535591011832648	65.28353581786251	10.472715584213965	0.007826945313664412
0.06656000000000001	0.5549151089356901	0.6473860707851559	63.474846406050055	10.229796118435768	0.008011177950513143
0.06912	0.5482306899810311	0.6413727294385817	61.75970546148266	9.997932979287336	0.008193047415418089
0.07168000000000001	0.5417399199344742	0.6355094969490597	60.13004940114603	9.776249468398097	0.00837270137274281
0.07424	0.5354308936838437	0.6297875405185016	58.57876583340334	9.563964489475348	0.008550280671857242
0.07680000000000001	0.5292929091832306	0.6241989273372259	57.09958186171145	9.360385803334392	0.008725907939088373
0.07936	0.5233161059690441	0.6187363051583701	55.68691456436306	9.164891403437421	0.008899700749531517
0.08192	0.5174915660011397	0.6133930311087659	54.335797874154345	8.976925543741087	0.009071762068466547
0.08704	0.5063001938925373	0.6030672077366593	51.810841302943246	8.622639952992806	0.009410455078050457
0.09216	0.4956216612470236	0.5931469349093589	49.480899704156066	8.292805340929478	0.009743417627005454
0.09728	0.4854038756893375	0.5835924833181134	47.32144185386062	7.984494133382938	0.010071263410128779
0.1024	0.47560749060744173	0.5743741023761026	45.31322299507028	7.695415783225989	0.010394428003467402
0.10752	0.46619766108713323	0.5654652524430885	43.43973613562116	7.42360915634635	0.010713337937792108
0.11264	0.4571438669509254	0.556842743110736	41.68684030916779	7.167394097140369	0.011028350936493014
0.11776	0.44841861893944884	0.5484854996030586	40.04235085015798	6.9253061308837385	0.01133981175780927
0.12288000000000002	0.43999785661282464	0.5403751133035326	38.49580409336773	6.696081248255457	0.011648005919596359
0.128	0.4318598955508764	0.5324948513269697	37.038112983974806	6.478608852005526	0.011953207880748789
0.13312000000000002	0.42398565206565	0.5248300220670008	35.66139170262437	6.271920930219154	0.012255645617996675
0.13824	0.41635782049341946	0.517367194321214	34.358716426933434	6.075158542174083	0.012555539689020678
0.14336000000000002	0.4089610528150455	0.5100944879476085	33.12401340546078	5.88756547701219	0.012853074230830073
0.14848	0.4017813341437409	0.5030009701817648	31.951895364380064	5.7084644944390694	0.013148428741637576
0.15360000000000001	0.3948061435516625	0.4960769025091141	30.837591122432915	5.5372539782099	0.013441753732518097
0.15872	0.3880239741776792	0.4893132679657863	29.77683089382791	5.37339072654904	0.013733196992348479
0.16384	0.38142447750211317	0.4827019833983163	28.765801384274408	5.216388366358513	0.014022882871410132
0.17408	0.3687878163350016	0.46995186993592064	26.889104848459425	4.9223488953258485	0.014596568764771549
0.18432	0.35676422152650605	0.45771899552359235	25.17021756947831	4.650619183528544	0.015164727140529487
0.19456	0.3452966576831184	0.4459574698941836	23.590836542866814	4.398671686741683	0.01572806017565898
0.2048	0.33434260636516283	0.4346337775819378	22.13609429319062	4.164504951920346	0.016287040520355348
0.21504	0.3238631612020525	0.42371697469916647	20.79286296800927	3.9463649600600377	0.016842171166760764
0.22528	0.31382393674177567	0.4131799001981646	19.549765607404645	3.742733698099748	0.017393839823306126
0.23552	0.3041937001797486	0.4029975939948239	18.39689799886122	3.5522752428307176	0.01794244312312257
0.24576000000000003	0.29494515386371045	0.39314838744101016	17.32569208753172	3.373830740836271	0.018488279150571635
0.256	0.2860535280854616	0.38361240195767965	16.328635229289343	3.206373530536827	0.019031654508957083
0.26624000000000003	0.2774970397739105	0.3743722826338114	15.399159890455856	3.049004365247519	0.019572797834466336
0.27648	0.2692557692833299	0.36541199034107846	14.531453348134473	2.9009188550572858	0.020111948160243146
0.28672000000000003	0.2613120364536916	0.35671739646515876	13.720377178398072	2.761405342788705	0.020649282468749697
0.29696	0.2536495339929959	0.3482753325087649	12.961337302024369	2.629821500768559	0.021184989358108558
0.30720000000000003	0.24625366052977246	0.3400740974765791	12.250240800631218	2.5055940017207265	0.021719207208979754
0.31744	0.2391108437206788	0.3321027008033978	11.583396964409587	2.3882013613177344	0.022252086465798022
0.32768	0.23220883413383908	0.32435129833983917	10.957492270875651	2.277174530646194	0.022783736280043255
0.34816	0.21916192978256196	0.30954845107380596	9.824831772456081	2.073598008760163	0.023842666941613286
0.36864	0.20692477744474294	0.2955003424930568	8.819082250105698	1.890380876283263	0.02489811497206384
0.38912	0.19543324690541433	0.2821534878748801	7.924784791203859	1.7251206491798765	0.02595069852551295
0.4096	0.18463689484280058	0.26946753790371064	7.12867364869332	1.5758422467000381	0.027000708581231568
0.43008	0.1744861095088253	0.2574019069399066	6.418863820487574	1.4407816352354752	0.028048596027453822
0.45056	0.16493576339545651	0.24591987702461485	5.785052780496681	1.3184046422399793	0.02909459357331198
0.47104	0.15594370781877617	0.2349864155952667	5.218273802070459	1.2073569379580726	0.03013904097027494
0.49152000000000007	0.14747240627441977	0.22457049683111802	4.7107903634541035	1.1064627064124808	0.031182096145575433
0.512	0.13948696037417943	0.21464270317216017	4.255842756342338	1.0146801462356625	0.03222400901244864
0.5324800000000001	0.13195610931979027	0.20517680058339513	3.8475596612809904	0.9310982653002744	0.033264883873328974
0.55296	0.12485064562587997	0.19614780329616271	3.480777752678711	0.8549048855207658	0.034304906583386634
0.5734400000000001	0.11814419126127955	0.18753321253287775	3.1509860878936955	0.785384724914486	0.03534414516717368
0.59392	0.11181197563911079	0.17931149680795877	2.8541935523950155	0.721896603497791	0.03638274013362545
0.6144000000000001	0.10583147080386973	0.17146310335098974	2.58689300478142	0.6638724517416497	0.037420735152878117
0.63488	0.10018143889344301	0.1639692530825988	2.345970564190919	0.6108007920914058	0.038458238163951976
0.65536	0.09484245342954946	0.15681277178753877	2.12867697615192	0.5622262101898485	0.039495276427198626
0.69632	0.08512766136776258	0.14356501553155876	1.7596412732898004	0.4776524622758115	0.0415668552564806
0.73728	0.07640467322145669	0.13143305049276924	1.4562330312443412	0.40627395878552114	0.04363743484103534
0.77824	0.06857751300008635	0.12032680706664238	1.2070162369980977	0.3459620424938048	0.045707385186969436
0.8192	0.06156128971134498	0.11016781970848719	1.0022945392078182	0.2949657314326361	0.04777653252782078
0.86016	0.05527231190380514	0.10087569893135938	0.8339018041620683	0.25178605339003207	0.04984519776529723
0.90112	0.04963499682976481	0.09237673997207774	0.6951864425173805	0.21517592307914502	0.051913282354500434
0.94208	0.04458029293082276	0.08460150511812467	0.5807247750978812	0.18408882653415204	0.0539810360394112
0.9830400000000001	0.040047345324023674	0.07748794992900984	0.48612852412045016	0.15765758569179433	0.05604837256287947
1.024	0.03598108462015822	0.07097834717561108	0.4078174873168641	0.13515397652918837	0.05811547866934083
1.0649600000000001	0.032332973160003546	0.06502107699183679	0.34288631116316703	0.11597206135130482	0.0601822780931466
1.10592	0.02905915428670424	0.059568257376244924	0.2889574027261121	0.09960138271687329	0.062248911873044765
1.1468800000000001	0.026120876283890638	0.05457692883575026	0.24409591033411435	0.08561524804647067	0.06431531420291363
1.18784	0.023483138733087685	0.05000730198804758	0.20671255403646338	0.07365306594132776	0.06638159334293509
1.2288000000000001	0.021114947871689844	0.045823574551386706	0.17550922467644578	0.06341217899373947	0.06844769362036873
1.26976	0.01898831954301172	0.04199262700544961	0.14941789422029503	0.05463609153268362	0.07051369924759256
1.31072	0.017078426314308327	0.038484584752604946	0.12756314343024042	0.047108728251697415	0.07257956368870541
1.39264	0.01388180069501229	0.0324280849303124	0.09441148245533393	0.03525114895325471	0.07670991076668404
1.47456	0.011273442197231736	0.02730684297246299	0.07052985390571	0.02641093895276209	0.08084011352129493
1.55648	0.009153128148006529	0.022987751600187702	0.05332290324958213	0.01981906859367003	0.0849704351272036
1.6384	0.007434157239280481	0.019352960199180577	0.04086318830325871	0.014901201211292124	0.08910047333260457
1.72032	0.006041161325055066	0.016295430738298703	0.03176536331573655	0.011225236562985548	0.09323049693244632
1.80224	0.00491240504326307	0.01372407237091398	0.02505935564399025	0.008472139442461767	0.09736028907900492
1.88416	0.003997376297130095	0.011561193855435607	0.020063822890794916	0.0064056917897263345	0.1014900451589004
1.9660800000000003	0.003255405195372074	0.009741853677555055	0.01630143849791441	0.00485162640332884	0.10561962554257617
2.048	0.0026534304007355338	0.008211102191280328	0.013433970850694006	0.0036805478494248947	0.10974916425996707
2.1299200000000003	0.0021648488426485907	0.006923039653757487	0.011221942112533051	0.002796508943369811	0.11387856867874298
2.21184	0.0017680619109011746	0.005838911028088173	0.009493980124471939	0.002127951950634483	0.11800793045212953
2.2937600000000002	0.0014456684915293463	0.0049263053237876345	0.0081271083431758	0.0016215397723841507	0.12213718762179895
2.37568	0.0011835458442442624	0.004157883447072319	0.007032157622589988	0.001237324439175015	0.12626640332893332
2.4576000000000002	0.0009703029283721095	0.003510757732518444	0.0061442124151347925	0.0009453914167409772	0.13039553600684592
2.53952	0.0007966951721199959	0.0029656337447815915	0.005415488578962509	0.000723248785971657	0.13452462950521546
2.62144	0.0006552574063584481	0.002506342782954677	0.004810628437003106	0.0005539837223909261	0.13865365589433082
2.78528	0.0004522724821467827	0.0018132012043437216	0.0038951898976582063	0.00033097512233254075	0.14691129280473855
2.94912	0.00031334140851517055	0.0013108351893174753	0.0032145311943173704	0.0001979381405326443	0.15516878857079092
3.11296	0.00021883173451821703	0.0009488149658349712	0.002697199429269332	0.00011867090120737854	0.16342624892566981
3.2768	0.00015459109840623402	0.0006886506427622126	0.0022947704738999976	7.139887174906158e-5	0.1716835615760094
3.44064	0.00011074086508868877	0.0005016187887731749	0.0019750131609578884	4.3120676718816326e-5	0.17994080646345387
3.60448	8.062202565390981e-5	0.00036699312867252964	0.001716484733010432	2.6145165981987253e-5	0.18819793910217258
3.76832	5.9769658586871145e-5	0.00026990850008932864	0.0015042753540059476	1.5917357543002207e-5	0.19645500555290527
3.9321600000000005	4.519657947204913e-5	0.00019974341938452903	0.0013278759948302766	9.732907870277988e-6	0.20471198605239785
4.096	3.48980396004238e-5	0.00014889768304448853	0.001179643563099448	5.9797889873967975e-6	0.21296890735197707
4.2598400000000005	2.7526824482739456e-5	0.0001119376715439253	0.0010538998279734806	3.693953363002787e-6	0.2212257609545206
4.42368	2.2173829678135086e-5	8.497194279576439e-5	0.0009463394884569773	2.2966480751538336e-6	0.22948256315667265
4.5875200000000005	1.8223604574797077e-5	6.521324954384925e-5	0.000853645960216785	1.439292214771473e-6	0.23773931072301646
4.75136	1.5257467742225895e-5	5.066209663185992e-5	0.0007732258767173347	9.111839569427777e-7	0.24599601413045272
4.9152000000000005	1.2989139484096357e-5	3.988306225034652e-5	0.0007030269017890231	5.845509217521101e-7	0.2542526725807233
5.07904	1.1221652311547481e-5	3.184397950411199e-5	0.0006414063509462747	3.8164203275577693e-7	0.2625092931668824
5.24288	9.818495677892632e-6	2.5801662985220996e-5	0.0005870369956028138	2.549899150742655e-7	0.27076587618297376
5.57056	7.81636760803836e-6	1.80354190268766e-5	0.0004982276427691503	1.2946662375497906e-7	0.28727890111792537
5.89824	6.388583923592343e-6	1.3208816786721508e-5	0.00042645797805488473	7.62013677115765e-8	0.30379181378575415
6.22592	5.329967206547165e-6	1.0108541013576509e-5	0.00036785663343241916	5.301590976218601e-8	0.32030463620471517
6.5536	4.516593981588024e-6	8.032160583375312e-6	0.0003194776082454854	4.247177217429071e-8	0.3368173716721312
6.88128	3.873008285198739e-6	6.575986775347207e-6	0.00027912460042609774	3.7324528127195834e-8	0.3533300360210405
7.20896	3.3520161859720745e-6	5.50836794390632e-6	0.0002451566561041716	3.45398428176777e-8	0.3698426336315246
7.53664	2.9228016318376524e-6	4.694137782682647e-6	0.00021633185072615171	3.2824474209474426e-8	0.38635517521963514
7.864320000000001	2.5643164897519257e-6	4.052293560609781e-6	0.00019169747640626085	3.161460623568823e-8	0.4028676646480858
8.192	2.2616245206622274e-6	3.532774297142766e-6	0.0001705131733768176	3.065760535248274e-8	0.41938010947722976
8.519680000000001	2.0037678180987786e-6	3.103492430249248e-6	0.00015219655510782153	2.9836467677535576e-8	0.4358925129057491
8.84736	1.7824920842305704e-6	2.743098411552639e-6	0.00013628418353569247	2.909483938817555e-8	0.4524048804465888
9.175040000000001	1.5914164346506355e-6	2.436797373353938e-6	0.00012239743722564114	2.8404296177527345e-8	0.46891721469719344
9.50272	1.4255838563794433e-6	2.1740211572646722e-6	0.0001102461069364356	2.7749738783762057e-8	0.48542951977568016
9.830400000000001	1.2810244800626355e-6	1.946918343843222e-6	9.957427571384511e-5	2.712266481121465e-8	0.5019417977733215
10.15808	1.154525872380079e-6	1.7494872919696258e-6	9.017609418550995e-5	2.6517988417373234e-8	0.5184540518218177
10.48576	1.0434652849525503e-6	1.5770308317623235e-6	8.187967700324174e-5	2.5932476935849966e-8	0.5349662836020861
11.14112	8.652858485472127e-7	1.301698420346471e-6	6.850275662232172e-5	2.481611679612022e-8	0.5679906659001441
11.79648	7.244991144273024e-7	1.085167061028735e-6	5.785656936326892e-5	2.375611111399449e-8	0.6010149816799336
12.45184	6.126606137865752e-7	9.139072893214086e-7	4.9339382765410835e-5	2.2746356796664356e-8	0.6340392437885802
13.1072	5.232948652729394e-7	7.775636275216639e-7	4.2496608903300815e-5	2.1782608776223195e-8	0.6670634574043922
13.76256	4.515206579278078e-7	6.683731131499946e-7	3.697697536140873e-5	2.086165127027601e-8	0.7000876306890169
14.41792	3.9361820710841673e-7	5.804862385718269e-7	3.250705378957968e-5	1.9980894732987787e-8	0.7331117671157248
15.07328	3.4671049514708373e-7	5.094258550857647e-7	2.887253589038786e-5	1.9138150033549735e-8	0.7661358720470849
15.728640000000002	3.0854900555238813e-7	4.5171918358823836e-7	2.5904535142160912e-5	1.8331498516304533e-8	0.799159947793475
16.384	2.773641738205818e-7	4.046469428283179e-7	2.3469404175439443e-5	1.7559213801107106e-8	0.8321839979558877
17.039360000000002	2.5175664666291925e-7	3.66065875189041e-7	2.1461046367457654e-5	1.6819713244206744e-8	0.8652080240812025
17.69472	2.3061599103357022e-7	3.3427902305247957e-7	1.9795032722727546e-5	1.6111526596156525e-8	0.8982320286433163
18.350080000000002	2.130587766578719e-7	3.0793840786869463e-7	1.840405266509433e-5	1.5433275382922037e-8	0.9312560126962787
19.00544	1.9838080970431912e-7	2.859707202980771e-7	1.7234366514436156e-5	1.4783658772050393e-8	0.9642799779865059
19.660800000000002	1.8601993269264064e-7	2.6751982887317907e-7	1.6243021293937794e-5	1.4161443734951972e-8	0.9973039252498331
20.31616	1.7552685362317678e-7	2.5190190639784545e-7	1.539565457818356e-5	1.3565457841789457e-8	1.0303278557543907
20.97152	1.6654214949662743e-7	2.3857016544264096e-7	1.4664755726379058e-5	1.2994583902867527e-8	1.0633517700349475
22.28224	1.5255659809581015e-7	2.179119143255844e-7	1.35127805500419e-5	1.193348003486206e-8	1.129399534784966
23.59296	1.4149578294192916e-7	2.016920660840067e-7	1.2587357995216887e-5	1.095927190604101e-8	1.1954472424887896
24.90368	1.3243284227113187e-7	1.8849342842775874e-7	1.1818001278887462e-5	1.0064622057853113e-8	1.2614948989990262
26.2144	1.247679461752159e-7	1.7739593775188237e-7	1.115902507714747e-5	9.243020404842393e-9	1.3275425056567156
27.52512	1.181025446274724e-7	1.677925163072504e-7	1.0579796086375215e-5	8.488497279892658e-9	1.3935900662144534
28.83584	1.1216920998812164e-7	1.5927774730929364e-7	1.0059668231065975e-5	7.795573039475977e-9	1.4596375819554126
30.14656	1.0678725324472572e-7	1.5157839603566717e-7	9.584646367554984e-6	7.159216852066694e-9	1.5256850557204618
31.457280000000004	1.0183370071724517e-7	1.445088512434778e-7	9.145169273343875e-6	6.574809492402187e-9	1.5917324887973014
32.768	9.72240711281508e-8	1.379418616694386e-7	8.734635584856306e-6	6.038109350753381e-9	1.6577798834693147
34.078720000000004	9.289960137950877e-8	1.317891432662781e-7	8.348423356485223e-6	5.545221421406897e-9	1.7238272410211815
35.38944	8.881874922089746e-8	1.2598849033024688e-7	7.983237635853239e-6	5.092568861745375e-9	1.7898745633678266
36.700160000000004	8.49515375623893e-8	1.2049519951002842e-7	7.636676102081634e-6	4.676866955365374e-9	1.8559218517686829
38.01088	8.127578791936022e-8	1.1527635944982893e-7	7.306939695203832e-6	4.295099205604764e-9	1.921969107876817
39.321600000000004	7.777461010246e-8	1.1030704562493262e-7	6.9926396835761415e-6	3.944495417429236e-9	1.988016332905867
40.63232	7.443472755107167e-8	1.0556778240584729e-7	6.692668885241574e-6	3.6225115658185556e-9	2.0540635283107855
41.94304	7.124535866894067e-8	1.0104284819789153e-7	6.406115584723575e-6	3.326811325074535e-9	2.120110695244954
44.56448	6.53902462870928e-8	9.273660384970556e-8	5.87981474348422e-6	2.8148481459651117e-9	2.2522049232399937
47.18592	6.002587190825352e-8	8.512787499325934e-8	5.39757285604936e-6	2.3818747204559917e-9	2.384299052382044
49.80736	5.5105608434298235e-8	7.814956774521523e-8	4.955200927082917e-6	2.015505496951681e-9	2.5163930918430855
52.4288	5.0590869768496814e-8	7.174661815020004e-8	4.549261627127141e-6	1.705490370503352e-9	2.6484870485658396
55.05024	4.6447313925536354e-8	6.587019534287409e-8	4.176682767317622e-6	1.4431609195903133e-9	2.780580929569085
57.67168	4.2643930817140756e-8	6.047626294842526e-8	3.8346837769400595e-6	1.2211821764489644e-9	2.912674740828633
60.29312	3.915251754416854e-8	5.552479462239508e-8	3.5207326965013813e-6	1.0333474344974293e-9	3.0447684882008694
62.91456000000001	3.594732335908843e-8	5.097925561741631e-8	3.232516150207937e-6	8.74404706170349e-10	3.176862176780885
65.536	3.300478473740501e-8	4.680622018617114e-8	2.967916455432528e-6	7.399098679925185e-10	3.308955811481746
68.15744000000001	3.0303312715094e-8	4.297506657285711e-8	2.724992969185598e-6	6.261023942852874e-10	3.441049396621165
70.77888	2.7823113181384598e-8	3.945772042618729e-8	2.5019661674080023e-6	5.298002043326489e-10	3.57314293633277
73.40032000000001	2.5546029904126063e-8	3.622843128979291e-8	2.297203653111664e-6	4.4831068479146593e-10	3.7052364342637287
76.02176	2.3455404625989334e-8	3.3263573726638376e-8	2.1092076410323255e-6	3.7935539867778483e-10	3.8373298938974134
78.64320000000001	2.1535950894435365e-8	3.054146813570339e-8	1.936603647487066e-6	3.210063760893894e-10	3.969423318309235
81.26464	1.9773639495486285e-8	2.804221813702983e-8	1.7781302081040555e-6	2.716322048323472e-10	4.101516710437252
83.88608	1.815559401091888e-8	2.5747562372189082e-8	1.6326294977009325e-6	2.2985241365197764e-10	4.233610072872239
89.12896	1.5397585796840703e-8	2.1836459855903558e-8	1.3845751463566029e-6	1.6654676335053457e-10	4.497796692005811
94.37184	1.306048183581252e-8	1.8522042192351765e-8	1.1744207854782575e-6	1.2071840760626436e-10	4.761983221067673
99.61472	1.1078249732661816e-8	1.5710885896340228e-8	9.961759286519465e-7	8.750154743002299e-11	5.026169674957647
104.8576	9.396926324816582e-9	1.3326473538419578e-8	8.449888113514413e-7	6.34247469674501e-11	5.290356064588895
110.10048	7.970814989928204e-9	1.1303997773006909e-8	7.167506080167226e-7	4.5972954580202166e-11	5.55454240022229
115.34336	6.7611657149978044e-9	9.588503741526773e-9	6.079769268747475e-7	3.332320372527455e-11	5.818728689623826
120.58624	5.735115178141522e-9	8.133385224899181e-9	5.15712685779251e-7	2.4154148904129663e-11	6.082914940237284
125.82912000000002	4.8647914680795615e-9	6.899114799475651e-9	4.3745162391675334e-7	1.7508034240515564e-11	6.347101157588044
131.072	4.126555353611102e-9	5.852167784995837e-9	3.7106808049604184e-7	1.269064484485552e-11	6.611287347084048
136.31488000000002	3.5003570818357552e-9	4.96411005093315e-9	3.1475916015494045e-7	9.19878876810532e-12	6.875473512648235
141.55776	2.9691910441992033e-9	4.2108246238857815e-9	2.6699569771392797e-7	6.667733802840662e-12	7.13965965821573
146.80064000000002	2.5186333794363577e-9	3.5718559183902963e-9	2.2648068008868293e-7	4.833108097246963e-12	7.403845786564756
152.04352	2.136449871787822e-9	3.0298536617980297e-9	1.921139888002101e-7	3.503284526474004e-12	7.668031900563894
157.28640000000001	1.8122634413395259e-9	2.5701013331141195e-9	1.6296250081840142e-7	2.5393639950431954e-12	7.932218002174719
162.52928	1.5372721562998992e-9	2.180116252207817e-9	1.3823473220180036e-7	1.8406666621436626e-12	8.196404093492601
167.77216	1.3040100833739881e-9	1.8493104218051766e-9	1.1725933367856853e-7	1.3342154813060176e-12	8.46059017589741
178.25792	9.577707207923315e-10	1.35831777537716e-9	8.61191312053284e-8	7.302938044571349e-13	8.988962306996017
188.74368	7.039065295066376e-10	9.982854819514127e-10	6.329284506201957e-8	4.0028760614673065e-13	9.517334416783957
199.22944	5.173463951653386e-10	7.337043031168247e-10	4.6518027954251243e-8	2.1941588291291327e-13	10.045706512997837
209.7152	3.8023302845121674e-10	5.392491208041316e-10	3.418926581206862e-8	1.202723854710711e-13	10.574078597932704
220.20096	2.7945997536796104e-10	3.9633205662190976e-10	2.5128097452606864e-8	6.592727077070513e-14	11.102450675871076
230.68672	2.0539536798969514e-10	2.91293108204554e-10	1.8468460109713198e-8	3.613812117466077e-14	11.630822747725054
241.17248	1.5096033252991152e-10	2.1409296165842848e-10	1.3573846338218972e-8	1.9809218840468834e-14	12.159194816037404
251.65824000000003	1.1095225795834559e-10	1.5735323453359245e-10	9.976455500569506e-9	1.0858515208001873e-14	12.687566881068934
262.144	8.154746987787613e-11	1.1565116335560168e-10	7.3324760417224486e-9	5.952163522135223e-15	13.215938944358383
272.62976000000003	5.993573466729226e-11	8.500125425157588e-11	5.389221435725227e-9	3.262725818272564e-15	13.744311005879773
283.11552	4.405164481019672e-11	6.247433140822548e-11	3.960977318398288e-9	1.7884945404714493e-15	14.27268306658319
293.60128000000003	3.237720401839824e-11	4.5917561703966557e-11	2.9112506443232667e-9	9.80383444883178e-16	14.80105512633454
304.08704	2.379673861853197e-11	3.374868890544782e-11	2.139723829453068e-9	5.374098549652235e-16	15.329427185732586
314.57280000000003	1.749026527276308e-11	2.480480694986297e-11	1.5726667500289409e-9	2.9458904059608386e-16	15.857799244618498
325.05856	1.2855121480182267e-11	1.8231215736139455e-11	1.1558900291931996e-9	1.6148375615516263e-16	16.386171303377274
335.54432	9.448367652077942e-12	1.339973532193237e-11	8.495660308121793e-10	8.85202007128091e-17	16.91454336186096
356.51584	5.437476748131067e-12	7.711870457062651e-12	4.888542932101913e-10	3.017642725670117e-17	17.971287475497576
377.48736	3.137535244191948e-12	4.449896306622683e-12	2.820819167233652e-10	1.0344711672822835e-17	19.028031588627222
398.45888	1.8106543580870703e-12	2.5680093464269082e-12	1.627880800966932e-10	3.547082335221249e-18	20.084775702713745
419.4304	1.0449245501822935e-12	1.4819923811454644e-12	9.394463608813306e-11	1.216263245437292e-18	21.14151981668445
440.40192	6.030237149862747e-13	8.552546242998656e-13	5.421524756002658e-11	4.1704556252717153e-19	22.198263931225885
461.37344	3.480037724523647e-13	4.935657232264159e-13	3.128751019067117e-11	1.4300103444761526e-19	23.25500804573494
482.34496	2.0083236506945713e-13	2.848359109760177e-13	1.805596709543413e-11	4.903372096446075e-20	24.311752160569675
503.31648000000007	1.1590007471319174e-13	1.64378402590476e-13	1.0420073158552238e-11	1.6813213131694192e-20	25.368496275396957
524.288	6.688581714211619e-14	9.486261162302576e-14	6.0134137988861045e-12	5.765100953696252e-21	26.42524039040596
545.2595200000001	3.85997682573988e-14	5.474516093706244e-14	3.47033779694964e-12	1.9768037062549607e-21	27.48198450541428
566.23104	2.2275923519757734e-14	3.159342848237148e-14	2.0027316976801236e-12	6.778298418010314e-22	28.53872862052269
587.2025600000001	1.2855445058973209e-14	1.8232581185245392e-14	1.1557773260123994e-12	2.3242262065380254e-22	29.595472735631844
608.17408	7.418889509505122e-15	1.0522039858102975e-14	6.670001886347169e-13	7.969603551422267e-23	30.652216850795707
629.1456000000001	4.281452045808507e-15	6.072284677417441e-15	3.849267895267727e-13	2.732723500120819e-23	31.70896096596034
650.11712	2.4708345235594173e-15	3.504327612840365e-15	2.221420184802629e-13	9.370339695425568e-24	32.76570508115474
671.08864	1.425924830796169e-15	2.0223562991590252e-15	1.281987184917329e-13	3.213036519706782e-24	33.82244919634968
713.03168	5.604055871720537e-16	7.948970176656287e-16	5.036967245545772e-14	5.255654694567066e-25	35.93593742665684
754.97472	2.2269621670003404e-16	3.158764413872136e-16	2.001673015619063e-14	8.79448942301114e-26	38.04942565696181
796.91776	8.856053302912805e-17	1.256157084918241e-16	7.960160052363004e-15	1.4736809008739028e-26	40.16291388732162
838.8608	3.5219616528095893e-17	4.995607890602668e-17	3.165674208400697e-15	2.4696058058415023e-27	42.276402117682764
880.80384	1.4006441880082808e-17	1.986696635718341e-17	1.2589526284704486e-15	4.138559647332069e-28	44.38989034806222
922.74688	5.570181480619963e-18	7.900836745860726e-18	5.006692116198847e-16	6.935333861366731e-29	46.50337857844213
964.68992	2.215182822617537e-18	3.1420516985087777e-18	1.9910909343201785e-16	1.1622054145087102e-29	48.616866808828135
1006.6329600000001	8.809450348871612e-19	1.2495469271069762e-18	7.918270147379406e-17	1.9475848873151257e-30	50.73035503921429
1048.576	3.503380006753377e-19	4.969251898076204e-19	3.148971527120719e-17	3.26368525521904e-31	52.84384326960248
1090.5190400000001	1.3932370274083414e-19	1.9761903714697792e-19	1.252294520073775e-17	5.469136711649081e-32	54.95733149999073
1132.46208	5.540668753798546e-20	7.858976015119037e-20	4.980164011024055e-18	9.164908171006345e-33	57.07081973037964
1174.4051200000001	2.20342794381328e-20	3.125378602964999e-20	1.980524863122978e-18	1.5358062401513465e-33	59.18430796076858
1216.34816	8.762641745898669e-21	1.2429075980957379e-20	7.8761955467160075e-19	2.5736163925503045e-34	61.29779619115772
1258.2912000000001	3.4847436428935906e-21	4.9428180730937815e-21	3.1322199878234774e-19	4.312710980962814e-35	63.41128442154689
1300.23424	1.3858180528432906e-21	1.965667289419418e-21	1.2456258870737878e-19	7.22696756132459e-36	65.52477265193613
1342.17728	5.511137116741826e-22	7.81708828818528e-22	4.9536191795151345e-20	1.2110473065656246e-36	67.6382608823254
1426.06336	1.231574678541509e-22	1.747277786939887e-22	1.1063499710477434e-20	6.772005684055133e-38	71.86523734310389
1509.94944	2.884271354815093e-23	4.0918994746450434e-23	2.591238273061468e-21	4.164341429802462e-39	76.09221380388234
1593.83552	6.790658612831263e-24	9.633811446593486e-24	6.100827869729131e-22	2.58766555959512e-40	80.31919026466086
1677.7216	1.5996807773064091e-24	2.269443610089285e-24	1.4371783411371992e-22	1.6097221829568672e-41	84.54616672543935
1761.60768	3.7685980172643455e-25	5.346454548514377e-25	3.385767913442614e-23	1.0014816784712329e-42	88.77314318621787
1845.49376	8.878267984128012e-26	1.2595468243267688e-25	7.97637588465498e-24	6.230730024288956e-44	93.00011964699635
1929.37984	2.091588759849207e-26	2.9673062499852213e-26	1.879116258988875e-24	3.876449350556576e-45	97.22709610777486
2013.2659200000003	4.92746769606227e-27	6.990526110805794e-27	4.426914416639038e-25	2.4117272875013328e-46	101.45407256855336
2097.152	1.1608356457876183e-27	1.646860511325838e-27	1.0429129632083225e-25	1.5004489856070664e-47	105.68104902933186
2181.0380800000003	2.734747195281357e-28	3.8797457858143273e-28	2.4569397475188722e-26	9.334977950459037e-49	109.90802549011038
2264.92416	6.442629677084792e-29	9.140064424933839e-29	5.7881593705641354e-27	5.807703642663192e-50	114.13500195088889
2348.8102400000002	1.517779609033182e-29	2.1532517334646877e-29	1.3635969371398273e-27	3.613222792276681e-51	118.36197841166741
2432.69632	3.575640492927761e-30	5.07270891104154e-30	3.2124112786006695e-28	2.247937481897763e-52	122.58895487244592
2516.5824000000002	8.42361659372559e-31	1.195046183956481e-30	7.567908612215717e-29	1.3985337633308626e-53	126.81593133322444
2600.46848	1.9844628337338494e-31	2.8153284592620998e-31	1.7828723512834295e-29	8.700835618732953e-55	131.04290779400296
2684.35456	4.675057985194991e-32	6.632436573958754e-32	4.200144921404611e-30	5.413127955651715e-56	135.26988425478146
2852.12672	4.101934345460628e-33	5.8216707710128245e-33	3.681245575731712e-31	5.195582551381724e-58	143.72383717633852
3019.89888	4.418309001339392e-34	6.2704674205893895e-34	3.965821891674644e-32	7.532996702663716e-60	152.17779009789555
3187.67104	5.047234948700618e-35	7.162881237615169e-35	4.53061023026345e-33	1.2282014620725627e-61	160.63174301945259
3355.4432	5.847716794762502e-36	8.298870972650566e-36	5.249219162810154e-34	2.0596832135490464e-63	169.08569594100965
3523.21536	6.797124248313387e-37	9.64622983855474e-37	6.101473264604483e-35	3.476444255240168e-65	177.5396488625667
3690.98752	7.906472647677659e-38	1.1220574751536994e-37	7.09728966287555e-36	5.8763241648571486e-67	185.99360178412377
3858.75968	9.198397594382408e-39	1.3054026636616328e-38	8.256994370153144e-37	9.93618140765133e-69	194.4475547056808
4026.5318400000006	1.0701818073728007e-39	1.5187625486451014e-39	9.60654856302572e-38	1.6802161675010173e-70	202.90150762723783
4194.304	1.2451059860947067e-40	1.767008495994913e-40	1.1176765468578718e-38	2.8413029097870294e-72	211.35546054879487
4362.0761600000005	1.4486238206570021e-41	2.0558335086439123e-41	1.3003654900348666e-39	4.804752294368711e-74	219.8094134703519
4529.84832	1.6854072239558082e-42	2.391867791841384e-42	1.5129154583784365e-40	8.12501794649681e-76	228.26336639190896
4697.6204800000005	1.9608929651010843e-43	2.7828270077020485e-43	1.7602067993972328e-41	1.3739700830111426e-77	236.717319313466
4865.39264	2.2814067703268656e-44	3.2376883938422396e-44	2.0479178373273996e-42	2.3234312584585448e-79	245.17127223502303
5033.1648000000005	2.6543083810508303e-45	3.766896624224515e-45	2.3826550858159547e-43	3.928999845525139e-81	253.62522515658006
5200.93696	3.0881604985646647e-46	4.3826035691849234e-46	2.7721049022093224e-44	6.644064862801193e-83	262.0791780781371
5368.70912	3.5929253890586443e-47	5.098947310029132e-47	3.225209971201673e-45	1.1235319256979186e-84	270.53313099969415
5704.25344	-1.0590557320251596e-48	-1.507629312561109e-48	-9.441666409365632e-47	1.4722072825940778e-87	287.44103684280816
6039.79776	-1.225857055117543e-49	-1.7413612523156263e-49	-1.0980112407082787e-47	3.0423816727917564e-89	304.34894268592217
6375.34208	-7.136963574748015e-51	-1.0133926802762201e-50	-6.398046263630628e-49	1.5783923829308035e-91	321.2568485290362
6710.8864	-3.3277787702467043e-52	-4.724289724688078e-52	-2.984429552351691e-50	5.247624289562887e-94	338.16475437215024
7046.43072	-1.3587110669855222e-53	-1.9286374115812293e-53	-1.2188710550794446e-51	1.3374434755118355e-96	355.07266021526425
7381.97504	-4.985828832675028e-55	-7.076318549064176e-55	-4.473838770372055e-53	2.7532167651041483e-99	371.98056605837826
7717.51936	-1.642819197418771e-56	-2.3313084586672217e-56	-1.4745475563563298e-54	4.570010045711288e-102	388.88847190149227
8053.063680000001	-4.72224737306867e-58	-6.699966912309299e-58	-4.240317083516199e-56	5.7745227142773765e-105	405.7963777446063
8388.608	-1.0728099106316596e-59	-1.521485392510893e-59	-9.641564561948267e-58	4.561779550380277e-108	422.7042835877203
8724.152320000001	-1.0933027168587821e-61	-1.5468028467133615e-61	-9.875477995420474e-60	7.3126595988952545e-112	439.61218943083435
9059.69664	6.915865682347624e-63	9.834450530699378e-63	6.1806423079286285e-61	4.3766938337713574e-114	456.5200952739483
9395.240960000001	6.321143400988774e-64	8.978040691045434e-64	5.663362054732991e-62	5.614969991397495e-116	473.4280011170623
9730.78528	3.4823303495722955e-65	4.9444301548304575e-65	3.122068774157279e-63	2.607375362596842e-118	490.3359069601763
10066.329600000001	1.5775486366629096e-66	2.2395102839100803e-66	1.4148649265968669e-64	8.182168671101092e-121	507.2438128032903
10401.87392	6.306619575787504e-68	8.95179202092829e-68	5.657812337593987e-66	1.9991960403480268e-123	524.1517186464043
10737.41824	2.2695441955021653e-69	3.22105579537091e-69	2.0365892232447614e-67	3.958084201956265e-126	541.0596244895183
11408.50688	-6.958954640269394e-70	-9.929636224170906e-70	-6.165446290008855e-68	7.91410109196514e-127	574.8754361757464
12079.59552	-2.2264604416011542e-71	-3.1671838403663314e-71	-1.987472935605706e-69	1.789651350694421e-129	608.6912478619744
12750.68416	-3.351689657850165e-73	-4.752540480667336e-73	-3.0130673449633e-71	8.950281043800561e-133	642.5070595482024
13421.7728	8.21644046792466e-76	1.2124598087999971e-75	6.708414030378028e-74	9.654065452567505e-138	676.3228712344305
14092.86144	1.9191960548939395e-76	2.7358306504986462e-76	1.7045342507080767e-74	1.3562303487873687e-138	710.1386829206585
14763.95008	5.463107776256685e-78	7.767291598143486e-78	4.8813380775578754e-76	2.420199902695197e-141	743.9544946068866
15435.03872	7.164955224362719e-80	1.0151245611223742e-79	6.453136722686201e-78	9.203789285217655e-145	777.7703062931146
16106.127360000002	-5.262431085188799e-82	-7.591174110713779e-82	-4.545432040184064e-80	9.936346821651761e-149	811.5861179793427
16777.216	-5.1753205608157774e-83	-7.37377791892092e-83	-4.601752629644114e-81	2.216023759237946e-150	845.4019296655708
17448.304640000002	-1.321570849614262e-84	-1.8783276652528112e-84	-1.1817611023411879e-82	3.1800849848421116e-153	879.2177413517988
18119.39328	-1.468230160459838e-86	-2.0777274463319192e-86	-1.32587641490178e-84	8.710376044148737e-157	913.0335530380269
18790.481920000002	2.0839075761285376e-88	2.9894978614747903e-88	1.8237635420728332e-86	3.5860747961178837e-160	946.849364724255
19461.57056	1.3681696775916168e-89	1.9485239997121506e-89	1.2177423072757796e-87	3.478920814416421e-162	980.6651764104831
20132.659200000002	3.149072572213325e-91	4.4740916129424437e-91	2.8182754537905157e-89	4.054638132358993e-165	1014.4809880967113
20803.74784	2.8268773536989832e-93	3.9930573890662305e-93	2.5632980545278726e-91	7.298521808638907e-169	1048.2967997829394
21474.83648	-7.020576075665724e-95	-1.0045785719468618e-94	-6.180987766817859e-93	9.234298995995751e-172	1082.1126114691674
22817.01376	-4.2872759910502515e-95	-6.177220755651461e-95	-3.7065718989086562e-93	1.2924060810744586e-171	1149.7442348416237
24159.19104	-4.815326796217071e-97	-6.870257305769536e-97	-4.2692153699964183e-95	6.604820286896718e-175	1217.37585821408
25501.36832	4.789914837332555e-100	7.68624411955295e-100	3.0739536313448374e-98	1.3184070052475157e-180	1285.0074815865362
26843.5456	7.477049133817073e-101	1.075534095337889e-100	6.499563072290786e-99	2.2693542627110004e-181	1352.6391049589924
28185.72288	8.105412782481175e-103	1.1545392935805888e-102	7.201203204101795e-101	1.0725626291681566e-184	1420.2707283314487
29527.90016	-1.218020102027863e-105	-1.884177159848646e-105	-8.766392695426632e-104	6.119739007662057e-190	1487.902351703905
30870.07744	-1.3086174563584266e-106	-1.8815573123226125e-106	-1.1384586971427887e-104	3.9737829786749643e-191	1555.5339750763612
32212.254720000004	-1.3637516913773962e-108	-1.9417457947285367e-108	-1.2127308215203124e-106	1.7361088286494908e-194	1623.1655984488175
33554.432	2.7779133356933114e-111	4.218573439275168e-111	2.1073410078037962e-109	2.018349075411384e-199	1690.7972218212738
34896.609280000004	2.287436016147591e-112	3.287877978078825e-112	1.991445729054116e-110	6.939722786191335e-201	1758.42884519373
36238.78656	2.2905116764579157e-114	3.25984809416202e-114	2.038854753387786e-112	2.800633477169204e-204	1826.060468566186
37580.963840000004	-5.952861890581121e-117	-8.938036102382984e-117	-4.656552763243303e-115	5.624595364020168e-209	1893.692091938642
38923.14112	-3.993265364178722e-118	-5.737993862221081e-118	-3.4789999962678656e-116	1.2087865326006803e-210	1961.323715311098
40265.318400000004	-3.839997742881493e-120	-5.462512507013214e-120	-3.4216267772643205e-118	4.5017829961650185e-214	2028.9553386835544
41607.49568	1.2257632883326932e-122	1.8262904253100035e-122	9.783497456494772e-121	1.4170529729536825e-218	2096.5869620560106
42949.67296	6.962486230864037e-124	1.0001486158906912e-123	6.070017149904474e-122	2.1001783498089617e-220	2164.218585428467
45634.02752	1.0597513662876927e-124	1.576556097102716e-124	8.403011385831486e-123	3.7314928841756366e-221	2299.4818321733796
48318.38208	3.545212521097968e-127	5.091695353477574e-127	3.1015680050819786e-125	4.518740189800974e-225	2434.7450789182917
51002.73664	-1.8922334738113023e-129	-2.8927156422059504e-129	-1.4348368198731438e-127	8.567939527461169e-229	2570.008325663204
53687.0912	-1.8474900878945127e-131	-2.7025646521805167e-131	-1.5426701809091313e-129	8.77252139649363e-232	2705.2715724081163
56371.44576	-1.2859654678341824e-134	-1.4959566192652413e-134	-1.5136106623332457e-132	7.480060079502394e-237	2840.534819153029
59055.80032	5.3292681665797354e-136	7.93369471610358e-136	4.282198772497484e-134	5.302835915289636e-239	2975.7980658979413
61740.15488	2.4966733323440337e-138	3.5852753703797317e-138	2.157318080795478e-136	1.1920670257989786e-242	3111.061312642854
64424.50944000001	-7.052410616465305e-141	-1.1006659727864838e-140	-5.0757258088726955e-139	5.844755869118712e-247	3246.3245593877664
67108.864	-1.0656127099193113e-142	-1.5647592993041835e-142	-8.808319377540285e-141	1.559028073301195e-249	3381.587806132679
69793.21856000001	-1.9491315377503053e-145	-2.6568987014660508e-145	-1.8493137066108769e-143	6.0867682512855464e-254	3516.8510528775914
72477.57312	2.603702637629218e-147	3.903797047105515e-147	2.0588253841203045e-145	6.681937026123826e-257	3652.114299622504
75161.92768000001	1.63687434831032e-149	2.3703255320723733e-149	1.3916917498630764e-147	2.7042523489164664e-260	3787.3775463674165
77846.28224	-1.8113202659885192e-152	-3.044644510384059e-152	-1.0505148874975404e-150	1.364782023442195e-265	3922.640793112329
80530.63680000001	-5.883556741922627e-154	-8.685216723685964e-154	-4.8103578223528324e-152	2.534611475055055e-267	4057.9040398572415
83214.99136	-1.7343151413228665e-156	-2.442976521269343e-156	-1.5539967275612887e-154	2.3429045245350188e-271	4193.167286602154
85899.34592	1.1795343701949318e-158	1.7871596739272877e-158	9.110450803012041e-157	7.132337506401097e-275	4328.430533347066
91268.05504	2.5206129161136083e-159	4.2647414181201435e-159	1.33211103385503e-157	5.09305329595981e-275	4598.957026836891
96636.76416	1.7291776603556344e-162	2.569095420477703e-162	1.437311849629272e-160	1.6553710819449841e-279	4869.483520326715
102005.47328	-1.0084491238489393e-164	-1.8551320924913684e-164	-5.191158267925537e-163	5.865620217665192e-283	5140.01001381654
107374.1824	-1.8402829804066368e-167	-2.875140870515853e-167	-1.3319052607967557e-165	1.0447432827673932e-286	5410.536507306365
112742.89152	2.9856092479994735e-170	6.256971036977545e-170	1.1986934413159825e-168	2.2882947122433222e-291	5681.063000796189
118111.60064	1.2583866063170348e-172	2.0605843919859708e-172	8.286323578840293e-171	2.9567687925898404e-294	5951.589494286013
123480.30976	-1.0214441861528705e-176	-9.015824774658662e-176	3.1099321419439753e-174	1.126129491275283e-299	6222.115987775837
128849.01888000002	-6.599129370867562e-178	-1.1381435160771408e-177	-3.963033955619175e-176	4.944635714290714e-302	6492.642481265661
134217.728	-6.969821433338295e-181	-8.20383717214342e-181	-6.091036465012572e-179	3.158298840232247e-306	6763.168974755486
139586.43712000002	2.6366897093102304e-183	4.9068368573496275e-183	1.3758832665074903e-181	4.35738658874805e-310	7033.69546824531
144955.14624	6.6132265943047395e-186	9.815894537567572e-186	4.723647577068716e-184	1.38870494546e-313	7304.221961735134
150323.85536000002	-6.2416442706843085e-189	-1.4232980271794988e-188	-1.8327735109309207e-187	5.6528e-319	7574.748455224959
155692.56448	-4.1488348927485485e-191	-6.716848961503248e-191	-2.6660070271481255e-189	3.236e-321	7845.274948714784
161061.27360000001	-1.4363306819687544e-194	-2.296052478432942e-195	-2.0542084278527426e-192	0.0	8115.801442204609
166429.98272	1.9981260917315935e-196	3.47070857602621e-196	1.1561575480906854e-194	0.0	8386.327935694433
171798.69184	3.003264406566738e-199	4.0511965479638847e-199	2.3740788272705592e-197	0.0	8656.854429184257
182536.11008	1.5534822505732077e-200	6.565725705642466e-201	2.3485160286571153e-199	0.0	9197.907416163907
193273.52832	5.089899643485271e-205	3.2692703493026514e-205	3.3876355063781745e-203	0.0	9738.960403143557
204010.94656	-1.4599593219311114e-206	-9.179283886389832e-207	-5.589000900533486e-206	0.0	10280.013390123208
214748.3648	-1.095328192524865e-210	-1.145346907802042e-210	-2.65039019164249e-209	0.0	10821.066377102858
225485.78304	1.33585998233953e-212	1.1933233941751874e-212	2.0635698109306071e-212	0.0	11362.119364082508
236223.20128	1.5135110316165908e-216	2.1533868002424173e-216	1.9743985756660067e-215	0.0	11903.172351062156
246960.61952	-1.2075867140009017e-218	-1.5183682584632207e-218	-6.407988821186124e-219	0.0	12444.225338041804
257698.03776000004	-1.784060885382143e-222	-3.42810325273437e-222	-1.2991810083416933e-221	0.0	12985.278325021452
268435.456	1.0847041686054874e-224	1.9180689590758454e-224	2.3211345386179156e-226	0.0	13526.3313120011
279172.87424000003	1.938904036553705e-228	5.089561718667807e-228	7.547132613492648e-228	0.0	14067.384298980749
289910.29248	-9.713735818735354e-231	-2.4176096769210833e-230	1.873287555337122e-231	0.0	14608.437285960397
300647.71072000003	-2.0117250888984363e-234	-7.30345974206005e-234	-3.8544155119664104e-234	0.0	15149.490272940047
311385.12896	8.688534566941368e-237	3.0450464824181595e-236	-2.1056352921700383e-237	0.0	15690.543259919697
322122.54720000003	2.029933175338664e-240	1.0284495449585927e-239	1.6631922333211925e-240	0.0	16231.596246899348
332859.96544	-7.769164325368594e-243	-3.833510509638101e-242	1.656912051377151e-243	0.0	16772.649233878998
343597.38368	-2.0129343058297448e-246	-1.430857037425496e-245	-5.186534910291957e-247	0.0	17313.702220858646
365072.22016	-9.145114717329546e-247	-6.533454208685176e-246	6.096643239542204e-248	0.0	18395.808194817946
386547.05664	-9.448667105049181e-252	-9.587873593178284e-251	6.811666932915284e-252	0.0	19477.914168777246
408021.89312	4.12104519755362e-253	4.1493225127920595e-252	-7.142582553670414e-255	0.0	20560.020142736546
429496.7296	8.955262462449386e-258	1.2764452158203539e-256	-6.595241466952195e-259	0.0	21642.126116695847
450971.56608	-1.8568613515737278e-259	-2.634181516321091e-258	9.819369865070918e-263	0.0	22724.232090655147
472446.40256	-6.156854686529323e-264	-1.2346816112666923e-262	-2.0830702538057834e-266	0.0	23806.338064614443
493921.23904	8.364285901137272e-266	1.671618572015127e-264	1.2159800795047063e-269	0.0	24888.44403857374
515396.0755200001	3.7304098885868886e-270	1.0533198424707845e-268	4.643294775201297e-273	0.0	25970.550012533036
536870.912	-3.766619170931556e-272	-1.0603541079236638e-270	-4.993409322056117e-277	0.0	27052.655986492333
558345.7484800001	-2.1116880651852265e-276	-8.397724271158782e-275	-1.224723735684006e-280	0.0	28134.76196045163
579820.58496	1.6956971583235277e-278	6.723360199511665e-277	-2.524802911791098e-285	0.0	29216.867934410926
601295.4214400001	1.1455521775283961e-282	6.416853575759728e-281	-1.1851119726362367e-287	0.0	30298.973908370226
622770.25792	-7.631647619911704e-285	-4.261307165087129e-283	-1.4942517895900884e-292	0.0	31381.079882329526
644245.0944000001	-6.03553926177978e-289	-4.762310716722982e-287	8.689623405834457e-295	0.0	32463.185856288826
665719.93088	3.433691928724039e-291	2.6997244455435863e-289	3.4694856468066685e-299	0.0	33545.29183024813
687194.76736	3.112910927580052e-295	3.4599353633879695e-293	9.573680141710614e-304	0.0	34627.39780420742
730144.44032	1.3605282448032692e-295	1.5128858794067233e-293	1.249902569530586e-302	0.0	36791.609752126016
773094.11328	7.062544541757115e-301	1.1068124769164844e-298	2.9735496033539247e-307	0.0	38955.82170004461
816043.78624	-3.0664528791164936e-302	-4.8051414699872067e-300	-7.0979561849473e-311	0.0	41120.0336479632
858993.4592	-3.341974099820345e-307	-7.380538873957596e-305	5.08770378e-315	0.0	43284.245595881795
901943.13216	6.91038530166506e-309	1.5258706582997757e-306	-2.908787e-318	0.0	45448.457543800396
944892.80512	1.1476973287e-313	3.571766947836e-311	-1.2e-322	0.0	47612.669491718996
987842.47808	-1.557060294e-315	-4.8444082026e-313	0.0	0.0	49776.8814396376
1.0307921510400001e6	-3.4758e-320	-1.5242617e-317	0.0	0.0	51941.0933875562
1.073741824e6	3.5e-322	1.53773e-319	0.0	0.0	54105.3053354748
1.1166914969600001e6	0.0	5.0e-324	0.0	0.0	56269.5172833934
1.15964116992e6	0.0	-0.0	0.0	0.0	58433.729231312
1.2025908428800001e6	0.0	0.0	0.0	0.0	60597.9411792306
1.24554051584e6	0.0	0.0	0.0	0.0	62762.1531271492
1.2884901888000001e6	0.0	0.0	0.0	0.0	64926.36507506779
1.33143986176e6	0.0	0.0	0.0	0.0	67090.57702298638
1.37438953472e6	0.0	0.0	0.0	0.0	69254.78897090498
1.46028888064e6	0.0	0.0	0.0	0.0	73583.21286674216
1.54618822656e6	0.0	0.0	0.0	0.0	77911.63676257936
1.63208757248e6	0.0	0.0	0.0	0.0	82240.06065841657
1.7179869184e6	0.0	0.0	0.0	0.0	86568.48455425377
1.80388626432e6	0.0	0.0	0.0	0.0	90896.90845009097
1.88978561024e6	0.0	0.0	0.0	0.0	95225.33234592817
1.97568495616e6	0.0	0.0	0.0	0.0	99553.75624176537
2.0615843020800003e6	0.0	0.0	0.0	0.0	103882.18013760257
2.147483648e6	0.0	0.0	0.0	0.0	108210.60403343977
2.2333829939200003e6	0.0	0.0	0.0	0.0	112539.02792927697
2.31928233984e6	0.0	0.0	0.0	0.0	116867.45182511416
2.4051816857600003e6	0.0	0.0	0.0	0.0	121195.87572095134
2.49108103168e6	0.0	0.0	0.0	0.0	125524.29961678854
2.5769803776000002e6	0.0	0.0	0.0	0.0	129852.72351262574
2.66287972352e6	0.0	0.0	0.0	0.0	134181.14740846294
2.74877906944e6	0.0	0.0	0.0	0.0	138509.57130430016
2.92057776128e6	0.0	0.0	0.0	0.0	147166.41909597456
3.09237645312e6	0.0	0.0	0.0	0.0	155823.26688764893
3.26417514496e6	0.0	0.0	0.0	0.0	164480.11467932333
3.4359738368e6	0.0	0.0	0.0	0.0	173136.96247099774
3.60777252864e6	0.0	0.0	0.0	0.0	181793.8102626721
3.77957122048e6	0.0	0.0	0.0	0.0	190450.6580543465
3.95136991232e6	0.0	0.0	0.0	0.0	199107.5058460209
4.1231686041600006e6	0.0	0.0	0.0	0.0	207764.3536376953
4.294967296e6	0.0	0.0	0.0	0.0	216421.2014293697
4.466765987840001e6	0.0	0.0	0.0	0.0	225078.04922104412
4.63856467968e6	0.0	0.0	0.0	0.0	233734.89701271852
4.8103633715200005e6	0.0	0.0	0.0	0.0	242391.74480439292
4.98216206336e6	0.0	0.0	0.0	0.0	251048.59259606732
5.1539607552000005e6	0.0	0.0	0.0	0.0	259705.44038774172
5.32575944704e6	0.0	0.0	0.0	0.0	268362.2881794161
5.49755813888e6	0.0	0.0	0.0	0.0	277019.13597109047
5.84115552256e6	0.0	0.0	0.0	0.0	294332.83155443927
6.18475290624e6	0.0	0.0	0.0	0.0	311646.52713778807
6.52835028992e6	0.0	0.0	0.0	0.0	328960.2227211369
6.8719476736e6	0.0	0.0	0.0	0.0	346273.9183044857
7.21554505728e6	0.0	0.0	0.0	0.0	363587.6138878344
7.55914244096e6	0.0	0.0	0.0	0.0	380901.3094711832
7.90273982464e6	0.0	0.0	0.0	0.0	398215.005054532
8.246337208320001e6	0.0	0.0	0.0	0.0	415528.70063788083
8.589934592e6	0.0	0.0	0.0	0.0	432842.39622122963
8.933531975680001e6	0.0	0.0	0.0	0.0	450156.09180457843
9.27712935936e6	0.0	0.0	0.0	0.0	467469.78738792724
9.620726743040001e6	0.0	0.0	0.0	0.0	484783.48297127604
9.96432412672e6	0.0	0.0	0.0	0.0	502097.17855462484
1.0307921510400001e7	0.0	0.0	0.0	0.0	519410.87413797365
1.065151889408e7	0.0	0.0	0.0	0.0	536724.5697213224
1.099511627776e7	0.0	0.0	0.0	0.0	554038.2653046711
1.168231104512e7	0.0	0.0	0.0	0.0	588665.6564713687
1.236950581248e7	0.0	0.0	0.0	0.0	623293.0476380663
1.305670057984e7	0.0	0.0	0.0	0.0	657920.438804764
1.37438953472e7	0.0	0.0	0.0	0.0	692547.8299714616
1.443109011456e7	0.0	0.0	0.0	0.0	727175.2211381592
1.511828488192e7	0.0	0.0	0.0	0.0	761802.6123048568
1.580547964928e7	0.0	0.0	0.0	0.0	796430.0034715543
1.6492674416640002e7	0.0	0.0	0.0	0.0	831057.3946382519
1.7179869184e7	0.0	0.0	0.0	0.0	865684.7858049495
1.7867063951360002e7	0.0	0.0	0.0	0.0	900312.1769716471
1.855425871872e7	0.0	0.0	0.0	0.0	934939.5681383447
1.9241453486080002e7	0.0	0.0	0.0	0.0	969566.9593050423
1.992864825344e7	0.0	0.0	0.0	0.0	1.0041943504717399e6
2.0615843020800002e7	0.0	0.0	0.0	0.0	1.0388217416384375e6
2.130303778816e7	0.0	0.0	0.0	0.0	1.073449132805135e6
2.199023255552e7	0.0	0.0	0.0	0.0	1.1080765239718326e6
2.336462209024e7	0.0	0.0	0.0	0.0	1.1773313063052276e6
2.473901162496e7	0.0	0.0	0.0	0.0	1.2465860886386225e6
2.611340115968e7	0.0	0.0	0.0	0.0	1.3158408709720178e6
2.74877906944e7	0.0	0.0	0.0	0.0	1.385095653305413e6
2.886218022912e7	0.0	0.0	0.0	0.0	1.4543504356388082e6
3.023656976384e7	0.0	0.0	0.0	0.0	1.5236052179722034e6
3.161095929856e7	0.0	0.0	0.0	0.0	1.5928600003055986e6
3.2985348833280005e7	0.0	0.0	0.0	0.0	1.6621147826389938e6
3.4359738368e7	0.0	0.0	0.0	0.0	1.731369564972389e6
3.5734127902720004e7	0.0	0.0	0.0	0.0	1.8006243473057842e6
3.710851743744e7	0.0	0.0	0.0	0.0	1.8698791296391794e6
3.8482906972160004e7	0.0	0.0	0.0	0.0	1.9391339119725747e6
3.985729650688e7	0.0	0.0	0.0	0.0	2.0083886943059699e6
4.1231686041600004e7	0.0	0.0	0.0	0.0	2.077643476639365e6
4.260607557632e7	0.0	0.0	0.0	0.0	2.1468982589727603e6
4.398046511104e7	0.0	0.0	0.0	0.0	2.2161530413061553e6
4.672924418048e7	0.0	0.0	0.0	0.0	2.354662605972945e6
4.947802324992e7	0.0	0.0	0.0	0.0	2.493172170639735e6
5.222680231936e7	0.0	0.0	0.0	0.0	2.6316817353065256e6
5.49755813888e7	0.0	0.0	0.0	0.0	2.770191299973316e6
5.772436045824e7	0.0	0.0	0.0	0.0	2.9087008646401064e6
6.047313952768e7	0.0	0.0	0.0	0.0	3.047210429306897e6
6.322191859712e7	0.0	0.0	0.0	0.0	3.1857199939736873e6
6.597069766656001e7	0.0	0.0	0.0	0.0	3.3242295586404777e6
6.8719476736e7	0.0	0.0	0.0	0.0	3.462739123307268e6
7.146825580544001e7	0.0	0.0	0.0	0.0	3.6012486879740586e6
7.421703487488e7	0.0	0.0	0.0	0.0	3.739758252640849e6
7.696581394432001e7	0.0	0.0	0.0	0.0	3.8782678173076394e6
7.971459301376e7	0.0	0.0	0.0	0.0	4.0167773819744294e6
8.246337208320001e7	0.0	0.0	0.0	0.0	4.1552869466412193e6
8.521215115264e7	0.0	0.0	0.0	0.0	4.29379651130801e6
8.796093022208e7	0.0	0.0	0.0	0.0	4.4323060759748e6
9.345848836096e7	0.0	0.0	0.0	0.0	4.709325205308381e6
9.895604649984e7	0.0	0.0	0.0	0.0	4.98634433464196e6
1.0445360463872e8	0.0	0.0	0.0	0.0	5.26336346397554e6
1.099511627776e8	0.0	0.0	0.0	0.0	5.54038259330912e6
1.1544872091648e8	0.0	0.0	0.0	0.0	5.8174017226427e6
1.2094627905536e8	0.0	0.0	0.0	0.0	6.09442085197628e6
1.2644383719424e8	0.0	0.0	0.0	0.0	6.371439981309861e6
1.3194139533312002e8	0.0	0.0	0.0	0.0	6.648459110643442e6
1.37438953472e8	0.0	0.0	0.0	0.0	6.925478239977023e6
1.4293651161088002e8	0.0	0.0	0.0	0.0	7.2024973693106035e6
1.4843406974976e8	0.0	0.0	0.0	0.0	7.479516498644184e6
1.5393162788864002e8	0.0	0.0	0.0	0.0	7.756535627977765e6
1.5942918602752e8	0.0	0.0	0.0	0.0	8.033554757311346e6
1.6492674416640002e8	0.0	0.0	0.0	0.0	8.310573886644927e6
1.7042430230528e8	0.0	0.0	0.0	0.0	8.587593015978508e6
1.7592186044416e8	0.0	0.0	0.0	0.0	8.864612145312088e6
1.8691697672192e8	0.0	0.0	0.0	0.0	9.41865040397925e6
1.9791209299968e8	0.0	0.0	0.0	0.0	9.972688662646411e6
2.0890720927744e8	0.0	0.0	0.0	0.0	1.0526726921313573e7
2.199023255552e8	0.0	0.0	0.0	0.0	1.1080765179980734e7
2.3089744183296e8	0.0	0.0	0.0	0.0	1.1634803438647894e7
2.4189255811072e8	0.0	0.0	0.0	0.0	1.2188841697315054e7
2.5288767438848e8	0.0	0.0	0.0	0.0	1.2742879955982216e7
2.6388279066624004e8	0.0	0.0	0.0	0.0	1.3296918214649377e7
2.74877906944e8	0.0	0.0	0.0	0.0	1.385095647331654e7
2.8587302322176003e8	0.0	0.0	0.0	0.0	1.44049947319837e7
2.9686813949952e8	0.0	0.0	0.0	0.0	1.4959032990650862e7
3.0786325577728003e8	0.0	0.0	0.0	0.0	1.5513071249318024e7
3.1885837205504e8	0.0	0.0	0.0	0.0	1.6067109507985186e7
3.2985348833280003e8	0.0	0.0	0.0	0.0	1.6621147766652348e7
3.4084860461056e8	0.0	0.0	0.0	0.0	1.717518602531951e7
3.5184372088832e8	0.0	0.0	0.0	0.0	1.772922428398667e7
3.7383395344384e8	0.0	0.0	0.0	0.0	1.883730080132099e7
3.9582418599936e8	0.0	0.0	0.0	0.0	1.994537731865531e7
4.1781441855488e8	0.0	0.0	0.0	0.0	2.105345383598963e7
4.398046511104e8	0.0	0.0	0.0	0.0	2.2161530353323955e7
4.6179488366592e8	0.0	0.0	0.0	0.0	2.326960687065828e7
4.8378511622144e8	0.0	0.0	0.0	0.0	2.43776833879926e7
5.0577534877696e8	0.0	0.0	0.0	0.0	2.5485759905326925e7
5.277655813324801e8	0.0	0.0	0.0	0.0	2.659383642266125e7
5.49755813888e8	0.0	0.0	0.0	0.0	2.7701912939995572e7
5.717460464435201e8	0.0	0.0	0.0	0.0	2.8809989457329895e7
5.9373627899904e8	0.0	0.0	0.0	0.0	2.991806597466422e7
6.157265115545601e8	0.0	0.0	0.0	0.0	3.1026142491998542e7
6.3771674411008e8	0.0	0.0	0.0	0.0	3.2134219009332865e7
6.597069766656001e8	0.0	0.0	0.0	0.0	3.324229552666719e7
6.8169720922112e8	0.0	0.0	0.0	0.0	3.435037204400151e7
7.0368744177664e8	0.0	0.0	0.0	0.0	3.545844856133583e7
7.4766790688768e8	0.0	0.0	0.0	0.0	3.767460159600448e7
7.9164837199872e8	0.0	0.0	0.0	0.0	3.9890754630673125e7
8.3562883710976e8	0.0	0.0	0.0	0.0	4.210690766534177e7
8.796093022208e8	0.0	0.0	0.0	0.0	4.432306070001042e7
9.2358976733184e8	0.0	0.0	0.0	0.0	4.6539213734679066e7
9.6757023244288e8	0.0	0.0	0.0	0.0	4.875536676934771e7
1.01155069755392e9	0.0	0.0	0.0	0.0	5.097151980401636e7
1.0555311626649601e9	0.0	0.0	0.0	0.0	5.3187672838685006e7
1.099511627776e9	0.0	0.0	0.0	0.0	5.540382587335365e7
1.1434920928870401e9	0.0	0.0	0.0	0.0	5.76199789080223e7
1.18747255799808e9	0.0	0.0	0.0	0.0	5.9836131942690946e7
1.2314530231091201e9	0.0	0.0	0.0	0.0	6.205228497735959e7
1.27543348822016e9	0.0	0.0	0.0	0.0	6.426843801202823e7
1.3194139533312001e9	0.0	0.0	0.0	0.0	6.648459104669688e7
1.36339441844224e9	0.0	0.0	0.0	0.0	6.870074408136553e7
1.40737488355328e9	0.0	0.0	0.0	0.0	7.091689711603418e7
1.49533581377536e9	0.0	0.0	0.0	0.0	7.534920318537147e7
1.58329674399744e9	0.0	0.0	0.0	0.0	7.978150925470877e7
1.67125767421952e9	0.0	0.0	0.0	0.0	8.421381532404605e7
1.7592186044416e9	0.0	0.0	0.0	0.0	8.864612139338334e7
1.84717953466368e9	0.0	0.0	0.0	0.0	9.307842746272063e7
1.93514046488576e9	0.0	0.0	0.0	0.0	9.751073353205793e7
2.02310139510784e9	0.0	0.0	0.0	0.0	1.0194303960139522e8
2.1110623253299203e9	0.0	0.0	0.0	0.0	1.0637534567073251e8
2.199023255552e9	0.0	0.0	0.0	0.0	1.108076517400698e8
2.2869841857740803e9	0.0	0.0	0.0	0.0	1.152399578094071e8
2.37494511599616e9	0.0	0.0	0.0	0.0	1.196722638787444e8
2.4629060462182403e9	0.0	0.0	0.0	0.0	1.2410456994808169e8
2.55086697644032e9	0.0	0.0	0.0	0.0	1.2853687601741898e8
2.6388279066624002e9	0.0	0.0	0.0	0.0	1.3296918208675627e8
2.72678883688448e9	0.0	0.0	0.0	0.0	1.3740148815609357e8
2.81474976710656e9	0.0	0.0	0.0	0.0	1.4183379422543085e8
2.99067162755072e9	0.0	0.0	0.0	0.0	1.506984063641054e8
3.16659348799488e9	0.0	0.0	0.0	0.0	1.5956301850277996e8
3.34251534843904e9	0.0	0.0	0.0	0.0	1.6842763064145455e8
3.5184372088832e9	0.0	0.0	0.0	0.0	1.7729224278012913e8
3.69435906932736e9	0.0	0.0	0.0	0.0	1.8615685491880372e8
3.87028092977152e9	0.0	0.0	0.0	0.0	1.950214670574783e8
4.04620279021568e9	0.0	0.0	0.0	0.0	2.038860791961529e8
4.2221246506598406e9	0.0	0.0	0.0	0.0	2.1275069133482748e8
4.398046511104e9	0.0	0.0	0.0	0.0	2.2161530347350207e8
4.573968371548161e9	0.0	0.0	0.0	0.0	2.3047991561217666e8
4.74989023199232e9	0.0	0.0	0.0	0.0	2.3934452775085124e8
4.9258120924364805e9	0.0	0.0	0.0	0.0	2.4820913988952583e8
5.10173395288064e9	0.0	0.0	0.0	0.0	2.5707375202820042e8
5.2776558133248005e9	0.0	0.0	0.0	0.0	2.6593836416687497e8
5.45357767376896e9	0.0	0.0	0.0	0.0	2.7480297630554956e8
5.62949953421312e9	0.0	0.0	0.0	0.0	2.836675884442242e8
5.98134325510144e9	0.0	0.0	0.0	0.0	3.0139681272157335e8
6.33318697598976e9	0.0	0.0	0.0	0.0	3.191260369989225e8
6.68503069687808e9	0.0	0.0	0.0	0.0	3.368552612762717e8
7.0368744177664e9	0.0	0.0	0.0	0.0	3.545844855536208e8
7.38871813865472e9	0.0	0.0	0.0	0.0	3.723137098309699e8
7.74056185954304e9	0.0	0.0	0.0	0.0	3.900429341083191e8
8.09240558043136e9	0.0	0.0	0.0	0.0	4.077721583856683e8
8.444249301319681e9	0.0	0.0	0.0	0.0	4.2550138266301745e8
8.796093022208e9	0.0	0.0	0.0	0.0	4.432306069403666e8
9.147936743096321e9	0.0	0.0	0.0	0.0	4.609598312177158e8
9.49978046398464e9	0.0	0.0	0.0	0.0	4.78689055495065e8
9.851624184872961e9	0.0	0.0	0.0	0.0	4.9641827977241415e8
1.020346790576128e10	0.0	0.0	0.0	0.0	5.141475040497633e8
1.0555311626649601e10	0.0	0.0	0.0	0.0	5.318767283271125e8
1.090715534753792e10	0.0	0.0	0.0	0.0	5.496059526044617e8
1.125899906842624e10	0.0	0.0	0.0	0.0	5.673351768818108e8
1.196268651020288e10	0.0	0.0	0.0	0.0	6.02793625436509e8
1.266637395197952e10	0.0	0.0	0.0	0.0	6.382520739912072e8
1.337006139375616e10	0.0	0.0	0.0	0.0	6.737105225459055e8
1.40737488355328e10	0.0	0.0	0.0	0.0	7.091689711006038e8
1.477743627730944e10	0.0	0.0	0.0	0.0	7.446274196553022e8
1.548112371908608e10	0.0	0.0	0.0	0.0	7.800858682100005e8
1.618481116086272e10	0.0	0.0	0.0	0.0	8.155443167646989e8
1.6888498602639362e10	0.0	0.0	0.0	0.0	8.510027653193972e8
1.7592186044416e10	0.0	0.0	0.0	0.0	8.864612138740956e8
1.8295873486192642e10	0.0	0.0	0.0	0.0	9.219196624287939e8
1.899956092796928e10	0.0	0.0	0.0	0.0	9.573781109834923e8
1.9703248369745922e10	0.0	0.0	0.0	0.0	9.928365595381906e8
2.040693581152256e10	0.0	0.0	0.0	0.0	1.028295008092889e9
2.1110623253299202e10	0.0	0.0	0.0	0.0	1.0637534566475872e9
2.181431069507584e10	0.0	0.0	0.0	0.0	1.0992119052022855e9
2.251799813685248e10	0.0	0.0	0.0	0.0	1.1346703537569838e9
2.392537302040576e10	0.0	0.0	0.0	0.0	1.2055872508663802e9
2.533274790395904e10	0.0	0.0	0.0	0.0	1.276504147975777e9
2.674012278751232e10	0.0	0.0	0.0	0.0	1.3474210450851736e9
2.81474976710656e10	0.0	0.0	0.0	0.0	1.4183379421945703e9
2.955487255461888e10	0.0	0.0	0.0	0.0	1.489254839303967e9
3.096224743817216e10	0.0	0.0	0.0	0.0	1.5601717364133637e9
3.236962232172544e10	0.0	0.0	0.0	0.0	1.6310886335227604e9
3.3776997205278725e10	0.0	0.0	0.0	0.0	1.702005530632157e9
3.5184372088832e10	0.0	0.0	0.0	0.0	1.7729224277415538e9
3.6591746972385284e10	0.0	0.0	0.0	0.0	1.8438393248509505e9
3.799912185593856e10	0.0	0.0	0.0	0.0	1.914756221960347e9
3.9406496739491844e10	0.0	0.0	0.0	0.0	1.9856731190697434e9
4.081387162304512e10	0.0	0.0	0.0	0.0	2.05659001617914e9
4.2221246506598404e10	0.0	0.0	0.0	0.0	2.1275069132885368e9
4.362862139015168e10	0.0	0.0	0.0	0.0	2.1984238103979335e9
4.503599627370496e10	0.0	0.0	0.0	0.0	2.2693407075073304e9
4.785074604081152e10	0.0	0.0	0.0	0.0	2.411174501726124e9
5.066549580791808e10	0.0	0.0	0.0	0.0	2.5530082959449167e9
5.348024557502464e10	0.0	0.0	0.0	0.0	2.6948420901637096e9
5.62949953421312e10	0.0	0.0	0.0	0.0	2.8366758843825026e9
5.910974510923776e10	0.0	0.0	0.0	0.0	2.9785096786012955e9
6.192449487634432e10	0.0	0.0	0.0	0.0	3.1203434728200884e9
6.473924464345088e10	0.0	0.0	0.0	0.0	3.262177267038882e9
6.755399441055745e10	0.0	0.0	0.0	0.0	3.404011061257675e9
7.0368744177664e10	0.0	0.0	0.0	0.0	3.5458448554764686e9
7.318349394477057e10	0.0	0.0	0.0	0.0	3.687678649695262e9
7.599824371187712e10	0.0	0.0	0.0	0.0	3.8295124439140553e9
7.881299347898369e10	0.0	0.0	0.0	0.0	3.9713462381328487e9
8.162774324609024e10	0.0	0.0	0.0	0.0	4.113180032351642e9
8.444249301319681e10	0.0	0.0	0.0	0.0	4.2550138265704355e9
8.725724278030336e10	0.0	0.0	0.0	0.0	4.396847620789228e9
9.007199254740993e10	0.0	0.0	0.0	0.0	4.538681415008021e9
9.570149208162305e10	0.0	0.0	0.0	0.0	4.822349003445608e9
1.0133099161583617e11	0.0	0.0	0.0	0.0	5.106016591883195e9
1.0696049115004929e11	0.0	0.0	0.0	0.0	5.389684180320782e9
1.125899906842624e11	0.0	0.0	0.0	0.0	5.6733517687583685e9
1.1821949021847552e11	0.0	0.0	0.0	0.0	5.957019357195954e9
1.2384898975268864e11	0.0	0.0	0.0	0.0	6.24068694563354e9
1.2947848928690176e11	0.0	0.0	0.0	0.0	6.524354534071126e9
1.351079888211149e11	0.0	0.0	0.0	0.0	6.808022122508712e9
1.40737488355328e11	0.0	0.0	0.0	0.0	7.091689710946298e9
1.4636698788954114e11	0.0	0.0	0.0	0.0	7.375357299383884e9
1.5199648742375424e11	0.0	0.0	0.0	0.0	7.659024887821471e9
1.5762598695796738e11	0.0	0.0	0.0	0.0	7.942692476259058e9
1.6325548649218048e11	0.0	0.0	0.0	0.0	8.226360064696645e9
1.6888498602639362e11	0.0	0.0	0.0	0.0	8.510027653134232e9
1.7451448556060672e11	0.0	0.0	0.0	0.0	8.793695241571817e9
1.8014398509481985e11	0.0	0.0	0.0	0.0	9.077362830009403e9
1.914029841632461e11	0.0	0.0	0.0	0.0	9.644698006884577e9
2.0266198323167233e11	0.0	0.0	0.0	0.0	1.021203318375975e10
2.1392098230009857e11	0.0	0.0	0.0	0.0	1.0779368360634924e10
2.251799813685248e11	0.0	0.0	0.0	0.0	1.1346703537510098e10
2.3643898043695105e11	0.0	0.0	0.0	0.0	1.1914038714385271e10
2.476979795053773e11	0.0	0.0	0.0	0.0	1.2481373891260443e10
2.5895697857380353e11	0.0	0.0	0.0	0.0	1.3048709068135614e10
2.702159776422298e11	0.0	0.0	0.0	0.0	1.3616044245010786e10
2.81474976710656e11	0.0	0.0	0.0	0.0	1.4183379421885958e10
2.927339757790823e11	0.0	0.0	0.0	0.0	1.475071459876113e10
3.039929748475085e11	0.0	0.0	0.0	0.0	1.5318049775636303e10
3.1525197391593475e11	0.0	0.0	0.0	0.0	1.5885384952511477e10
3.2651097298436096e11	0.0	0.0	0.0	0.0	1.645272012938665e10
3.3776997205278723e11	0.0	0.0	0.0	0.0	1.7020055306261824e10
3.4902897112121344e11	0.0	0.0	0.0	0.0	1.7587390483136997e10
3.602879701896397e11	0.0	0.0	0.0	0.0	1.8154725660012173e10
3.828059683264922e11	0.0	0.0	0.0	0.0	1.928939601376252e10
4.0532396646334467e11	0.0	0.0	0.0	0.0	2.0424066367512867e10
4.2784196460019714e11	0.0	0.0	0.0	0.0	2.1558736721263214e10
4.503599627370496e11	0.0	0.0	0.0	0.0	2.269340707501356e10
4.728779608739021e11	0.0	0.0	0.0	0.0	2.382807742876391e10
4.953959590107546e11	0.0	0.0	0.0	0.0	2.4962747782514256e10
5.1791395714760706e11	0.0	0.0	0.0	0.0	2.60974181362646e10
5.404319552844596e11	0.0	0.0	0.0	0.0	2.7232088490014942e10
5.62949953421312e11	0.0	0.0	0.0	0.0	2.8366758843765285e10
5.854679515581646e11	0.0	0.0	0.0	0.0	2.9501429197515633e10
6.07985949695017e11	0.0	0.0	0.0	0.0	3.063609955126598e10
6.305039478318695e11	0.0	0.0	0.0	0.0	3.1770769905016327e10
6.530219459687219e11	0.0	0.0	0.0	0.0	3.2905440258766674e10
6.755399441055745e11	0.0	0.0	0.0	0.0	3.404011061251702e10
6.980579422424269e11	0.0	0.0	0.0	0.0	3.5174780966267365e10
7.205759403792794e11	0.0	0.0	0.0	0.0	3.630945132001771e10
7.656119366529844e11	0.0	0.0	0.0	0.0	3.85787920275184e10
8.106479329266893e11	0.0	0.0	0.0	0.0	4.08481327350191e10
8.556839292003943e11	0.0	0.0	0.0	0.0	4.311747344251979e10
9.007199254740992e11	0.0	0.0	0.0	0.0	4.5386814150020485e10
9.457559217478042e11	0.0	0.0	0.0	0.0	4.765615485752118e10
9.907919180215092e11	0.0	0.0	0.0	0.0	4.992549556502187e10
1.0358279142952141e12	0.0	0.0	0.0	0.0	5.219483627252257e10
1.0808639105689192e12	0.0	0.0	0.0	0.0	5.4464176980023254e10
1.125899906842624e12	0.0	0.0	0.0	0.0	5.673351768752395e10
1.170935903116329e12	0.0	0.0	0.0	0.0	5.900285839502464e10
1.215971899390034e12	0.0	0.0	0.0	0.0	6.127219910252534e10
1.261007895663739e12	0.0	0.0	0.0	0.0	6.354153981002603e10
1.3060438919374438e12	0.0	0.0	0.0	0.0	6.5810880517526726e10
1.351079888211149e12	0.0	0.0	0.0	0.0	6.808022122502742e10
1.3961158844848538e12	0.0	0.0	0.0	0.0	7.034956193252812e10
1.4411518807585588e12	0.0	0.0	0.0	0.0	7.261890264002881e10
