# τ	Fs	F	Δζ	ΔG	Δr²
0.0	1.0	1.0	4197.458241089177	472.7538699558973	0.0
3.125e-7	0.9999838611727643	0.9999865047756011	4195.284758878219	472.51927757000334	3.125e-7
6.25e-7	0.9999677285923303	0.9999730147390775	4193.113177824048	472.2848842801608	6.247950459843218e-7
9.375000000000001e-7	0.9999516082364206	0.9999595348890048	4190.94367556232	472.050701908415	9.366805306110848e-7
1.25e-6	0.9999355000917947	0.9999460652143657	4188.776249707546	471.8167302280442	1.2481570688412027e-6
1.5625e-6	0.9999194041430104	0.9999326057023009	4186.610897822886	471.5829690110659	1.5592254089435092e-6
1.8750000000000003e-6	0.9999033203746471	0.99991915633997	4184.447617474743	471.3494180297745	1.8698862978126002e-6
2.1875000000000002e-6	0.9998872487713066	0.9999057171145502	4182.286406232746	471.11607705674214	2.180140480883317e-6
2.5e-6	0.9998711893176128	0.9998922880132382	4180.127261669782	470.88294586481663	2.4899887021336137e-6
2.8125e-6	0.9998551419982116	0.9998788690232482	4177.970181361957	470.6500242271223	2.7994317040874795e-6
3.125e-6	0.9998391067977715	0.9998654601318137	4175.815162888639	470.4173119170594	3.1084702278178515e-6
3.4375e-6	0.999823083700983	0.999852061326186	4173.662203832397	470.18480870830376	3.417105012949524e-6
3.7500000000000005e-6	0.9998070726925586	0.9998386725936352	4171.511301779031	469.9525143748063	3.725336797662052e-6
4.0625000000000005e-6	0.9997910737572331	0.9998252939214498	4169.362454317565	469.72042869079263	4.0331663186926466e-6
4.3750000000000005e-6	0.999775086879763	0.9998119252969363	4167.215659040226	469.48855143076264	4.340594311339067e-6
4.6875000000000004e-6	0.9997591120449273	0.9997985667074198	4165.070913542457	469.2568823694903	4.647621509462506e-6
5.0e-6	0.9997431492375265	0.9997852181402439	4162.928215422916	469.0254212820233	4.954248645490467e-6
5.3125e-6	0.9997272063421014	0.9997718861770414	4160.788085670345	468.79421429369523	5.2602113466380576e-6
5.625e-6	0.9997112780616966	0.9997585663962483	4158.650171727828	468.5632301815357	5.565687871118223e-6
5.9375e-6	0.999695362620163	0.9997452573152701	4156.514354495143	468.33245839105206	5.870738146943054e-6
6.25e-6	0.9996794594152674	0.9997319584314279	4154.380592686646	468.1018952558747	6.175382640506707e-6
6.5625e-6	0.9996635682361936	0.9997186695687753	4152.248870954842	467.87153940533864	6.479628657629898e-6
6.875e-6	0.9996476890026468	0.9997053906603167	4150.119182599685	467.6413902340234	6.783479114416608e-6
7.1875e-6	0.9996318216778624	0.9996921216753946	4147.991523805483	467.41144739171165	7.0869354621554415e-6
7.500000000000001e-6	0.9996159662396054	0.9996788625954789	4145.865891720018	467.18171061341513	7.3899986627156446e-6
7.8125e-6	0.9996001226704999	0.9996656134060954	4143.742283814308	466.9521796627297	7.69266951382339e-6
8.125000000000001e-6	0.9995842909548046	0.9996523740941333	4141.620697669201	466.72285431295535	7.994948757536567e-6
8.4375e-6	0.999568471077336	0.9996391446469497	4139.501130904252	466.49373434080644	8.29683711642074e-6
8.750000000000001e-6	0.9995526630231122	0.9996259250520682	4137.383581154012	466.26481952431334	8.598335305614937e-6
9.0625e-6	0.9995368667772331	0.9996127152970807	4135.268046060104	466.036109642125	8.899444036857206e-6
9.375000000000001e-6	0.9995210823248392	0.9995995153696129	4133.154523268617	465.807604473274	9.20016401982889e-6
9.6875e-6	0.999505309651099	0.9995863252573147	4131.04301042919	465.57930379710035	9.500495962604765e-6
1.0e-5	0.9994895487412039	0.9995731449478544	4128.933505194735	465.3512073932239	9.800440571804981e-6
1.0625e-5	0.9994580621342167	0.9995468136718852	4124.720506852002	464.8956264251648	1.0399171543571547e-5
1.125e-5	0.9994266223990121	0.9995205214543813	4120.515510410997	464.4408598765789	1.0996361931346505e-5
1.1875e-5	0.999395229422292	0.9994942682009947	4116.318497502211	463.9869060157641	1.1592017128510346e-5
1.25e-5	0.9993638830881718	0.9994680538152251	4112.129449609185	463.53376310079653	1.2186142646574047e-5
1.3125e-5	0.9993325832801271	0.999441878200039	4107.948348199293	463.08142938915813	1.2778744021908559e-5
1.375e-5	0.9993013298816467	0.9994157412584126	4103.775174767317	462.62990314095083	1.3369826784883705e-5
1.4375e-5	0.9992701227764442	0.9993896428935103	4099.609910849817	462.1791826199473	1.3959396449438272e-5
1.5000000000000002e-5	0.9992389618485331	0.9993635830087461	4095.4525380298733	461.7292660939453	1.4547458509844182e-5
1.5625e-5	0.9992078469822477	0.9993375615078004	4091.3030379385295	461.2801518348665	1.5134018439498807e-5
1.6250000000000002e-5	0.9991767780622502	0.9993115782946274	4087.161392255225	460.8318381187948	1.57190816907629e-5
1.6875e-5	0.999145754973534	0.9992856332734557	4083.0275827077953	460.3843232259675	1.6302653694779843e-5
1.7500000000000002e-5	0.9991147776014225	0.9992597263487885	4078.9015910724224	459.93760544078003	1.6884739861654245e-5
1.8125e-5	0.9990838458315673	0.999233857425403	4074.7833991734874	459.4916830517648	1.7465345580385746e-5
1.8750000000000002e-5	0.9990529595499493	0.9992080264083509	4070.672988883455	459.0465543515924	1.8044476219084097e-5
1.9375e-5	0.9990221186428758	0.9991822332029546	4066.5703421227204	458.6022176370494	1.8622137124915974e-5
2.0e-5	0.9989913229969819	0.9991564777148094	4062.4754408594868	458.1586712090374	1.9198333624322648e-5
2.125e-5	0.9989298668877006	0.9991050793897639	4054.3087929217727	457.2739416925296	2.0346361594625026e-5
2.25e-5	0.9988685904224606	0.9990538307673043	4046.172908549794	456.3923527941249	2.1488597580198458e-5
2.375e-5	0.9988074927395907	0.9990027311298706	4038.0676474542406	455.5138912353143	2.2625081866957537e-5
2.5e-5	0.9987465729601571	0.9989517797455235	4029.992868590977	454.6385436906503	2.3755855473639927e-5
2.625e-5	0.9986858302028253	0.9989009758803216	4021.948431160371	453.76629686177637	2.4880959448528993e-5
2.75e-5	0.9986252635888502	0.9988503188024783	4013.934194938276	452.8971375020679	2.6000434639096614e-5
2.875e-5	0.9985648722436689	0.9987998077836865	4005.950020382972	452.0310524243976	2.7114321614013356e-5
3.0000000000000004e-5	0.9985046552974627	0.9987494420995889	3997.9957686684634	451.1680285037117	2.8222660641519732e-5
3.125e-5	0.9984446118852747	0.9986992210298734	3990.071301692215	450.30805267745325	2.932549168114799e-5
3.2500000000000004e-5	0.9983847411470795	0.9986491438583337	3982.176482075479	449.45111194569006	3.042285438530456e-5
3.375e-5	0.9983250422277348	0.9985992098728257	3974.3111731599915	448.59719337073057	3.151478809875556e-5
3.5000000000000004e-5	0.9982655142769967	0.9985494183652841	3966.475239004718	447.74628407698316	3.260133186273562e-5
3.625e-5	0.9982061564494539	0.9984997686316647	3958.6685443813844	446.8983712504846	3.368252441529003e-5
3.7500000000000003e-5	0.9981469679045374	0.998450259971954	3950.8909547708336	446.0534421387341	3.475840419560441e-5
3.875e-5	0.9980879478064532	0.9984008916901125	3943.1423363585213	445.21148405021546	3.582900934443347e-5
4.0e-5	0.998029095324191	0.9983516630940825	3935.422556030822	444.3724843542305	3.6894377708395433e-5
4.25e-5	0.9979118888274077	0.9982536213120601	3920.068908121618	442.7033044439289	3.90096028547842e-5
4.5e-5	0.997795342598862	0.9981561297828648	3904.8290098801003	441.0458063158097	4.1104342782003755e-5
4.75e-5	0.9976794504051972	0.9980591833153204	3889.7018377898003	439.39989232404565	4.317887858220712e-5
5.0e-5	0.9975642059224799	0.9979627766427955	3874.6863680900797	437.7654649324645	4.5233494398435804e-5
5.25e-5	0.9974496028441951	0.9978669045131305	3859.781584025948	436.14242725827967	4.726847245041469e-5
5.5e-5	0.9973356349175255	0.9977715617188553	3844.9864781956685	434.5306832496863	4.9284091455325305e-5
5.75e-5	0.9972222959541092	0.9976767431061427	3830.3000532437068	432.9301377354302	5.128062610724293e-5
6.000000000000001e-5	0.9971095798338471	0.9975824435779878	3815.7213220212193	431.34069643808715	5.325834698511378e-5
6.25e-5	0.9969974805048388	0.9974886580941441	3801.2493075520074	429.7622659691573	5.52175205293527e-5
6.500000000000001e-5	0.9968859919835805	0.997395381671301	3786.8830429526824	428.19475382431335	5.715840911359184e-5
6.75e-5	0.9967751083537153	0.9973026093820341	3772.6215713204956	426.63806837268703	5.9081271075751105e-5
7.000000000000001e-5	0.9966648237658462	0.9972103363546563	3758.4639456293826	425.0921188502776	6.0986360805544847e-5
7.25e-5	0.996555132436173	0.9971185577720781	3744.4092286115997	423.55681534881	6.287392878052999e-5
7.500000000000001e-5	0.9964460286462767	0.9970272688716365	3730.4564926536336	422.03206880909255	6.474422165288596e-5
7.75e-5	0.996337506741768	0.9969364649439602	3716.6048196796146	420.5177910100377	6.659748228494316e-5
8.0e-5	0.9962295611320802	0.9968461413328077	3702.8533010496085	419.01389456216197	6.843394983346682e-5
8.5e-5	0.9960153696797972	0.9966669108089337	3675.646661740601	416.036863137298	7.205774247690994e-5
9.0e-5	0.9958034157649303	0.9964895452129692	3648.829827950226	413.10031779760425	7.561722665370349e-5
9.5e-5	0.9955936585211513	0.9963140105071464	3622.395970894295	410.2035970753084	7.91141163304262e-5
0.0001	0.9953860569257782	0.9961402725231943	3596.338327802439	407.34604620814275	8.255011952198863e-5
0.000105	0.9951805705047495	0.9959682975493349	3570.650248618398	404.527020725116	8.592690775695972e-5
0.00011	0.9949771595657725	0.9957980525245823	3545.325209726548	401.74588751551073	8.924610735180745e-5
0.000115	0.9947757852507282	0.9956295050822799	3520.356816398627	399.00202498040244	9.250929707761554e-5
0.00012000000000000002	0.9945764095509416	0.9954626235629503	3495.738801816923	396.2948229670312	9.571800880763926e-5
0.000125	0.9943789952875096	0.9952973769978145	3471.4650247172513	393.6236825518712	9.887372829325008e-5
0.00013000000000000002	0.9941835061029594	0.9951337351019713	3447.529466903862	390.9880158582474	0.0001019778967661112
0.000135	0.99398990643449	0.994971668252016	3423.9262304804656	388.3872458086167	0.0001050319119997176
0.00014000000000000001	0.9937981615037367	0.9948111474776409	3400.649535315425	385.82080593728784	0.00010803712992345698
0.000145	0.9936082372901601	0.9946521444393795	3377.693716342292	383.2881401486984	0.0001109948656557815
0.00015000000000000001	0.9934201005213072	0.9944946314206152	3355.05322113113	380.7887025371848	0.00011390639502974358
0.000155	0.9932337186471181	0.9943385813060891	3332.722607306157	378.32195715487654	0.00011677295556644018
0.00016	0.9930490598309085	0.9941839675745098	3310.6965402346855	375.887377839464	0.00011959574790617584
0.00017	0.9926847494257796	0.9938789143520436	3267.5346211484375	371.1124451977871	0.00012511604552589603
0.00018	0.9923269561268013	0.9935792941553784	3225.5287998828553	366.4600419142539	0.00013047512851172946
0.00019	0.9919754582989485	0.993284922339973	3184.6406730705417	361.9263425410706	0.000135681032834684
0.0002	0.9916300379315559	0.9929956172780992	3144.8329151989788	357.5076251281967	0.00014074154798909613
0.00021	0.9912904842428334	0.992711203359715	3106.0695012773913	353.20028907509555	0.00014566408266857906
0.00022	0.990956594770288	0.9924315119024227	3068.315743703396	349.00085813938676	0.0001504556410800039
0.00023	0.9906281753135139	0.9921563811025926	3031.5382640997527	344.9059776850399	0.00015512282829521887
0.00024000000000000003	0.9903050398154523	0.9918856559381672	2995.7049495479887	340.91241112340384	0.00015967187113001197
0.00025	0.9899870099283804	0.99161918780599	2960.7849010585255	337.01703528377584	0.00016410863703585527
0.00026000000000000003	0.9896739147878039	0.9913568343351027	2926.748385260451	333.2168364611364	0.00016843865718960794
0.00027	0.9893655905694649	0.9910984590166182	2893.566784507137	329.50890592700114	0.0001726671447961849
0.00028000000000000003	0.9890618802773258	0.9908439310286685	2861.212552030141	325.8904362310354	0.00017679901588692998
0.00029	0.9887626333301305	0.9905931248909143	2829.6591660512804	322.35871704323876	0.000180838905681775
0.00030000000000000003	0.988467705374451	0.9903459203102868	2798.881088904973	318.9111317539475	0.00018479118688578575
0.00031	0.9881769579024137	0.9901022018614763	2768.853725059092	315.5451536410899	0.0001886599841885026
0.00032	0.9878902580885809	0.9898618588524521	2739.55338391752	312.2583427495964	0.00019244919030199335
0.00034	0.9873283567351031	0.9893907618915182	2683.0330467492868	305.9119420326928	0.0001998071100221392
0.00036	0.9867811536151196	0.9889319229014664	2629.1556101045317	299.8547655929425	0.00020688868483135914
0.00038	0.9862477994710486	0.9884846340440769	2577.7630761942214	294.07032694242446	0.0002137170043529939
0.0004	0.9857274888811334	0.9880482240044698	2528.7069082988423	288.54307842551276	0.0002203133450035543
0.00042	0.9852194700158156	0.9876220661038808	2481.848374068226	283.2584408483122	0.00022669694223418266
0.00044	0.9847230463954401	0.9872055797818842	2437.0581774638354	278.2027701661892	0.00023288508190864372
0.00046	0.9842375726080841	0.9867982270155482	2394.2158364847755	273.3632984267421	0.00023889326918042427
0.00048000000000000007	0.9837624517829269	0.9863995102312069	2353.209068317488	268.72807787513807	0.0002447354149506245
0.0005	0.9832971304953765	0.9860089680472327	2313.9331622100435	264.28592137662315	0.00025042401049447265
0.0005200000000000001	0.9828410963434547	0.9856261732700872	2276.290430397897	260.0263518775522	0.0002559702838520042
0.00054	0.9823938734269525	0.9852507291157856	2240.1896669634657	255.93955043155296	0.00026138434330752713
0.0005600000000000001	0.9819550204172953	0.9848822676156471	2205.545683070916	252.01631281183774	0.0002666752982253685
0.00058	0.9815241266594555	0.9845204463570679	2172.2788473626274	248.24800484187188	0.00027185137417690505
0.0006000000000000001	0.9811008106867511	0.9841649472587104	2140.314694481795	244.6265253293299	0.00027692000481045254
0.00062	0.980684716859918	0.9838154737593021	2109.5835346218687	241.14426768285247	0.0002818879244639207
0.00064	0.9802755142456401	0.9834717498947863	2080.0201233988046	237.79408822229067	0.0002867612374428887
0.00068	0.9794763171101746	0.9828003290883807	2024.132296414716	231.46103166730097	0.000296248853309264
0.00072	0.9787012143877879	0.9821490126261524	1972.227868200489	225.58052285205662	0.0003054181929811758
0.00076	0.9779483115674292	0.981516220356246	1923.9210617963558	220.10974990104322	0.00031430081564445074
0.0008	0.9772159052028433	0.9809005315265111	1878.8672932057434	215.01031684793375	0.00032292383787194
0.00084	0.9765024733991933	0.9803006767104284	1836.7603806336688	210.24795750564186	0.0003313104642609372
0.00088	0.9758066702188457	0.9797155332601419	1797.3286081045094	205.79213325036025	0.0003394804470575119
0.00092	0.9751272944026572	0.9791440991212108	1760.3304464430562	201.61558938289082	0.0003474508043252038
0.0009600000000000001	0.974463279600646	0.9785854847950121	1725.5509525000193	197.69398048763082	0.0003552361742275422
0.001	0.9738136676146338	0.9780388909350229	1692.7983469253575	194.00551104061705	0.00036284935911927457
0.0010400000000000001	0.9731776021930928	0.9775036032664464	1661.9012815434876	190.53064603351282	0.0003703015184500686
0.00108	0.9725543079625674	0.9769789749342914	1632.7062471221452	187.2518352785144	0.0003776025650547782
0.0011200000000000001	0.971943087304742	0.9764644239805592	1605.0755362131476	184.15329392897485	0.0003847612502225116
0.00116	0.971343303734169	0.9759594194076562	1578.8852801956677	181.2207913629538	0.00039178545959451584
0.0012000000000000001	0.9707543808520948	0.9754634803771555	1554.023925383942	178.44148433028445	0.00039868223389750285
0.00124	0.9701757890500059	0.9749761650538463	1530.390736103256	175.80375443372768	0.0004054579975089357
0.00128	0.9696070457899911	0.9744970709023557	1507.8946476256176	173.29708063584275	0.00041211854237623995
0.00136	0.9684972798178461	0.9735620245853094	1465.9635423052507	168.63624695077212	0.00042511144040416885
0.00144	0.9674220330979513	0.9726557964478784	1427.6849808515885	164.39583302670908	0.00043770126014438425
0.00152	0.966378583212864	0.9717761150060023	1392.5891886810314	160.52134022393219	0.0004499214546798733
0.0016	0.9653645771918612	0.9709210175642632	1360.2790192085813	156.96661141559676	0.0004617997801517044
0.00168	0.9643779273466169	0.9700887625401918	1330.4188620305954	153.69261249189333	0.0004733607445507016
0.00176	0.9634168169528355	0.9692778346994915	1302.7247812453872	150.66629728614026	0.00048462543511470233
0.00184	0.9624796139628176	0.9684868726439613	1276.9549334469898	147.85952643671558	0.0004956129789770406
0.0019200000000000003	0.9615648801533654	0.9677146768911211	1252.9026331734588	145.2482543512725	0.0005063401220641132
0.002	0.9606713070956726	0.9669601560346673	1230.3899283652727	142.8117991314569	0.0005168222733019634
0.0020800000000000003	0.9597977286627624	0.9662223375564474	1209.2631285088544	140.5323108440462	0.00052707307036558
0.00216	0.9589430729710766	0.9655003273828641	1189.3885495491363	138.39428674367488	0.0005371051812804884
0.0022400000000000002	0.9581063757625011	0.964793321366669	1170.6496135690675	136.3842222483404	0.0005469299106145722
0.00232	0.9572867434045702	0.9641005741252323	1152.9439768179627	134.49028383847954	0.0005565578343466067
0.0024000000000000002	0.9564833657550676	0.9634214100422143	1136.181612617202	132.70207593347118	0.0005659984557353689
0.00248	0.9556954870262084	0.9627551987116373	1120.2828289944969	131.01041564779163	0.000575260716981757
0.00256	0.9549224175577375	0.9621013649895206	1105.176976168203	129.4071741402505	0.0005843527022568639
0.00272	0.9534185730201477	0.9608290549411601	1077.0821317072275	126.43542253935465	0.0006020426346498988
0.00288	0.9519668841756017	0.95960035000041	1051.4866839949714	123.74032436283848	0.0006191358859767503
0.00304	0.9505631789276863	0.9584117687358157	1028.047169242224	121.28282981909227	0.0006356832068313299
0.0032	0.9492039452066632	0.9572603819983387	1006.4800956349463	119.03071410752024	0.0006517247172546924
0.00336	0.9478860437022233	0.956143570763291	986.549887462399	116.95729942647705	0.0006672964305073288
0.00352	0.9466067412657143	0.9550590555157732	968.060307361306	115.04043931341414	0.0006824293716179663
0.00368	0.9453635487054786	0.9540047594095881	950.8459806195273	113.26156026426374	0.0006971523025157388
0.0038400000000000005	0.9441542672320979	0.9529788483466475	934.7670562051445	111.6050124322604	0.0007114903742486473
0.004	0.9429768758547218	0.951979635878316	919.7039398781391	110.05747483844597	0.0007254670059185335
0.0041600000000000005	0.9418295717609745	0.9510056179647018	905.5540865623132	108.6075642501335	0.0007391028272247132
0.00432	0.9407106867006987	0.9500554022873976	892.2286731231139	107.24546358112029	0.000752417126151833
0.0044800000000000005	0.9396187203596034	0.949127736957654	879.6506236649502	105.9626811116081	0.0007654270259945698
0.00464	0.9385522765189338	0.9482214564975069	867.7524380229718	104.75181065001662	0.0007781486125202133
0.0048000000000000004	0.937510090621238	0.9473355055458901	856.4749383352927	103.60637853730685	0.0007905962733932145
0.00496	0.9364909800940616	0.9464688967875393	845.7658060654752	102.52068369779904	0.0008027835847089517
0.00512	0.9354938672469053	0.9456207306430924	835.5787632713224	101.48969752006724	0.0008147227714348448
0.00544	0.9335631461718087	0.9439776604566537	816.6113115574332	99.57374194189585	0.0008378701287264141
0.00576	0.9317092380477635	0.9423990291847351	799.291562998742	97.82924365116504	0.000860156918394038
0.00608	0.9299255094655393	0.9408792925773838	783.3931717947354	96.23203921181072	0.0008816591353209431
0.0064	0.9282065570663769	0.939413937419287	768.7314828902169	94.76234726035425	0.0009024349021409529
0.00672	0.9265475742533062	0.9379989467619811	755.1531093143774	93.40382643096491	0.0009225372011251138
0.00704	0.9249443692836709	0.9366308183481528	742.5301706874194	92.14293368520411	0.000942012204827252
0.00736	0.9233931215589289	0.9353063579034855	730.7546474991349	90.96830329695888	0.0009609028635013721
0.007680000000000001	0.9218904563597915	0.9340227444707239	719.7350912185573	89.87035942425948	0.0009792467024617596
0.008	0.9204332795591968	0.9327773899753937	709.3931403999349	88.8409381527795	0.0009970785482546467
0.008320000000000001	0.9190188361751314	0.9315679904184706	699.6615278326598	87.87305854625895	0.0010144290117258313
0.00864	0.9176445863627686	0.9303924203936441	690.4818715818701	86.96068761996328	0.001031326619291188
0.008960000000000001	0.9163082512040405	0.9292487731470588	681.8034460827217	86.09860121159485	0.001047796655181076
0.00928	0.9150077184599875	0.9281352803075557	673.5817416854825	85.28223236786513	0.0010638627996391616
0.009600000000000001	0.9137410796324472	0.9270503443080085	665.7776847770446	84.50758384884564	0.0010795462036170794
0.00992	0.9125065572793267	0.925992476400347	658.3566676874337	83.77112681300764	0.0010948667651631988
0.01024	0.9113025354778265	0.924960323301692	651.28803836616	83.06974405265974	0.0011098423780996805
0.01088	0.9089837993845784	0.9229713559322332	638.1196248273612	81.76233189292168	0.001138758307162592
0.01152	0.9067700168428093	0.9210709651152345	626.0640620878127	80.56559012213391	0.0011664953720160174
0.01216	0.9046513585017391	0.919250900848515	614.9693498462062	79.46416831663129	0.0011931597932274467
0.0128	0.902620072805713	0.9175046620183387	604.713762697364	78.44570097930912	0.001218832325722661
0.01344	0.900669272548693	0.9158264676376049	595.1958083908628	77.49996238606927	0.001243588076370332
0.01408	0.8987929267710485	0.9142112560008021	586.3303574664524	76.61844092903345	0.0012674930921251163
0.01472	0.8969855561294321	0.912654423916823	578.045176954798	75.79395001160816	0.0012906084993719008
0.015360000000000002	0.8952423301921665	0.911151913587057	570.2788827060846	75.02040506552396	0.0013129876383395683
0.016	0.8935588486461099	0.9097000251132946	562.9787230689841	74.29258999103396	0.001334679709277302
0.016640000000000002	0.8919312064225426	0.9082954751876976	556.0992813222389	73.6060251528672	0.0013557279210392095
0.01728	0.890355826997385	0.9069352540698058	549.6010496737248	72.95681994478477	0.0013761723227678838
0.017920000000000002	0.8888295119752196	0.9056166703533157	543.4496142509473	72.34159209677766	0.0013960483846558016
0.01856	0.8873493154141264	0.9043372429476454	537.6147207641665	71.75737131304065	0.001415389156780734
0.019200000000000002	0.8859125842033676	0.9030947374808541	532.069750251348	71.20154842106304	0.0014342241339405915
0.01984	0.8845168620771733	0.9018870836464061	526.7910876230142	70.67181021652016	0.001452580929281075
0.02048	0.8831599230283672	0.9007124052856383	521.7577743989234	70.16610647016891	0.0014704843526125028
0.02176	0.8805616587191313	0.8984614292547567	512.3837837383471	69.22185936239416	0.0015049019315937031
0.02304	0.8780943525174812	0.8963219661588326	503.78158455389934	68.35373997921893	0.0015377973139126555
0.02432	0.875744964245945	0.8942829884044657	495.84758740915646	67.55140848615127	0.0015693076301281274
0.0256	0.8735034487277674	0.8923360092299407	488.50002968610903	66.80672400334282	0.0015995389578919888
0.02688	0.8713608188885754	0.8904734274744216	481.6699365594291	66.11290188595919	0.0016285919169638453
0.02816	0.8693091635740571	0.888688551666307	475.29886154397605	65.46423409626235	0.001656555482041986
0.02944	0.8673413282292615	0.8869753225341918	469.3369394943433	64.85585483617658	0.0016835114801983496
0.030720000000000004	0.8654510242430223	0.885328413667304	463.7415937114615	64.28361521830158	0.0017095312730245346
0.032	0.8636325639940619	0.8837430018728825	458.47613332153594	63.74393576050587	0.001734680287033802
0.033280000000000004	0.8618809184681263	0.8822148221140753	453.50886887156656	63.23372720973236	0.0017590159516512618
0.03456	0.8601915133664866	0.8807399905587321	448.8121830275549	62.75029333784157	0.0017825911956907809
0.035840000000000004	0.8585602723035699	0.8793150458805595	444.3619596935291	62.29128107093045	0.0018054528680807051
0.03712	0.8569834646296706	0.8779368168681051	440.1369682406633	61.85461547478262	0.0018276443893413305
0.038400000000000004	0.8554577416462995	0.876602456800665	436.1184908994508	61.43846798269634	0.0018492044840817277
0.03968	0.853980021556991	0.8753093431117012	432.2899036895074	61.04121170491256	0.0018701692261551385
0.04096	0.8525475201767889	0.8740551063603248	428.6364270113833	60.66140072357141	0.001890571006216338
0.04352	0.8498197362278823	0.8716647271373514	421.83658605566745	59.9519351661485	0.0019296177706734125
0.04608	0.84724140600079	0.8694030839328646	415.5830419245899	59.29754507963862	0.0019668103748304703
0.04864	0.8447972621717107	0.8672571254596835	409.8049871460594	58.69096971382174	0.0020023117052850006
0.0512	0.8424755417197222	0.8652168092735977	404.44626035043126	58.126575075902686	0.002036253756617359
0.05376	0.8402655438400647	0.8632729875517349	399.45858183113336	57.59958134049035	0.0020687640646915727
0.05632	0.8381578004952926	0.861417564591018	394.80064159816834	57.10591391635335	0.002099955702537245
0.05888	0.8361437948028867	0.8596432465306729	390.437052291641	56.6420702599151	0.0021299320080096235
0.06144000000000001	0.8342160654844872	0.8579436419883644	386.33750268241266	56.20504886060489	0.0021587830449083492
0.064	0.8323679097741314	0.8563130010168937	382.4758281561832	55.79224917982773	0.0021865909257158156
0.06656000000000001	0.8305934213606704	0.8547462559135419	378.82938703008506	55.40142013657501	0.002213427676077401
0.06912	0.8288872619105332	0.8532388201212807	375.378426949028	55.030590941212935	0.0022393593180810023
0.07168000000000001	0.8272446893460941	0.8517866186953014	372.1056740847642	54.67803764578209	0.0022644442463354694
0.07424	0.8256613892265383	0.8503859394345374	368.9959095441914	54.342236098617605	0.0022887363054921862
0.07680000000000001	0.824133500443131	0.8490334597120716	366.03569950723534	54.02184054422321	0.0023122834801992368
0.07936	0.8226574890738686	0.8477261347707219	363.2131053190737	53.71565092024404	0.0023351302540566498
0.08192	0.8212301714398514	0.8464612212709749	360.5175019954672	53.42259891435398	0.0023573165388519495
0.08704	0.8185253690748708	0.84406204832754	355.50198814579113	52.87522073534558	0.0023996028403868302
0.09216	0.8159779776289122	0.8418002698194624	350.8787937242075	52.36898740525375	0.0024397553406419526
0.09728	0.8135720893487369	0.8396621058050104	346.5997251809584	51.89874260663536	0.002477953679229663
0.1024	0.8112950133136458	0.8376365827979048	342.6254039367934	51.460441745924506	0.002514354846416437
0.10752	0.8091349703087016	0.8357134993964235	338.9212847242444	51.0505612891399	0.0025491122403820624
0.11264	0.8070815196041026	0.8338838097435316	335.45761066329993	50.66606273079808	0.002582361733301798
0.11776	0.8051253350123346	0.8321394191880632	332.2088312460264	50.30432054881904	0.002614226604237823
0.12288000000000002	0.8032582758110869	0.8304732596082255	329.1530197560769	49.963078557424964	0.002644814175278508
0.128	0.801473077053039	0.8288790132374411	326.2712277752764	49.64037708368034	0.0026742217033154897
0.13312000000000002	0.7997633572946224	0.8273511291986317	323.5470371938085	49.33451667002563	0.002702534405351773
0.13824	0.7981233836549322	0.8258846134699329	320.9661133575933	49.04400650541527	0.002729829943344777
0.14336000000000002	0.7965480779526289	0.8244750414267121	318.5159064781152	48.7675404593917	0.0027561769396190453
0.14848	0.7950328456381027	0.823118404353645	316.185351866964	48.50396178290645	0.0027816383264453433
0.15360000000000001	0.7935735856193263	0.8218111234484029	313.9646733901022	48.25224777482259	0.002806270134587877
0.15872	0.7921665637011488	0.8205499358787232	311.84517754080565	48.01148509163617	0.0028301240407288962
0.16384	0.7908084238219922	0.819331908785355	309.81912087600114	47.78085974319108	0.002853246370102052
0.17408	0.7882440438804892	0.8170301380701047	306.0482228872348	47.35008934584805	0.002897164585925129
0.18432	0.78583446221816	0.8148653379820409	302.56340756639224	46.950749759580454	0.002938761263439579
0.19456	0.7835646655585669	0.8128243174149032	299.3318576020115	46.57917313310377	0.0029782220518627294
0.2048	0.7814218288561396	0.8108958331334453	296.3253672420519	46.232353819922245	0.003015725058300926
0.21504	0.7793938685769155	0.8090692717104669	293.5187534133873	45.90760197344838	0.003051444578930241
0.22528	0.7774700995875611	0.8073352426557197	290.8902361260207	45.602582776985166	0.0030855344798183105
0.23552	0.775641052178723	0.8056854082430646	288.42108778836865	45.3152752411063	0.003118133269319275
0.24576000000000003	0.7738984868254802	0.8041125113263046	286.09521345999764	45.043940277268305	0.0031493613600187998
0.256	0.772235094965466	0.8026101044739786	283.8986889542608	44.78706540887296	0.00317932717467487
0.26624000000000003	0.7706444730257705	0.8011725372223942	281.819434817922	44.54333733945471	0.003208125598418667
0.27648	0.7691208994819406	0.7997947536259942	279.84689473396594	44.31160277176965	0.003235842591373693
0.28672000000000003	0.7676593169065392	0.7984722837393694	277.9718164379289	44.090850123079235	0.0032625540340845472
0.29696	0.7662551719600215	0.7972010977299673	276.1860357131599	43.88018268460471	0.0032883291347067683
0.30720000000000003	0.7649044080109713	0.7959776048333043	274.48233200329145	43.67880689897067	0.003313229457290557
0.31744	0.7636033479100975	0.7947985460853859	272.8542794641196	43.48601351572418	0.0033373114929346605
0.32768	0.7623486924246773	0.793660997123876	271.29614934297825	43.30116990493157	0.0033606258431151535
0.34816	0.759984608288355	0.7915159586963738	268.3931877870982	42.95574399229328	0.003404804932161784
0.36864	0.7577650182564748	0.7895004186797997	265.7027565460824	42.63472774365484	0.0034465844556451045
0.38912	0.7556767586598856	0.7876026548653808	263.202307085755	42.3355058472486	0.003486146072802356
0.4096	0.7537075153889977	0.7858117255926864	260.8711507379073	42.05577572413321	0.003523681893694895
0.43008	0.7518456186876606	0.7841172386320479	258.69057504923865	41.793437004103794	0.003559378802484999
0.45056	0.7500807960498319	0.7825100403541432	256.6443625886665	41.54666334842616	0.0035934011169260188
0.47104	0.7484040054146309	0.780982059571247	254.71855356871222	41.3138739089633	0.003625895662427439
0.49152000000000007	0.746807395727043	0.7795262862624006	252.90113293786354	41.09370688939655	0.0036569899207701904
0.512	0.7452840362700502	0.7781365230723324	251.18169311053182	40.88497709968318	0.003686797999794559
0.5324800000000001	0.7438278638954805	0.7768073474637529	249.55119374359748	40.686654336888026	0.003715419657250503
0.55296	0.7424334839506781	0.7755339283487209	248.00172594830832	40.49783338537543	0.0037429447850230026
0.5734400000000001	0.7410961335433311	0.7743119998850994	246.52634948971337	40.31771945782216	0.0037694526754982424
0.59392	0.7398115404995302	0.7731377310198321	245.1189342635562	40.14560766544931	0.003795015297941227
0.6144000000000001	0.7385759025477338	0.7720077118027375	243.7740528769582	39.98087365586417	0.003819696631429766
0.63488	0.7373857846571286	0.770918858085951	242.48687086269348	39.82295915507501	0.0038435551223925096
0.65536	0.7362381074877546	0.7698684049403623	241.2530739225358	39.67136579940502	0.0038666430953726723
0.69632	0.7340763217626786	0.7678884781169901	238.95002471388256	39.38768337433679	0.003910355667412563
0.73728	0.7320450837310711	0.7660268543339943	236.80841960181147	39.123262730998924	0.003951687507088656
0.77824	0.7301333478723918	0.7642735851116381	234.81248935014122	38.87622137876928	0.003990809120529832
0.8192	0.7283297194383175	0.7626184214909961	232.94666347183127	38.64475141427923	0.004027918077653648
0.86016	0.7266234195509588	0.7610516452173405	231.1967635709095	38.427188366064044	0.0040632047801701385
0.90112	0.7250049987263933	0.7595647322001624	229.55047128056026	38.22208519510989	0.004096836071531175
0.94208	0.723466177154648	0.7581502022844788	227.99717395137236	38.02818931886826	0.004128960152943182
0.9830400000000001	0.7219997714824463	0.7568015648390064	226.52772279256973	37.84442036099826	0.004159705588227953
1.024	0.7205994600785784	0.7555131005534169	225.1341818680341	37.66983741898076	0.004189186913254111
1.0649600000000001	0.7192597157550821	0.7542798084788419	223.8096483157886	37.503621715860554	0.0042175041935461404
1.10592	0.7179756338174978	0.7530972457293545	222.54807566309856	37.34505338221312	0.004244747227680309
1.1468800000000001	0.7167428853390871	0.7519614908347823	221.34415101796725	37.19349967115415	0.004270995192658308
1.18784	0.7155575964505012	0.7508690307486393	220.1931761764205	37.04839908846856	0.004296319689393232
1.2288000000000001	0.7144163202275623	0.7498167395956777	219.09098654583556	36.90925380098489	0.0043207843472975824
1.26976	0.7133159490268047	0.7488017963232401	218.0338683825205	36.775618416498304	0.0043444471022755955
1.31072	0.7122536974668973	0.7478216724847936	217.01850384714757	36.64709497318174	0.004367359807179831
1.39264	0.710249769863647	0.7459716610482189	215.11748007136225	36.405951864766315	0.004410782934892909
1.47456	0.7083621851117982	0.7442280460771599	213.3423917800876	36.18031274558735	0.004451906967760167
1.55648	0.7065818465513553	0.7425825598391488	211.6819380332205	35.96879693684523	0.0044908874428013145
1.6384	0.7048984509470722	0.7410258375342413	210.1240982436193	35.76995502568303	0.004527919879306772
1.72032	0.7033022935853539	0.7395490382014787	208.65785951541278	35.58244804118774	0.004563191089871046
1.80224	0.7017848863203251	0.7381444267564248	207.27365640714206	35.40511222702411	0.004596864395112022
1.88416	0.7003388068715573	0.7368052310508283	205.96322536922145	35.23693928249267	0.00462908431768261
1.9660800000000003	0.6989576171073445	0.7355255765730275	204.71944652715874	35.077058669416026	0.004659976140012531
2.048	0.6976356584811416	0.7343002945554845	203.536119994143	34.924711220847044	0.004689651153299992
2.1299200000000003	0.6963679822526229	0.7331248647168995	202.40784787919307	34.77923540214749	0.00471820656250318
2.21184	0.6951502020758685	0.7319952764224195	201.32989485780797	34.640049024236276	0.004745729384100992
2.2937600000000002	0.6939784453878783	0.7309079889994575	200.29809405005025	34.50663971034611	0.004772296328560879
2.37568	0.6928492499957926	0.729859833967444	199.3087552960652	34.37855234544375	0.004797976619878801
2.4576000000000002	0.6917595343965103	0.7288479914714225	198.35860315982657	34.25538294876137	0.004822831764619117
2.53952	0.6907065224751799	0.7278699188380265	197.44471266547524	34.13676974599331	0.004846917665828307
2.62144	0.6896877252689023	0.7269233366407979	196.56446737081643	34.022389141484375	0.004870284348699808
2.78528	0.6877589075310915	0.7251303689846045	194.90911429333917	33.80688055613083	0.0049147079014127855
2.94912	0.6859340649081866	0.7234331800495425	193.3552328471131	33.604187463356105	0.004956937895518511
3.11296	0.6842057277010993	0.7218249320331314	191.8944804550933	33.41327037912689	0.00499711366226068
3.2768	0.6825646604364616	0.720297157960197	190.51729976710826	33.232941240877985	0.005035423948444022
3.44064	0.6810021883121642	0.7188418890726094	189.21490227541102	33.06210112647633	0.005072048148509416
3.60448	0.679510729391508	0.7174521598942981	187.97965772719743	32.89979469893516	0.005107142868397174
3.76832	0.6780836542319483	0.7161218736528974	186.8049542150339	32.7451927747289	0.005140846480779419
3.9321600000000005	0.6767152051806087	0.7148457358138742	185.68507305039353	32.59757778377573	0.0051732789537826725
4.096	0.6754003217369888	0.7136190883804326	184.6150351997763	32.45632309115324	0.005204546754762552
4.2598400000000005	0.6741345758230827	0.7124378560255196	183.59049579421068	32.320881879046986	0.005234742843163957
4.42368	0.6729140414366525	0.7112984221947389	182.60763547609898	32.190772111379275	0.005263950392798925
4.5875200000000005	0.6717352503163407	0.7101975925033832	181.6630878254429	32.065568955750656	0.0052922427061433235
4.75136	0.670595100422134	0.7091325073795723	180.75386575033534	31.944894440310623	0.005319685917961398
4.9152000000000005	0.6694908293616751	0.7081006208283737	179.87731388495828	31.82841263681556	0.005346338767709447
5.07904	0.6684199471133269	0.7070996359772062	179.0310564565433	31.715822220318756	0.005372254647329672
5.24288	0.667380218452857	0.7061274914909557	178.21295973691807	31.60685310075703	0.005397481340842
5.57056	0.6654003801407599	0.704275499782224	176.66518380525727	31.400313102050067	0.005445711129018469
5.89824	0.6635150398138218	0.7025110354969524	175.20258910917744	31.20475274603606	0.005491846072892773
6.22592	0.6617180491401069	0.7008284385498044	173.81880915974764	31.019365622453275	0.005536009259175278
6.5536	0.6600010898291891	0.6992200309755666	172.5059844725177	30.84315116881673	0.005578380948571066
6.88128	0.6583563416510576	0.6976785821079464	171.25686929583057	30.675182248557853	0.005619132459918987
7.20896	0.6567769576287142	0.6961977622703731	170.0651446523478	30.51465086657126	0.005658413335935215
7.53664	0.6552569457005808	0.6947720264187247	168.92534173566582	30.36085465503698	0.0056963558063532075
7.864320000000001	0.6537910954625644	0.6933965542144572	167.83270823225294	30.213184392628214	0.005733074447418981
8.192	0.652374819019367	0.6920670971840658	166.7830970229068	30.07110662420761	0.0057686711222163095
8.519680000000001	0.6510040999166543	0.6907799371283583	165.7728828634952	29.934155197876457	0.005803234665434647
8.84736	0.6496753704949699	0.6895317683020515	164.79887014634318	29.80191809044005	0.005836844722858674
9.175040000000001	0.6483854779646258	0.6883196703374023	163.8582375608483	29.674031719403118	0.005869571389669615
9.50272	0.6471315947108016	0.6871410218224069	162.94846977152443	29.550171462619343	0.00590147809355166
9.830400000000001	0.6459112069523492	0.6859934929527066	162.06734082511377	29.430049132204996	0.005932620999772349
10.15808	0.6447220417635205	0.6848749754715406	161.21284276433872	29.3134051642888	0.005963051327983673
10.48576	0.6435620601944341	0.6837835788918575	160.38317702792668	29.200006916906272	0.005992814806811261
11.14112	0.641336085174093	0.681688218105126	158.80202575593458	28.983468475046728	0.0060501733644624245
11.79648	0.6391985869216077	0.679675083264897	157.29647320847872	28.77681869830658	0.006105513650615
12.45184	0.6371445529289476	0.6777395410620997	155.86150733007398	28.579414979016757	0.006158941606343671
13.1072	0.6351663786182976	0.6758745379647776	154.49039730179513	28.390385601222246	0.00621062921309048
13.76256	0.6332568627992307	0.6740733831397615	153.17690925614897	28.208918627441488	0.006260741342401148
14.41792	0.6314096947199518	0.672330215882016	151.9155966523997	28.034305389346088	0.006309421586767389
15.07328	0.6296193302368327	0.6706398814773841	150.70172661796565	27.865927249342867	0.006356797608782758
15.728640000000002	0.627880949343719	0.6689979011922725	149.53117889900582	27.703246978703206	0.00640297961698958
16.384	0.6261902910836156	0.667400311401694	148.40034291510287	27.545792099864787	0.006448066169459293
17.039360000000002	0.6245436267271114	0.6658436458987642	147.30605350309827	27.393149234947	0.006492142844926076
17.69472	0.6229376357862403	0.6643248144160729	146.24552052650267	27.24495199916937	0.006535286771740374
18.350080000000002	0.6213693851056478	0.6628410892842385	145.2162678316077	27.10087658456859	0.006577565493641637
19.00544	0.6198362341186837	0.6613900122110811	144.2160848082642	26.960632777667517	0.006619040537033525
19.660800000000002	0.6183358358059649	0.6599693998947919	143.2430018614631	26.823962427743066	0.006659766099705808
20.31616	0.6168660574094929	0.6585772662233442	142.29523950315735	26.690631925671664	0.0066997920127774375
20.97152	0.615424996281518	0.6572118406730262	141.37121272358564	26.56043265518134	0.006739162334884072
22.28224	0.6126363489500666	0.6545680581539685	139.59798308638267	26.30996376520229	0.006815739299394467
23.59296	0.6099349836191469	0.6520053718834125	137.8980884453782	26.06915336492467	0.006890347538543583
24.90368	0.6073170909455327	0.6495202583552097	136.26747549951236	25.837482743279782	0.0069630701196757485
26.2144	0.6047756048555792	0.6471061487859715	134.70008146014416	25.614159667980147	0.007034070138114873
27.52512	0.6023037036926655	0.6447566865443471	133.1902314194856	25.398436935091535	0.0071035081842747184
28.83584	0.5998954302671387	0.6424663268417046	131.73297509062104	25.18966329634636	0.007171522520147109
30.14656	0.5975454888675221	0.6402301327217822	130.32395248083392	24.987263740911207	0.007238238273680271
31.457280000000004	0.5952493069199629	0.6380438472612473	128.95938592282593	24.790740514210217	0.007303761741569544
32.768	0.5930027979560561	0.6359036599420305	127.63592498184721	24.59965116449691	0.00736818969801452
34.078720000000004	0.5908024069529215	0.6338062612929556	126.35063239670937	24.413609179440083	0.0074316047527558295
35.38944	0.5886449345432121	0.6317486675518874	125.10089469329016	24.23226847906567	0.007494082786557192
36.700160000000004	0.5865275729221983	0.6297282650930635	123.88439116347323	24.055323736680084	0.007555688988821011
38.01088	0.5844477610307154	0.6277426655898531	122.69902555123846	23.8824979846374	0.007616484102452495
39.321600000000004	0.5824032471217456	0.6257897732069008	121.54294063744643	23.71354614338079	0.00767652035027827
40.63232	0.580391955738054	0.6238676525635711	120.4144356609684	23.54824356838309	0.007735846959350411
41.94304	0.5784120434472283	0.6219745884681921	119.31198211600254	23.386389362719733	0.007794506555747302
44.56448	0.5745560423989182	0.6182848758285666	117.18911828028546	23.073638071399618	0.007909556330514735
47.18592	0.5707966056378074	0.6146843304540716	115.14897535004255	22.771794064078485	0.008022629856739556
49.80736	0.5671316748390896	0.6111710881932817	113.1881028852942	22.480435490507315	0.008133768884689786
52.4288	0.5635545226489328	0.6077389200511654	111.30048099399107	22.19878166161185	0.008243123430157302
55.05024	0.5600583276033856	0.6043814761982487	109.4803543236824	21.92607534016212	0.008350853588980033
57.67168	0.5566371767388251	0.6010932713809188	107.72267202744335	21.66165653286905	0.008457092311198636
60.29312	0.5532856717745667	0.597869279741532	106.02291870593102	21.404930089382646	0.008561966412548748
62.91456000000001	0.5499992170510032	0.5947052406844379	104.37716370116864	21.155382018479926	0.008665578533930131
65.536	0.5467735729473103	0.5915972088934514	102.78184574755898	20.912543790593833	0.008768027963350003
68.15744000000001	0.5436051260145514	0.5885418377769949	101.23385314534151	20.676008834044463	0.008869394587116174
70.77888	0.540490497164846	0.5855359847748883	99.73033106195382	20.44540198629931	0.008969757192158588
73.40032000000001	0.5374267904630657	0.5825769708966888	98.26876532820937	20.220395189296404	0.009069179068612938
76.02176	0.5344112640625434	0.5796622478913734	96.84682680631467	20.000682494435296	0.00916772384626971
78.64320000000001	0.5314415497233483	0.5767896277451395	95.46243813102136	19.78599390535722	0.009265442622356793
81.26464	0.5285153897729225	0.5739570135404054	94.11367471188791	19.57607614425628	0.009362387546503979
83.88608	0.525630821836099	0.5711625946373338	92.79879816466476	19.370703927156264	0.009458600392129873
89.12896	0.520001390689856	0.5657027440981981	90.27482535879476	18.97433353173964	0.009648398087697234
94.37184	0.5145027380117069	0.5603624509653575	87.86103490487464	18.592716132557157	0.009836093685960615
99.61472	0.5091356319959192	0.5551426283294734	85.55364525094518	18.225440585716143	0.010021649427119838
104.8576	0.5038928380636088	0.5500367017795356	83.34521525107648	17.871565800566536	0.010205198370831451
110.10048	0.49876624531942976	0.5450371792102068	81.22845658483173	17.530141651051064	0.01038692088716279
115.34336	0.49374905143666886	0.5401378411811859	79.19700274201747	17.200349352605013	0.01056694782299169
120.58624	0.48883462108442577	0.5353325570755785	77.2449952842494	16.881421674652145	0.01074542697754404
125.82912000000002	0.484017500985591	0.5306163498440338	75.36732858731877	16.572701749191417	0.010922460795548152
131.072	0.4792923264200665	0.5259842676110728	73.55927370710035	16.273569279576893	0.01109816794651809
136.31488000000002	0.4746547015402451	0.521432308443982	71.81669135586415	15.983491237163898	0.011272628393156544
141.55776	0.47010022424005277	0.5169564140106838	70.13569718151396	15.701957959558179	0.011445938611137574
146.80064000000002	0.4656252817390669	0.5125533035350763	68.51287384820327	15.428529018594686	0.011618162133161069
152.04352	0.46122620378124823	0.5082195973810256	66.94498576768102	15.162779183303764	0.011789378670561712
157.28640000000001	0.4568999755423105	0.50395256475413	65.42917010801213	14.904339182869991	0.011959639375661706
162.52928	0.45264349276309307	0.49974935054624164	63.96269568291919	14.652849395147669	0.012129011046825417
167.77216	0.448454204237294	0.4956076496829892	62.54313429624636	14.407996200577152	0.012297535394657907
178.25792	0.44030164498278435	0.48753281235605544	59.84772843133157	13.938963463743999	0.012631286838488015
188.74368	0.4323642938376006	0.4796541376441713	57.30494665418324	13.491645969415162	0.012962810970380781
199.22944	0.42464723644569136	0.47197705990439687	54.90852382968716	13.065399084178788	0.013291923007925742
209.7152	0.4171404552736141	0.4644928031679352	52.647234580575436	12.65880137322324	0.013618722870239046
220.20096	0.40983154748269746	0.45719004359451165	50.51014834088611	12.270398655087082	0.013943463365267457
230.68672	0.40271072283422754	0.45006007056270375	48.48784588123517	11.898965603814215	0.01426626537592345
241.17248	0.3957676186124056	0.4430934152255715	46.5715643930037	11.543322801498164	0.014587340845392873
251.65824000000003	0.38899419622235176	0.4362829425564961	44.75374997069669	11.202478918732282	0.014906782215086423
262.144	0.38238187968649173	0.4296208243665136	43.027325291621715	10.875473074037872	0.015224762787045789
272.62976000000003	0.3759240167725371	0.4231011754565993	41.386152799775324	10.561493132265648	0.015541352027061818
283.11552	0.36961342271564374	0.4167174457757767	39.824439745973265	10.259745439239984	0.015856692872829956
293.60128000000003	0.36344449298288295	0.4104646913847881	38.33712298005731	9.969554287424542	0.016170838155540577
304.08704	0.35741112303471767	0.4043373532125708	36.91940381562005	9.69025536154857	0.01648390739890642
314.57280000000003	0.35150852585407977	0.3983312197738617	35.56705320391987	9.421279368669683	0.01679594093135345
325.05856	0.34573143867366973	0.3924415030896906	34.27604205497631	9.162063226821981	0.017107040131549685
335.54432	0.34007572658569707	0.38666457395918885	33.0428087788913	8.912122262948616	0.017417235799356483
356.51584	0.32916689787610504	0.375488289299121	30.748720768465795	8.440475870518148	0.018033605845890744
377.48736	0.3186521299453454	0.3646780161868537	28.638092720528718	7.998881065101961	0.018648082348025657
398.45888	0.3085410022988737	0.3542448728154691	26.699558135890328	7.585995445965967	0.019260237409587905
419.4304	0.2988151257269485	0.3441732524317733	24.916545524557147	7.199529022414286	0.01987004657427332
440.40192	0.28945151652870293	0.3344423358925625	23.27349411978775	6.837196815737113	0.02047791765862522
461.37344	0.28043252548616393	0.3250367867666158	21.75721549856055	6.49710306730591	0.021083886400858752
482.34496	0.2717388014251918	0.31593903221889197	20.355641971728428	6.177428230012003	0.021688292228329905
503.31648000000007	0.2633554614577085	0.3071361176328145	19.058477066808468	5.876654360686603	0.022291150912610743
524.288	0.25526621858792825	0.29861323657859745	17.85625340409246	5.593318206220377	0.022892739856672607
545.2595200000001	0.24745840325628904	0.2903593451244611	16.740824312988185	5.326188049928459	0.023493058690044498
566.23104	0.23991813261546072	0.2823618066626393	15.704658971010083	5.074070836124451	0.024092336058979414
587.2025600000001	0.2326344498005547	0.2746110468534378	14.741223122873	4.835952905829172	0.024690561545392592
608.17408	0.2255953641486106	0.2670961323580882	13.844451903757577	4.610849117006964	0.025287926148135423
629.1456000000001	0.21879129350560528	0.25980866473600844	13.009045378974664	4.397915776681715	0.025884412769011766
650.11712	0.212211767850288	0.25273907656466316	12.230067437055565	4.196330630679964	0.026480182649881782
671.08864	0.20584832131793904	0.2458799205634399	11.503177788142082	4.005384403163534	0.027075214569188443
713.03168	0.19381787531937394	0.2328462238769115	10.199126319058394	3.6548240443300326	0.02826104249394797
754.97472	0.18248592584194115	0.22049759241067732	9.05140858043564	3.337587832787514	0.029446174720282263
796.91776	0.1718540973127143	0.2088407140928262	8.044276721594363	3.0511205860466775	0.030629940088071243
838.8608	0.16187924509863902	0.19783770736290773	7.159054626169409	2.792135477821531	0.03181196467208606
880.80384	0.15251319086049756	0.18744394066496878	6.379229160985388	2.557542591688408	0.03299289264916453
922.74688	0.14371679929553444	0.17762416531033656	5.691113369628639	2.344784158780167	0.03417249199345133
964.68992	0.1354496677367254	0.16834058958728154	5.082742104592968	2.1515044258432265	0.035351283259242736
1006.6329600000001	0.1276785795190913	0.15956291394839806	4.544112419960411	1.9757346228758057	0.036529061622219396
1048.576	0.1203695409480773	0.15125905241459184	4.066433640132628	1.815657458609225	0.03770624374901257
1090.5190400000001	0.11349419375638328	0.14340281856585368	3.6422965727656	1.669738735599968	0.03888264603802096
1132.46208	0.1070236853486809	0.13596672409557448	3.265156114355069	1.5365589934293444	0.04005860462944411
1174.4051200000001	0.10093358737260459	0.1289279287138988	2.929453122973177	1.4149083803937803	0.04123395681470645
1216.34816	0.09519920660687066	0.1222626772217503	2.6302583380023123	1.3036659829972324	0.04240897708368516
1258.2912000000001	0.08979938076534029	0.11595093660029374	2.36335526143851	1.2018686007804544	0.0435835213092525
1300.23424	0.08471283357516929	0.10997203331894778	2.124994542858637	1.1086228018927813	0.04475781586530649
1342.17728	0.07992114229284422	0.10430831098682432	1.9119511404695642	1.0231553891962835	0.04593173335667518
1426.06336	0.0712441715683104	0.09396028564113611	1.554391090777703	0.8739767217288801	0.04827614109229646
1509.94944	0.06346807265900001	0.0845919795962388	1.2644417822262164	0.7472353347691546	0.05062115644483566
1593.83552	0.0565477623119167	0.07616403165536922	1.0306393666142182	0.6398961239942111	0.052966210174767867
1677.7216	0.05039203424495229	0.06858609679644834	0.8417799068933278	0.5488565094657569	0.05531043511861847
1761.60768	0.044913115261467317	0.061768674977637335	0.6888303890169268	0.4714572993554497	0.0576546389921986
1845.49376	0.04003683232476876	0.05563614756303931	0.5647287102733335	0.40555008966673695	0.05999824256808183
1929.37984	0.03569453457061796	0.05011695921190261	0.46380597444679256	0.3493106440181667	0.06234186011243997
2013.2659200000003	0.031827867421114486	0.045150194476295195	0.3815953619481772	0.3012522392118877	0.06468504690601098
2097.152	0.028383165721470427	0.04067871314424688	0.31449383690158383	0.26010938851609144	0.06702826718905226
2181.0380800000003	0.025314496004764556	0.036653456690174724	0.25964306999350895	0.22484187293732322	0.06937117368190603
2264.92416	0.022579780955255844	0.0330286660072403	0.21472632859702273	0.1945618520308936	0.07171411957206242
2348.8102400000002	0.020142759593235117	0.029764733233388952	0.17789363219880688	0.16853383764165997	0.0740568329465558
2432.69632	0.01797034002671878	0.02682490465123104	0.14764051085438498	0.14612865993244947	0.07639958535567755
2516.5824000000002	0.016033858336803698	0.024177171070016084	0.12275957502080007	0.12682167249035614	0.07874216249964125
2600.46848	0.014307226820184673	0.021791943808565025	0.10226520445066759	0.11016308285895197	0.08108477489259376
2684.35456	0.012767752477338006	0.019643322980888	0.08536256635375741	0.09577566375539667	0.0834272530434113
2852.12672	0.010218334687284088	0.01602682197681529	0.06027394109667033	0.07284681830277423	0.08811050065448636
3019.89888	0.00815698479626612	0.013047907124825418	0.0427497376568005	0.05545472775367153	0.09279424855007809
3187.67104	0.006511417171794602	0.010621857090901467	0.03061930229273802	0.042322432311306786	0.09747844990939003
3355.4432	0.005199282653818474	0.008648292925914718	0.022184761790905515	0.032384042063215386	0.10216233189798024
3523.21536	0.0041527021943766245	0.007042445441835482	0.016283078279746926	0.02483928989128198	0.1068464428590238
3690.98752	0.0033180806709472077	0.005736111073253534	0.012126544490350399	0.0190970370501485	0.11153032768501697
3858.75968	0.002652199833481374	0.004673060701494498	0.009176338626969953	0.014714300406105057	0.11621434848408971
4026.5318400000006	0.0021209562612014565	0.003808069996590691	0.007064756307513722	0.011361355729791535	0.12089821282591497
4194.304	0.0016969404441840514	0.003104004124719257	0.005538605582090844	0.008789796320006522	0.12558215816341728
4362.0761600000005	0.0013584904444717163	0.002530942674805285	0.0044238479587767965	0.006813310899726362	0.13026599344605258
4529.84832	0.0010882213643602634	0.0020643650191998833	0.003599615840516085	0.005290786129753016	0.13494987519565338
4697.6204800000005	0.0008723674499077972	0.001684472877917736	0.002982354630536634	0.004115657497760276	0.1396336777665988
4865.39264	0.000699894838147648	0.0013750672851979388	0.0025133466915581394	0.0032068221632861405	0.1443175052188468
5033.1648000000005	0.0005620535855577042	0.0011230483473724402	0.0021515736503611655	0.0025026682664008215	0.14900127433620342
5200.93696	0.00045183554128385605	0.0009177088569201388	0.001868050512846085	0.0019560943961752413	0.1536850548161263
5368.70912	0.00036367625531341603	0.0007503789797119753	0.001642256614929062	0.0015311297420723985	0.158368791279444
5704.25344	0.000240852079587035	0.0005106624332008428	0.0013167560220823423	0.0009539549046164256	0.16773595201792368
6039.79776	0.00015917680381710193	0.00034614137332716086	0.001085569260503804	0.0005943913365900238	0.17710310195677298
6375.34208	0.00010599949838018727	0.00023538983472674795	0.000915407657857639	0.00037182694599683985	0.18647030886169558
6710.8864	7.13556535231475e-5	0.00016088986211407885	0.0007848849592076305	0.00023354808835396093	0.19583742690682496
7046.43072	4.870201577355023e-5	0.00011069768130436548	0.0006813635257959191	0.00014725889352111798	0.20520454639421418
7381.97504	3.381444516097714e-5	7.680944282942495e-5	0.0005970869645314444	9.319130152323197e-5	0.2145716047230452
7717.51936	2.396235890978974e-5	5.3856443677831766e-5	0.0005271544273724849	5.9180661834062746e-5	0.22393864752626513
8053.063680000001	1.738551373226208e-5	3.8249373494144106e-5	0.0004682018140032751	3.771040152786504e-5	0.23330564643263088
8388.608	1.2945659880670443e-5	2.7582843328372082e-5	0.00041789998443867024	2.411154783075933e-5	0.24267262503616038
8724.152320000001	9.90707032818274e-6	2.0246913126873524e-5	0.0003745606736570155	1.5472199562333987e-5	0.252039570566736
9059.69664	7.792447499435514e-6	1.5161404051536269e-5	0.00033692118633690414	9.96811793533231e-6	0.2614064957851322
9395.240960000001	6.291727681870564e-6	1.1601631222835026e-5	0.0003040142853185021	6.452356475081861e-6	0.27077339513776194
9730.78528	5.202646588853277e-6	9.080291270202479e-6	0.00027508323663244185	4.201114206003137e-6	0.28014027592942503
10066.329600000001	4.39280000565377e-6	7.269348739568469e-6	0.00024952614068773086	2.756207974944913e-6	0.28950713594887506
10401.87392	3.7750294123862756e-6	5.9473941200093714e-6	0.0002268570615956148	1.826703095106712e-6	0.29887397965463613
10737.41824	3.291604655414024e-6	4.964635769461912e-6	0.00020667884614071114	1.227377530475568e-6	0.3082408063606528
11408.50688	2.609911651792513e-6	3.6963879999757126e-6	0.0001734159111882016	6.114113977062666e-7	0.32697439752495916
12079.59552	2.1205041874463867e-6	2.8702227779427163e-6	0.00014634836434155367	3.3672773623874467e-7	0.34570794065099836
12750.68416	1.755402729822672e-6	2.305755859727271e-6	0.00012428025043623425	2.1425982346396093e-7	0.3644414451885182
13421.7728	1.4727339749017942e-6	1.8974363995487525e-6	0.00010620032272776878	1.5837770895642907e-7	0.3831749127893922
14092.86144	1.2482883740222456e-6	1.5884033797851716e-6	9.132703047608375e-5	1.317586073037843e-7	0.4019083508557209
14763.95008	1.0671202658843296e-6	1.3467938000165132e-6	7.9050483205717e-5	1.1810644368417877e-7	0.42064176147506405
15435.03872	9.193176500361772e-7	1.1536834868314186e-6	6.888862277065149e-5	1.1026968454014301e-7	0.43937514942381567
16106.127360000002	7.978728215697515e-7	9.970530490976252e-7	6.045634548710295e-5	1.0509015545939489e-7	0.45810851638396993
16777.216	6.975857443283853e-7	8.687626108070123e-7	5.344337981339302e-5	1.0116241008924036e-7	0.4768418655681497
17448.304640000002	6.144370092994753e-7	7.629538934261282e-7	4.759341350346068e-5	9.785474364231176e-8	0.49557519821576596
18119.39328	5.453126979532879e-7	6.752884423296886e-7	4.271166605578842e-5	9.487939953628191e-8	0.5143085165455074
18790.481920000002	4.876920423905436e-7	6.023827186087691e-7	3.862441081712637e-5	9.21027917258314e-8	0.5330418214381294
19461.57056	4.3953498457439326e-7	5.415566339283665e-7	3.519394826293917e-5	8.946119650764129e-8	0.5517751144565629
20132.659200000002	3.991815068773842e-7	4.906582936806496e-7	3.2307005052806454e-5	8.692298847606724e-8	0.5705083962200697
20803.74784	3.652741824705585e-7	4.479431298736798e-7	2.9870237869856967e-5	8.447156078057944e-8	0.5892416678489878
21474.83648	3.3669896800392e-7	4.119871430902062e-7	2.7806624649401348e-5	8.209750107122756e-8	0.6079749297777748
22817.01376	2.9394197478131247e-7	3.582622704839922e-7	2.469844317220146e-5	7.758566410212965e-8	0.6454414156942507
24159.19104	2.622481806986402e-7	3.1853404823564287e-7	2.236287069136881e-5	7.332788240495622e-8	0.6829078696903569
25501.36832	2.384434934276525e-7	2.8880211474069345e-7	2.057818477873165e-5	6.93067637310025e-8	0.7203742956353211
26843.5456	2.2018650900023977e-7	2.6608899206076426e-7	1.918472869502478e-5	6.550760340380448e-8	0.7578406941463696
28185.72288	2.0585608852943671e-7	2.483331858442966e-7	1.8070221506280442e-5	6.191743423961999e-8	0.795307067843968
29527.90016	1.9432377450602295e-7	2.3410357253409546e-7	1.715569586275586e-5	5.852441333714157e-8	0.8327734171269104
30870.07744	1.8479924176508808e-7	2.224001442588642e-7	1.6385562611198823e-5	5.531753954266621e-8	0.8702397437656775
32212.254720000004	1.767270002891801e-7	2.1252104590814167e-7	1.5720646165110617e-5	5.2286508918634666e-8	0.9077060480949192
33554.432	1.6971573817617707e-7	2.0397228633207434e-7	1.5133300501930647e-5	4.9421629797678404e-8	0.9451723313960823
34896.609280000004	1.6348928243244598e-7	1.9640542448770312e-7	1.460398227890893e-5	4.671376663478021e-8	0.98263859400539
36238.78656	1.578523295918996e-7	1.895741670702591e-7	1.4118845067363308e-5	4.415429785352236e-8	1.0201048369129753
37580.963840000004	1.526664250261837e-7	1.8330399764297117e-7	1.3668049806363966e-5	4.173508180392926e-8	1.0575710604720012
38923.14112	1.4783310299275795e-7	1.7747087739050277e-7	1.3244577831396311e-5	3.944842716323488e-8	1.095037265487453
40265.318400000004	1.4328204424494607e-7	1.719862905490896e-7	1.2843396744600605e-5	3.728706657475824e-8	1.1325034523308244
41607.49568	1.3896275440924077e-7	1.6678673810374576e-7	1.2460874065437014e-5	3.524413236254761e-8	1.169969621683619
42949.67296	1.3483871435738258e-7	1.6182635332405976e-7	1.2094364951381449e-5	3.331313410145995e-8	1.207435773929016
45634.02752	1.271890050515356e-7	1.5263285653075687e-7	1.1411968652908145e-5	2.98068125066246e-8	1.282368012421852
48318.38208	1.2005150487700896e-7	1.4406078985110314e-7	1.0773576372646716e-5	2.666950056507383e-8	1.3573001890652172
51002.73664	1.1335785731340874e-7	1.360249722785228e-7	1.0173973431462024e-5	2.3862410456119666e-8	1.432232307838884
53687.0912	1.070616203607086e-7	1.284678210697726e-7	9.609495347110292e-6	2.1350784623850897e-8	1.5071643714369396
56371.44576	1.0112899892572554e-7	1.2134792590832182e-7	9.077358275180497e-6	1.9103523139497866e-8	1.5820963831987318
59055.80032	9.553334565010892e-8	1.1463288284059032e-7	8.575302710597528e-6	1.7092799551372797e-8	1.6570283457267831
61740.15488	9.025234357783082e-8	1.0829568577938294e-7	8.10139751135104e-6	1.5293716375545914e-8	1.7319602618910859
64424.50944000001	8.52664801425003e-8	1.0231279719507612e-7	7.653930907659786e-6	1.3683996837884842e-8	1.8068921341132076
67108.864	8.055819499883384e-8	9.666307739102994e-8	7.2313487790377156e-6	1.2243709000490156e-8	1.8818239649014445
69793.21856000001	7.611139102291433e-8	9.132717249741655e-8	6.832218719845745e-6	1.0955018954046284e-8	1.956755756465915
72477.57312	7.191114357798804e-8	8.628715205702956e-8	6.45520825976998e-6	9.801969968439638e-9	2.0316875110196837
75161.92768000001	6.794351907364718e-8	8.152628395121979e-8	6.099070930905219e-6	8.770284903223974e-9	2.10661923055922
77846.28224	6.41954545632427e-8	7.702888590841743e-8	5.762636748537086e-6	7.84718940901495e-9	2.1815509170475464
80530.63680000001	6.065467206803112e-8	7.278022049015896e-8	5.444805231170559e-6	7.02125374479625e-9	2.256482572278094
83214.99136	5.7309613222807094e-8	6.876641544716968e-8	5.144539929042911e-6	6.282251242546046e-9	2.3314141979973284
85899.34592	5.414938628416308e-8	6.497439944706448e-8	4.8608638899515645e-6	5.621031672580966e-9	2.406345795811374
91268.05504	4.8484992848862927e-8	5.817738960958865e-8	4.352367999412532e-6	4.526435528365226e-9	2.5562088877397113
96636.76416	4.34135944478868e-8	5.2092140926963005e-8	3.897131628511248e-6	3.644993730266312e-9	2.7060718876161998
102005.47328	3.8873198585852333e-8	4.6644079178020755e-8	3.4895593599509445e-6	2.9351988806114287e-9	2.855934805264493
107374.1824	3.4808080093910624e-8	4.1766313926081895e-8	3.1246488361482183e-6	2.3636252163774496e-9	3.005797649107161
112742.89152	3.116838767872515e-8	3.739902452987738e-8	2.797925778174142e-6	1.90335605245552e-9	3.1556604270309965
118111.60064	2.790952443605448e-8	3.348869728859349e-8	2.5053874147372385e-6	1.532716395219648e-9	3.3055231457773666
123480.30976	2.4991587391501712e-8	2.9987451334700626e-8	2.243452172899502e-6	1.2342522032310759e-9	3.4553858116820706
128849.01888000002	2.237886834009238e-8	2.6852439448900207e-8	2.0089149155863335e-6	9.939084006334504e-10	3.6052484301367174
134217.728	2.0039409228274234e-8	2.4045314459870643e-8	1.7989070635689547e-6	8.003669612849489e-10	3.7551110062336246
139586.43712000002	1.7944605698253982e-8	2.1531753470420762e-8	1.6108610304707388e-6	6.445138956740569e-10	3.9049735442829006
144955.14624	1.6068853262702096e-8	1.9281033256125908e-8	1.4424784774080472e-6	5.190100378918031e-10	4.05483604837907
150323.85536000002	1.4389231316186485e-8	1.7265651077486003e-8	1.2917019593438419e-6	4.1794541852666157e-10	4.204698521966333
155692.56448	1.2885220791018005e-8	1.5460985871254818e-8	1.1566895882429445e-6	3.365609454426912e-10	4.354560968338188
161061.27360000001	1.1538451776586435e-8	1.3844995401329034e-8	1.0357923836637817e-6	2.710242847595489e-10	4.504423390245776
166429.98272	1.0332477850409938e-8	1.2397945465668756e-8	9.275340195019089e-7	2.182493867835959e-10	4.654285790339317
171798.69184	9.252574244793533e-9	1.1102167706822928e-8	8.305927092238577e-7	1.7575115742594317e-10	4.804148170815386
182536.11008	7.49887509373477e-9	8.997951043546296e-9	6.731434098436819e-7	1.1640845165025262e-10	5.103872860832799
193273.52832	6.07741748807331e-9	7.292337560298782e-9	5.455445076566633e-7	7.710308002109491e-11	5.403597496439745
204010.94656	4.9254296990891665e-9	5.910058659584289e-9	4.421355469061291e-7	5.1069295065527547e-11	5.703322088908363
214748.3648	3.9918249155839875e-9	4.789819147121303e-9	3.583298408702902e-7	3.3825866705955064e-11	6.003046645639174
225485.78304	3.2351981342642355e-9	3.881937002994147e-9	2.904106471830954e-7	2.2404689932648222e-11	6.302771174174079
236223.20128	2.6219963802462168e-9	3.1461517067179135e-9	2.3536608150877692e-7	1.483986249849759e-11	6.60249567923529
246960.61952	2.125029218789181e-9	2.5498372106746383e-9	1.9075538901727963e-7	9.829280960694531e-12	6.902220165887454
257698.03776000004	1.7222618417084875e-9	2.066553758023371e-9	1.5460060755121402e-7	6.510503149448818e-12	7.20194463712113
268435.456	1.3958372261048868e-9	1.6748745581869542e-9	1.252987931789767e-7	4.312293258047625e-12	7.501669096351973
279172.87424000003	1.131283846696556e-9	1.3574351110947445e-9	1.0155090133344583e-7	2.8562942731193077e-12	7.80139354545519
289910.29248	9.168736973533805e-10	1.1001628899780757e-9	8.230416003056638e-8	1.8919015619427946e-12	8.101117986745736
300647.71072000003	7.431020874742096e-10	8.916531435566269e-10	6.670537398534884e-8	1.2531268767985951e-12	8.400842421383889
311385.12896	6.022661008015968e-10	7.22663084608933e-10	5.4063085016601895e-8	8.300274842910508e-13	8.700566850947494
322122.54720000003	4.881229967970248e-10	5.857020025646888e-10	4.381690842896233e-8	5.497823815667158e-13	9.000291276141395
332859.96544	3.956133876870952e-10	4.746991011652582e-10	3.551268393643233e-8	3.641581858060918e-13	9.300015698047938
343597.38368	3.206369049065272e-10	3.847343186861224e-10	2.8782338284795265e-8	2.4120718800321625e-13	9.599740117084153
365072.22016	2.181977605289033e-10	2.6182028379301725e-10	1.9585444638701153e-8	1.1355800661351624e-13	10.199188941654272
386547.05664	1.4847728669146006e-10	1.7816128482270696e-10	1.3327308515340552e-8	5.346217660007235e-14	10.798637760343842
408021.89312	1.0103463225387889e-10	1.212337622147078e-10	9.068860547436418e-9	2.5169605503765328e-14	11.398086576793034
429496.7296	6.875141976315531e-11	8.249639685811669e-11	6.171122587969318e-9	1.1849695205524137e-14	11.997535390519358
450971.56608	4.678365997133743e-11	5.61367797782891e-11	4.1992984017674774e-9	5.5787773416954514e-15	12.596984203549438
472446.40256	3.183521463069128e-11	3.8199798931451396e-11	2.8575271150654803e-9	2.6264674208998705e-15	13.196433015318709
493921.23904	2.1663189047356534e-11	2.599415343520226e-11	1.9444868031080654e-9	1.2365343906494175e-15	13.79588182698967
515396.0755200001	1.4741374505068007e-11	1.768851043962009e-11	1.323185154383549e-9	5.821589967152061e-16	14.395330638076812
536870.912	1.003123759531196e-11	1.2036709921078217e-11	9.004035203722363e-10	2.7408059347394444e-16	14.994779449265618
558345.7484800001	6.826089382997387e-12	8.190779661070501e-12	6.127095693518896e-10	1.2903758763385482e-16	15.594228260184089
579820.58496	4.6450491465118914e-12	5.573699894832588e-12	4.169394884032125e-10	6.075128581801293e-17	16.19367707124631
601295.4214400001	3.1608910084900033e-12	3.792824823667112e-12	2.837215074476896e-10	2.8601974382675266e-17	16.793125882183354
622770.25792	2.1509463207387425e-12	2.5809692594831972e-12	1.9306890351642323e-10	1.3465976681677873e-17	17.392574693250467
644245.0944000001	1.4636945218117397e-12	1.7563202286534797e-12	1.3138120003660058e-10	6.339879624857627e-18	17.99202350425961
665719.93088	9.960293322417108e-13	1.1951581593548433e-12	8.940358278156651e-11	2.984870368902918e-18	18.591472315370694
687194.76736	6.77789127137029e-13	8.132945218511928e-13	6.083834756090648e-11	1.405307111111471e-18	19.190921126454946
730144.44032	3.4822292656367496e-13	4.1785154553330377e-13	3.125221048627808e-11	3.832828945370428e-19	20.389818747651123
773094.11328	1.788792833528411e-13	2.1464716113060252e-13	1.6053965879550642e-11	1.0453541598340117e-19	21.58871636881345
816043.78624	9.188816442420711e-14	1.1026170364334436e-13	8.246730685894012e-12	2.8510355077078365e-20	22.787613990447362
858993.4592	4.720169453576709e-14	5.663993128782522e-14	4.236232616652954e-12	7.77567887031879e-21	23.98651161207235
901943.13216	2.4246806886675166e-14	2.9095088677717034e-14	2.1760894502483492e-12	2.1206621804901623e-21	25.185409233919156
944892.80512	1.245520237279388e-14	1.4945688384775028e-14	1.1178227982736068e-12	5.783661359975913e-22	26.3843068557636
987842.47808	6.3980337900366565e-15	7.677355772667138e-15	5.742072763386511e-13	1.577367665240862e-22	27.583204477711675
1.0307921510400001e6	3.2865628915400097e-15	3.943729203831693e-15	2.9496066195099337e-13	4.30191780836432e-23	28.782102099659124
1.073741824e6	1.6882515347067065e-15	2.0258267155614704e-15	1.5151627895685026e-13	1.1732502065104793e-23	29.98099972165479
1.1166914969600001e6	8.672258688041727e-16	1.0406324554580973e-15	7.783131332905359e-14	3.19976963009014e-24	31.1798973436503
1.15964116992e6	4.454789817870658e-16	5.34554958476398e-16	3.9980603494994626e-14	8.726628141665669e-25	32.3787949656682
1.2025908428800001e6	2.288348580438584e-16	2.74591649541264e-16	2.0537345073889595e-14	2.3799839394909783e-25	33.57769258768605
1.24554051584e6	1.1754851369246115e-16	1.410529875381671e-16	1.0549679231508484e-14	6.490848358837028e-26	34.776590209714286
1.2884901888000001e6	6.038264398076841e-17	7.245648701462065e-17	5.419188171330965e-15	1.770226517683086e-26	35.97548783174251
1.33143986176e6	3.101752521869303e-17	3.721965075063712e-17	2.783743671994602e-15	4.827877080778862e-27	37.17438545377556
1.37438953472e6	1.593317054049139e-17	1.911909607812804e-17	1.4299613408791599e-15	1.316690119831402e-27	38.37328307580862
1.46028888064e6	5.450562178721388e-18	6.5407790224339085e-18	4.890395699047003e-16	1.644237305103867e-28	40.77107831986729
1.54618822656e6	1.864057322440475e-18	2.2369080490690634e-18	1.672477558351784e-16	2.0532339650548538e-29	43.16887356392597
1.63208757248e6	6.374864650324535e-19	7.649972296485699e-19	5.719682603105494e-17	2.5639109077951256e-30	45.56666880799008
1.7179869184e6	2.1801174010195885e-19	2.6161869946153757e-19	1.9560538551313683e-17	3.20156137259567e-31	47.9644640520542
1.80388626432e6	7.455676051799643e-20	8.946969062618213e-20	6.689411794231288e-18	3.9977641101786717e-32	50.36225929611975
1.88978561024e6	2.549722767531564e-20	3.059721313052459e-20	2.287672462185703e-18	4.99194781095292e-33	52.76005454018531
1.97568495616e6	8.719628775138228e-21	1.0463739251239662e-20	7.823459918955244e-19	6.23334394736216e-34	55.157849784251226
2.0615843020800003e6	2.9819634607716053e-21	3.578419347898329e-21	2.675488995395652e-19	7.78342437680216e-35	57.555645028317144
2.147483648e6	1.0197789290189125e-21	1.2237563338285931e-21	9.149700368768262e-20	9.718944763610364e-36	59.953440272383176
2.2333829939200003e6	3.487459835315799e-22	4.185025759449092e-22	3.129032254011615e-20	1.213574507470947e-36	62.35123551644921
2.31928233984e6	1.1926469670392275e-22	1.4312016602111146e-22	1.0700713126082579e-20	1.515349486578674e-37	64.74903076051528
2.4051816857600003e6	4.078628515095477e-23	4.8944407641539446e-23	3.659442712716566e-21	1.8921618117138636e-38	67.14682600458134
2.49108103168e6	1.3948129513073966e-23	1.6738051470942093e-23	1.2514593913664577e-21	2.3626691057470106e-39	69.54462124864742
2.5769803776000002e6	4.7699891333074435e-24	5.7240882329738444e-24	4.279747720906662e-22	2.950167933401493e-40	71.94241649271348
2.66287972352e6	1.6312421072689793e-24	1.957525171314961e-24	1.4635891881557164e-22	3.6837471686771664e-41	74.34021173677955
2.74877906944e6	5.5785211858483745e-25	6.694343924301982e-25	5.00518167543962e-23	4.599728120820076e-42	76.73800698084567
2.92057776128e6	1.1229375468596026e-25	1.3476923783766432e-25	1.0069716114609513e-23	2.117908831272478e-43	81.53359746897779
3.09237645312e6	2.259289507130687e-26	2.7114912763087677e-26	2.025959649843075e-24	9.75247282836102e-45	86.32918795710994
3.26417514496e6	4.545526585862709e-27	5.455324049858401e-27	4.0760834014552768e-25	4.490758353668232e-46	91.12477844524209
3.4359738368e6	9.145253690672494e-28	1.097569705024834e-27	8.200769459830201e-26	2.0678698523362388e-47	95.92036893337422
3.60777252864e6	1.839953044178446e-28	2.208223849459013e-28	1.6499302071140012e-26	9.521943633043038e-49	100.71595942150637
3.77957122048e6	3.7018363541358566e-29	4.442767379842729e-29	3.3195257265896855e-27	4.384570202696873e-50	105.51154990963852
3.95136991232e6	7.447786653041483e-30	8.938478253624729e-30	6.678609328609774e-28	2.0189592188477592e-51	110.30714039777065
4.1231686041600006e6	1.4984311965657279e-30	1.7983456492649933e-30	1.34367924442682e-28	9.29666589673731e-53	115.10273088590279
4.294967296e6	3.0147130471841935e-31	3.6181148170437757e-31	2.703365542090681e-29	4.280811575646538e-54	119.89832137403492
4.466765987840001e6	6.065334764812104e-32	7.279325535982484e-32	5.438931143234927e-30	1.9711708219134103e-55	124.69391186216707
4.63856467968e6	1.2202904609595292e-32	1.4645344223411623e-32	1.0942637012162008e-30	9.076569092549401e-57	129.4895023502992
4.8103633715200005e6	2.4551120853390028e-33	2.946508464157806e-33	2.2015578066470757e-31	4.179444119692542e-58	134.28509283843135
4.98216206336e6	4.93945598639769e-34	5.928099578716523e-34	4.42932841035444e-32	1.92448582669697e-59	139.0806833265635
5.1539607552000005e6	9.93771696165917e-35	1.1926774137211678e-34	8.911388525549369e-33	8.861563164884279e-61	143.87627381469565
5.32575944704e6	1.9993731361495325e-35	2.3995523287598496e-35	1.7928856936872592e-33	4.080425186688693e-62	148.6718643028278
5.49755813888e6	4.022544198920189e-36	4.827665807339241e-36	3.6071115086932396e-34	1.878884122796532e-63	153.46745479095998
5.84115552256e6	4.2702034812721565e-37	5.125986998803988e-37	3.824977918025538e-35	2.7127492197379817e-65	163.05863576722427
6.18475290624e6	4.529013437595175e-38	5.436692180769653e-38	4.0567551156889574e-36	3.918142760634569e-67	172.64981674348857
6.52835028992e6	4.8034486880376195e-39	5.766128695756854e-39	4.302573286735118e-37	5.659135964513925e-69	182.24099771975287
6.8719476736e6	5.094508761324714e-40	6.1155214104847375e-40	4.563283244364565e-38	8.173712262107686e-71	191.83217869601717
7.21554505728e6	5.403201640197367e-41	6.486080790018238e-41	4.839787368058509e-39	1.1805597789438336e-72	201.4233596722815
7.55914244096e6	5.7305957858765704e-42	6.879089438357277e-42	5.133042700360096e-40	1.705124554480661e-74	211.0145406485458
7.90273982464e6	6.077824380943314e-43	7.295907644322832e-43	5.444064261875963e-41	2.4627695833297222e-76	220.60572162481006
8.246337208320001e6	6.446089257726837e-44	7.737978104759956e-44	5.773928564629407e-42	3.5570588759398614e-78	230.19690260107433
8.589934592e6	6.83666505819797e-45	8.206830918250172e-45	6.12377733812389e-43	5.137572604552013e-80	239.78808357733863
8.933531975680001e6	7.250903645784483e-46	8.704088881119906e-46	6.494821481118554e-44	7.420353217280866e-82	249.37926455360292
9.27712935936e6	7.69023878445832e-47	9.231473104284225e-47	6.888345252806625e-45	1.0717436249487945e-83	258.9704455298672
9.620726743040001e6	8.156191101292479e-48	9.790808970371598e-48	7.305710717904904e-46	1.547950237657909e-85	268.5616265061315
9.96432412672e6	8.650373349664195e-49	1.0384032451748784e-48	7.748362461039907e-47	2.235748078249741e-87	278.1528074823958
1.0307921510400001e7	9.174495991321552e-50	1.1013196811313959e-49	8.217832586748233e-48	3.229152435503628e-89	287.7439884586601
1.065151889408e7	9.730373116634106e-51	1.1680479709250783e-50	8.715746022397059e-49	4.6639518646571416e-91	297.3351694349244
1.099511627776e7	1.0319928723518839e-51	1.2388190740341506e-51	9.243826142379436e-50	6.736269036838608e-93	306.92635041118876
1.168231104512e7	5.217324397153131e-53	6.26561459825979e-53	4.6630264010640143e-51	2.7486441723442637e-95	326.10871236371736
1.236950581248e7	2.6339095080377146e-54	3.1631625886071464e-54	2.3540138427847592e-52	1.1232268336756637e-97	345.29107431624595
1.305670057984e7	1.32966460317256e-55	1.59684536761607e-55	1.188365784293889e-53	4.590039220938771e-100	364.47343626877455
1.37438953472e7	6.712482585723771e-57	8.061278565702777e-57	5.999170438003057e-55	1.8757078378215727e-102	383.6557982213031
1.443109011456e7	3.388630249073175e-58	4.069536428721751e-58	3.0285323053925656e-56	7.665030499101284e-105	402.8381601738317
1.511828488192e7	1.7106657243271957e-59	2.054404279525696e-59	1.5288792279055245e-57	3.132293868214632e-107	422.0205221263603
1.580547964928e7	8.635869917737194e-61	1.0371148418989126e-60	7.718166046260394e-59	1.2800031822040186e-109	441.20288407888887
1.6492674416640002e7	4.359603621039813e-62	5.235615710314374e-62	3.896323696288879e-60	5.2306968138549745e-112	460.38524603141747
1.7179869184e7	2.2008370938020626e-63	2.643069936659323e-63	1.9669617829265455e-61	2.1375092673202087e-114	479.56760798394606
1.7867063951360002e7	1.1110376440871531e-64	1.3342878508955126e-64	9.929715332695427e-63	8.734869747741533e-117	498.7499699364746
1.855425871872e7	5.608795918590617e-66	6.73581880246371e-66	5.012768657380651e-64	3.569479033270127e-119	517.9323318890032
1.9241453486080002e7	2.831460401559364e-67	3.400409729648072e-67	2.5305709379090177e-65	1.4586571247630222e-121	537.1146938415318
1.992864825344e7	1.4293919724541279e-68	1.7166118121679014e-68	1.2774954510792364e-66	5.960759291817377e-124	556.2970557940604
2.0615843020800002e7	7.215927797271472e-70	8.665885307906005e-70	6.449116205364949e-68	2.4358466240770347e-126	575.479417746589
2.130303778816e7	3.642780594397188e-71	4.37475536360305e-71	3.25567494825071e-69	9.954014837813284e-129	594.6617796991176
2.199023255552e7	1.83896661856827e-72	2.2084857624307683e-72	1.6435460205186105e-70	4.067678509177667e-131	613.8441416516463
2.336462209024e7	3.966485305003386e-74	4.7675101446130295e-74	3.529565438111267e-72	4.40630116023356e-134	652.2088655567035
2.473901162496e7	8.544517015441974e-76	1.0270390378051118e-75	7.60261320547093e-74	4.801815289022375e-137	690.5735894617607
2.611340115968e7	1.840476312902218e-77	2.2122284537137943e-77	1.6375897160165764e-75	5.232844405912915e-140	728.938313366818
2.74877906944e7	3.964354142852888e-79	4.765101888095122e-79	3.527339872574831e-77	5.702564291950011e-143	767.3030372718752
2.886218022912e7	8.539150111834615e-81	1.0263946878711466e-80	7.597828946402972e-79	6.214447979841538e-146	805.6677611769323
3.023656976384e7	1.8393181304323186e-82	2.2108363638991472e-82	1.6365591832213035e-80	6.772280257717652e-149	844.0324850819894
3.161095929856e7	3.961859362001488e-84	4.762103195359879e-84	3.52512010514096e-82	7.380185648630197e-152	882.3972089870466
3.2985348833280005e7	8.533776367405512e-86	1.0257487708327361e-85	7.593047581018485e-84	8.042658906986188e-155	920.7619328921038
3.4359738368e7	1.838160631220463e-87	2.2094450649930716e-87	1.6355292819200873e-85	8.764598252299293e-158	959.1266567971609
3.5734127902720004e7	3.9593661231828054e-89	4.759106354906446e-89	3.522901710694944e-87	9.55134158601481e-161	997.4913807022182
3.710851743744e7	8.528405966372438e-91	1.0251032556493639e-90	7.588269190961665e-89	1.0408705959212664e-163	1035.8561046072755
3.8482906972160004e7	1.8370038550473726e-92	2.2080546351520422e-92	1.6345000240200719e-90	1.1343030583022669e-166	1074.2208285123327
3.985729650688e7	3.95687444581554e-94	4.7561113912719634e-94	3.5206847056668085e-92	1.2361223699775874e-169	1112.5855524173899
4.1231686041600004e7	8.523038934354398e-96	1.024458145413648e-95	7.583493798666202e-94	1.347081366145791e-172	1150.950276322447
4.260607557632e7	1.8358478053519823e-97	2.206665078522729e-97	1.6334714125324794e-95	1.4680004593135884e-175	1189.3150002275042
4.398046511104e7	3.954384334389783e-99	4.753118309871705e-99	3.518469093983398e-97	1.5997737052929405e-178	1227.6797241325617
4.672924418048e7	3.200095909252833e-101	3.8525739983787395e-101	2.823887369094298e-99	4.3950360741583885e-182	1304.4091719426763
4.947802324992e7	2.601100046556504e-103	3.131926045863205e-103	2.293907503231704e-101	1.2368946082520751e-185	1381.1386197527906
5.222680231936e7	2.112976041849005e-105	2.544200109842939e-105	1.8634116987248806e-103	3.4810616756893485e-189	1457.868067562905
5.49755813888e7	1.716435779689217e-107	2.0667326924054572e-107	1.51370671364809e-105	9.796946734837962e-193	1534.5975153730194
5.772436045824e7	1.3943136509244566e-109	1.67887062715235e-109	1.2296305837963583e-107	2.7572095604227554e-196	1611.3269631831336
6.047313952768e7	1.132643921819081e-111	1.3637983176964452e-111	9.988667943224341e-110	7.759769207525306e-200	1688.0564109932482
6.322191859712e7	9.20081541729128e-114	1.1078553767717391e-113	8.114102608927844e-112	2.1838752853005735e-203	1764.7858588033625
6.597069766656001e7	7.474105737225285e-116	8.999450431300375e-116	6.59133545357826e-114	6.146202463238073e-207	1841.515306613477
6.8719476736e7	6.071446283579869e-118	7.3105307573109885e-118	5.354344793938195e-116	1.7297601641161738e-210	1918.2447544235913
7.146825580544001e7	4.932022809203497e-120	5.9385692894876814e-120	4.349499183326792e-118	4.868160857471391e-214	1994.9742022337055
7.421703487488e7	4.006434028130844e-122	4.8240827344548834e-122	3.533232145822536e-120	1.370073760851394e-217	2071.70365004382
7.696581394432001e7	3.254549754273501e-124	3.918750980991426e-124	2.8701532912405714e-122	3.85587527842794e-221	2148.433097853934
7.971459301376e7	2.6437710015116017e-126	3.183322114552511e-126	2.331513915653364e-124	1.085180563822523e-224	2225.1625456640486
8.246337208320001e7	2.147616609411422e-128	2.585910596042848e-128	1.893960561435961e-126	3.054084406428947e-228	2301.891993474163
8.521215115264e7	1.7445751157655886e-130	2.100614820020082e-130	1.5385224957019405e-128	8.595280704933353e-232	2378.621441284277
8.796093022208e7	1.417172097296561e-132	1.7063941146459046e-132	1.2497892078524999e-130	2.4190179629967723e-235	2455.3508890943917
9.345848836096e7	3.6784887024869447e-135	4.4373362559989356e-135	3.2123377032475857e-133	1.566085938648385e-239	2608.8097847146205
9.895604649984e7	1.0007586865974282e-137	1.2090752504361647e-137	8.672661962425201e-136	1.1185925652871683e-243	2762.2686803348493
1.0445360463872e8	2.702630936721951e-140	3.2654957274338784e-140	2.3416384086779487e-138	7.990991081926564e-248	2915.727575955078
1.099511627776e8	7.297192444834912e-143	8.816972933196345e-143	6.322477708322168e-141	5.708598292132871e-252	3069.1864715753063
1.1544872091648e8	1.9702588811590596e-145	2.3806033286437526e-145	1.7070835630816285e-143	4.0781042228306664e-256	3222.645367195535
1.2094627905536e8	5.319744421986345e-148	6.427683905628149e-148	4.6091649916119825e-146	2.9133130763818647e-260	3376.1042628157643
1.2644383719424e8	1.4363432631164314e-150	1.7354894790468805e-150	1.2444851780747672e-148	2.081210439277679e-264	3529.563158435993
1.3194139533312002e8	3.8781599374912916e-153	4.6858616198589636e-153	3.360138682963782e-151	1.4867735732466289e-268	3683.022054056222
1.37438953472e8	1.0471121275099636e-155	1.2651934445905878e-155	9.072451940501343e-154	1.062120204851432e-272	3836.48094967645
1.4293651161088002e8	2.827226894328948e-158	3.4160514801612352e-158	2.449582948168861e-156	7.587566458356179e-277	3989.939845296679
1.4843406974976e8	7.63357782038567e-161	9.223417782478274e-161	6.613930455968956e-159	5.4204001107412025e-281	4143.398740916908
1.5393162788864002e8	2.061083617192844e-163	2.4903440736824337e-163	1.7857764771384353e-161	3.8722214193150496e-285	4296.857636537136
1.5942918602752e8	5.564973302186256e-166	6.7239864349491e-166	4.8216376744979935e-164	2.76623467158625e-289	4450.316532157365
1.6492674416640002e8	1.5025556263566289e-168	1.8154918452904871e-168	1.3018532924899871e-166	1.9761406773168061e-293	4603.775427777595
1.7042430230528e8	4.056934845328031e-171	4.901869853848402e-171	3.5150339149933676e-169	1.411713914462216e-297	4757.234323397824
1.7592186044416e8	1.0953817649430787e-173	1.3235161659579425e-173	9.490672639404666e-172	1.0084991413628666e-301	4910.693219018052
1.8691697672192e8	6.195486998819677e-177	7.263923319387488e-177	6.169944774306422e-175	1.179822736106239e-306	5217.611010258511
1.9791209299968e8	5.889955861087226e-180	7.143447736032679e-180	4.965247537616992e-178	2.1147237796514e-311	5524.528801498968
2.0890720927744e8	4.777940842921368e-183	5.81173833486231e-183	3.9989162484083024e-181	3.7964185e-316	5831.446592739426
2.199023255552e8	3.848502773834961e-186	4.681811184718815e-186	3.2206597266360003e-184	6.813e-321	6138.364383979883
2.3089744183296e8	3.099504435178083e-189	3.7706386349504205e-189	2.5938650673495926e-187	0.0	6445.282175220341
2.4189255811072e8	2.4962877294830294e-192	3.0368070534454625e-192	2.0890552119380207e-190	0.0	6752.199966460797
2.5288767438848e8	2.010468049119194e-195	2.4457931616936913e-195	1.682489861735601e-193	0.0	7059.117757701256
2.6388279066624004e8	1.6191970853070757e-198	1.9698005937584777e-198	1.355048980355559e-196	0.0	7366.035548941714
2.74877906944e8	1.304074044887212e-201	1.5864442020332288e-201	1.0913336127140292e-199	0.0	7672.953340182172
2.8587302322176003e8	1.0502792587473873e-204	1.2776954246501013e-204	8.789416998985076e-203	0.0	7979.87113142263
2.9686813949952e8	8.45877215085351e-208	1.0290343625554975e-207	7.078848326674902e-206	0.0	8286.788922663087
3.0786325577728003e8	6.812552538206781e-211	8.287669337236017e-211	5.701185145482839e-209	0.0	8593.706713903544
3.1885837205504e8	5.486715005220315e-214	6.674749215642225e-214	4.591638436522601e-212	0.0	8900.624505144002
3.2985348833280003e8	4.418907799929251e-217	5.375730531567626e-217	3.6980282158449634e-215	0.0	9207.54229638446
3.4084860461056e8	3.558913872088659e-220	4.329522775223522e-220	2.978329603744307e-218	0.0	9514.460087624917
3.5184372088832e8	2.8662892557178664e-223	3.486924679558482e-223	2.3986964703331523e-221	0.0	9821.377878865374
3.7383395344384e8	-1.7167574520112528e-226	-2.532574233679623e-226	1.1931085543302199e-225	0.0	10435.21346134629
3.9582418599936e8	-1.1924622395277955e-232	-1.8612287574659082e-231	2.5902323791134286e-229	0.0	11049.049043827205
4.1781441855488e8	7.543402748520681e-235	9.197703783782153e-235	5.754982230685173e-233	0.0	11662.884626308118
4.398046511104e8	1.6481212109857207e-238	2.0418288796958537e-238	1.2788416077201979e-236	0.0	12276.720208789033
4.6179488366592e8	3.622973916525072e-242	4.46661124798001e-242	2.8417768822747544e-240	0.0	12890.55579126995
4.8378511622144e8	8.044998320036177e-246	9.910512592720912e-246	6.31485232827017e-244	0.0	13504.391373750865
5.0577534877696e8	1.787788829030687e-249	2.2023164234143454e-249	1.403254427833698e-247	0.0	14118.22695623178
5.277655813324801e8	3.97277158827738e-253	4.893965773353261e-253	3.1182407550848876e-251	0.0	14732.062538712695
5.49755813888e8	8.828095043718013e-257	1.0875138740854755e-256	6.92919631237731e-255	0.0	15345.89812119361
5.717460464435201e8	1.961734364457799e-260	2.4166180014576507e-260	1.5397708293424004e-258	0.0	15959.733703674527
5.9373627899904e8	4.359266485361253e-264	5.37008573343214e-264	3.42160057243401e-262	0.0	16573.56928615544
6.157265115545601e8	9.686940689422383e-268	1.1933131893596164e-267	7.603307098810723e-266	0.0	17187.404868636357
6.3771674411008e8	2.152582785588251e-271	2.6517199925697356e-271	1.6895683062649614e-269	0.0	17801.24045111727
6.597069766656001e8	4.783360193003899e-275	5.892517556395519e-275	3.754472921370705e-273	0.0	18415.076033598187
6.8169720922112e8	1.0629340199625538e-278	1.309405338759342e-278	8.342999134771471e-277	0.0	19028.9116160791
7.0368744177664e8	2.361998020651233e-282	2.9096940734745543e-282	1.853938915542517e-280	0.0	19642.747198560017
7.4766790688768e8	-1.0744282974102694e-284	-1.57587854039153e-284	-2.317162413712275e-284	0.0	20870.41836352185
7.9164837199872e8	-1.1371828925754055e-289	-1.9016656398194501e-289	-1.3773985001221728e-288	0.0	22098.08952848368
8.3562883710976e8	3.364508175920392e-295	8.752812162674666e-295	-8.031516258154989e-293	0.0	23325.76069344551
8.796093022208e8	-3.10927307454715e-299	-1.3151685277717752e-299	-4.68192125658631e-297	0.0	24553.43185840734
9.2358976733184e8	-3.798212689675866e-303	-4.600068143045384e-303	-2.729286770018435e-301	0.0	25781.103023369174
9.6757023244288e8	-2.2796561763884647e-307	-2.9215868409121484e-307	-1.5910147820408696e-305	0.0	27008.774188331005
1.01155069755392e9	-1.291039875384e-311	-1.627804251881e-311	-9.2746869361659e-310	0.0	28236.445353292835
1.0555311626649601e9	-7.4778052e-316	-9.34561933e-316	-5.4066007894e-314	0.0	29464.11651825466
1.099511627776e9	-4.363e-320	-5.4525e-320	-3.151734e-318	0.0	30691.78768321649
1.1434920928870401e9	-5.0e-324	-5.0e-324	-1.83e-322	0.0	31919.45884817832
1.18747255799808e9	0.0	0.0	0.0	0.0	33147.13001314015
1.2314530231091201e9	0.0	0.0	0.0	0.0	34374.80117810198
1.27543348822016e9	0.0	0.0	0.0	0.0	35602.47234306382
1.3194139533312001e9	0.0	0.0	0.0	0.0	36830.14350802565
1.36339441844224e9	0.0	0.0	0.0	0.0	38057.81467298748
1.40737488355328e9	0.0	0.0	0.0	0.0	39285.48583794931
1.49533581377536e9	0.0	0.0	0.0	0.0	41740.82816787297
1.58329674399744e9	0.0	0.0	0.0	0.0	44196.17049779663
1.67125767421952e9	0.0	0.0	0.0	0.0	46651.51282772028
1.7592186044416e9	0.0	0.0	0.0	0.0	49106.85515764394
1.84717953466368e9	0.0	0.0	0.0	0.0	51562.19748756761
1.93514046488576e9	0.0	0.0	0.0	0.0	54017.53981749127
2.02310139510784e9	0.0	0.0	0.0	0.0	56472.88214741493
2.1110623253299203e9	0.0	0.0	0.0	0.0	58928.22447733859
2.199023255552e9	0.0	0.0	0.0	0.0	61383.56680726224
2.2869841857740803e9	0.0	0.0	0.0	0.0	63838.90913718591
2.37494511599616e9	0.0	0.0	0.0	0.0	66294.25146710957
2.4629060462182403e9	0.0	0.0	0.0	0.0	68749.59379703323
2.55086697644032e9	0.0	0.0	0.0	0.0	71204.93612695689
2.6388279066624002e9	0.0	0.0	0.0	0.0	73660.27845688055
2.72678883688448e9	0.0	0.0	0.0	0.0	76115.62078680421
2.81474976710656e9	0.0	0.0	0.0	0.0	78570.96311672787
2.99067162755072e9	0.0	0.0	0.0	0.0	83481.64777657519
3.16659348799488e9	0.0	0.0	0.0	0.0	88392.33243642251
3.34251534843904e9	0.0	0.0	0.0	0.0	93303.01709626982
3.5184372088832e9	0.0	0.0	0.0	0.0	98213.70175611714
3.69435906932736e9	0.0	0.0	0.0	0.0	103124.38641596447
3.87028092977152e9	0.0	0.0	0.0	0.0	108035.0710758118
4.04620279021568e9	0.0	0.0	0.0	0.0	112945.75573565911
4.2221246506598406e9	0.0	0.0	0.0	0.0	117856.44039550642
4.398046511104e9	0.0	0.0	0.0	0.0	122767.12505535374
4.573968371548161e9	0.0	0.0	0.0	0.0	127677.80971520107
4.74989023199232e9	0.0	0.0	0.0	0.0	132588.49437504838
4.9258120924364805e9	0.0	0.0	0.0	0.0	137499.1790348957
5.10173395288064e9	0.0	0.0	0.0	0.0	142409.86369474302
5.2776558133248005e9	0.0	0.0	0.0	0.0	147320.54835459034
5.45357767376896e9	0.0	0.0	0.0	0.0	152231.23301443766
5.62949953421312e9	0.0	0.0	0.0	0.0	157141.91767428498
5.98134325510144e9	0.0	0.0	0.0	0.0	166963.2869939796
6.33318697598976e9	0.0	0.0	0.0	0.0	176784.65631367426
6.68503069687808e9	0.0	0.0	0.0	0.0	186606.0256333689
7.0368744177664e9	0.0	0.0	0.0	0.0	196427.39495306354
7.38871813865472e9	0.0	0.0	0.0	0.0	206248.76427275818
7.74056185954304e9	0.0	0.0	0.0	0.0	216070.13359245282
8.09240558043136e9	0.0	0.0	0.0	0.0	225891.5029121475
8.444249301319681e9	0.0	0.0	0.0	0.0	235712.87223184214
8.796093022208e9	0.0	0.0	0.0	0.0	245534.24155153678
9.147936743096321e9	0.0	0.0	0.0	0.0	255355.61087123142
9.49978046398464e9	0.0	0.0	0.0	0.0	265176.98019092606
9.851624184872961e9	0.0	0.0	0.0	0.0	274998.3495106207
1.020346790576128e10	0.0	0.0	0.0	0.0	284819.71883031534
1.0555311626649601e10	0.0	0.0	0.0	0.0	294641.08815001
1.090715534753792e10	0.0	0.0	0.0	0.0	304462.4574697046
1.125899906842624e10	0.0	0.0	0.0	0.0	314283.82678939926
1.196268651020288e10	0.0	0.0	0.0	0.0	333926.56542878854
1.266637395197952e10	0.0	0.0	0.0	0.0	353569.3040681778
1.337006139375616e10	0.0	0.0	0.0	0.0	373212.0427075671
1.40737488355328e10	0.0	0.0	0.0	0.0	392854.7813469563
1.477743627730944e10	0.0	0.0	0.0	0.0	412497.5199863456
1.548112371908608e10	0.0	0.0	0.0	0.0	432140.25862573495
1.618481116086272e10	0.0	0.0	0.0	0.0	451782.9972651242
1.6888498602639362e10	0.0	0.0	0.0	0.0	471425.7359045135
1.7592186044416e10	0.0	0.0	0.0	0.0	491068.4745439028
1.8295873486192642e10	0.0	0.0	0.0	0.0	510711.213183292
1.899956092796928e10	0.0	0.0	0.0	0.0	530353.9518226814
1.9703248369745922e10	0.0	0.0	0.0	0.0	549996.6904620706
2.040693581152256e10	0.0	0.0	0.0	0.0	569639.4291014599
2.1110623253299202e10	0.0	0.0	0.0	0.0	589282.1677408492
2.181431069507584e10	0.0	0.0	0.0	0.0	608924.9063802385
2.251799813685248e10	0.0	0.0	0.0	0.0	628567.6450196278
2.392537302040576e10	0.0	0.0	0.0	0.0	667853.1222984063
2.533274790395904e10	0.0	0.0	0.0	0.0	707138.5995771849
2.674012278751232e10	0.0	0.0	0.0	0.0	746424.0768559634
2.81474976710656e10	0.0	0.0	0.0	0.0	785709.5541347421
2.955487255461888e10	0.0	0.0	0.0	0.0	824995.0314135207
3.096224743817216e10	0.0	0.0	0.0	0.0	864280.5086922992
3.236962232172544e10	0.0	0.0	0.0	0.0	903565.9859710778
3.3776997205278725e10	0.0	0.0	0.0	0.0	942851.4632498564
3.5184372088832e10	0.0	0.0	0.0	0.0	982136.940528635
3.6591746972385284e10	0.0	0.0	0.0	0.0	1.0214224178074136e6
3.799912185593856e10	0.0	0.0	0.0	0.0	1.0607078950861923e6
3.9406496739491844e10	0.0	0.0	0.0	0.0	1.0999933723649709e6
4.081387162304512e10	0.0	0.0	0.0	0.0	1.1392788496437494e6
4.2221246506598404e10	0.0	0.0	0.0	0.0	1.178564326922528e6
4.362862139015168e10	0.0	0.0	0.0	0.0	1.2178498042013068e6
4.503599627370496e10	0.0	0.0	0.0	0.0	1.2571352814800853e6
4.785074604081152e10	0.0	0.0	0.0	0.0	1.3357062360376425e6
5.066549580791808e10	0.0	0.0	0.0	0.0	1.4142771905951994e6
5.348024557502464e10	0.0	0.0	0.0	0.0	1.4928481451527562e6
5.62949953421312e10	0.0	0.0	0.0	0.0	1.5714190997103136e6
5.910974510923776e10	0.0	0.0	0.0	0.0	1.6499900542678707e6
6.192449487634432e10	0.0	0.0	0.0	0.0	1.7285610088254279e6
6.473924464345088e10	0.0	0.0	0.0	0.0	1.807131963382985e6
6.755399441055745e10	0.0	0.0	0.0	0.0	1.8857029179405419e6
7.0368744177664e10	0.0	0.0	0.0	0.0	1.9642738724980992e6
7.318349394477057e10	0.0	0.0	0.0	0.0	2.0428448270556566e6
7.599824371187712e10	0.0	0.0	0.0	0.0	2.121415781613214e6
7.881299347898369e10	0.0	0.0	0.0	0.0	2.199986736170771e6
8.162774324609024e10	0.0	0.0	0.0	0.0	2.278557690728328e6
8.444249301319681e10	0.0	0.0	0.0	0.0	2.3571286452858853e6
8.725724278030336e10	0.0	0.0	0.0	0.0	2.4356995998434424e6
9.007199254740993e10	0.0	0.0	0.0	0.0	2.5142705544009996e6
9.570149208162305e10	0.0	0.0	0.0	0.0	2.671412463516114e6
1.0133099161583617e11	0.0	0.0	0.0	0.0	2.8285543726312285e6
1.0696049115004929e11	0.0	0.0	0.0	0.0	2.985696281746343e6
1.125899906842624e11	0.0	0.0	0.0	0.0	3.1428381908614575e6
1.1821949021847552e11	0.0	0.0	0.0	0.0	3.2999800999765717e6
1.2384898975268864e11	0.0	0.0	0.0	0.0	3.457122009091686e6
1.2947848928690176e11	0.0	0.0	0.0	0.0	3.6142639182068002e6
1.351079888211149e11	0.0	0.0	0.0	0.0	3.771405827321914e6
1.40737488355328e11	0.0	0.0	0.0	0.0	3.9285477364370283e6
1.4636698788954114e11	0.0	0.0	0.0	0.0	4.085689645552143e6
1.5199648742375424e11	0.0	0.0	0.0	0.0	4.242831554667257e6
1.5762598695796738e11	0.0	0.0	0.0	0.0	4.399973463782371e6
1.6325548649218048e11	0.0	0.0	0.0	0.0	4.557115372897485e6
1.6888498602639362e11	0.0	0.0	0.0	0.0	4.7142572820125995e6
1.7451448556060672e11	0.0	0.0	0.0	0.0	4.871399191127714e6
1.8014398509481985e11	0.0	0.0	0.0	0.0	5.028541100242828e6
1.914029841632461e11	0.0	0.0	0.0	0.0	5.342824918473057e6
2.0266198323167233e11	0.0	0.0	0.0	0.0	5.657108736703287e6
2.1392098230009857e11	0.0	0.0	0.0	0.0	5.971392554933515e6
2.251799813685248e11	0.0	0.0	0.0	0.0	6.285676373163744e6
2.3643898043695105e11	0.0	0.0	0.0	0.0	6.599960191393971e6
2.476979795053773e11	0.0	0.0	0.0	0.0	6.914244009624199e6
2.5895697857380353e11	0.0	0.0	0.0	0.0	7.228527827854428e6
2.702159776422298e11	0.0	0.0	0.0	0.0	7.542811646084657e6
2.81474976710656e11	0.0	0.0	0.0	0.0	7.857095464314885e6
2.927339757790823e11	0.0	0.0	0.0	0.0	8.171379282545114e6
3.039929748475085e11	0.0	0.0	0.0	0.0	8.485663100775342e6
3.1525197391593475e11	0.0	0.0	0.0	0.0	8.799946919005571e6
3.2651097298436096e11	0.0	0.0	0.0	0.0	9.1142307372358e6
3.3776997205278723e11	0.0	0.0	0.0	0.0	9.428514555466028e6
3.4902897112121344e11	0.0	0.0	0.0	0.0	9.742798373696256e6
3.602879701896397e11	0.0	0.0	0.0	0.0	1.0057082191926485e7
3.828059683264922e11	0.0	0.0	0.0	0.0	1.068564982838694e7
4.0532396646334467e11	0.0	0.0	0.0	0.0	1.1314217464847397e7
4.2784196460019714e11	0.0	0.0	0.0	0.0	1.1942785101307856e7
4.503599627370496e11	0.0	0.0	0.0	0.0	1.2571352737768313e7
4.728779608739021e11	0.0	0.0	0.0	0.0	1.319992037422877e7
4.953959590107546e11	0.0	0.0	0.0	0.0	1.3828488010689227e7
5.1791395714760706e11	0.0	0.0	0.0	0.0	1.4457055647149682e7
5.404319552844596e11	0.0	0.0	0.0	0.0	1.5085623283610139e7
5.62949953421312e11	0.0	0.0	0.0	0.0	1.5714190920070598e7
5.854679515581646e11	0.0	0.0	0.0	0.0	1.6342758556531055e7
6.07985949695017e11	0.0	0.0	0.0	0.0	1.6971326192991514e7
6.305039478318695e11	0.0	0.0	0.0	0.0	1.759989382945197e7
6.530219459687219e11	0.0	0.0	0.0	0.0	1.8228461465912428e7
6.755399441055745e11	0.0	0.0	0.0	0.0	1.8857029102372885e7
6.980579422424269e11	0.0	0.0	0.0	0.0	1.948559673883334e7
7.205759403792794e11	0.0	0.0	0.0	0.0	2.0114164375293802e7
7.656119366529844e11	0.0	0.0	0.0	0.0	2.1371299648214716e7
8.106479329266893e11	0.0	0.0	0.0	0.0	2.262843492113563e7
8.556839292003943e11	0.0	0.0	0.0	0.0	2.3885570194056544e7
9.007199254740992e11	0.0	0.0	0.0	0.0	2.5142705466977455e7
9.457559217478042e11	0.0	0.0	0.0	0.0	2.6399840739898372e7
9.907919180215092e11	0.0	0.0	0.0	0.0	2.7656976012819286e7
1.0358279142952141e12	0.0	0.0	0.0	0.0	2.89141112857402e7
1.0808639105689192e12	0.0	0.0	0.0	0.0	3.0171246558661114e7
1.125899906842624e12	0.0	0.0	0.0	0.0	3.1428381831582025e7
1.170935903116329e12	0.0	0.0	0.0	0.0	3.268551710450294e7
1.215971899390034e12	0.0	0.0	0.0	0.0	3.394265237742385e7
1.261007895663739e12	0.0	0.0	0.0	0.0	3.519978765034477e7
1.3060438919374438e12	0.0	0.0	0.0	0.0	3.645692292326568e7
1.351079888211149e12	0.0	0.0	0.0	0.0	3.771405819618659e7
1.3961158844848538e12	0.0	0.0	0.0	0.0	3.89711934691075e7
1.4411518807585588e12	0.0	0.0	0.0	0.0	4.022832874202841e7
