# τ	Fs	F	Δζ	ΔG	Δr²
0.0	1.0	1.0	4214.606615260098	475.3444124805804	0.0
3.125e-7	0.9999838611727643	0.9999864817053948	4212.436748305944	475.10904394011715	3.125e-7
6.25e-7	0.9999677286167871	0.9999729686283312	4210.268772820655	474.8738749330187	6.247942086613643e-7
9.375000000000001e-7	0.9999516083342389	0.9999594657964079	4208.102871924989	474.63891743217005	9.36677182066767e-7
1.25e-6	0.9999355003118334	0.9999459731985499	4205.93904323549	474.40417121023324	1.248149538124953e-6
1.5625e-6	0.9999194045340646	0.9999324908218227	4203.777284314397	474.1696360385742	1.559212029147879e-6
1.8750000000000003e-6	0.9999033209854479	0.9999190186533096	4201.617592727197	473.9353116888355	1.8698654060647474e-6
2.1875000000000002e-6	0.9998872496505212	0.9999055566801128	4199.459966042621	473.7011979329387	2.1801104183354216e-6
2.5e-6	0.999871190513845	0.9998921048893529	4197.304401832687	473.46729454308235	2.489947813953317e-6
2.8125e-6	0.9998551435600016	0.9998786632681694	4195.150897672651	473.23360129174233	2.7993783394483444e-6
3.125e-6	0.9998391087735959	0.9998652318037199	4192.999451141011	473.00011795167137	3.108402739889846e-6
3.4375e-6	0.9998230861392551	0.9998518104831811	4190.85005981952	472.766844295899	3.4170217588895286e-6
3.7500000000000005e-6	0.9998070756416284	0.9998383992937478	4188.702721293183	472.5337800977304	3.7252361386043893e-6
4.0625000000000005e-6	0.9997910772653873	0.9998249982226336	4186.557433150209	472.30092513074663	4.033046619739634e-6
4.3750000000000005e-6	0.9997750909952253	0.9998116072570702	4184.41419298206	472.0682791688042	4.340453941551591e-6
4.6875000000000004e-6	0.9997591168158583	0.999798226384308	4182.272998383418	471.83584198603484	4.64745884185062e-6
5.0e-6	0.999743154712024	0.9997848555916158	4180.133846952179	471.6036133568442	4.954062057004012e-6
5.3125e-6	0.9997272126001242	0.9997715014986673	4177.997264879427	471.37163965067873	5.259998145147236e-6
5.625e-6	0.9997112851617731	0.9997581596583214	4175.8628961217055	471.1398894802665	5.565446088868182e-6
5.9375e-6	0.9996953706136351	0.9997448285794053	4173.730620415029	470.90835223592313	5.870466060434863e-6
6.25e-6	0.9996794683510368	0.9997315077563295	4171.60039608503	470.6770242324569	6.1750786103105634e-6
6.5625e-6	0.9996635781623076	0.999718197012128	4169.472207654123	470.44590409250577	6.479291074936378e-6
6.875e-6	0.9996476999668255	0.9997048962794169	4167.346048378502	470.214991207994	6.783106383198638e-6
7.1875e-6	0.9996318337276769	0.9996916055273597	4165.221914427497	469.98428522739806	7.086525993210966e-6
7.500000000000001e-6	0.999615979422537	0.9996783247373175	4163.0998029435605	469.7537858848734	7.389550871674037e-6
7.8125e-6	0.9996001370339562	0.9996650538947317	4160.979711395578	469.5234929433091	7.692181820474285e-6
8.125000000000001e-6	0.9995843065461277	0.9996517929864143	4158.861637363377	469.29340617535047	7.994419585599904e-6
8.4375e-6	0.9995684879438066	0.9996385419996473	4156.745578465848	469.06352535707424	8.296264893464012e-6
8.750000000000001e-6	0.9995526812119488	0.9996253009218815	4154.631532337006	468.83385026588024	8.597718463019588e-6
9.0625e-6	0.9995368863355922	0.9996120697406358	4152.519496618017	468.60438067978856	8.898781009801411e-6
9.375000000000001e-6	0.9995211032998162	0.9995988484434629	4150.409468954508	468.3751163772058	9.19945324727583e-6
9.6875e-6	0.9995053320897278	0.9995856370179397	4148.30144699571	468.14605713684614	9.499735887292753e-6
1.0e-5	0.9994895726904586	0.9995724354516631	4146.19542839412	467.9172027377049	9.799629640238225e-6
1.0625e-5	0.9994580892453169	0.9995460618308992	4141.989390547778	467.4601074828916	1.0398254259009584e-5
1.125e-5	0.999426652859092	0.9995197274933326	4137.791337599613	467.0038289156043	1.0995332126389932e-5
1.1875e-5	0.9993952634180175	0.9994934323440611	4133.601251182908	466.54836529929173	1.159086866444175e-5
1.25e-5	0.9993639208057298	0.9994671762860152	4129.419112780566	466.09371488711975	1.218486941396681e-5
1.3125e-5	0.9993326249052238	0.9994409592215906	4125.244903858328	465.63987593165217	1.2777339940735407e-5
1.375e-5	0.9993013755995056	0.9994147810531933	4121.078605909165	465.1868466880784	1.336828580446153e-5
1.4375e-5	0.9992701727718107	0.9993886416834178	4116.920200467927	464.73462541527095	1.3957712548315884e-5
1.5000000000000002e-5	0.9992390163056727	0.9993625410151096	4112.7696691161655	464.28321037614137	1.454562569567432e-5
1.5625e-5	0.9992079060849478	0.9993364789513828	4108.626993483609	463.8325998377395	1.513203074890247e-5
1.6250000000000002e-5	0.9991768419938231	0.9993104553956266	4104.492155248606	463.38279207129193	1.571693318919438e-5
1.6875e-5	0.9991458239168164	0.999284470251505	4100.365136138121	462.9337853521931	1.630033847638963e-5
1.7500000000000002e-5	0.9991148517387776	0.9992585234229608	4096.24591792769	462.4855779600106	1.6882252049154435e-5
1.8125e-5	0.9990839253448864	0.9992326148142106	4092.134482441262	462.03816817846314	1.746267932491395e-5
1.8750000000000002e-5	0.9990530446206521	0.9992067443297472	4088.030811551103	461.5915542954218	1.8041625700070056e-5
1.9375e-5	0.9990222094519134	0.9991809118743354	4083.9348871776274	461.1457346028885	1.861909654994669e-5
2.0e-5	0.9989914197248373	0.9991551173530169	4079.846691289261	460.7007073969945	1.919509722901027e-5
2.125e-5	0.9989299759921556	0.9991036416092018	4071.693402884105	459.81302290226023	2.0342716413707894e-5
2.25e-5	0.9988687126196636	0.9990523164284785	4063.5708099451995	458.9284877679499	2.1484520900742224e-5
2.375e-5	0.9988076287421356	0.9990011410890655	4055.478772234134	458.0470886787514	2.2620551187072492e-5
2.5e-5	0.99874672347701	0.9989501148547192	4047.4171487334074	457.1688122720703	2.3750848506037345e-5
2.625e-5	0.9986859959393134	0.9988992369871817	4039.3857986641074	456.29364521243616	2.4875454120330168e-5
2.75e-5	0.9986254452466735	0.9988485067503614	4031.384581822942	455.4215742162659	2.599440909044511e-5
2.875e-5	0.9985650705209169	0.9987979234116688	4023.4133586912158	454.55258605967276	2.710775419625672e-5
3.0000000000000004e-5	0.998504870888636	0.9987474862424869	4015.47199046874	453.6866675810528	2.821552991530299e-5
3.125e-5	0.9984448454813044	0.9986971945182679	4007.560339081791	452.82380568151075	2.9317776414447353e-5
3.2500000000000004e-5	0.9983849934353459	0.9986470475185919	3999.6782671833844	451.96398732499017	3.0414533551496327e-5
3.375e-5	0.9983253138920886	0.9985970445271274	3991.8256381501046	451.1071995378854	3.1505840874666505e-5
3.5000000000000004e-5	0.9982658059977799	0.9985471848316443	3984.0023160786327	450.2534294089015	3.259173762674197e-5
3.625e-5	0.9982064689035204	0.9984974677239595	3976.2081657813865	449.40266408858025	3.3672262745402243e-5
3.7500000000000003e-5	0.9981473017652719	0.9984478924999414	3968.443052782743	448.5548907891322	3.4747454867601645e-5
3.875e-5	0.9980883037437901	0.9983984584594587	3960.7068433145328	447.7100967839576	3.581735232998431e-5
4.0e-5	0.9980294740046363	0.9983491649063834	3952.999404312293	446.86826940747903	3.688199317322776e-5
4.25e-5	0.9979123149754694	0.9982509955935729	3937.6702351523286	445.1934586787375	3.8995704793592217e-5
4.5e-5	0.997795818838488	0.9981533796900431	3922.454545460446	443.5303622546795	4.108885421586484e-5
4.75e-5	0.9976799793346304	0.9980563119741056	3907.351312501053	441.8788822238782	4.316172396091379e-5
5.0e-5	0.9975647901138612	0.997959787148156	3892.359513140422	440.2389207834859	4.521459961224648e-5
5.25e-5	0.9974502448436402	0.9978637999291484	3877.478131225165	438.6103807857076	4.724776481566019e-5
5.5e-5	0.9973363372453328	0.9977683450789792	3862.706159970904	436.99316591628246	4.9261499692235115e-5
5.75e-5	0.9972230611050321	0.997673417413509	3848.0426026697655	435.3871807443159	5.125608031485191e-5
6.000000000000001e-5	0.9971104102773648	0.9975790118057429	3833.486472853419	433.7923307356198	5.323177861615797e-5
6.25e-5	0.9969983786854412	0.997485123185784	3819.036794260718	432.20852224779617	5.518886236484748e-5
6.500000000000001e-5	0.9968869603210408	0.9973917465409976	3804.6926007561324	430.6356625254561	5.7127595238251345e-5
6.75e-5	0.9967761492433717	0.9972988769149658	3790.4529362178296	429.0736596894657	5.9048236853371796e-5
7.000000000000001e-5	0.9966659395788654	0.9972065094073271	3776.3168544315495	427.5224227303157	6.0951042855304666e-5
7.25e-5	0.996556325519825	0.9971146391726406	3762.2834189724194	425.98186149694027	6.283626495327321e-5
7.500000000000001e-5	0.9964473013241942	0.9970232614202033	3748.3517030986554	424.45188669003284	6.470415100831129e-5
7.75e-5	0.9963388613142111	0.9969323714129192	3734.5207896351376	422.93240985103125	6.655494506876997e-5
8.0e-5	0.9962309998761896	0.9968419644671233	3720.789770869647	421.4233433555758	6.838888745548301e-5
8.5e-5	0.9960169834776278	0.996662575365518	3693.623348718866	418.43605770363564	7.200746001644264e-5
9.0e-5	0.9958052134452112	0.9964850618398059	3666.8457032158317	415.4893712970764	7.556150356760876e-5
9.5e-5	0.9955956487437084	0.9963093896518437	3640.4500156910804	412.58262092151864	7.905274027017615e-5
0.0001	0.9953882481805243	0.9961355244319091	3614.429532631969	409.7151500776631	8.248288626380933e-5
0.000105	0.9951829711138929	0.9959634322694126	3588.777613166483	406.886312585054	8.585362097558391e-5
0.00011	0.9949797776868196	0.9957930799081944	3563.4877430213824	404.0954736563963	8.916657835794043e-5
0.000115	0.9947786288799173	0.9956244347905018	3538.5535370520756	401.3420100502164	9.242334454128026e-5
0.00012000000000000002	0.9945794865265402	0.9954574650697426	3513.968738259606	398.6253100049719	9.562545849249676e-5
0.000125	0.994382313293231	0.9952921395940799	3489.7272154368256	395.9447730214441	9.877441279245815e-5
0.00013000000000000002	0.9941870726711453	0.9951284278994	3465.822960652359	393.29980967952775	0.00010187165525371342
0.000135	0.9939937289493805	0.9949663001869701	3442.250086476881	390.6898413896882	0.00010491858998484069
0.00014000000000000001	0.9938022472044992	0.9948057273148173	3419.0028234167235	388.11430020484244	0.00010791657901977875
0.000145	0.9936125932740039	0.9946466807755091	3396.0755172098734	385.57262857784764	0.00011086694335348134
0.00015000000000000001	0.9934247337463624	0.9944891326879518	3373.4626263676987	383.0642791804785	0.00011377096448196611
0.000155	0.9932386359354041	0.9943330557759334	3351.158719589042	380.58871467058356	0.00011662988537777608
0.00016	0.9930542678710715	0.9941784233605305	3329.158473421723	378.14540751911	0.00011944491193488917
0.00017	0.9926905583482318	0.9938733563020423	3286.045549825559	373.3532867127539	0.00012494932589739464
0.00018	0.9923333911105273	0.9935737528631579	3244.085308528922	368.68404441129496	0.00013029208022970185
0.00019	0.991982543593011	0.9932794273006681	3203.2394465881025	364.1338454041875	0.00013548124476331624
0.0002	0.9916377968645733	0.9929901969013016	3163.4707336739466	359.69895818718993	0.00014052464150158484
0.00021	0.9912989392518313	0.9927058850040382	3124.743238313663	355.37577290940936	0.00014542970962147446
0.00022	0.9909657674318548	0.9924263219135593	3087.0223656388985	351.16080440238613	0.00015020348177946806
0.00023	0.9906380863778035	0.9921513448536852	3050.2748295639026	347.0506894250611	0.00015485258945168996
0.00024000000000000003	0.9903157092370996	0.9918807978674141	3014.4686087976497	343.0421830935426	0.00015938328401069823
0.00025	0.9899984568984529	0.9916145314545076	2979.572895293736	339.13215423902864	0.00016380145566705705
0.00026000000000000003	0.9896861577622472	0.9913524023815122	2945.558045643118	335.31758144221726	0.00016811265675935818
0.00027	0.9893786472984474	0.9910942733117627	2912.3955311469686	331.5955485318414	0.00017232212010023846
0.00028000000000000003	0.9890757678312113	0.9908400126271873	2880.05789271126	327.9632408740158	0.00017643477995649362
0.00029	0.98877736812639	0.9905894940830211	2848.5186949489184	324.41794120333867	0.00018045528844239255
0.00030000000000000003	0.9884833032013838	0.9903425966505948	2817.752485086863	320.9570262118641	0.0001843880339793387
0.00031	0.988193433943855	0.9900992041981135	2787.73475099906	317.57796270645287	0.0001882371558154154
0.00032	0.9879076269455922	0.9898592053534012	2758.4418838325055	314.27830447826915	0.00019200656021000557
0.00034	0.9873475520973014	0.9893888478392879	2701.930264526533	307.9068947497303	0.00019932456244107087
0.00036	0.9868022272846374	0.9889308132796697	2648.0538517172895	301.8255905150712	0.00020636585547162653
0.00038	0.9862707995080083	0.9884843894733195	2596.6552586091993	296.01786333398854	0.00021315360219037325
0.0004	0.9857524597391651	0.9880489009187348	2547.586514313604	290.46812550881486	0.00021970914542020084
0.00042	0.9852464527716797	0.9876237170200566	2500.7094176115374	285.1617600437876	0.00022605177842798161
0.00044	0.9847520789617037	0.9872082535575102	2455.8951719744387	280.085087317281	0.00023219883757738405
0.00046	0.9842686899636538	0.9868019691155289	2413.0237659880963	275.22530591516187	0.00023816587125142228
0.00048000000000000007	0.9837956861649798	0.9864043629584132	2371.9833587316916	270.57043659435817	0.0002439668279137508
0.0005	0.9833325116012769	0.9860149707742895	2332.6696543471	266.1092625713404	0.0002496142308190273
0.0005200000000000001	0.9828786514953888	0.9856333626363035	2294.985353206375	261.8312788501418	0.00025511933578331933
0.00054	0.9824336277463362	0.9852591392259159	2258.8396124215947	257.72664013186625	0.00026049227462676574
0.0005600000000000001	0.9819969969653994	0.9848919302074373	2224.147581558653	253.7861173136123	0.000265742177156873
0.00058	0.9815683465881834	0.9845313909718357	2190.829944676185	250.00105272071144	0.0002708772861602066
0.0006000000000000001	0.9811472933589466	0.9841772013841387	2158.8125294914353	246.36332294471998	0.00027590505023196264
0.00062	0.9807334799800408	0.9838290629762078	2128.0259185144996	242.86530037705705	0.0002808322161874497
0.00064	0.9803265739629037	0.9834866979990887	2098.405119649203	239.4998214377635	0.00028566489915150264
0.00068	0.9795320109611971	0.9828180579272162	2042.3975649407255	233.13747424101965	0.00029507167878552805
0.00072	0.9787615906259123	0.9821695986284369	1990.368237715019	227.22932046763384	0.00030416076826071626
0.00076	0.9780134099047649	0.9815397300282219	1941.932794620303	221.73242600780347	0.0003129637592426543
0.0008	0.9772857574724391	0.980927022280823	1896.747849308889	216.60828216463312	0.0003215077951599698
0.00084	0.9765771045574451	0.9803301979688674	1854.5082249893517	211.82251991945014	0.00032981609589953633
0.00088	0.9758860991024433	0.979748127341477	1814.9430447143366	207.3445070606979	0.0003379084239928514
0.00092	0.9752115345922477	0.9791798021749163	1777.8114781617617	203.14690369334454	0.0003458017995508129
0.0009600000000000001	0.9745523400160329	0.9786243274947015	1742.899159168118	199.20528671558924	0.0003535108603744433
0.001	0.9739075531906793	0.9780808992022648	1710.0147822237334	195.4977896496655	0.000361048403101373
0.0010400000000000001	0.9732763143264952	0.9775487987924631	1678.9873837704092	192.00481255055126	0.00036842558076135613
0.00108	0.9726578450354871	0.9770273757368536	1649.6637639838216	188.70874570027863	0.00037565229627640567
0.0011200000000000001	0.972051445017834	0.9765160447955781	1621.9064602760652	185.59374957435602	0.0003827372912628723
0.00116	0.9714564755132095	0.9760142721195257	1595.5917947498103	182.64554325038225	0.0003896884393614972
0.0012000000000000001	0.9708723580958292	0.9755215743135367	1570.608358379157	179.85123712490952	0.0003965127700223023
0.00124	0.9702985614472353	0.9750375073202281	1546.855521717866	177.1991700221949	0.0004032166947593678
0.00128	0.969734601503745	0.9745616666047254	1524.2422938819311	174.67878136441354	0.00040980599360513004
0.00136	0.968634359718253	0.9736331339157704	1482.084551744103	169.992216629377	0.00042265815208871756
0.00144	0.9675685763147533	0.9727334211865901	1443.589660584898	165.72815328148516	0.00043510946191891705
0.00152	0.9665345234536193	0.9718602483034602	1408.2877454149543	161.83187272812856	0.00044719326756689586
0.0016	0.9655298434915996	0.9710116451045493	1375.781390414406	158.25702268338588	0.000458937236493488
0.00168	0.9645524456771553	0.9701858642861418	1345.7346097415877	154.96439766501902	0.00047036578483609877
0.00176	0.9636005108833622	0.9693813858426804	1317.8630314835418	151.92080130436625	0.0004814999212521699
0.00184	0.9626724057897595	0.9685968448308688	1291.9243444841602	149.09796236203712	0.0004923586920473484
0.0019200000000000003	0.9617666912635776	0.96783103881219	1267.7113863123072	146.47171918847098	0.0005029587731805069
0.002	0.9608820587046321	0.967082874241134	1245.0457308714374	144.02128741497305	0.0005133155025437844
0.0020800000000000003	0.9600173419815204	0.966351376809836	1223.7732275044882	141.7287264079487	0.0005234424557813959
0.00216	0.9591714696893263	0.965635651204992	1203.7597499091903	139.57845287451096	0.0005333522385078643
0.0022400000000000002	0.9583434781041192	0.9649348922450421	1184.8883008712162	137.55689054673334	0.0005430561003158021
0.00232	0.9575324744479896	0.9642483538911937	1167.056140396787	135.6521419046278	0.000552564562202297
0.0024000000000000002	0.9567376494281026	0.9635753599900545	1150.1728706744689	133.85375412453234	0.0005618870785919051
0.00248	0.9559582483211116	0.9629152798638336	1134.1584520918375	132.15249296700108	0.0005710325430499094
0.00256	0.9551935824940312	0.9622675381635085	1118.9419113049787	130.54018344944214	0.0005800089962172852
0.00272	0.9537063267065111	0.9610072940872724	1090.6393420823895	127.55170918243354	0.0005974715523025855
0.00288	0.9522709438819463	0.9597904984687332	1064.852591772764	124.84157160886465	0.0006143420298906923
0.00304	0.9508832722323731	0.9586136720799816	1041.2363310868047	122.37049094511316	0.0006306708718816005
0.0032	0.949539808936464	0.9574738880572652	1019.5054714905373	120.10604772628741	0.0006464979487313282
0.00336	0.9482374243712997	0.956368530617536	999.4230505022573	118.0214005279119	0.000661859037444438
0.00352	0.9469733941952398	0.955295323355633	980.791629033904	116.0942655377805	0.0006767849626282283
0.00368	0.9457452381663561	0.9542521930478018	963.4447829759464	114.30595331288404	0.0006913042937332052
0.0038400000000000005	0.9445507656614478	0.9532373089963302	947.2417478439784	112.64071581432266	0.0007054420150175635
0.004	0.9433879638380112	0.9522489884269109	932.0621279751439	111.08514829371528	0.0007192213848227354
0.0041600000000000005	0.9422550373520285	0.9512857307308731	917.8026766781744	109.62779580144377	0.0007326628916443171
0.00432	0.9411503253275451	0.9503461471621547	904.3739514448446	108.25877941566155	0.0007457856872398047
0.0044800000000000005	0.9400723342407689	0.9494289891668279	891.6983304709294	106.96955394121954	0.000758606774030059
0.00464	0.939019674535587	0.9485330946657946	879.7078284729105	105.75266663410397	0.0007711421210909376
0.0048000000000000004	0.9379910878167491	0.9476574114748332	868.342837107674	104.6016032109897	0.0007834060116754868
0.00496	0.9369853975342828	0.9468009554739932	857.5506528493551	103.51062692672632	0.0007954119209919121
0.00512	0.9360015315900169	0.9459628300759965	847.2846539421319	102.47467778993322	0.0008071719830860446
0.00544	0.9340967993429864	0.9443395137795312	828.170577528743	100.54963778561437	0.0008299677958654514
0.00576	0.9322682455331714	0.9427802200810141	810.7171854286405	98.79703581084071	0.0008519112158813886
0.00608	0.9305092758086789	0.9412794271420306	794.6963927443903	97.19256080124268	0.0008730776113853934
0.0064	0.9288145204945457	0.9398326414744858	779.9221465744442	95.71631094202934	0.0008935246122241279
0.00672	0.9271792042268283	0.9384358647843173	766.2398820519587	94.35184611924204	0.0009133047533746533
0.00704	0.9255991628835977	0.9370856113656018	753.5207201966487	93.08554211148291	0.0009324638261464296
0.00736	0.9240706017807999	0.9357787026931418	741.6557882809208	91.9059657864537	0.0009510444216944549
0.007680000000000001	0.9225901694488511	0.9345123319955366	730.5529096331937	90.80348504450714	0.0009690837520650631
0.008	0.9211547937016944	0.9332839247632744	720.1330959007569	89.76988852925362	0.0009866163466574441
0.008320000000000001	0.9197617394191105	0.9320911893280819	710.32853934323	88.79815509938653	0.0010036725545631915
0.00864	0.9184084855579807	0.9309320120919448	701.0803876636487	87.88221737759864	0.0010202806531802824
0.008960000000000001	0.9170927703299999	0.9298044970980576	692.3375052815549	87.01682166231933	0.0010364657056662586
0.00928	0.9158124977498002	0.9287068863225997	684.0550221981827	86.19737542096335	0.0010522511812800465
0.009600000000000001	0.9145657742070755	0.9276375917047107	676.1935476519831	85.41985919188083	0.001067658042330255
0.00992	0.9133508364171886	0.9265951336150036	668.7181928376932	84.6807246897284	0.0010827060062604647
0.01024	0.912166081486397	0.9255781671833617	661.5980562023491	83.97683764909401	0.0010974128043909311
0.01088	0.9098849447203061	0.9236189150669691	648.3346061993983	82.66488724280455	0.0011258025122924192
0.01152	0.907707624228064	0.9217474323480412	636.1927884336792	81.4641385241873	0.0011530267811207036
0.01216	0.9056243790327473	0.9199555282543228	625.019407981293	80.35915994298685	0.0011791907057901172
0.0128	0.9036275292428604	0.9182367498669044	614.691796201831	79.3375220219196	0.0012043742134919596
0.01344	0.9017102515075358	0.916585359292033	605.1076540845627	78.38894672811209	0.0012286516648092058
0.01408	0.8998665706053242	0.914996332362128	596.1811630568086	77.50487918353014	0.001252088465923209
0.01472	0.8980910586363358	0.9134651007787589	587.8395037780949	76.67809670101758	0.001274745136373976
0.015360000000000002	0.8963789309595513	0.9119876378408108	580.0207927575877	75.90248441201602	0.0012966744874897123
0.016	0.8947258298613335	0.9105602728132774	572.6718507387006	75.1728005817004	0.0013179252185507608
0.016640000000000002	0.8931278884883349	0.9091797485899529	565.7468927976197	74.48454373844729	0.001338540099365465
0.01728	0.8915815660132737	0.9078430800856458	559.2060921728701	73.83380455095572	0.0013585587621418637
0.017920000000000002	0.8900836962657266	0.9065475981780994	553.0147572060255	73.21718459140094	0.0013780163090207733
0.01856	0.8886313635226468	0.9052908428130266	547.142390492766	72.63169954729499	0.001396945439170679
0.019200000000000002	0.8872219421126931	0.9040705987377288	541.5621592875785	72.07472801773426	0.001415375335434744
0.01984	0.8858530015975905	0.9028848137519623	536.2502597412492	71.5439460857601	0.0014333333123803132
0.02048	0.8845223395465033	0.9017316282372764	531.1855659807908	71.03729408756573	0.0014508439126945053
0.02176	0.8819751144375324	0.8995225055541229	521.754177872348	70.09141972292461	0.00148449449429144
0.02304	0.879557074137174	0.8974235624001515	513.1002178175058	69.22196027087239	0.00151664388453018
0.02432	0.8772553366894187	0.8954238860987168	505.1193643822915	68.41853207433245	0.0015474274013458182
0.0256	0.8750599767519333	0.8935150763599109	497.72925496090784	67.67296046906421	0.0015769498670103472
0.02688	0.8729621127539297	0.891689608192567	490.86038699252975	66.97843256263477	0.0016053107342154911
0.02816	0.8709539256750627	0.889940856493224	484.4538608395137	66.32921638224408	0.00163259796186575
0.02944	0.8690283459482997	0.888262823658775	478.4594276410676	65.7204260237888	0.0016588924050533228
0.030720000000000004	0.8671791602557463	0.8866502379510464	472.8341840417323	65.1478955532597	0.0016842645815791457
0.032	0.8654007506286213	0.8850983271281098	467.54116038372695	64.60803107742102	0.0017087791163511723
0.033280000000000004	0.8636881500860496	0.8836028715572888	462.5484270446973	64.09773099166733	0.001732492740029358
0.03456	0.8620368419268586	0.8821600298464215	457.8281592650626	63.614288510544235	0.0017554577160045729
0.035840000000000004	0.8604428013950364	0.8807663787252952	453.3560602055256	63.15534140398216	0.0017777203087720418
0.03712	0.8589023460010109	0.87941878269996	449.1107414963725	62.71880683154823	0.0017993233800535097
0.038400000000000004	0.8574121704919809	0.8781144272776741	445.07334656871984	62.30284929858528	0.001820305160080039
0.03968	0.8559692337782552	0.8768507202612669	441.22712920351216	61.905835881001146	0.0018407012481774974
0.04096	0.8545707886097895	0.8756253197682237	437.5572013170169	61.52631532576005	0.0018605436124030155
0.04352	0.8519088860466614	0.8732908565311902	430.72794586984594	60.817569286515074	0.0018985010396411388
0.04608	0.8493939319481407	0.8710831478638402	424.4484869458707	60.16403071204091	0.0019346361427449586
0.04864	0.8470108969881641	0.86898932587883	418.64759127552924	59.55841750919638	0.001969109154484303
0.0512	0.8447481907027359	0.8669994795962342	413.2687185075027	58.99507846696082	0.0020020502310876785
0.05376	0.8425952670075998	0.8651045793036656	408.263250045162	58.46921872546928	0.00203358510440687
0.05632	0.8405427944145791	0.8632966334454184	403.5895850790763	57.97675063031244	0.002063825259357863
0.05888	0.8385823823207447	0.8615684452252452	399.21209098725194	57.51416084522235	0.002092872506886762
0.06144000000000001	0.8367066808600438	0.8599137089404376	395.1002473760727	57.07843869997337	0.002120815590069779
0.064	0.83490908993488	0.8583267541532141	391.227711583767	56.66697610944423	0.0021477353645606863
0.06656000000000001	0.8331837941448814	0.8568025835785004	387.5716883439781	56.277515533189195	0.0021737027642290897
0.06912	0.8315255392254444	0.8553366761879354	384.11229308856133	55.90808081987901	0.002198782770174091
0.07168000000000001	0.8299296580457517	0.8539250154555702	380.83213667815045	55.55694338060164	0.002223032865715921
0.07424	0.8283919058160041	0.8525639437858687	377.71589994593376	55.22257518572544	0.0022465060233948448
0.07680000000000001	0.8269084839382366	0.8512501875550454	374.7500607867766	54.90362709144922	0.002269249458716606
0.07936	0.8254759168582414	0.8499807480076026	371.9226030986034	54.59889619085643	0.002291306916585984
0.08192	0.8240910736004828	0.84875292333434	369.2228331416948	54.30731166604483	0.002312717652916118
0.08704	0.8214681903214303	0.8464254305385194	364.2010888426691	53.76289407430724	0.002353497556456355
0.09216	0.8189994514951839	0.8442326304231966	359.57365325764573	53.25962679346625	0.002392190161109077
0.09728	0.8166692593328213	0.842160993949688	355.2920920592853	52.79234809164108	0.0024289715116937558
0.1024	0.8144651487241631	0.8401997281632569	351.3167916405026	52.357007362267716	0.002463995914547395
0.10752	0.8123755507179045	0.8383388005210086	347.6129980333037	51.95007574085532	0.0024974140098889095
0.11264	0.8103902119771861	0.8365693156866079	344.1507760645813	51.568510114631096	0.002529359232809968
0.11776	0.8084999791678197	0.834883318870428	340.90442608664733	51.20968167759793	0.0025599525286295406
0.12288000000000002	0.8066968632903208	0.8332738647480185	337.8518943864775	50.871331570195096	0.0025892992061054805
0.128	0.804973738461773	0.8317347488132311	334.97412545126264	50.55149831704099	0.0026174946125109852
0.13312000000000002	0.8033243457660575	0.8302605199765437	332.25460905651806	50.248480993672786	0.0026446223094512226
0.13824	0.8017430650812702	0.8288462765667245	329.67893209060725	49.96078788579889	0.00267075838564407
0.14336000000000002	0.8002249183048946	0.8274876759084187	327.23447656945643	49.68711213581675	0.0026959700887228366
0.14848	0.7987654034930967	0.8261807855097328	324.91011918615766	49.42629664307025	0.0027203190395103907
0.15360000000000001	0.79736050232675	0.8249220946789246	322.6960323960777	49.1773184418153	0.002743860114193984
0.15872	0.7960065575930814	0.8237084042344432	320.5834781524852	48.939264180051	0.002766643884000986
0.16384	0.7947002824785087	0.8225368385525738	318.5646736378351	48.7113198938409	0.002788715694288337
0.17408	0.7922357884802342	0.8203246957203417	314.80922460440036	48.28582686135329	0.002830597234906287
0.18432	0.7899221004753838	0.8182460934575714	311.3406420040423	47.89165531169851	0.0028702221521548156
0.19456	0.7877445604727882	0.8162881403640964	308.12598708361753	47.52514395460865	0.0029077715766702883
0.2048	0.7856906194726704	0.8144398234959886	305.1369273112873	47.183290354199414	0.0029434197652103366
0.21504	0.7837484616036465	0.812690754121343	302.3481712820392	46.8634081371732	0.002977336957477643
0.22528	0.7819076411251817	0.8110317428292642	299.73784791649985	46.5631657467362	0.0030096734397107453
0.23552	0.7801589077192305	0.8094546373564804	297.2871557886028	46.2805458918545	0.0030405643209424856
0.24576000000000003	0.7784942136018308	0.8079523426459048	294.9799380093709	46.01381284882412	0.003070127085160018
0.256	0.7769064250212953	0.806518559843457	292.80222000143914	45.76145767930662	0.0030984673943105926
0.26624000000000003	0.7753892919183708	0.8051477689252738	290.74187970035695	45.52217027389932	0.003125677742636209
0.27648	0.7739372334179802	0.8038350340358669	288.7883259655839	45.294800586123536	0.0031518418306246787
0.28672000000000003	0.7725453165857902	0.8025759914813274	286.9322768338624	45.07833996249399	0.0031770335658316646
0.29696	0.7712091028455073	0.8013667098141148	285.1655437440156	44.87189463552978	0.003201320283629392
0.30720000000000003	0.7699246378926892	0.8002036859500378	283.48088523959166	44.67467370651668	0.003224761900507437
0.31744	0.7686883394340019	0.7990837425406409	281.8718583359489	44.48597056930721	0.0032474133373629967
0.32768	0.7674969933748359	0.7980040284371086	280.3327194882727	44.30515499287411	0.003269323804816397
0.34816	0.7652548657487517	0.7959705361929447	277.46761983515046	43.96759038566426	0.0033107833903008995
0.36864	0.7631525390148676	0.794062386332745	274.81476076575285	43.65421782276491	0.0033499302234478684
0.38912	0.7611772188049593	0.7922681787682959	272.35156009234623	43.36243676317053	0.003386940648329939
0.4096	0.7593169159243208	0.7905772527623798	270.0572939484166	43.08995614027388	0.0034220014255860486
0.43008	0.7575602852305962	0.7889794986765052	267.9132278129495	42.83468747794681	0.003455293763763229
0.45056	0.7558973441097362	0.7874660153611657	265.9031287723303	42.59481520084333	0.0034869769862806246
0.47104	0.7543193145266608	0.7860289628129553	264.01302917452693	42.36876877317454	0.003517193216486143
0.49152000000000007	0.7528185757103752	0.7846615325819498	262.230909390518	42.15519549640915	0.0035460658868432474
0.512	0.7513884061459821	0.7833577112550022	260.5463618354133	41.95291879481455	0.0035737053117692787
0.5324800000000001	0.7500229261708778	0.7821122375325776	258.95034776304436	41.76091609356654	0.0036002079647983504
0.55296	0.7487169087700117	0.7809204282343132	257.4349626759139	41.57828939844155	0.0036256606508934153
0.5734400000000001	0.7474657393112226	0.7797781482396624	255.99327137930516	41.40425036007147	0.003650139967277553
0.59392	0.7462652819863593	0.7786816871784855	254.61915052807154	41.238100196955294	0.0036737153372584847
0.6144000000000001	0.7451118560253018	0.7776277425484399	253.3071796111594	41.079220035794684	0.0036964485004060627
0.63488	0.7440021388217645	0.7766133299674061	252.0525320990656	40.92705681201856	0.0037183957779299884
0.65536	0.7429331518806236	0.7756357739250671	250.85090146595113	40.78111686259757	0.003739607612176964
0.69632	0.740923195375523	0.7737966176178366	248.6110133243569	40.50843181249462	0.003779684384598216
0.73728	0.7390383344166988	0.7720708282699102	246.5312439508358	40.25468107997124	0.0038174927265322424
0.77824	0.7372678862035473	0.7704487818728635	244.595857970173	40.01800237930809	0.003853197203408208
0.8192	0.7356008357733994	0.7689205670899155	242.78934216172848	39.79660785918597	0.0038869881893767366
0.86016	0.7340267876784313	0.7674768088531922	241.09756403867044	39.58885321284181	0.0039190484985677015
0.90112	0.7325366342393194	0.7661092889789107	239.50826629902997	39.393309623395226	0.003949538310337486
0.94208	0.7311224061449992	0.7648108063936571	238.01089161503361	39.20874145812577	0.003978599589208276
0.9830400000000001	0.7297771909062253	0.7635751137472766	236.59634162945352	39.03408321960853	0.004006355527611023
1.024	0.7284949125745878	0.7623967132042648	235.25672895764689	38.86840776185943	0.004032915654046339
1.0649600000000001	0.7272702584814069	0.7612707970577997	233.98518737391237	38.71090823798121	0.004058375714134942
1.10592	0.7260985214494706	0.7601931008618215	232.7757262129525	38.560876282801196	0.004082821437374203
1.1468800000000001	0.7249755469507662	0.7591598605846739	231.62306639924702	38.41768922610571	0.00410632845241059
1.18784	0.7238976210746167	0.7581677080395086	230.52254655277306	38.28079492578103	0.004128965024395937
1.2288000000000001	0.7228614394418416	0.7572136463079269	229.47003602915396	38.149703932470324	0.004150791849210453
1.26976	0.7218640262565197	0.7562949739602072	228.46185363219197	38.02397872168623	0.004171864087002311
1.31072	0.7209027144411698	0.7554092697717961	227.49471149443065	37.90322842555914	0.004192231132801325
1.39264	0.7190940559962747	0.7537420216048211	225.6878661623192	37.677195481864	0.004230712626655754
1.47456	0.717395370950197	0.7521753171278664	224.00455974245673	37.466218295092496	0.004267036929166624
1.55648	0.7157979110343096	0.7507012057815735	222.433579793873	37.2689403807401	0.004301353177962054
1.6384	0.714291817562862	0.7493107260313554	220.9630408982864	37.08394132174884	0.004333847527727072
1.72032	0.7128678390948371	0.7479954505272404	219.58207146384566	36.90991168284438	0.004364696930948445
1.80224	0.7115178903078686	0.7467480115646631	218.28123450710024	36.74571400323857	0.0043940560742406955
1.88416	0.7102349154408066	0.745561972376091	217.05239181066264	36.590364297544994	0.004422061417139291
1.9660800000000003	0.70901279386229	0.7444317487761194	215.88851868084362	36.44301286805505	0.004448831337751067
2.048	0.7078461558634644	0.7433524368485835	214.78351745102879	36.3029198801931	0.004474470696921425
2.1299200000000003	0.7067303065953283	0.7423197488239649	213.73207859904696	36.16944089005793	0.004499071132104679
2.21184	0.7056610915336508	0.7413298869690235	212.72954861582343	36.042009452378814	0.004522714456681899
2.2937600000000002	0.7046348433207591	0.7403794988331214	211.77183438298596	35.920127186471596	0.004545472841983721
2.37568	0.7036482884743398	0.7394655894874933	210.8553144798105	35.803351956650204	0.00456741124414209
2.4576000000000002	0.7026985137225469	0.7385854935952078	209.9767758117996	35.69129140093398	0.004588587420334998
2.53952	0.7017828986714024	0.7377368118703058	209.1333517677545	35.58359458193135	0.004609053728260117
2.62144	0.7008990927268962	0.7369173921885132	208.32247260113235	35.47994742454802	0.004628857079117475
2.78528	0.6992323224076776	0.735371384496423	206.80239730192113	35.28532269740755	0.004666342709122227
2.94912	0.6976620011990314	0.7339141781970153	205.38020043842747	35.102923257319375	0.004701810673282607
3.11296	0.6961809916384966	0.7325392413073609	204.0476877745155	34.931737592157454	0.0047353936247933924
3.2768	0.694780585614543	0.7312385917365384	202.79552518406894	34.7706171897816	0.0047672683786978915
3.44064	0.6934526486535236	0.7300047600226552	201.6151585845059	34.618503287028574	0.004797601765890787
3.60448	0.6921900750603023	0.7288312204248417	200.49915406115682	34.47447561283467	0.0048265394788764735
3.76832	0.6909866690272323	0.7277122776616064	199.4410906550633	34.33773723235668	0.004854209708587906
3.9321600000000005	0.6898370517710816	0.7266429874520257	198.4354162166834	34.20759883546665	0.004880723678111805
4.096	0.6887365070043245	0.725619010891148	197.47730368039032	34.083459581421835	0.004906179716192971
4.2598400000000005	0.687680908534621	0.7246365520628016	196.5625433949727	33.96479535980255	0.0049306637668877235
4.42368	0.6866666064905034	0.723692250646723	195.68744027140028	33.85114500629689	0.004954252437872613
4.5875200000000005	0.6856903767952697	0.7227831384813331	194.84873930692316	33.74210221354824	0.004977013325471064
4.75136	0.6847493424399532	0.7219065649923619	194.04355646747504	33.63730615734885	0.0049990071868091564
4.9152000000000005	0.6838409396246528	0.7210601683972394	193.2693236363889	33.53643596174284	0.005020288085741628
5.07904	0.6829628660342694	0.7202418261726596	192.52376125425306	33.43920490401501	0.005040904926842328
5.24288	0.6821130549199727	0.7194496332418107	191.8048162500689	33.34535597061829	0.005060901535141889
5.57056	0.6805034248853492	0.7179485650845536	190.45043854583236	33.16829121289521	0.005098904834916652
5.89824	0.6789793097924769	0.7165266653600048	189.17619986564395	33.001436694940224	0.005135025939835629
6.22592	0.6775348630801987	0.7151785534812993	187.97592105173806	32.84401716898533	0.005169381447838375
6.5536	0.6761623932488336	0.7138971324038571	186.8420679833471	32.69508388096311	0.0052021368312505645
6.88128	0.6748547248775489	0.7126757719636527	185.7677222638643	32.55376176239284	0.005233447736615573
7.20896	0.6736055836667326	0.711508674765173	184.74686117283605	32.419289023298944	0.005263450102768469
7.53664	0.6724094948075299	0.7103907781914937	183.77427173585488	32.291004754083886	0.0052922634878392796
7.864320000000001	0.6712616998212884	0.7093176823730384	182.84543734795054	32.168336234114925	0.005319991664555818
8.192	0.6701580212634182	0.7082855219007641	181.95641804394663	32.05078307668815	0.005346726400844145
8.519680000000001	0.6690948052715594	0.7072909160285951	181.10378491806145	31.93790874034628	0.005372547853083952
8.84736	0.6680688151292125	0.7063308680138847	180.2845114797324	31.829328076312077	0.005397527509549361
9.175040000000001	0.66707718883046	0.7054027283706404	179.4959294424547	31.724701227777317	0.005421728466319388
9.50272	0.6661173703541243	0.7045041292877792	178.73567021841401	31.62372588372414	0.005445207455155824
9.830400000000001	0.6651870816932804	0.7036329608156394	178.00162610820942	31.52613306163292	0.005468014933602551
10.15808	0.6642842722306874	0.7027873224005635	177.29191049352073	31.431681521643235	0.005490196618174993
10.48576	0.6634071011297974	0.7019655082124802	176.60483178629346	31.340155005350663	0.0055117934565421045
11.14112	0.6617348200125822	0.7003981883278376	175.3019448616759	31.16633677084985	0.005553101731615001
11.79648	0.6601400896416385	0.6989029542101327	174.06748596919272	31.00137259207277	0.005592638681653525
12.45184	0.6586180970143313	0.6974753575422193	172.89663099128174	30.844650676117084	0.005630505673035934
13.1072	0.6571619693037568	0.696109024578495	171.78310327533836	30.695365471680386	0.00566685729258731
13.76256	0.6557652727353221	0.6947979817312303	170.72110838260488	30.552771500678507	0.0057018393646614185
14.41792	0.6544223713218962	0.6935369969742026	169.7055932866925	30.416218430004562	0.005735579315878015
15.07328	0.6531283365839593	0.6923214916050056	168.73217208752024	30.28514047744093	0.0057681894454752365
15.728640000000002	0.6518788774818521	0.6911474799987758	167.7970319176333	30.159046132541064	0.00579976725267215
16.384	0.6506702268218933	0.6900114603274914	166.89685440294352	30.037505791261253	0.005830399009346285
17.039360000000002	0.649499080124768	0.6889103617993003	166.02872492948487	29.920143091017398	0.005860160131168343
17.69472	0.6483625056706326	0.6878414580711371	165.19007505457202	29.80662540744444	0.005889118017739781
18.350080000000002	0.6472579100568919	0.6868023380614926	164.3786347081219	29.69665886063355	0.005917332092747242
19.00544	0.6461829720351733	0.6857908422186544	163.59238316392992	29.589981321610125	0.0059448559255869116
19.660800000000002	0.6451356195464916	0.6848050434853519	162.8295147155513	29.486358982603477	0.00597173714710861
20.31616	0.644113988732854	0.6838432070480237	162.08842128257976	29.38558230009165	0.005998018940135502
20.97152	0.6431164030898043	0.6829037731680941	161.36764881633783	29.287462807327923	0.00602373996722842
22.28224	0.6411987254066717	0.6810971724116301	159.990244286555	29.099643799169687	0.006073359313244206
23.59296	0.6393538303945878	0.6793583703237819	158.67474920582015	28.91991746770741	0.006121285925672945
24.90368	0.637577812843328	0.6776837481709537	157.4173026878117	28.747790915518248	0.0061676052155837475
26.2144	0.6358644068151934	0.6760674749614631	156.21245328200115	28.58255554700897	0.006212462520132242
27.52512	0.6342076939177211	0.6745040361002923	155.05513941633177	28.423551349048598	0.006255996444077734
28.83584	0.6326024804760652	0.6729885941594735	153.94093373702157	28.270201218543544	0.006298327999161165
30.14656	0.631044212696336	0.6715169037296721	152.86598929833318	28.12200166306586	0.006339564319835089
31.457280000000004	0.6295289250674223	0.6700852697883467	151.8269506207066	27.978514594400597	0.006379798135346022
32.768	0.6280531136897509	0.6686904246399158	150.8208712736052	27.83935443528985	0.0064191121356425174
34.078720000000004	0.6266137178970234	0.6673295153208254	149.84518117943298	27.704184428620074	0.006457578116950964
35.38944	0.625208006443389	0.6659999939132129	148.8975935673967	27.572705024527	0.006495260720029315
36.700160000000004	0.6238335664587833	0.6646996108557871	147.97608702200375	27.44465151646104	0.006532216649059932
38.01088	0.6224882255047725	0.6634263390266175	147.07884967960467	27.319786347119514	0.0065684974385021655
39.321600000000004	0.6211700571924466	0.6621783819165467	146.20427729172	27.197898709653213	0.006604148465392549
40.63232	0.6198773106095337	0.6609541053778335	145.35091333188416	27.078797539392642	0.006639211351761344
41.94304	0.6186084174941391	0.659752046791004	144.5174514998271	26.962311514854417	0.006673723066406316
44.56448	0.6161483347957007	0.6574204145730544	142.91342824655868	26.737653656784605	0.006740926726583562
47.18592	0.6137607530583122	0.655156230603104	141.37106789432661	26.521074804686613	0.006806477556594666
49.80736	0.6114427980261798	0.6529568362077351	139.887244948042	26.312179456751345	0.006870438878951868
52.4288	0.6091886481984755	0.6508168083916144	138.45697172163693	26.11031653144994	0.0069329470495727175
55.05024	0.6069926843071759	0.648730901908188	137.07555972216147	25.914870542137315	0.006994136038051786
57.67168	0.6048499953113892	0.6466945369723922	135.73891760166603	25.72530435976339	0.007054121517747396
60.29312	0.6027562167038489	0.6447036381242737	134.44343410856968	25.54114316546279	0.0071130078466970365
62.91456000000001	0.6007075773779117	0.6427546883089429	133.18597830381705	25.361975525651502	0.00717088389874221
65.536	0.5987007040606197	0.6408445373640692	131.96376332450137	25.187434936501447	0.0072278304174781035
68.15744000000001	0.596732668913578	0.6389704549692908	130.77435805573933	25.01720184198819	0.007283916333216558
70.77888	0.5948008233132931	0.6371299677838634	129.61557235814746	24.850988332882675	0.007339205044258273
73.40032000000001	0.5929028517796442	0.6353209169309167	128.48548106755769	24.688541333897223	0.00739375096907704
76.02176	0.5910366390896331	0.6335413273008634	127.38233344171894	24.52963061824764	0.007447604726805597
78.64320000000001	0.5892003147521742	0.6317894555509901	126.3045656598726	24.374051374648708	0.007500810137406673
81.26464	0.5873921659461986	0.6300637023520013	125.25076218555101	24.22161682679098	0.0075534081903023504
83.88608	0.5856106667322779	0.6283626459753389	124.21964184166212	24.072159388853713	0.007605434523262909
89.12896	0.5821358877765745	0.6250425245405241	122.22898326459577	23.782726089727355	0.00770754034744597
94.37184	0.5787432917742708	0.6217983358647498	120.310676742511	23.502741943764764	0.007807949818676303
99.61472	0.5754315631751216	0.6186289082768452	118.46207897505995	23.231893166635903	0.007906686235327216
104.8576	0.572195083913377	0.615529034342722	116.67808987513087	22.96952249454118	0.008003875415664495
110.10048	0.5690281422172351	0.61249339267904	114.95380711277268	22.71498930726774	0.008099651930055235
115.34336	0.5659257842900909	0.6095173823338456	113.28492923780834	22.4677345708785	0.00819412805363147
120.58624	0.5628834800351755	0.6065967822356094	111.66759340503222	22.227252636590134	0.008287410637350591
125.82912000000002	0.5598973546945751	0.6037279961627536	110.09841928210393	21.99310497862032	0.008379586864566059
131.072	0.5569638388446982	0.6009076996646576	108.57435046998076	21.76489179032932	0.008470740664684204
136.31488000000002	0.5540798812820327	0.5981330637564417	107.09270384028443	21.542265163375106	0.008560939993037192
141.55776	0.5512426202955383	0.5954014249274486	105.65100938177427	21.32490292611473	0.008650251806163545
146.80064000000002	0.5484495978828343	0.5927105067403824	104.24708616754623	21.112522819560816	0.008738730235004358
152.04352	0.5456984885956694	0.590058146106119	102.87891650286139	20.904861434611956	0.008826429451564694
157.28640000000001	0.542987274794732	0.5874424767661984	101.54468975263902	20.7016854592782	0.008913393334894614
162.52928	0.5403140308811486	0.5848617087214404	100.2427261097226	20.502775596450014	0.008999666528456565
167.77216	0.5376770796177642	0.5823142924870848	98.97150610374369	20.30793647156991	0.009085285048819496
178.25792	0.5325249701173018	0.5773319762515968	96.52520057339933	19.93115307903343	0.009254178514662056
188.74368	0.5274870932909131	0.5724541398661763	94.17927735909646	19.56761648530631	0.00942118369043452
199.22944	0.522564611179789	0.5676820556366913	91.93072902630011	19.21701935482102	0.009586249080374058
209.7152	0.517751220648575	0.5630099831505327	89.77296736340912	18.878535030648095	0.009749492008006523
220.20096	0.5130398618790873	0.5584313926955374	87.69950629364314	18.551325396069455	0.009911070294115537
230.68672	0.5084246176862814	0.55394086278076	85.70468142054246	18.234668148445223	0.01007109987519378
241.17248	0.5038997003847617	0.5495330386581377	83.7832532291373	17.927883757949154	0.010229710568628245
251.65824000000003	0.49946035922949505	0.5452035747257137	81.93066448552183	17.630390948586623	0.01038699353283561
262.144	0.49510190275099847	0.5409481340784364	80.14266794692016	17.34163834007955	0.010543053412959977
272.62976000000003	0.49082048910448617	0.5367632105582782	78.4155504707243	17.06115245262048	0.010697961844851049
283.11552	0.4866122576700074	0.5326452390675795	76.74581038212827	16.788478670836692	0.010851804297470855
293.60128000000003	0.4824740417642336	0.5285913361843098	75.13036848872677	16.52322443011119	0.011004638096028618
304.08704	0.4784026229598275	0.5245985328687186	73.56630537540991	16.265009835235695	0.011156533976504334
314.57280000000003	0.47439534858022386	0.5206644193264716	72.05102582888233	16.013504469270497	0.011307538484996889
325.05856	0.47044949008819736	0.5167864809295692	70.58205713240318	15.768386101507962	0.0114577111599323
335.54432	0.46656280715969484	0.5129626872739019	69.15719868745826	15.529373983303	0.011607090023455198
356.51584	0.4589882708611646	0.5054984435625973	66.44289571130581	15.070407818698614	0.011902795707252237
377.48736	0.4516028892448458	0.49820640757721774	63.87272678194051	14.631456910552506	0.012196392195814183
398.45888	0.44441177402107085	0.491091962341091	61.44140919525219	14.212014908931781	0.012487687236600391
419.4304	0.43740594756866114	0.4841471899953602	59.138654793343434	13.810796100455619	0.012776781142460156
440.40192	0.4305743924367519	0.4773620014036419	56.95440081629282	13.42648160134201	0.013063903672420434
461.37344	0.4239084660251438	0.470728672383911	54.87999262756758	13.057963262187098	0.013349170681631627
482.34496	0.417399000576838	0.4642388027639731	52.90733495884679	12.704169873968699	0.013632774317498505
503.31648000000007	0.4110389202013303	0.45788608473928505	51.02945810999881	12.364203249240985	0.013914803765100191
524.288	0.4048206539531726	0.45166358825794706	49.23980323458187	12.037189027278384	0.014195416285792807
545.2595200000001	0.39873835483190384	0.445566118323658	47.532679027748	11.722389654742015	0.01447467980113427
566.23104	0.3927856849571699	0.4395878805380137	45.90269438055329	11.41908117313552	0.014752724409887926
587.2025600000001	0.386957737658638	0.433724529006075	44.345142703708746	11.126649176988733	0.01502960230260337
608.17408	0.38124912407978423	0.42797114235180167	42.8555290241477	10.84448576740311	0.015305422775901975
629.1456000000001	0.375655664320141	0.42232402909148914	41.42990930063363	10.572072384122084	0.015580226299797119
650.11712	0.3701727294446172	0.41677896625154054	40.064503698007684	10.30889320064768	0.015854105563511054
671.08864	0.36479670876096965	0.4113327732161393	38.75596674997898	10.054505419540035	0.016127092243539042
713.03168	0.3543997785493305	0.40077178943753633	36.309226714460266	9.572588061915592	0.01666920325550751
754.97472	0.3443493235471446	0.39053060885204816	34.04444572297827	9.119259263282112	0.017209369047196738
796.91776	0.3346552947480845	0.3806203822410961	31.951422702875018	8.693398979274379	0.01774715733816659
838.8608	0.32530160139883957	0.37102738164209004	30.014390375556836	8.292897791780176	0.018282577551410804
880.80384	0.31626809151850344	0.3617333124048629	28.218447914606944	7.915638734978112	0.018816007471412672
922.74688	0.3075395622068897	0.3527249472308152	26.550973816664403	7.5598734076414615	0.019347500760264827
964.68992	0.29909913445189956	0.34398694011745184	25.000322003439827	7.223910313700131	0.019877371263364998
1006.6329600000001	0.2909340651721946	0.3355082038779135	23.556567404004362	6.906344848886241	0.02040565037811927
1048.576	0.2830301967988106	0.32727586353553767	22.210505037066714	6.605811352336434	0.020932595203337973
1090.5190400000001	0.27537672626545817	0.31928052133437257	20.954217119961722	6.321165569586276	0.02145821972477852
1132.46208	0.26796161633623083	0.3115112264999569	19.78032467994195	6.051289235255531	0.021982736648541255
1174.4051200000001	0.2607755585841233	0.3039598749217679	18.68242700401319	5.795236825666253	0.022506148567402712
1216.34816	0.2538081780712156	0.2966170207421318	17.654534147719076	5.552080826776699	0.023028633837425184
1258.2912000000001	0.2470513585757873	0.2894755879860958	16.691413341965117	5.321030884439801	0.023550187123730484
1300.23424	0.2404960556823254	0.28252733284036513	15.788150233204346	5.101309250723342	0.024070959586248483
1342.17728	0.2341351151662096	0.2757660052028024	14.940425239181195	4.892248503635804	0.024590940599171003
1426.06336	0.22204274112344702	0.26285439062037685	13.40576274776342	4.50572933658451	0.0256266327593292
1509.94944	0.21058120723794804	0.25055260593380424	12.040288036598929	4.152926229973944	0.02666138826809926
1593.83552	0.19975674634575571	0.23887111700796618	10.828565102401935	3.8315457157625663	0.02769450854033914
1677.7216	0.18953292570517305	0.2277783093559492	9.751485053477706	3.5384410338880525	0.02872570744587396
1761.60768	0.17986816285948504	0.21723595887349997	8.791958206594911	3.2706169494983617	0.02975559693615089
1845.49376	0.17072942468331548	0.20721473709234173	7.9357669909943835	3.0256004026523176	0.03078400138996758
1929.37984	0.1620817935713642	0.1976823113108775	7.170320510901216	2.8010827760867003	0.03181141698221383
2013.2659200000003	0.15389714565447515	0.18861345371595425	6.485053128254446	2.595138666095963	0.032837682782995106
2097.152	0.1461460053726888	0.17998068292125383	5.870559746318317	2.4059662064149667	0.033863198501356655
2181.0380800000003	0.13880424104190187	0.17176213317869923	5.318874461789738	2.232046676354749	0.03488781534092983
2264.92416	0.1318467186787107	0.16393420140137221	4.822877207171166	2.0719554014150643	0.03591185803346518
2348.8102400000002	0.12525251568373946	0.1564777293233824	4.376483800382733	1.9244794730019101	0.036935191390416136
2432.69632	0.11899999260709068	0.14937223877608363	3.974238149228826	1.7884795146756984	0.03795808252879089
2516.5824000000002	0.11307088998314406	0.14260083244313398	3.611444702912669	1.66297724906984	0.038980408911251686
2600.46848	0.10744642892408118	0.1361455957161221	3.2838773696389194	1.5470525672305697	0.04000239252287242
2684.35456	0.10211057593764566	0.1299915320065963	2.9878783712554817	1.4399095453805335	0.04102392291909586
2852.12672	0.09233516834846868	0.11862822693188388	2.4825354603775054	1.2504734562207858	0.04306328879292766
3019.89888	0.08345779755971029	0.10821596171371073	2.064151604588596	1.0869426228724135	0.04510311870793292
3187.67104	0.07544592559342028	0.09872898723232493	1.719456807964444	0.9461899908551513	0.04714273608784272
3355.4432	0.06821754563802016	0.09008845198304466	1.4349614140782856	0.8248730654603565	0.04918134969442711
3523.21536	0.06169165708556626	0.08221393110029775	1.199555794882775	0.7200685191358075	0.05121977418876058
3690.98752	0.05579997857632975	0.07503799915080997	1.0044137651921081	0.6293953188001664	0.05325746930705275
3858.75968	0.0504777478824625	0.06849512965623272	0.8422942564274162	0.5507908128497189	0.05529506308968286
4026.5318400000006	0.045669913568538924	0.06252980211495626	0.7073948368525753	0.4825591104539315	0.057332129499988595
4194.304	0.04132464288834626	0.057088602037390385	0.5949332748008969	0.4232280101460463	0.059369150658568855
4362.0761600000005	0.03739748237272175	0.05212577626255387	0.5010471482065808	0.37157607989532965	0.06140578506773299
4529.84832	0.033846772401569095	0.04759760383277478	0.4225381689677021	0.3265405105229719	0.06344240562211012
4697.6204800000005	0.030636481342210316	0.04346625149437508	0.3568060838649799	0.28723227914117055	0.06547873819331745
4865.39264	0.027732996526370592	0.03969579407416085	0.3016907208841712	0.25287641060169325	0.0675150743200941
5033.1648000000005	0.025107054923708787	0.03625489734714301	0.255424843628674	0.222820134888603	0.06955119259719302
5200.93696	0.022731449841654695	0.0331139490965799	0.21653533677903863	0.1964934074123764	0.07158732301201433
5368.70912	0.020582368994227752	0.03024695459704356	0.18381188247258531	0.1734131750357627	0.0736232861894302
5704.25344	0.01693827019494737	0.025315798076891226	0.13373973126958322	0.1357756464806693	0.0776931179525222
6039.79776	0.013911459115768266	0.0211528702413373	0.09748029973979777	0.10640459384515666	0.08176358683595228
6375.34208	0.011425574767160562	0.017673703955410514	0.07145409301504313	0.08358081564638022	0.08583453508420712
6710.8864	0.009385903996177752	0.014768766235733994	0.052718112459886377	0.06580760424823481	0.08990508854202998
7046.43072	0.00771174057117668	0.012342534070513236	0.03917376748956366	0.05192645044745412	0.09397589664244538
7381.97504	0.006337847612536761	0.010316609931796424	0.029343909774984224	0.04106007016100671	0.09804642241721459
7717.51936	0.005209883013565679	0.008624332533907856	0.022176461733586002	0.03253117581943389	0.10211711118912027
8053.063680000001	0.004283897870060755	0.007210939945326375	0.016926264327180755	0.025822851601557947	0.10618760234110725
8388.608	0.0035234216554935745	0.006030087747862355	0.013060101456082314	0.02053414859372362	0.11025819934179572
8724.152320000001	0.002898890808152015	0.005043600539227004	0.010197310449916829	0.016356681793935773	0.11432865591323833
9059.69664	0.002385817381947488	0.004219251517985736	0.008063912832249265	0.013050109718314884	0.11839917998909968
9395.240960000001	0.001964300585281189	0.003530418278726407	0.006463288831625421	0.010428296813671032	0.12246960233298035
9730.78528	0.0016178840116185496	0.0029546753173068166	0.005253062464308051	0.008345557047973502	0.1265400666439797
10066.329600000001	0.0013331681502339518	0.002473457489413894	0.004330283545116864	0.006688389586017482	0.1306104557756458
10401.87392	0.0010990851178180414	0.0020711495389587435	0.0036203289974447994	0.005367605165678766	0.13468086973349444
10737.41824	0.0009066085808797422	0.0017348019082331413	0.0030685821512740287	0.004313355528466066	0.1387512270113946
11408.50688	0.0006265478142049385	0.001232811259064988	0.0023080912746692088	0.002823195710978899	0.14689145780363919
12079.59552	0.0004311417989901978	0.0008722305357712112	0.0018046391488216755	0.0018485737047495695	0.1550317311093975
12750.68416	0.00029748891790251994	0.000617786322259534	0.0014617227807942935	0.001214935715597939	0.1631721318669584
13421.7728	0.00020615535282733516	0.0004384682789775562	0.0012174197236193237	0.0008015444944542209	0.17131241539240125
14092.86144	0.0001436559291994611	0.00031202347171831434	0.0010357436816401785	0.0005307173935937732	0.17945273476494927
14763.95008	0.00010081503578627919	0.00022280113853579016	0.0008954895831856781	0.00035259836498236305	0.18759297507376435
15435.03872	7.136996358544512e-5	0.00015976030181169223	0.0007837647549697722	0.00023500561016512775	0.19573321804759347
16106.127360000002	5.1068634931953625e-5	0.00011515500784241463	0.0006924532419630745	0.00015710191980966112	0.20387340618859845
16777.216	3.701283111028203e-5	8.353099763811495e-5	0.0006163836097005398	0.00010532044643526807	0.2120135833817357
17448.304640000002	2.7232501507139158e-5	6.105962194393854e-5	0.000551961088384037	7.079786515390114e-5	0.22015372059634494
18119.39328	2.0383637453777834e-5	4.5044780528535574e-5	0.0004967065727080997	4.7715934062820756e-5	0.22829384193717864
18790.481920000002	1.5550677354538492e-5	3.359153690327082e-5	0.0004488297540804785	3.2242853443816297e-5	0.23643393280667838
19461.57056	1.210796482218617e-5	2.5364789449663054e-5	0.0004069970244012706	2.1844887219696327e-5	0.2445740068586301
20132.659200000002	9.628020232160968e-6	1.942471397945224e-5	0.00037019056268341836	1.4841587731569886e-5	0.25271405685691306
20803.74784	7.817861316969915e-6	1.5108341046164598e-5	0.00033761577365508004	1.0114632572801274e-5	0.2608540908337992
21474.83648	6.4764745928729216e-6	1.1948048892937713e-5	0.00030864145537824587	6.917789248959023e-6	0.26899410531400386
22817.01376	4.7601264176236305e-6	8.051464874529072e-6	0.00026070028020508607	3.396515748541345e-6	0.28527406036366504
24159.19104	3.6626679743986588e-6	5.71037683225453e-6	0.00022147421490410177	1.6963901346504978e-6	0.3015539628903155
25501.36832	2.9296196295593452e-6	4.272049881079423e-6	0.00018924211923524332	8.822987643152325e-7	0.3178338252914133
26843.5456	2.408955268871615e-6	3.34060222281372e-6	0.00016256259732913412	4.902866118916867e-7	0.3341136452565062
28185.72288	2.0192048365789193e-6	2.702182165161718e-6	0.00014034486362576366	2.998698901755763e-7	0.35039343259893413
29527.90016	1.7155483767810434e-6	2.2406439321793795e-6	0.00012175261902588838	2.061664132769536e-7	0.36667318838313984
30870.07744	1.4721572417721598e-6	1.891567920016227e-6	0.00010613326591693716	1.590856763328849e-7	0.38295291858606434
32212.254720000004	1.273246947955573e-6	1.618066748956839e-6	9.29695538388704e-5	1.346044882157259e-7	0.39923262475104054
33554.432	1.1085540795921102e-6	1.398151257950535e-6	8.184601884953447e-5	1.2115199875522156e-7	0.4155123108202007
34896.609280000004	9.70982653996339e-7	1.2180474057425685e-6	7.242527555500638e-5	1.131300982340174e-7	0.4317919781591944
36238.78656	8.553639672485127e-7	1.0686602263196103e-6	6.443087363587902e-5	1.0781702429105488e-7	0.4480716294944513
37580.963840000004	7.577688100051483e-7	9.436526206853263e-7	5.7634653290274095e-5	1.0388189223172951e-7	0.46435126590213094
38923.14112	6.750930362618593e-7	8.38371581304327e-7	5.184184719830182e-5	1.0066938343671309e-7	0.4806308893234434
40265.318400000004	6.048988664882382e-7	7.493296417468407e-7	4.6906287163920824e-5	9.785395159554658e-8	0.49691050056966857
41607.49568	5.451681658946076e-7	6.737644921036983e-7	4.268916989050843e-5	9.527196134935084e-8	0.513190101046462
42949.67296	4.942356287976571e-7	6.094559378262893e-7	3.907959969977229e-5	9.283984338783663e-8	0.5294696913545804
45634.02752	4.1665315729060745e-7	5.116700354611618e-7	3.356336941561224e-5	8.82967039676835e-8	0.5620288331516786
48318.38208	3.5852291328637796e-7	4.3853200154950103e-7	2.9396693800523327e-5	8.40281196496097e-8	0.5945879433497497
51002.73664	3.1480819398390845e-7	3.8366597229813145e-7	2.622833040030163e-5	7.998656482080112e-8	0.6271470266397822
53687.0912	2.815800459436922e-7	3.4207110403824213e-7	2.3792654869314048e-5	7.614818713782203e-8	0.6597060841638958
56371.44576	2.5601115535956256e-7	3.1015014412165516e-7	2.1895562600511943e-5	7.249807803776466e-8	0.6922651190845465
59055.80032	2.360607241205866e-7	2.853139873566915e-7	2.0395257416314403e-5	6.902496025844959e-8	0.7248241320454745
61740.15488	2.2024648283314947e-7	2.656871865766936e-7	1.918806794497089e-5	6.571929017387382e-8	0.7573831250913474
64424.50944000001	2.0748756201839725e-7	2.4990468499781755e-7	1.8198136952141143e-5	6.257251370667217e-8	0.7899420986200418
67108.864	1.9699399572252607e-7	2.3696994682192324e-7	1.736991752768509e-5	5.9576741075760736e-8	0.8225010540311234
69793.21856000001	1.8818760287371385e-7	2.261540931165867e-7	1.666270419606212e-5	5.672458908085144e-8	0.8550599916165492
72477.57312	1.806447554258957e-7	2.169233091620384e-7	1.60466424380699e-5	5.4009095618454275e-8	0.8876189123916561
75161.92768000001	1.7405475695776654e-7	2.0888620645877963e-7	1.549981470835719e-5	5.142366871289965e-8	0.9201778166108445
77846.28224	1.6818949382881476e-7	2.0175550523134204e-7	1.500611120876452e-5	4.896205239494674e-8	0.9527367050540803
80530.63680000001	1.6288127385673957e-7	1.9532007794711541e-7	1.4553673398422804e-5	4.661830192819409e-8	0.9852955779666183
83214.99136	1.5800663104499379e-7	1.8942452900418236e-7	1.4133755738819801e-5	4.438676395810873e-8	1.0178544359745307
85899.34592	1.534744839100134e-7	1.8395426757266227e-7	1.3739893067148023e-5	4.226205988222864e-8	1.0504132793286352
91268.05504	1.4532986107745726e-7	1.7414753254893071e-7	1.3024385928909065e-5	3.835515019435836e-8	1.1155309089026906
96636.76416	1.378815226641927e-7	1.6519691239675012e-7	1.2364652024434997e-5	3.4809333374883496e-8	1.1806484850614392
102005.47328	1.3096831082144633e-7	1.5690002699071467e-7	1.1749141987623225e-5	3.159132547225738e-8	1.245766011225119
107374.1824	1.24490579436726e-7	1.4913164622514784e-7	1.1170603798752758e-5	2.8670819342045213e-8	1.3108834891226429
112742.89152	1.1838530667857901e-7	1.4181323701555035e-7	1.06242879177701e-5	2.6020309686419774e-8	1.3760009215439146
118111.60064	1.1261027111266592e-7	1.3489258410414396e-7	1.0106914776510925e-5	2.3614834707189836e-8	1.4411183103048655
123480.30976	1.0713542122896505e-7	1.2833276993625683e-7	9.616079317518161e-6	2.143174065557718e-8	1.5062356577599085
128849.01888000002	1.0193799336319298e-7	1.2210600067476198e-7	9.149906962070274e-6	1.9450468358375923e-8	1.571352965692601
134217.728	9.699970220493748e-8	1.1619006955793843e-7	8.706854142579677e-6	1.765235944428826e-8	1.6364702361467216
139586.43712000002	9.230511018923936e-8	1.1056630851882107e-7	8.285592028506012e-6	1.6020480592003544e-8	1.7015874708135006
144955.14624	8.784067369212088e-8	1.0521839160027036e-7	7.884938184476348e-6	1.4539464000497545e-8	1.766704671497763
150323.85536000002	8.359417919799949e-8	1.0013162856835162e-7	7.503815899993232e-6	1.3195362651234531e-8	1.831821839772183
155692.56448	7.955440483545027e-8	9.529254165144014e-8	7.141229535474836e-6	1.1975518937031767e-8	1.8969389772470853
161061.27360000001	7.571091257704259e-8	9.068860634200003e-8	6.796249176542224e-6	1.0868445454950635e-8	1.9620560853686893
166429.98272	7.205391658622507e-8	8.630808775437536e-8	6.468000729017466e-6	9.86371681231465e-9	2.0271731655826697
171798.69184	6.857419624947835e-8	8.213993300631777e-8	6.1556592225587214e-6	8.951871443593295e-9	2.09229021921041
182536.11008	6.225146996270955e-8	7.456595612724823e-8	5.5881084965937085e-6	7.406278381061692e-9	2.2225242269348278
193273.52832	5.65128554901883e-8	6.769202464546613e-8	5.072993671121574e-6	6.127541388373532e-9	2.352758144826071
204010.94656	5.130418363856582e-8	6.145294659215297e-8	4.605441449907749e-6	5.069588395459912e-9	2.4829919813190147
214748.3648	4.6576278823355924e-8	5.578975855009729e-8	4.181041114907686e-6	4.194299176602375e-9	2.613225743772694
225485.78304	4.228460170703568e-8	5.0649101199080226e-8	3.795796098653028e-6	3.4701350562220503e-9	2.7434594391324336
236223.20128	3.8388782685771245e-8	4.598261590479956e-8	3.4460835721634024e-6	2.871002824740869e-9	2.8736930734687363
246960.61952	3.485221821678691e-8	4.1746456363530826e-8	3.128618466401584e-6	2.3753145654214768e-9	3.003926652508314
257698.03776000004	3.1641711078371826e-8	3.7900857011043034e-8	2.840421284175471e-6	1.9652097657282918e-9	3.13416018125029
268435.456	2.8727147629208486e-8	3.44097462304706e-8	2.578789190620633e-6	1.6259117314449465e-9	3.2643936644203166
279172.87424000003	2.6081207327979257e-8	3.124039829615011e-8	2.3412699782697115e-6	1.3451951240124055e-9	3.3946271061321474
289910.29248	2.3679100741855604e-8	2.83631194808181e-8	2.125638576558224e-6	1.1129454351334637e-9	3.5248605102871537
300647.71072000003	2.1498332909524638e-8	2.5750964555588923e-8	1.9298758291388522e-6	9.20794525026175e-10	3.655093880269151
311385.12896	1.9518489378694706e-8	2.3379480464857758e-8	1.7521493010570213e-6	7.618190904239173e-10	3.7853272193000493
322122.54720000003	1.7721042594079852e-8	2.122647438751675e-8	1.590795908955751e-6	6.302911966266398e-10	3.9155605301624528
332859.96544	1.608917659265993e-8	1.9271803734202533e-8	1.4443061919502437e-6	5.214718836824747e-10	4.045793815517876
343597.38368	1.4607628200823812e-8	1.749718591587671e-8	1.3113100619223022e-6	4.314404093560286e-10	4.176027077653939
365072.22016	1.2140958855514476e-8	1.4542633903876571e-8	1.0898505937868936e-6	3.0021262947309207e-10	4.436493517893938
386547.05664	1.0090631713332577e-8	1.2086723089636769e-8	9.057995445286091e-7	2.0889965548991518e-10	4.696959890852366
408021.89312	8.386607010351679e-9	1.0045613594558322e-8	7.528358626261671e-7	1.453607857063006e-10	4.957426208623243
429496.7296	6.970386883500386e-9	8.34924130071957e-9	6.257071762312141e-7	1.0114806731618301e-10	5.217892479917929
450971.56608	5.793350391445068e-9	6.939367436911767e-9	5.200489924663359e-7	7.038315099190996e-11	5.478358713187513
472446.40256	4.815093700427119e-9	5.7675955069000495e-9	4.32234460022916e-7	4.897569546479977e-11	5.73882491435218
493921.23904	4.002040584843496e-9	4.793707263730232e-9	3.592495994058994e-7	3.407950712122607e-11	5.99929108932965
515396.0755200001	3.3262879249160352e-9	3.9842798319481606e-9	2.985896724579507e-7	2.3714107507875646e-11	6.259757242129234
536870.912	2.7646466584943476e-9	3.31153693363183e-9	2.481730964033835e-7	1.6501409722553167e-11	6.520223376904785
558345.7484800001	2.2978450255835502e-9	2.752394514128474e-9	2.0626992488324953e-7	1.1482490456014626e-11	6.780689496359771
579820.58496	1.90986658393159e-9	2.287667801352846e-9	1.714424258965868e-7	7.990094545043788e-12	7.041155603418086
601295.4214400001	1.5874001657283112e-9	1.9014124515954353e-9	1.4249570767744335e-7	5.559919722340993e-12	7.301621699892775
622770.25792	1.3193828223989553e-9	1.580377079119055e-9	1.1843669134497799e-7	3.868885697026143e-12	7.562087787848561
644245.0944000001	1.0966200232466988e-9	1.3135483223790606e-9	9.844001808650859e-8	2.692179730247494e-12	7.822553868492984
665719.93088	9.114700387947387e-10	1.0917727922430848e-9	8.181971777003157e-8	1.8733674569745243e-12	8.083019943289393
687194.76736	7.575816556646003e-10	9.074429019079902e-10	6.80056648178947e-8	1.3035949259841483e-12	8.343486013034935
730144.44032	5.382013355736123e-10	6.446728659786851e-10	4.830976537390198e-8	6.674199224345207e-13	8.864418131591721
773094.11328	3.823288519013882e-10	4.579646764550801e-10	3.4318363651831786e-8	3.41709371290762e-13	9.385350239000942
816043.78624	2.7160028911516963e-10	3.253307672706469e-10	2.4379218330838734e-8	1.749507286230996e-13	9.906282340243957
858993.4592	1.929411211135911e-10	2.3111050994062773e-10	1.7318664854945777e-8	8.957273126641966e-14	10.427214435861478
901943.13216	1.3706314503360686e-10	1.6417823419843752e-10	1.2302981130004352e-8	4.586032345571025e-14	10.94814652869332
944892.80512	9.736835327837525e-11	1.1663065191531798e-10	8.739921645114787e-9	2.34800856576861e-14	11.469078618686279
987842.47808	6.916973652936472e-11	8.285352513454121e-11	6.208774396133398e-9	1.2021634845111427e-14	11.990010707498701
1.0307921510400001e6	4.9137778804480076e-11	5.885866164744718e-11	4.410677651103204e-9	6.1550091028097206e-15	12.510942794878472
1.073741824e6	3.4907276882109105e-11	4.181295157398977e-11	3.1333276088124336e-9	3.151339481676718e-15	13.031874881818085
1.1166914969600001e6	2.4798043937823744e-11	2.970381786906004e-11	2.2259084255520233e-9	1.6134778676495196e-15	13.552806968034695
1.15964116992e6	1.7616508781022212e-11	2.1101566011259782e-11	1.581283516755047e-9	8.260991392826268e-16	14.073739054136668
1.2025908428800001e6	1.2514779307202819e-11	1.499056604056606e-11	1.1233449143914253e-9	4.2296327979251925e-16	14.594671139873762
1.24554051584e6	8.890525820880261e-12	1.0649329851617199e-11	7.980266643768114e-10	2.165581332214439e-16	15.115603225627263
1.2884901888000001e6	6.315861168932309e-12	7.565321724300857e-12	5.669210140747702e-10	1.1087858395235928e-16	15.63653531119663
1.33143986176e6	4.486819038440631e-12	5.374441945485708e-12	4.027435166897135e-10	5.677042916434023e-17	16.157467396825567
1.37438953472e6	3.1874645482529675e-12	3.8180374228592314e-12	2.86111549540765e-10	2.906685301137481e-17	16.67839948236157
1.46028888064e6	1.7505518451645523e-12	2.0969089389975358e-12	1.5711347392802103e-10	9.020540825658252e-18	17.72026365163039
1.54618822656e6	9.612862989547169e-13	1.1514836036745846e-12	8.627604021488573e-11	2.79939211918287e-18	18.762127820767773
1.63208757248e6	5.27871735496664e-13	6.323149221988369e-13	4.737681079422343e-11	8.687440610388149e-19	19.803991990614165
1.7179869184e6	2.898700025642721e-13	3.4722285184529125e-13	2.6016008987672386e-11	2.695987073037979e-19	20.845856160420915
1.80388626432e6	1.5917602320517972e-13	1.9067013656349588e-13	1.4286144536965238e-11	8.366470106595223e-20	21.887720330600107
1.88978561024e6	8.740811320047231e-14	1.0470243319862395e-13	7.844930990942355e-12	2.596364828053656e-20	22.929584500767326
1.97568495616e6	4.799828463268913e-14	5.749508848868e-14	4.307875001409018e-12	8.057281595780208e-21	23.97144867112692
2.0615843020800003e6	2.6357224771857086e-14	3.1572190238081176e-14	2.3655768002896658e-12	2.5004088314367713e-21	25.01331284148291
2.147483648e6	1.447350485099585e-14	1.733719134988147e-14	1.2990057680864736e-12	7.759493215615498e-22	26.055177011937314
2.2333829939200003e6	7.947817042392683e-15	9.52034952838892e-15	7.133213558941706e-13	2.4079955760279036e-22	27.097041182390623
2.31928233984e6	4.364376108439397e-15	5.2278991655666725e-15	3.9170537581066957e-13	7.472709775791328e-23	28.138905352893996
2.4051816857600003e6	2.3966061349337164e-15	2.8707918196583896e-15	2.15096837917437e-13	2.3189999445319848e-23	29.180769523397046
2.49108103168e6	1.3160469187987724e-15	1.576436227417796e-15	1.181159994230544e-13	7.196537913821955e-24	30.22263369392548
2.5769803776000002e6	7.226804423546847e-16	8.656679450462788e-16	6.486100221375177e-14	2.233298646356602e-24	31.264497864453816
2.66287972352e6	3.968455005314002e-16	4.75364226460879e-16	3.561712091366233e-14	6.930591868870425e-25	32.306362034995
2.74877906944e6	2.179198803173158e-16	2.6103689058566465e-16	1.955843938013327e-14	2.1507711589715744e-25	33.348226205536164
2.92057776128e6	8.17848634290385e-17	9.797104628528342e-17	7.338487911983308e-15	3.205592300349548e-26	35.43195454659117
3.09237645312e6	3.068600956382378e-17	3.67591832539346e-17	2.7534204376981492e-15	4.77759402288702e-27	37.51568288764615
3.26417514496e6	1.1513347088949026e-17	1.3791994016689698e-17	1.0330792378651217e-15	7.120333094806502e-28	39.59941122872015
3.4359738368e6	4.319760866700627e-18	5.1746999945400825e-18	3.8760708067303353e-16	1.0611704857932763e-28	41.683139569794164
3.60777252864e6	1.6207491455381623e-18	1.941517357140868e-18	1.4542791207129592e-16	1.581487985955481e-29	43.7668679108739
3.77957122048e6	6.080936886013977e-19	7.284436743879599e-19	5.456352774416916e-17	2.3569141116929543e-30	45.85059625195363
3.95136991232e6	2.281519403814316e-19	2.733063049974384e-19	2.0471803011036622e-17	3.512525715921237e-31	47.93432459303509
4.1231686041600006e6	8.560064686696991e-20	1.0254217705575674e-19	7.680844236224743e-18	5.234722262185034e-32	50.018052934116554
4.294967296e6	3.211657862103297e-20	3.847288581476855e-20	2.881782306848944e-18	7.801290317601548e-33	52.10178127519856
4.466765987840001e6	1.2049830492953425e-20	1.4434655723920923e-20	1.0812168895754399e-18	1.1626207995970706e-33	54.185509616280555
4.63856467968e6	4.520974971431676e-21	5.415737396302122e-21	4.0566166936386246e-19	1.732641551138563e-34	56.26923795736271
4.8103633715200005e6	1.6962224850697675e-21	2.0319279918033614e-21	1.5220000774431299e-19	2.582132062513321e-35	58.35296629844485
4.98216206336e6	6.364043081885596e-22	7.623573829822572e-22	5.710379321019727e-20	3.848108742443243e-36	60.43669463952705
5.1539607552000005e6	2.387717888151293e-22	2.8602797723073956e-22	2.1424704896172504e-20	5.734762491450723e-37	62.52042298060923
5.32575944704e6	8.958443121716667e-23	1.0731441057400674e-22	8.038302862504302e-21	8.546391623941503e-38	64.60415132169143
5.49755813888e6	3.361102122048538e-23	4.0263100399515866e-23	3.0158762829455077e-21	1.273648028761242e-38	66.68787966277368
5.84115552256e6	7.603049690811328e-24	9.108630348135646e-24	6.818861374471105e-22	7.286115398656958e-40	70.85533634493811
6.18475290624e6	1.7190557608883266e-24	2.059473624016922e-24	1.541741471060359e-22	4.1681696865725943e-41	75.02279302710254
6.52835028992e6	3.886761247181269e-25	4.6564415682932975e-25	3.485855705205675e-23	2.3844657263160204e-42	79.19024970926695
6.8719476736e6	8.787893378383068e-26	1.0528126048959125e-25	7.881453280174371e-24	1.3640644998761479e-43	83.35770639143136
7.21554505728e6	1.9869229214045537e-26	2.380385626919163e-26	1.7819788007975895e-24	7.803284025261672e-45	87.52516307359578
7.55914244096e6	4.4923822009795415e-27	5.3819914019849624e-27	4.029008643936126e-25	4.463944925580106e-46	91.6926197557602
7.90273982464e6	1.0157150134233444e-27	1.216853164338576e-27	9.109475283820449e-26	2.5536375773619506e-47	95.86007643792462
8.246337208320001e6	2.296500688850533e-28	2.7512679309523275e-28	2.0596245477868896e-26	1.4608269981450456e-48	100.02753312008903
8.589934592e6	5.192312849549965e-29	6.220526718736574e-29	4.656743544317844e-27	8.356751021301157e-50	104.19498980225346
8.933531975680001e6	1.173963820952553e-29	1.4064393956338557e-29	1.0528734464495965e-27	4.7805221965237286e-51	108.36244648441787
9.27712935936e6	2.654288876346367e-30	3.1799075844072346e-30	2.3805079589907535e-28	2.734717432721835e-52	112.5299031665823
9.620726743040001e6	6.00124414558325e-31	7.189647674328645e-31	5.382236010757588e-29	1.56440380940518e-53	116.69735984874671
9.96432412672e6	1.356856933359175e-31	1.6255501515453722e-31	1.2169016850644679e-29	8.94920784993393e-55	120.86481653091113
1.0307921510400001e7	3.0677961255132397e-32	3.675300137430945e-32	2.7513631817616885e-30	5.119407329015802e-56	125.03227321307554
1.065151889408e7	6.936152331292293e-33	8.309692253066911e-33	6.220711237477697e-31	2.928560308864219e-57	129.19972989523995
1.099511627776e7	1.5682325319503537e-33	1.878783674121285e-33	1.4064745288502272e-31	1.675282631546469e-58	133.3671865774044
1.168231104512e7	1.910912408379345e-34	2.2897428431119343e-34	1.7121680639607936e-32	3.0904093429535636e-60	141.70209994173325
1.236950581248e7	2.3264051710688807e-35	2.7876174697269614e-35	2.0844259714634137e-33	5.701577927581285e-62	150.03701330606214
1.305670057984e7	2.8322072582301453e-36	3.3936956347562525e-36	2.5376171178435e-34	1.0518969974414129e-63	158.371926670391
1.37438953472e7	3.447976228666915e-37	4.1315415391729694e-37	3.0893372269597356e-35	1.940665077185152e-65	166.70684003471985
1.443109011456e7	4.197620176430952e-38	5.029803291612477e-38	3.761007381349717e-36	3.5803647407161315e-67	175.0417533990487
1.511828488192e7	5.110244693673697e-39	6.123356706851499e-39	4.578705766990489e-37	6.605463984739391e-69	183.37666676337756
1.580547964928e7	6.221283148824867e-40	7.454659861326814e-40	5.574180168534253e-38	1.2186495333612413e-70	191.7115801277064
1.6492674416640002e7	7.573872396007883e-41	9.075401542422449e-41	6.786080582176868e-39	2.2482977268894877e-72	200.04649349203524
1.7179869184e7	9.220527569202075e-42	1.1048508072662873e-41	8.261459806908791e-40	4.147900834545377e-74	208.3814068563641
1.7867063951360002e7	1.1225180988473437e-42	1.3450586431563983e-42	1.0057600274934965e-40	7.652485292220679e-76	216.71632022069298
1.855425871872e7	1.3665664338940002e-43	1.6374898529571953e-43	1.2244238048037438e-41	1.4118100810884351e-77	225.05123358502183
1.9241453486080002e7	1.6636730493114327e-44	1.993498211032967e-44	1.490627032657869e-42	2.604652125502363e-79	233.38614694935072
1.992864825344e7	2.025373229891027e-45	2.4269058862842897e-45	1.814705159021376e-43	4.805326307430342e-81	241.7210603136796
2.0615843020800002e7	2.465710116229023e-46	2.9545400888539218e-46	2.2092406343002788e-44	8.865347789493832e-83	250.05597367800846
2.130303778816e7	3.001779930555494e-47	3.5968863876340217e-47	2.689551425778025e-45	1.6355673639150012e-84	258.39088704233734
2.199023255552e7	3.654395738523211e-48	4.3788840636302887e-48	3.2742857385536253e-46	3.017455563442752e-86	266.72580040666617
2.336462209024e7	2.1658132532818786e-49	2.5961389193728837e-49	1.9368277263739924e-47	1.6010160845369405e-88	283.3956271353239
2.473901162496e7	1.281478779737824e-50	1.5361098836316603e-50	1.1459665039813013e-48	8.498914590271489e-91	300.06545386398153
2.611340115968e7	7.582149389737841e-52	9.08873150602135e-52	6.780359720563566e-50	4.511604274336664e-93	316.7352805926392
2.74877906944e7	4.486142335660503e-53	5.377544181987597e-53	4.0117461407714524e-51	2.394960353485184e-95	333.40510732129684
2.886218022912e7	2.6543224169706107e-54	3.181739457880182e-54	2.373635714107847e-52	1.2713510623762803e-97	350.0749340499545
3.023656976384e7	1.5704865905519248e-55	1.8825441569139455e-55	1.4044122985936665e-53	6.748892589621053e-100	366.74476077861215
3.161095929856e7	9.292118392727343e-57	1.1138473451785268e-56	8.309504450524752e-55	3.5826091593643345e-102	383.4145875072698
3.2985348833280005e7	5.497879177079779e-58	6.590314360440551e-58	4.916494759774893e-56	1.9018061952235242e-104	400.08441423592745
3.4359738368e7	3.2529366947666836e-59	3.899299117068545e-59	2.908948281444009e-57	1.009562036046404e-106	416.75424096458505
3.5734127902720004e7	1.9246687810488196e-60	2.3071027766656694e-60	1.7211407598170175e-58	5.359196790148516e-109	433.4240676932427
3.710851743744e7	1.1387709193034379e-61	1.3650460673606073e-61	1.01834926725371e-59	2.844895710197396e-111	450.09389442190036
3.8482906972160004e7	6.737778264710751e-63	8.076582892028778e-63	6.025278162268649e-61	1.510194753220047e-113	466.763721150558
3.985729650688e7	3.986548436273365e-64	4.7786803956414085e-64	3.5649827395106047e-62	8.016771995768773e-116	483.43354787921567
4.1231686041600004e7	2.3587252854176216e-65	2.8274068311875737e-65	2.1092970670289392e-63	4.2556517483411945e-118	500.1033746078733
4.260607557632e7	1.3955894243311715e-66	1.672894718471139e-66	1.2480099722237365e-64	2.2590851953826137e-120	516.7732013365311
4.398046511104e7	8.257298189908325e-68	9.89803325468117e-68	7.384113336252226e-66	1.1992207121374441e-122	533.4430280651889
4.672924418048e7	2.1399946840199405e-69	2.5670830434774264e-69	1.9064144023101433e-67	1.7104895583635132e-125	566.7826815225043
4.947802324992e7	5.530742184915595e-71	6.6346841677331164e-71	4.926779978071241e-69	2.444529340116625e-128	600.1223349798196
5.222680231936e7	1.4293205639212528e-72	1.7146152619670363e-72	1.273236522175291e-70	3.493576081703258e-131	633.4619884371349
5.49755813888e7	3.693818580274093e-74	4.431110786248124e-74	3.2904477828896083e-72	4.99281125406142e-134	666.8016418944503
5.772436045824e7	9.546000973243062e-76	1.145139832034014e-75	8.5035626538008e-74	7.135428942122197e-137	700.1412953517656
6.047313952768e7	2.4669899771502898e-77	2.9594051960119547e-77	2.197590791506634e-75	1.019753063578892e-139	733.4809488090809
6.322191859712e7	6.375485970660421e-79	7.648043357988973e-79	5.6792728746979735e-77	1.4573704154379748e-142	766.8206022663963
6.597069766656001e7	1.6476281480908413e-80	1.976497410952856e-80	1.4677045626938866e-78	2.082787092841254e-145	800.1602557237117
6.8719476736e7	4.2579946420668623e-82	5.107897310269671e-82	3.793014929427712e-80	2.9765953908948456e-148	833.499909181027
7.146825580544001e7	1.1004011053428104e-83	1.3200429588840568e-83	9.802355737092468e-82	4.253973021935571e-151	866.8395626383423
7.421703487488e7	2.8437860861530073e-85	3.411410422422361e-85	2.5332401722273966e-83	6.079525118522142e-154	900.1792160956576
7.696581394432001e7	7.349246798016661e-87	8.816168433288345e-87	6.546697487120769e-85	8.688495540902827e-157	933.5188695529729
7.971459301376e7	1.8992788783832122e-88	2.2783780370743426e-88	1.691874637235875e-86	1.2417080815420982e-159	966.8585230102882
8.246337208320001e7	4.908340073773579e-90	5.88805274984657e-90	4.372341616713368e-88	1.7745753011384057e-162	1000.1981764676035
8.521215115264e7	1.268471026049736e-91	1.5216599096191638e-91	1.129951994648006e-89	2.536117421865806e-165	1033.5378299249187
8.796093022208e7	3.2781321578733582e-93	3.932452677776974e-93	2.9201549695892454e-91	3.624468103468313e-168	1066.877483382234
9.345848836096e7	3.290957500205196e-95	3.953466396742912e-95	2.9096953008806327e-93	1.3343877033746797e-171	1133.5567902968648
9.895604649984e7	3.292901688721806e-97	3.9560964402498314e-97	2.9107141259047037e-95	4.951531056960888e-175	1200.2360972114957
1.0445360463872e8	3.29407145157593e-99	3.957510398164953e-99	2.9117369256087135e-97	1.8373760994347427e-178	1266.9154041261263
1.099511627776e8	3.295229155029918e-101	3.9589014753102014e-101	2.912760085803308e-99	6.817994059734896e-182	1333.5947110407571
1.1544872091648e8	3.2963870741464727e-103	3.9602926085447275e-103	2.9137836055010635e-101	2.529968851343213e-185	1400.274017955388
1.2094627905536e8	3.297545397210932e-105	3.9616842226009855e-105	2.9148074848410075e-103	9.3880140296774e-189	1466.9533248700188
1.2644383719424e8	3.298704127247362e-107	3.9630763255009465e-107	2.9158317239563e-105	3.4836321156358627e-192	1533.6326317846494
1.3194139533312002e8	3.299863264446766e-109	3.9644689175661942e-109	2.9168563229768884e-107	1.2926794398362108e-195	1600.3119386992803
1.37438953472e8	3.3010228089542522e-111	3.9658619989729526e-111	2.9178812820303684e-109	4.7967755454797265e-199	1666.9912456139111
1.4293651161088002e8	3.302182760915949e-113	3.9672555698968045e-113	2.918906601245948e-111	1.7799506145631488e-202	1733.670552528542
1.4843406974976e8	3.3033431204743557e-115	3.9686496305089774e-115	2.9199322807494764e-113	6.604903982359916e-206	1800.3498594431726
1.5393162788864002e8	3.304503887773037e-117	3.970044180981945e-117	2.920958320667889e-115	2.45089702260601e-209	1867.0291663578032
1.5942918602752e8	3.305665062955476e-119	3.9714392214880857e-119	2.921984721128008e-117	9.094600362793105e-213	1933.708473272434
1.6492674416640002e8	3.3068266461651005e-121	3.972834752199721e-121	2.9230114822566136e-119	3.3747544264820156e-216	2000.3877801870647
1.7042430230528e8	3.307988637545345e-123	3.9742307732891675e-123	2.924038604180489e-121	1.2522779434765518e-219	2067.0670871016955
1.7592186044416e8	3.309151037239667e-125	3.975627284928779e-125	2.9250660870264408e-123	4.646856776931758e-223	2133.746394016326
1.8691697672192e8	1.1254817356521121e-127	1.3555492204896376e-127	9.816861821479544e-126	4.255249334643976e-227	2267.105007845588
1.9791209299968e8	3.845592896095425e-130	4.633878399378862e-130	3.347297337006791e-128	4.022124049133133e-231	2400.4636216748495
2.0890720927744e8	1.3113265678399669e-132	1.5801639244307094e-132	1.141353662502527e-130	3.801846435175673e-235	2533.822235504111
2.199023255552e8	4.47133552265078e-135	5.38801625981015e-135	3.891761202733404e-133	3.5936326975631707e-239	2667.1808493333724
2.3089744183296e8	1.5246256313035767e-137	1.8371933531193585e-137	1.3270036936624168e-135	3.39682209297304e-243	2800.5394631626336
2.4189255811072e8	5.198633060142397e-140	6.264419221627097e-140	4.52478636602085e-138	3.210790111948267e-247	2933.898076991895
2.5288767438848e8	1.7726178235242878e-142	2.1360271129064133e-142	1.5428511432114053e-140	3.034946447242912e-251	3067.256690821157
2.6388279066624004e8	6.044231073625123e-145	7.283375625927821e-145	5.260777984977183e-143	2.868733120659611e-255	3200.6153046504187
2.74877906944e8	2.0609478696730776e-147	2.4834685003665993e-147	1.7938078556051853e-145	2.7116227125014396e-259	3333.9739184796804
2.8587302322176003e8	7.027372166568195e-150	8.468073197209744e-150	6.116484352731774e-148	2.563116687990482e-263	3467.332532308942
2.9686813949952e8	2.3961770355351603e-152	2.8874239259614825e-152	2.0855846249257827e-150	2.4227438153425684e-267	3600.691146138204
3.0786325577728003e8	8.170428788361723e-155	9.845471022808305e-155	7.111378002273724e-153	2.29005867047847e-271	3734.049759967466
3.1885837205504e8	2.7859338269127855e-157	3.357085836596724e-157	2.424821150233703e-155	2.164640223626815e-275	3867.4083737967276
3.2985348833280003e8	9.499412440865522e-160	1.1446913294620294e-159	8.268098825207661e-158	2.046090503333765e-279	4000.7669876259893
3.4084860461056e8	3.239087585280812e-162	3.9031419020071754e-162	2.8192371291718427e-160	1.9340333336401919e-283	4134.125601455251
3.5184372088832e8	1.1044565598590172e-164	1.330884258061425e-164	9.612969267214184e-163	1.8281131404192016e-287	4267.484215284512
3.7383395344384e8	1.0706977693564052e-167	1.2891211811738815e-167	9.350410732505385e-166	3.8251885246497225e-292	4534.2014429430355
3.9582418599936e8	1.1484018895539362e-170	1.3913379074507659e-170	9.705991987029581e-169	9.11500208126461e-297	4800.918670601559
4.1781441855488e8	1.1937179703629464e-173	1.447014295741108e-173	1.0075937260096483e-171	2.17236737483641e-301	5067.635898260082
4.398046511104e8	1.2392639962940288e-176	1.5022693640403495e-176	1.0459984137419722e-174	5.177377854924811e-306	5334.353125918606
4.6179488366592e8	1.2865001112967305e-179	1.5595323355559908e-179	1.0858669059256564e-177	1.23391843249425e-310	5601.070353577129
4.8378511622144e8	1.3355354169015697e-182	1.6189744249742623e-182	1.1272549956998412e-180	2.940783426e-315	5867.787581235652
5.0577534877696e8	1.3864396853745247e-185	1.6806820458286175e-185	1.1702206029080763e-183	7.009e-320	6134.504808894176
5.277655813324801e8	1.4392841821251563e-188	1.7447416641527465e-188	1.214823855023466e-186	0.0	6401.222036552699
5.49755813888e8	1.4941428601230264e-191	1.811242930780945e-191	1.2611271712928499e-189	0.0	6667.9392642112225
5.717460464435201e8	1.5510924904071556e-194	1.8802789098803198e-194	1.3091953500883334e-192	0.0	6934.656491869746
5.9373627899904e8	1.6102127701492763e-197	1.951946212657449e-197	1.359095659588245e-195	0.0	7201.373719528269
6.157265115545601e8	1.6715864341985243e-200	2.026345132675165e-200	1.4108979319144215e-198	0.0	7468.090947186793
6.3771674411008e8	1.735299370863577e-203	2.1035797862104895e-203	1.4646746608575577e-201	0.0	7734.808174845316
6.597069766656001e8	1.8014407421075637e-206	2.1837582579584815e-206	1.5205011033273834e-204	0.0	8001.525402503838
6.8169720922112e8	1.8701031083242274e-209	2.2669927522894953e-209	1.5784553846696406e-207	0.0	8268.242630162362
7.0368744177664e8	1.9413825578699575e-212	2.3533997502716298e-212	1.6386186079972386e-210	0.0	8534.959857820886
7.4766790688768e8	7.006595678829861e-217	1.8149740336138307e-218	3.5602838211683636e-214	0.0	9068.394313137933
7.9164837199872e8	1.2228642518158436e-219	1.4606597555453502e-219	1.0342820040044057e-217	0.0	9601.828768454978
8.3562883710976e8	3.775387449063759e-223	4.6212216145181394e-223	3.007169220036796e-221	0.0	10135.263223772023
8.796093022208e8	1.099965204025619e-226	1.3489706329425141e-226	8.743346183994928e-225	0.0	10668.69767908907
9.2358976733184e8	3.198131623294754e-230	3.9224603809214454e-230	2.5421284037241942e-228	0.0	11202.132134406116
9.6757023244288e8	9.298515870971591e-234	1.1404495467062472e-233	7.391239789789688e-232	0.0	11735.566589723161
1.01155069755392e9	2.703542959772904e-237	3.3158553707419543e-237	2.1490033922023372e-235	0.0	12269.001045040206
1.0555311626649601e9	7.860552603979201e-241	9.640850974707159e-241	6.248228593634303e-239	0.0	12802.435500357253
1.099511627776e9	2.285456120093065e-244	2.803077969040881e-244	1.8166728214560915e-242	0.0	13335.869955674298
1.1434920928870401e9	6.64496497840641e-248	8.149950800507869e-248	5.281977268852777e-246	0.0	13869.304410991343
1.18747255799808e9	1.9320239480560924e-251	2.3695986620357006e-251	1.5357351934354224e-249	0.0	14402.73886630839
1.2314530231091201e9	5.617360735508154e-255	6.8896094670200285e-255	4.4651509544803206e-253	0.0	14936.173321625438
1.27543348822016e9	1.6332479555740016e-258	2.0031543471270523e-258	1.2982428957492593e-256	0.0	15469.607776942485
1.3194139533312001e9	4.748669366247054e-262	5.824172411545295e-262	3.774641962938033e-260	0.0	16003.042232259531
1.36339441844224e9	1.3806758902084835e-265	1.6933784622265985e-265	1.0974773669105835e-263	0.0	16536.476687576578
1.40737488355328e9	4.014315941540355e-269	4.9234988487782297e-269	3.1909160728544596e-267	0.0	17069.911142893623
1.49533581377536e9	-5.1537783849459946e-272	-7.546605045389891e-272	-3.853908398553338e-273	0.0	18136.780053527717
1.58329674399744e9	-5.382006026530291e-277	-9.37062491940889e-277	-3.9386335406472997e-277	0.0	19203.64896416181
1.67125767421952e9	-2.297035476576763e-283	-2.0282633089390574e-282	-3.0436852043947606e-281	0.0	20270.517874795903
1.7592186044416e9	2.772785678966303e-287	6.267967302061728e-287	-2.3492318458942478e-285	0.0	21337.386785429993
1.84717953466368e9	-1.940133766417803e-291	-1.7128046905447423e-291	-1.8132153622954014e-289	0.0	22404.255696064087
1.93514046488576e9	-1.966331563726204e-295	-2.4128401239997905e-295	-1.399499949798029e-293	0.0	23471.12460669818
2.02310139510784e9	-1.5208999347357748e-299	-1.909914390951076e-299	-1.0801806282452004e-297	0.0	24537.99351733227
2.1110623253299203e9	-1.1690509980359837e-303	-1.4656353943110246e-303	-8.337193508322028e-302	0.0	25604.86242796636
2.199023255552e9	-9.017812024403806e-308	-1.1295589634253487e-307	-6.434923361672087e-306	0.0	26671.731338600453
2.2869841857740803e9	-6.96023368331e-312	-8.717385729076e-312	-4.9666879663115e-310	0.0	27738.600249234547
2.37494511599616e9	-5.372197e-316	-6.72847396e-316	-3.833455034e-314	0.0	28805.469159868637
2.4629060462182403e9	-4.146e-320	-5.193e-320	-2.958786e-318	0.0	29872.338070502727
2.55086697644032e9	-5.0e-324	-5.0e-324	-2.27e-322	0.0	30939.20698113682
2.6388279066624002e9	0.0	0.0	0.0	0.0	32006.07589177091
2.72678883688448e9	0.0	0.0	0.0	0.0	33072.944802405
2.81474976710656e9	0.0	0.0	0.0	0.0	34139.81371303909
2.99067162755072e9	0.0	0.0	0.0	0.0	36273.55153430728
3.16659348799488e9	0.0	0.0	0.0	0.0	38407.289355575456
3.34251534843904e9	0.0	0.0	0.0	0.0	40541.027176843636
3.5184372088832e9	0.0	0.0	0.0	0.0	42674.76499811182
3.69435906932736e9	0.0	0.0	0.0	0.0	44808.50281938001
3.87028092977152e9	0.0	0.0	0.0	0.0	46942.2406406482
4.04620279021568e9	0.0	0.0	0.0	0.0	49075.978461916384
4.2221246506598406e9	0.0	0.0	0.0	0.0	51209.71628318457
4.398046511104e9	0.0	0.0	0.0	0.0	53343.454104452765
4.573968371548161e9	0.0	0.0	0.0	0.0	55477.19192572095
4.74989023199232e9	0.0	0.0	0.0	0.0	57610.92974698914
4.9258120924364805e9	0.0	0.0	0.0	0.0	59744.667568257326
5.10173395288064e9	0.0	0.0	0.0	0.0	61878.40538952551
5.2776558133248005e9	0.0	0.0	0.0	0.0	64012.1432107937
5.45357767376896e9	0.0	0.0	0.0	0.0	66145.8810320619
5.62949953421312e9	0.0	0.0	0.0	0.0	68279.61885333007
5.98134325510144e9	0.0	0.0	0.0	0.0	72547.09449586643
6.33318697598976e9	0.0	0.0	0.0	0.0	76814.5701384028
6.68503069687808e9	0.0	0.0	0.0	0.0	81082.04578093918
7.0368744177664e9	0.0	0.0	0.0	0.0	85349.52142347554
7.38871813865472e9	0.0	0.0	0.0	0.0	89616.99706601191
7.74056185954304e9	0.0	0.0	0.0	0.0	93884.47270854829
8.09240558043136e9	0.0	0.0	0.0	0.0	98151.94835108465
8.444249301319681e9	0.0	0.0	0.0	0.0	102419.423993621
8.796093022208e9	0.0	0.0	0.0	0.0	106686.89963615738
9.147936743096321e9	0.0	0.0	0.0	0.0	110954.37527869375
9.49978046398464e9	0.0	0.0	0.0	0.0	115221.85092123011
9.851624184872961e9	0.0	0.0	0.0	0.0	119489.32656376649
1.020346790576128e10	0.0	0.0	0.0	0.0	123756.80220630286
1.0555311626649601e10	0.0	0.0	0.0	0.0	128024.27784883925
1.090715534753792e10	0.0	0.0	0.0	0.0	132291.75349137562
1.125899906842624e10	0.0	0.0	0.0	0.0	136559.229133912
1.196268651020288e10	0.0	0.0	0.0	0.0	145094.18041898473
1.266637395197952e10	0.0	0.0	0.0	0.0	153629.13170405745
1.337006139375616e10	0.0	0.0	0.0	0.0	162164.0829891302
1.40737488355328e10	0.0	0.0	0.0	0.0	170699.03427420295
1.477743627730944e10	0.0	0.0	0.0	0.0	179233.9855592757
1.548112371908608e10	0.0	0.0	0.0	0.0	187768.93684434844
1.618481116086272e10	0.0	0.0	0.0	0.0	196303.8881294212
1.6888498602639362e10	0.0	0.0	0.0	0.0	204838.83941449394
1.7592186044416e10	0.0	0.0	0.0	0.0	213373.79069956669
1.8295873486192642e10	0.0	0.0	0.0	0.0	221908.74198463943
1.899956092796928e10	0.0	0.0	0.0	0.0	230443.69326971218
1.9703248369745922e10	0.0	0.0	0.0	0.0	238978.64455478493
2.040693581152256e10	0.0	0.0	0.0	0.0	247513.59583985768
2.1110623253299202e10	0.0	0.0	0.0	0.0	256048.54712493042
2.181431069507584e10	0.0	0.0	0.0	0.0	264583.49841000314
2.251799813685248e10	0.0	0.0	0.0	0.0	273118.4496950759
2.392537302040576e10	0.0	0.0	0.0	0.0	290188.3522652214
2.533274790395904e10	0.0	0.0	0.0	0.0	307258.2548353669
2.674012278751232e10	0.0	0.0	0.0	0.0	324328.1574055124
2.81474976710656e10	0.0	0.0	0.0	0.0	341398.0599756579
2.955487255461888e10	0.0	0.0	0.0	0.0	358467.9625458034
3.096224743817216e10	0.0	0.0	0.0	0.0	375537.8651159489
3.236962232172544e10	0.0	0.0	0.0	0.0	392607.7676860944
3.3776997205278725e10	0.0	0.0	0.0	0.0	409677.6702562399
3.5184372088832e10	0.0	0.0	0.0	0.0	426747.5728263854
3.6591746972385284e10	0.0	0.0	0.0	0.0	443817.4753965309
3.799912185593856e10	0.0	0.0	0.0	0.0	460887.3779666764
3.9406496739491844e10	0.0	0.0	0.0	0.0	477957.28053682187
4.081387162304512e10	0.0	0.0	0.0	0.0	495027.1831069673
4.2221246506598404e10	0.0	0.0	0.0	0.0	512097.0856771128
4.362862139015168e10	0.0	0.0	0.0	0.0	529166.9882472582
4.503599627370496e10	0.0	0.0	0.0	0.0	546236.8908174037
4.785074604081152e10	0.0	0.0	0.0	0.0	580376.6959576947
5.066549580791808e10	0.0	0.0	0.0	0.0	614516.5010979857
5.348024557502464e10	0.0	0.0	0.0	0.0	648656.3062382767
5.62949953421312e10	0.0	0.0	0.0	0.0	682796.1113785676
5.910974510923776e10	0.0	0.0	0.0	0.0	716935.9165188586
6.192449487634432e10	0.0	0.0	0.0	0.0	751075.7216591496
6.473924464345088e10	0.0	0.0	0.0	0.0	785215.5267994405
6.755399441055745e10	0.0	0.0	0.0	0.0	819355.3319397315
7.0368744177664e10	0.0	0.0	0.0	0.0	853495.1370800225
7.318349394477057e10	0.0	0.0	0.0	0.0	887634.9422203135
7.599824371187712e10	0.0	0.0	0.0	0.0	921774.7473606043
7.881299347898369e10	0.0	0.0	0.0	0.0	955914.5525008953
8.162774324609024e10	0.0	0.0	0.0	0.0	990054.3576411863
8.444249301319681e10	0.0	0.0	0.0	0.0	1.0241941627814772e6
8.725724278030336e10	0.0	0.0	0.0	0.0	1.058333967921768e6
9.007199254740993e10	0.0	0.0	0.0	0.0	1.0924737730620592e6
9.570149208162305e10	0.0	0.0	0.0	0.0	1.1607533833426412e6
1.0133099161583617e11	0.0	0.0	0.0	0.0	1.2290329936232232e6
1.0696049115004929e11	0.0	0.0	0.0	0.0	1.2973126039038051e6
1.125899906842624e11	0.0	0.0	0.0	0.0	1.3655922141843871e6
1.1821949021847552e11	0.0	0.0	0.0	0.0	1.433871824464969e6
1.2384898975268864e11	0.0	0.0	0.0	0.0	1.5021514347455509e6
1.2947848928690176e11	0.0	0.0	0.0	0.0	1.5704310450261328e6
1.351079888211149e11	0.0	0.0	0.0	0.0	1.6387106553067148e6
1.40737488355328e11	0.0	0.0	0.0	0.0	1.7069902655872968e6
1.4636698788954114e11	0.0	0.0	0.0	0.0	1.7752698758678786e6
1.5199648742375424e11	0.0	0.0	0.0	0.0	1.8435494861484605e6
1.5762598695796738e11	0.0	0.0	0.0	0.0	1.9118290964290425e6
1.6325548649218048e11	0.0	0.0	0.0	0.0	1.9801087067096245e6
1.6888498602639362e11	0.0	0.0	0.0	0.0	2.0483883169902063e6
1.7451448556060672e11	0.0	0.0	0.0	0.0	2.116667927270788e6
1.8014398509481985e11	0.0	0.0	0.0	0.0	2.1849475375513695e6
1.914029841632461e11	0.0	0.0	0.0	0.0	2.3215067581125335e6
2.0266198323167233e11	0.0	0.0	0.0	0.0	2.4580659786736974e6
2.1392098230009857e11	0.0	0.0	0.0	0.0	2.5946251992348614e6
2.251799813685248e11	0.0	0.0	0.0	0.0	2.731184419796025e6
2.3643898043695105e11	0.0	0.0	0.0	0.0	2.8677436403571884e6
2.476979795053773e11	0.0	0.0	0.0	0.0	3.0043028609183524e6
2.5895697857380353e11	0.0	0.0	0.0	0.0	3.140862081479516e6
2.702159776422298e11	0.0	0.0	0.0	0.0	3.2774213020406794e6
2.81474976710656e11	0.0	0.0	0.0	0.0	3.4139805226018433e6
2.927339757790823e11	0.0	0.0	0.0	0.0	3.550539743163008e6
3.039929748475085e11	0.0	0.0	0.0	0.0	3.6870989637241717e6
3.1525197391593475e11	0.0	0.0	0.0	0.0	3.8236581842853357e6
3.2651097298436096e11	0.0	0.0	0.0	0.0	3.9602174048464997e6
3.3776997205278723e11	0.0	0.0	0.0	0.0	4.0967766254076636e6
3.4902897112121344e11	0.0	0.0	0.0	0.0	4.233335845968828e6
3.602879701896397e11	0.0	0.0	0.0	0.0	4.369895066529991e6
3.828059683264922e11	0.0	0.0	0.0	0.0	4.643013507652319e6
4.0532396646334467e11	0.0	0.0	0.0	0.0	4.916131948774646e6
4.2784196460019714e11	0.0	0.0	0.0	0.0	5.189250389896974e6
4.503599627370496e11	0.0	0.0	0.0	0.0	5.462368831019302e6
4.728779608739021e11	0.0	0.0	0.0	0.0	5.73548727214163e6
4.953959590107546e11	0.0	0.0	0.0	0.0	6.008605713263958e6
5.1791395714760706e11	0.0	0.0	0.0	0.0	6.281724154386286e6
5.404319552844596e11	0.0	0.0	0.0	0.0	6.554842595508614e6
5.62949953421312e11	0.0	0.0	0.0	0.0	6.827961036630942e6
5.854679515581646e11	0.0	0.0	0.0	0.0	7.1010794777532695e6
6.07985949695017e11	0.0	0.0	0.0	0.0	7.374197918875597e6
6.305039478318695e11	0.0	0.0	0.0	0.0	7.647316359997925e6
6.530219459687219e11	0.0	0.0	0.0	0.0	7.920434801120253e6
6.755399441055745e11	0.0	0.0	0.0	0.0	8.19355324224258e6
6.980579422424269e11	0.0	0.0	0.0	0.0	8.46667168336491e6
7.205759403792794e11	0.0	0.0	0.0	0.0	8.739790124487238e6
7.656119366529844e11	0.0	0.0	0.0	0.0	9.286027006731894e6
8.106479329266893e11	0.0	0.0	0.0	0.0	9.832263888976548e6
8.556839292003943e11	0.0	0.0	0.0	0.0	1.0378500771221202e7
9.007199254740992e11	0.0	0.0	0.0	0.0	1.0924737653465858e7
9.457559217478042e11	0.0	0.0	0.0	0.0	1.1470974535710514e7
9.907919180215092e11	0.0	0.0	0.0	0.0	1.2017211417955168e7
1.0358279142952141e12	0.0	0.0	0.0	0.0	1.2563448300199822e7
1.0808639105689192e12	0.0	0.0	0.0	0.0	1.3109685182444477e7
1.125899906842624e12	0.0	0.0	0.0	0.0	1.3655922064689131e7
1.170935903116329e12	0.0	0.0	0.0	0.0	1.4202158946933787e7
1.215971899390034e12	0.0	0.0	0.0	0.0	1.4748395829178441e7
1.261007895663739e12	0.0	0.0	0.0	0.0	1.5294632711423099e7
1.3060438919374438e12	0.0	0.0	0.0	0.0	1.5840869593667755e7
1.351079888211149e12	0.0	0.0	0.0	0.0	1.638710647591241e7
1.3961158844848538e12	0.0	0.0	0.0	0.0	1.6933343358157065e7
1.4411518807585588e12	0.0	0.0	0.0	0.0	1.747958024040172e7
