# z G G_prime G_double_prime
1.5999999999999998e6	9.602023596283264e6	2848.8899535137234	9.602023173654947e6
1.0666666666666665e6	6.403690152878491e6	5411.581758649202	6.403687866288912e6
799999.9999999999	4.804520039201134e6	6292.719784338801	4.804515918254718e6
640000.0	3.8450254943671706e6	6726.132348718769	3.8450196113254265e6
533333.3333333333	3.2053667663325714e6	6980.283454878285	3.20535916588956e6
457142.8571428571	2.7484699981258935e6	7146.000816347205	2.748460708336665e6
399999.99999999994	2.405798712065702e6	7262.029928239933	2.4057877516311184e6
355555.55555555556	2.139277336275221e6	7347.525289904483	2.139264718395767e6
320000.0	1.9260606593811777e6	7412.985863507737	1.9260463938484048e6
290909.0909090909	1.7516108915634558e6	7464.624684175869	1.751594985954815e6
266666.6666666666	1.6062362139923174e6	7506.343011012818	1.6062186743886943e6
246153.84615384613	1.483226930365602e6	7540.709066418056	1.4832077618016102e6
228571.42857142855	1.377790415567737e6	7569.480041770009	1.377769622325233e6
213333.3333333333	1.2864120875034153e6	7593.897443347845	1.286389673309186e6
199999.99999999997	1.2064560159631367e6	7614.8625571478215	1.2064319841258687e6
188235.29411764705	1.1360890262404229e6	8230.971757127132	1.1360592091294562e6
177777.77777777778	1.0734358670455366e6	8369.980568441613	1.0734032346164638e6
168421.05263157893	1.0173436721270937e6	8368.665921628795	1.0173092512347127e6
160000.0	966849.0481145252	8330.179809510759	966813.1618592625
152380.95238095237	921159.0339867353	8285.49608388797	921121.7706959374
145454.54545454544	879620.6654323156	8243.349836795798	879582.0383790575
139130.4347826087	841693.191540668	8205.71813200435	841653.1915675564
133333.3333333333	806925.5467853765	8172.610828514141	806884.1592738851
128000.0	774938.6878441861	8143.537809887454	774895.8979821792
123076.92307692306	745411.8323460568	8117.944057607975	745367.6266016545
118518.51851851851	718071.6994473267	8095.3268719585885	718026.0658430222
114285.71428571428	692684.037715679	8075.257719430594	692636.9657467476
110344.8275862069	669046.8998296917	8057.37749254317	668998.380296742
106666.66666666666	646985.2602831877	8041.385999368608	646935.2851212502
103225.80645161291	626346.6740771655	8027.031606060013	626295.2362034397
99999.99999999999	606997.7491016713	8014.102429561597	606944.8422853134
94117.64705882352	571683.7704545729	7878.481376115216	571629.4804612189
88888.88888888889	540321.1106831932	7866.105771614457	540263.8494568273
84210.52631578947	512259.1944129225	7856.237049186962	512198.94748037437
80000.0	487002.95470987493	7848.276795081802	486939.71130674507
76190.47619047618	464151.6198651886	7841.8003693110295	464085.3718772511
72727.27272727272	443377.2806312987	7836.493284661577	443308.02198133623
69565.21739130435	424409.05067333265	7832.116580706218	424336.77691581915
66666.66666666666	407021.18746701546	7828.485776497524	406945.89549165685
64000.0	391024.0641504744	7825.456624784152	390945.7519571839
61538.46153846153	376257.2247699559	7822.915324023785	376175.8912894635
59259.259259259255	362583.9826543746	7820.771247323893	362499.62760616024
57142.85714285714	349887.17625531217	7818.951772245404	349799.8000301018
55172.41379310345	338065.80297480815	7817.39822898823	337975.4065400783
53333.33333333333	327032.3262299249	7816.063012188819	326938.9110496723
51612.903225806454	316710.5036461115	7814.907200630792	316614.071615933
49999.99999999999	307033.62248312176	7813.898888096398	306934.17587371194
47058.82352941176	289357.14426926634	7697.362457154764	289254.7450792609
44444.444444444445	273672.44504197	7702.412282671494	273564.03276066436
42105.26315789473	259638.27656299918	7707.133079927738	259523.86163182132
40000.0	247007.05354323014	7711.445730763485	246886.65031720456
38095.23809523809	235578.35982990242	7715.345826159773	235451.98461454883
36363.63636363636	225188.22082443026	7718.852382495449	225055.89109367836
34782.608695652176	215701.17909582975	7721.990507112527	215562.91315052152
33333.33333333333	207004.35288100832	7724.786338991993	206860.1696501817
32000.0	199002.92076743953	7727.264685808851	198852.83969420017
30769.230769230766	191616.64872561567	7729.44888500353	191460.68966962933
29629.629629629628	184777.18871550614	7731.360206766229	184615.3718923725
28571.42857142857	178425.95636913582	7733.018315020918	178258.30228626187
27586.206896551725	172512.44755916562	7734.440951716743	172338.97697856475
26666.666666666664	166992.89183914967	7735.644464684394	166813.62573098738
25806.451612903227	161829.16631055478	7736.643555332155	161644.1258297589
24999.999999999996	156987.9133154713	7737.451784816849	156797.11976635145
23529.41176470588	148130.41704330427	7625.426145544075	147934.0168099349
22222.222222222223	140283.26582296912	7632.305387424234	140075.48887807212
21052.631578947367	133261.33035112714	7638.186295333875	133042.2499699626
20000.0	126940.79596342264	7643.039734245394	126710.49531687597
19047.619047619046	121221.45445809321	7646.943070255024	120980.0201794323
18181.81818181818	116021.32467965601	7649.993921774978	115768.84457149498
17391.304347826088	111272.68491081061	7652.283243727283	111009.24722030282
16666.666666666664	106919.10116984867	7653.891865923826	106644.79422022005
16000.0	102913.16875675666	7654.888536615583	102628.08087969231
15384.615384615383	99214.77617172016	7655.3331830025845	98918.99557042496
14814.814814814814	95789.75407467739	7655.276623067899	95483.36884249258
14285.714285714284	92608.81459539055	7654.763651442749	92291.91261537476
13793.103448275862	89646.70932021839	7653.83248953954	89319.37830149625
13333.333333333332	86881.55643532121	7652.517319408651	86543.88382375761
12903.225806451614	84294.29737314183	7650.847479198522	83946.37039492361
12499.999999999998	81868.25603650835	7648.84958517143	81510.16161487295
11764.70588235294	77417.13347755451	7536.090913978691	77049.46391518723
11111.111111111111	73483.37676923774	7536.451908542501	73095.88602677976
10526.315789473683	69962.18772726516	7535.652043544093	69555.16990032964
10000.0	66791.62409068072	7533.540638925441	66365.40374406276
9523.809523809523	63921.582631225334	7530.179100691405	63476.49272598541
9090.90909090909	61311.08417279911	7525.682773452228	60847.457968574345
8695.652173913044	58926.279753925104	7520.163604007526	58444.448709922865
8333.333333333332	56738.96426685881	7513.7260033644	56239.25664180001
8000.0	54725.445085242616	7506.457324803601	54208.18608115205
7692.3076923076915	52865.67564145965	7498.436659854243	52331.1867693269
7407.407407407407	51142.57856378574	7489.729386517189	50591.17804390146
7142.857142857142	49541.51693434598	7480.395779493292	48973.51916228022
6896.551724137931	48049.872066845244	7470.485729694314	47465.58804652723
6666.666666666666	46656.708510129174	7460.0463276037	46056.445344698135
6451.612903225807	45352.501226484055	7449.116591612791	44736.5625579659
6249.999999999999	44128.91648676972	7437.734219470278	43497.602002602594
5882.35294117647	41874.34876737515	7317.960479674263	41229.94711504853
5555.555555555556	39887.09550762257	7298.631500512827	39213.65025413889
5263.157894736842	38106.27597055957	7278.122142295207	37404.77518213788
5000.0	36500.86191277942	7256.0884723812505	35772.36503862678
4761.9047619047615	35045.7959065781	7232.558370244332	34291.36786636741
4545.454545454545	33720.60082314396	7207.678671691929	32941.2854642841
4347.826086956522	32508.364267371893	7181.594315961494	31705.180182757063
4166.666666666666	31394.99794524821	7154.45602777857	30568.932839219662
4000.0	30368.66544528001	7126.384630899023	29520.678905130728
3846.1538461538457	29419.354340344766	7097.500504882526	28550.374715333506
3703.7037037037035	28538.5328625053	7067.897513184157	27649.460802833393
3571.428571428571	27718.89050569034	7037.671391374941	26810.59626814504
3448.2758620689656	26954.1225717288	7006.895896440215	26027.44961590031
3333.333333333333	26238.767114153055	6975.648549319826	25294.529586199704
3225.8064516129034	25568.06458711022	6943.988312145261	24607.05088082336
3124.9999999999995	24937.852271049098	6911.979015038291	23960.822648405436
2941.176470588235	23771.142627823752	6775.233711236655	22785.15810764678
2777.777777777778	22742.32149257723	6715.155854758238	21728.31950975607
2631.578947368421	21817.511550877498	6654.885534626372	20777.784020286996
2500.0	20981.129331878867	6593.974537047013	19918.014154172182
2380.9523809523807	20220.62093807232	6532.447348570135	19136.369633746304
2272.7272727272725	19525.74715132764	6470.528496678009	18422.460823442056
2173.913043478261	18888.044274425283	6408.401471050441	17767.68434823425
2083.333333333333	18300.467899812676	6346.285549094741	17164.841539653822
2000.0	17757.089817879674	6284.323394147561	16607.875188536782
1923.0769230769229	17252.899203407353	6222.6807368156915	16091.636814525644
1851.8518518518517	16783.61725161296	6161.455633596727	15611.7350901128
1785.7142857142856	16345.58079470514	6100.769822959153	15164.386538317482
1724.1379310344828	15935.622720048052	6040.687735448864	14746.327107402349
1666.6666666666665	15551.001996302837	5981.298125508645	14354.71127619088
1612.9032258064517	15189.323108070168	5922.640806059962	13987.060533355383
1562.4999999999998	14848.49334099657	5864.779795540631	13641.191753195097
1470.5882352941176	14216.051923883264	5712.479205738986	13017.822921923032
1388.888888888889	13654.243751004671	5606.824194726651	12449.97569721636
1315.7894736842104	13146.575638370748	5504.959339668418	11938.503829374966
1250.0	12685.130629929277	5406.399876507951	11475.337880588299
1190.4761904761904	12263.508331503277	5310.934897924912	11053.850329493953
1136.3636363636363	11876.49799893019	5218.632436125028	10668.50880935178
1086.9565217391305	11519.763173937567	5129.411073050026	10314.750875677022
1041.6666666666665	11189.699048019327	5043.31118121003	9988.712485336964
1000.0	10883.247534110698	4960.218887595405	9687.17221256381
961.5384615384614	10597.827665812587	4880.121927031208	9407.35676008792
925.9259259259259	10331.215948685875	4802.882150391575	9146.930962231614
892.8571428571428	10081.51253982735	4728.454711363066	8903.853723713375
862.0689655172414	9847.059210095926	4656.692937149917	8676.39245171823
833.3333333333333	9626.424369686458	4587.5352546386775	8463.011664457315
806.4516129032259	9418.344288943532	4520.836525577932	8262.399545778195
781.2499999999999	9221.718298627322	4456.528329600455	8073.3786995722285
735.2941176470588	8857.024354937555	4319.421438441572	7732.365670419911
694.4444444444445	8530.010202323168	4207.717956791751	7419.985420998453
657.8947368421052	8233.177395085706	4103.360220285874	7137.76189862941
625.0	7962.296614658439	4005.6594505318335	6881.341420549212
595.2380952380952	7713.886631944828	3913.838815502235	6647.248505717624
568.1818181818181	7485.11590750956	3827.5238697037485	6432.4972736644595
543.4782608695652	7273.592379391216	3746.1368621526203	6234.709673397736
520.8333333333333	7077.333691699832	3669.3761366928393	6051.803941895236
500.0	6894.634201568798	3596.7711195008496	5882.110019998506
480.7692307692307	6724.060317475563	3528.0700065719475	5724.133924165034
462.96296296296293	6564.360210860464	3462.88793200624	5576.66855284529
446.4285714285714	6414.4694485379005	3401.0169165661605	5438.612161154436
431.0344827586207	6273.4469212576405	3342.142557254695	5309.069541908829
416.66666666666663	6140.48448943795	3286.0941375769257	5187.208795104609
403.2258064516129	6014.859973870038	3232.6142191163594	5072.351113204862
390.62499999999994	5895.947949425864	3181.5626931763713	4963.855462412998
367.6470588235294	5675.470953420591	3080.3531702335413	4766.801326859869
347.22222222222223	5476.618628743125	2993.4687195502074	4586.119997314796
328.9473684210526	5295.5845342729	2913.01968874797	4422.389834987074
312.5	5129.952656273601	2838.498404990648	4273.095021231581
297.6190476190476	4977.696988352212	2769.104529406394	4136.366450530185
284.09090909090907	4837.171137237873	2704.421352381294	4010.5273667824877
271.7391304347826	4706.968315435754	2643.8420887979623	3894.309917304545
260.41666666666663	4585.926659772719	2587.051829768204	3786.540130370621
250.0	4473.037211724563	2533.5930882522275	3686.3217386214674
240.38461538461536	4367.455122196725	2483.2282834141743	3592.8041328263785
231.48148148148147	4268.436574546862	2435.60764944348	3505.3339596822666
223.2142857142857	4175.351417947772	2390.5494777812983	3423.278057306772
215.51724137931035	4087.638302591311	2347.78183411086	3346.1481366237535
208.33333333333331	4004.816888694257	2307.1635214060016	3273.462203457405
201.61290322580646	3926.4549182544856	2268.47971432172	3204.8475799631547
195.31249999999997	3852.1793136775527	2231.619032507114	3139.930247390422
183.8235294117647	3714.466469944677	2161.1026644157155	3021.0753764510027
173.61111111111111	3589.7230414375376	2098.440075525583	2912.5007748764206
164.4736842105263	3475.8727957131346	2040.3617960013441	2814.0034529823897
156.25	3371.4812219686414	1986.675685696307	2723.9686763893365
148.8095238095238	3275.3249716984833	1936.788095467226	2641.3264742337524
142.04545454545453	3186.407995468381	1890.378530346588	2565.0857540420557
135.8695652173913	3103.8731199302747	1846.9697600466945	2494.540248241898
130.20833333333331	3027.0136256585197	1806.3232616616524	2428.993158554043
125.0	2955.2123117031138	1768.0881285966682	2367.940914963292
120.19230769230768	2887.953486355449	1732.0913933256577	2310.873156302564
115.74074074074073	2824.7806144814735	1698.0694638957175	2257.4201238881615
111.60714285714285	2765.3078115443477	1665.893166919791	2207.1989599938966
107.75862068965517	2709.189436625023	1635.3594401964153	2159.932152842093
104.16666666666666	2656.1304560984318	1606.3693785975959	2115.326551461414
100.80645161290323	2605.8639186715614	1578.7633818073987	2073.1697824583425
97.65624999999999	2558.1600318993032	1552.464238036648	2033.233272013896
91.91176470588235	2469.7279149897186	1503.7176414863395	1959.1807544895448
86.80555555555556	2389.3012336683555	1458.8338122348919	1892.2379061548622
82.23684210526315	2315.7298606462787	1417.155997039399	1831.467626671053
78.125	2248.138196603393	1378.68929104498	1775.764959048648
74.4047619047619	2185.764052521331	1342.9868907144403	1724.5146287183625
71.02272727272727	2127.9859521949165	1309.8038768926979	1677.121944527518
67.93478260869566	2074.265793877628	1278.7754224729333	1633.1907428497007
65.10416666666666	2024.161080401054	1249.730075168843	1592.2948277969253
62.5	1977.283134931089	1222.406525376399	1554.1463516670863
60.09615384615384	1933.3081121302635	1196.6846826875678	1518.428801969206
57.87037037037037	1891.9475544871077	1172.369571088156	1484.9293376172218
55.80357142857142	1852.9583943393145	1149.3726659713202	1453.4088502106042
53.87931034482759	1816.1215318015788	1127.5438541258166	1423.7072294880056
52.08333333333333	1781.2505976802206	1106.8158992875483	1395.640446827348
50.403225806451616	1748.175861753389	1087.0707516941234	1369.0858353033889
48.82812499999999	1716.7517893695594	1068.2562882280663	1343.8992555116542
45.955882352941174	1658.5192167180708	1034.4674163955706	1296.3653638689195
43.40277777777778	1605.3483866492645	1002.1314285565732	1254.1435493660838
41.118421052631575	1556.6065234749844	972.0703624570776	1215.7726265044148
39.0625	1511.7441995687077	944.360176106751	1180.4890438768414
37.20238095238095	1470.2714565622666	918.6420780594492	1147.952476542625
35.51136363636363	1431.7896253927013	894.7283406155618	1117.8026336887451
33.96739130434783	1395.9512582637692	872.3422382843944	1089.8160095874778
32.55208333333333	1362.4721072080943	851.3653036318254	1063.7233487575397
31.25	1331.1006085267784	831.604426401844	1039.356968519103
30.04807692307692	1301.6282724132677	812.9794904648783	1016.5138993781712
28.935185185185183	1273.8678636712816	795.3470038830677	995.0690817770706
27.90178571428571	1247.6625453593733	778.6488124898095	974.868121286587
26.939655172413794	1222.8697221416105	762.7745539823676	955.8165813207573
26.041666666666664	1199.3689068211736	747.6806080670148	937.7950111671292
25.201612903225808	1177.0493697716465	733.2802283694318	920.7308648906608
24.414062499999996	1155.8168637709584	719.5399727031536	904.5301820612065
22.977941176470587	1116.483406353853	695.6128474186947	873.3029045924206
21.70138888888889	1080.4016795616953	671.7296132766779	846.1956723163366
20.559210526315788	1047.2473161484634	649.5133021291427	821.4982723886012
19.53125	1016.6667031414311	629.0255882017514	798.7102069360999
18.601190476190474	988.3362758274968	609.9732418702349	777.6511032068827
17.755681818181817	961.9951705551983	592.2199706248605	758.096441466793
16.983695652173914	937.4139735248599	575.5610813228311	739.9151298805562
16.276041666666664	914.4068727175116	559.9192184273476	722.9318070943675
15.625	892.8074178681354	545.1527841719412	707.0456331170913
15.02403846153846	872.4791299353286	531.2105395572662	692.1236846373531
14.467592592592592	853.2977610451198	517.9867490771632	678.0905520541386
13.950892857142856	835.160491131977	505.4445870570457	664.844955882601
13.469827586206897	817.9724201076074	493.50228892290346	652.3299555321304
13.020833333333332	801.6544530931985	482.1324941795151	640.4671109591773
12.600806451612904	786.1326874611674	471.2705732149899	629.212721674103
12.207031249999998	771.3451789359049	460.8957427917896	618.5050519955902
11.488970588235293	743.972939190347	443.38164966858113	597.4181508664525
10.850694444444445	718.7122088830362	425.1939364670445	579.4457313581592
10.279605263157894	695.4450891465018	408.31663804202253	562.9577205404023
9.765625	673.9378331454968	392.7586617032934	547.6612425595639
9.300595238095237	653.9700602325366	378.2795727780927	533.4617179323849
8.877840909090908	635.368166059914	364.7862539351069	520.2150472471266
8.491847826086957	617.9763295060743	352.12380769028937	507.8420698283003
8.138020833333332	601.6711062775746	340.2428852881229	496.22867625732164
7.8125	586.338918959141	329.034125765582	485.31419922340336
7.51201923076923	571.8889409699099	318.4651189158518	475.0125565051911
7.233796296296296	558.235929738405	308.452856285721	465.27861405837456
6.975446428571428	545.3113299085772	298.9743095475592	456.0469370111167
6.734913793103448	533.04966864361	289.96440126621656	447.2835736301825
6.510416666666666	521.3981122868533	281.40625647255035	438.93793446727676
6.300403225806452	510.3053855877191	273.24777384679385	430.984037578658
6.103515624999999	499.7300356335602	265.4763231303333	423.3821327967421
5.744485294117647	480.21746287631873	252.77581305937537	408.3052779276069
5.425347222222222	462.1056783991133	239.2393243517205	395.3557938015289
5.139802631578947	445.4183964429655	226.79521281935698	383.3555521080207
4.8828125	429.9940734611772	215.408435493011	372.14796671510857
4.650297619047619	415.67458062761835	204.87934344975463	361.67639072455904
4.438920454545454	402.3412717957772	195.14806027153165	351.8461788374319
4.2459239130434785	389.88230245198463	186.0865862509671	342.60763590836996
4.069010416666666	378.21319682613904	177.66319320746342	333.8877236928236
3.90625	367.2515757394944	169.7838966098641	325.64881135221816
3.756009615384615	356.9350275348182	162.42780235133057	317.8361573273225
3.616898148148148	347.2010754229273	155.5220919958648	310.42143237229453
3.487723214285714	338.00241176203997	149.05205714248967	303.363007992978
3.367456896551724	329.2905530161702	142.9597448674072	296.63914046049456
3.255208333333333	321.02889038659373	137.23454195744358	290.21755452862993
3.150201612903226	313.1790764351301	131.82950071510746	284.08117969687214
3.0517578124999996	305.7122724719271	126.73682388836646	278.2045488676255
2.8722426470588234	292.03269630592365	118.70955550142232	266.81667328778866
2.712673611111111	279.3388299773214	110.12516673137962	256.71507471413656
2.5699013157894735	267.7056466065193	102.39966069584895	247.3471704192098
2.44140625	257.0140007474424	95.48295380586251	238.61936659188805
2.3251488095238093	247.14157533542954	89.20622742884056	230.48038364943721
2.219460227272727	238.00324552206416	83.53193528702741	222.86309848478686
2.1229619565217392	229.5118638548047	78.34713630587403	215.72533899098454
2.034505208333333	221.6065146067026	73.63132601458027	209.0164470692804
1.953125	214.22240812930863	69.30045938951216	202.70344465036268
1.8780048076923075	207.3144071175335	65.34158743934807	196.74791066082622
1.808449074074074	200.8330865214752	61.69009720399297	191.1236786709178
1.743861607142857	194.7441941194059	58.33756705322624	185.80104793441606
1.683728448275862	189.0092538194758	55.23335797443398	180.75888414200574
1.6276041666666665	183.60177207595677	52.372034524718536	175.9738068837896
1.575100806451613	178.4912946602948	49.7133620817655	171.42848042269833
1.5258789062499998	173.6569886579486	47.25390102721317	167.10421463104166
1.4361213235294117	164.86312254781686	43.51085439044097	159.01778116434127
1.3563368055555556	156.7853048696592	39.56341699415933	151.71146251624577
1.2849506578947367	149.4532390039623	36.10563460294051	145.02639000779968
1.220703125	142.77847552589037	33.10476847186457	138.88760699904623
1.1625744047619047	136.66719452234304	30.441165086222046	133.2338452751452
1.1097301136363635	131.0584497806178	28.099172142701047	128.0107565159802
1.0614809782608696	125.88636159035845	26.000341589763938	123.17206774132707
1.0172526041666665	121.10771294757835	24.137660418493667	118.6779317519248
0.9765625	116.67447648879275	22.455655745083146	114.49313075024268
0.9390024038461537	112.55499123458212	20.95096914626168	110.5878969130404
0.904224537037037	108.71342230728148	19.583351401674527	106.93502951624346
0.8719308035714285	105.12600347161303	18.351280260277886	103.511869458156
0.841864224137931	101.76548012621939	17.22501293883415	100.29711797742222
0.8138020833333333	98.61364504445096	16.20398365360362	97.27323322840006
0.7875504032258065	95.64942879484589	15.265894970566134	94.42333228354069
0.7629394531249999	92.85863110277572	14.410654116878188	91.73362752123721
0.7180606617647058	87.78804377225764	13.121705853372688	86.80185173633906
0.6781684027777778	83.19299021512145	11.796911948448896	82.3523314145619
0.6424753289473684	79.05217043731943	10.655414904952295	78.33075886300554
0.6103515625	75.30627282726175	9.683509235068005	74.68108445937521
0.5812872023809523	71.896982868336	8.831706115269174	71.35248497889415
0.5548650568181818	68.78417596855358	8.093734488255253	68.30632712792111
0.5307404891304348	65.92814518984264	7.439702535593034	65.50703133523042
0.5086263020833333	63.30055380540003	6.8657448443754685	62.92711386836581
0.48828125	60.873343731118524	6.352577328911552	60.5409674376542
0.46950120192307687	58.62585889111217	5.897382531020977	58.32848540810403
0.4521122685185185	56.53773531588276	5.487360315156723	56.27081296214281
0.43596540178571425	54.59353982940147	5.1203114002511905	54.3528932281337
0.4209321120689655	52.778151146889876	4.7875440873399375	52.56056183200223
0.40690104166666663	51.079799857333185	4.487288098878972	50.8823171542224
0.39377520161290325	49.48703141169835	4.2135225742938855	49.30732709707894
0.38146972656249994	47.99071160685383	3.964798708104817	47.82665336124226
0.3590303308823529	45.26754465364207	3.5845960779340205	45.125394955917436
0.3390842013888889	42.82372821073794	3.2077432507949797	42.70342001648266
0.3212376644736842	40.629927709904	2.8864483630192685	40.527267876821504
0.30517578125	38.650210082056844	2.612315700045711	38.56182757689816
0.29064360119047616	36.85423549067568	2.3748431701975954	36.77763985792379
0.2774325284090909	35.21786022716127	2.168853792801114	35.15101353027135
0.2653702445652174	33.72050372022112	1.9882319361686018	33.66183751540378
0.25431315104166663	32.34532481197134	1.829521132521042	32.29354253744218
0.244140625	31.07785131875167	1.6889237618351756	31.031925159698737
0.23475060096153844	29.90598453257371	1.5640614799237331	29.865056881739854
0.22605613425925924	28.81924664378303	1.4524695329252995	28.78262165562969
0.21798270089285712	27.808727457609244	1.3524763257680263	27.775819170635224
0.21046605603448276	26.86665210406315	1.262421599278336	26.83697611480169
0.20345052083333331	25.98631679929416	1.1811084110603234	25.959461545159222
0.19688760080645162	25.16182953532828	1.1073823610483613	25.13744954985206
0.19073486328124997	24.388051675711385	1.0403714456767843	24.36585093511387
0.17951516544117646	22.978623941792577	0.937598598608061	22.95948751880606
0.16954210069444445	21.71975616723009	0.8370397037002466	21.703621183995057
0.1606188322368421	20.59165833999048	0.7518196139902239	20.57792896427916
0.152587890625	19.57497027551924	0.6790075845430855	19.563190179201214
0.14532180059523808	18.653954772200546	0.6162743961521232	18.643772003324617
0.13871626420454544	17.815719379217747	0.5618616597950754	17.806857344132542
0.1326851222826087	17.049579184879804	0.5143454369231973	17.04181912687149
0.12715657552083331	16.346619163631182	0.47261777087434415	16.339785510325648
0.1220703125	15.69933104738929	0.43576713097518494	15.693282076834118
0.11737530048076922	15.101354702980089	0.4030677903105119	15.095974636360285
0.11302806712962962	14.547260440842129	0.37391411815776276	14.542454213987838
0.10899135044642856	14.03238972800089	0.34781488056451604	14.028078495908225
0.10523302801724138	13.552719173899067	0.32435490702030756	13.548837252726274
0.10172526041666666	13.104758863890384	0.3031921768694036	13.101251061810805
0.09844380040322581	12.68546436323566	0.2840343742252183	12.68228412334231
0.09536743164062499	12.292169786145015	0.26663747875324184	12.289277542082793
0.08975758272058823	11.57543289173794	0.23998050143927105	11.572945000735876
0.08477105034722222	10.936768157179962	0.21396822862779363	10.93467490696653
0.08030941611842105	10.364899040522403	0.19196658314115841	10.363121197360346
0.0762939453125	9.849867425811611	0.17319400137932242	9.848344639783424
0.07266090029761904	9.383599784678463	0.1570460665407073	9.382285513242591
0.06935813210227272	8.95948361987253	0.14305681454002728	8.958341447085942
0.06634256114130435	8.57204961604628	0.13085675014779272	8.571050760023532
0.06357828776041666	8.216736073224466	0.12015417197700601	8.215857512882312
0.06103515625	7.889707146520994	0.1107129416962184	7.888930314206446
0.05868765024038461	7.587714764052578	0.10234293637333038	7.587024532977072
0.05651403356481481	7.307989576936488	0.0948875583099669	7.30737353690711
0.05449567522321428	7.04815639044444	0.0882186192269912	7.047604272331448
0.05261651400862069	6.806166043022594	0.08222896755507973	6.805669298613374
0.05086263020833333	6.580241650028049	0.07682963917584347	6.579793110676655
0.049221900201612906	6.368834560372151	0.07194532085276807	6.368428183484378
0.04768371582031249	6.170589078550235	0.06751271315512292	6.170219737568986
0.044878791360294115	5.809201870706771	0.060724805241988054	5.808884477475118
0.04238552517361111	5.487570288267018	0.05410947411383365	5.487303512061465
0.04015470805921052	5.199687180021904	0.0485196244614949	5.199460800518286
0.03814697265625	4.940505392971915	0.043754117480884716	4.940311641504819
0.03633045014880952	4.705936248130182	0.03965814338187979	4.705769140441238
0.03467906605113636	4.492632648230359	0.036112090280920064	4.492487510153018
0.033171280570652176	4.2978279916876945	0.03302154026121945	4.297701132467573
0.03178914388020833	4.119215737529022	0.030311793448375656	4.119104209349978
0.030517578125	3.9548574460524524	0.027922636981365285	3.9547588731729943
0.029343825120192304	3.803112273034279	0.02580548034673327	3.8030247223082885
0.028257016782407406	3.66258188319639	0.023920468303090567	3.6625037695973197
0.02724783761160714	3.5320673103963593	0.022234893684845155	3.5319973237069977
0.026308257004310345	3.410534595653232	0.020721531382127775	3.4104716457236135
0.025431315104166664	3.2970873854837497	0.019357714298604722	3.2970305589140665
0.024610950100806453	3.1909447444792547	0.01812433512828183	3.1908932716084273
0.023841857910156247	3.0914231826908845	0.017005284939966163	3.0913764110445605
0.022439395680147058	2.909973442116187	0.015292000043060663	2.9099332618732365
0.021192762586805556	2.748584105291435	0.013623007637338676	2.7485503447314965
0.02007735402960526	2.6041562558115237	0.012213231783580481	2.604127616237671
0.019073486328125	2.474149419166126	0.011011652163389316	2.4741249143640083
0.01816522507440476	2.3565063393482815	0.009979157375798655	2.356485209757682
0.01733953302556818	2.2495433267066662	0.009085444076395078	2.249524979509325
0.016585640285326088	2.1518691291102328	0.008306683785175522	2.151853096245681
0.015894571940104164	2.0623240936968923	0.007623972147814188	2.0623100015495726
0.0152587890625	1.979933889471813	0.0070221239150206356	1.9799214369400377
0.014671912560096152	1.9038739164189535	0.006488853758543293	1.90386285861071
0.014128508391203703	1.8334416004366223	0.0060141149126821	1.8334317365621826
0.01362391880580357	1.7680346313720243	0.005589644611184282	1.768025795514288
0.013154128502155173	1.707133688662797	0.0052085815888137784	1.7071257427750541
0.012715657552083332	1.650288627522037	0.004865203531521264	1.6502814559714247
0.012305475050403226	1.5971073283976631	0.004554695531214007	1.597100833751626
0.011920928955078123	1.5472466422528801	0.004272993375708868	1.547240741930752
0.011219697840073529	1.4563320296297764	0.003841726067622227	1.456326962486929
0.010596381293402778	1.3754936868199572	0.0034217034873518307	1.3754894308669925
0.01003867701480263	1.303157913490807	0.0030669739318725294	1.303154304433905
0.0095367431640625	1.2380502647446237	0.0027646822925332126	1.238047177843419
0.00908261253720238	1.1791388745830211	0.0025049694017123024	1.1791362137943224
0.00866976651278409	1.1255793708598272	0.0022802047501928884	1.1255770612319271
0.008292820142663044	1.0766741316839779	0.002084380978252128	1.076672114059515
0.007947285970052082	1.0318417383910083	0.001912739929624022	1.0318399655526722
0.00762939453125	0.9905937414491808	0.0017614528363841125	0.9905921753588565
0.007335956280048076	0.9525167975338259	0.001627428544933085	0.9525154072561907
0.007064254195601851	0.9172587633661211	0.0015081336938452046	0.917257523547617
0.006811959402901785	0.8845177772162439	0.001401489804686005	0.8845166669079176
0.006577064251077586	0.8540335902197912	0.001305766724858966	0.8540325919992553
0.006357828776041666	0.8255806376260374	0.0012195253336445768	0.8255797369006673
0.006152737525201613	0.798962444345849	0.0011415515470068818	0.7989616288252893
0.005960464477539062	0.7740070843266321	0.001070823438060506	0.7740063435947917
0.005609848920036764	0.7285022249236854	0.0009625552167545712	0.7285015890210635
0.005298190646701389	0.6880471041431997	0.0008571530226465014	0.6880465702323781
0.005019338507401315	0.6518487371580611	0.0007681591433217455	0.6518482845464039
0.00476837158203125	0.6192688465429995	0.0006923418197500508	0.6192684595242209
0.00454130626860119	0.5897906870071101	0.0006272183876969771	0.589790353496404
0.004334883256392045	0.5629914384834064	0.0005708714968284537	0.5629911490524068
0.004146410071331522	0.5385217898345475	0.0005217895020063675	0.5385215370459385
0.003973642985026041	0.5160906321889205	0.00047877710633174343	0.5160904101081922
0.003814697265625	0.4954534193298822	0.0004408716367050527	0.4954532231784067
0.003667978140024038	0.47640321777531636	0.00040729672787912	0.47640304366791253
0.0035321270978009257	0.4587637417755763	0.00037741594455058925	0.45876358652919746
0.0034059797014508925	0.4423838831455704	0.00035070735203777986	0.4423837441309377
0.003288532125538793	0.42713337043048305	0.0003267366590660976	0.42713324546148346
0.003178914388020833	0.4128992977312332	0.0003051425334863201	0.4128991849773741
0.0030763687626008066	0.39958332386460566	0.0002856204649559059	0.3995832217844442
0.002980232238769531	0.3870993976335607	0.00026791389991329053	0.38709930492111166
0.002804924460018382	0.36433508607318266	0.00024080924792005	0.3643350064910858
0.0026490953233506945	0.344098552272997	0.00021442820962480288	0.34409848546152505
0.0025096692537006577	0.32599176052786116	0.0001921568538156289	0.3259917038941297
0.002384185791015625	0.30969530803680967	0.00017318418362744135	0.3096952596137903
0.002270653134300595	0.2949506200406543	0.0001568890974567148	0.2949505783147026
0.0021674416281960225	0.2815461278616962	0.00014279059441626903	0.28154609165243394
0.002073205035665761	0.2693070514842113	0.00013051071193068148	0.26930701986037
0.0019868214925130205	0.2580877365562841	0.00011974964922710722	0.25808770877507403
0.0019073486328125	0.24776582996932214	0.0001102667905953639	0.24776580543251311
0.001833989070012019	0.2382377995456899	0.00010186745329212463	0.23823777776707517
0.0017660635489004629	0.22941544909384395	9.439259332071034e-5	0.22941542967500778
0.0017029898507254463	0.22122318022855472	8.771136025445183e-5	0.22122316284049662
0.0016442660627693966	0.2135958205843093	8.171523290961763e-5	0.2135958049534334
0.0015894571940104165	0.20647688637262357	7.631364648567754e-5	0.20647687226990014
0.0015381843813004033	0.19981718115384714	7.143050850419466e-5	0.19981716838638222
0.0014901161193847654	0.19357365732690865	6.700153178652412e-5	0.19357364573130867
0.001402462230009191	0.18218853195886706	6.0221763509486556e-5	0.1821885220058232
0.0013245476616753472	0.17206802279944153	5.3623380161960964e-5	0.1720680144438304
0.0012548346268503288	0.16301272558784716	4.805312347454591e-5	0.16301271850526292
0.0011920928955078125	0.1548628731153594	4.3307945201191246e-5	0.15486286705974994
0.0011353265671502975	0.1474891274394978	3.923256175416367e-5	0.14748912222150662
0.0010837208140980113	0.14078566468962936	3.570658073524552e-5	0.1407856601616118
0.0010366025178328805	0.13466506370128606	3.26354957176778e-5	0.1346650597467504
0.0009934107462565103	0.12905447240170687	2.9944283634818675e-5	0.12905446892774694
0.00095367431640625	0.12389269419870297	2.757277509522119e-5	0.12389269113049164
0.0009169945350060095	0.1191279466965299	2.5472260090089124e-5	0.11912794397325606
0.0008830317744502314	0.11471611844235344	2.360296494898747e-5	0.11471611601418567
0.0008514949253627231	0.11061939920356391	2.1932154732358148e-5	0.11061939702935478
0.0008221330313846983	0.10680519361856194	2.0432689487446893e-5	0.1068051916640933
0.0007947285970052083	0.10324525210448325	1.9081914695452057e-5	0.10324525034111175
0.0007690921906502017	0.09991496996655261	1.7860800108068987e-5	0.09991496837015428
0.0007450580596923827	0.09679281791705922	1.6753265607099794e-5	0.09679281646720005
0.0007012311150045955	0.09109951284662687	1.5057892560406398e-5	0.09109951160216286
0.0006622738308376736	0.08603869777151053	1.3407905375749947e-5	0.08603869672679501
0.0006274173134251644	0.08151057387397427	1.2015029205518918e-5	0.08151057298843929
0.0005960464477539062	0.07743524112253554	1.0828482395348576e-5	0.07743524036541237
0.0005676632835751488	0.07374801789394414	9.809430643259837e-6	0.0737480172415542
0.0005418604070490056	0.07039598238063328	8.927765565610218e-6	0.07039598181451434
0.0005183012589164402	0.06733541620646251	8.159853049100741e-6	0.06733541571204808
0.0004967053731282551	0.06452988711573696	7.4869315374256965e-6	0.06452988668140995
0.000476837158203125	0.06194879180095336	6.893954295439917e-6	0.06194879141735745
0.00045849726750300476	0.05956623498980047	6.368740374274969e-6	0.059566234649331966
0.0004415158872251157	0.05736015761584924	5.901343682760736e-6	0.0573601573122774
0.00042574746268136157	0.05531165180390676	5.483578345799384e-6	0.05531165153208671
0.00041106651569234915	0.05340441757820767	5.108657683252378e-6	0.053404417333861004
0.00039736429850260413	0.05162432822572345	4.770916693655286e-6	0.0516243280052688
0.00038454609532510083	0.049959079780269776	4.4655967093006195e-6	0.0499590795806909
0.00037252902984619135	0.04839790622649078	4.1886767857373305e-6	0.04839790604523281
0.0003506155575022978	0.04555106809289993	3.7647796955191334e-6	0.045551067937321076
0.0003311369154188368	0.043020520439900026	3.3522339702405375e-6	0.04302052030929407
0.0003137086567125822	0.04075633967469701	3.003975879829716e-6	0.040756339563991884
0.0002980232238769531	0.038718571675342525	2.707307641035773e-6	0.03871857158069138
0.0002838316417875744	0.0368748724675004	2.4525189552683486e-6	0.03687487238594284
0.0002709302035245028	0.03519877867958866	2.2320814544824095e-6	0.0351987786088165
0.0002591506294582201	0.03366842917522837	2.0400856626293726e-6	0.03366842911342048
0.00024835268656412757	0.03226560627188173	1.8718404731891289e-6	0.03226560621758573
0.0002384185791015625	0.03097500706303957	1.7235836465107516e-6	0.030975007015085737
0.00022924863375150238	0.029783682894015433	1.5922695187038557e-6	0.029783682851453164
0.00022075794361255786	0.02868060339664836	1.4754112315427242e-6	0.028680603358698698
0.00021287373134068078	0.027656313943666598	1.370962048901425e-6	0.027656313909686345
0.00020553325784617457	0.0267026639734808	1.2772250888016805e-6	0.026702663942935086
0.00019868214925130207	0.02581258964920631	1.1927839297448245e-6	0.025812589621647404
0.00019227304766255041	0.024979938583073107	1.1164487635358506e-6	0.024979938558123933
0.00018626451492309568	0.024199327424549468	1.0472142483942141e-6	0.02419932740189062
0.0001753077787511489	0.022775861957931305	9.412332447677054e-7	0.022775861938482644
0.0001655684577094184	0.021510553103623195	8.380906978391959e-7	0.02151055308729642
0.0001568543283562911	0.020378433017731876	7.510212933424392e-7	0.020378433003892908
0.00014901161193847656	0.019359523612792192	6.7685029134807e-7	0.019359523600960125
0.0001419158208937872	0.01843765211100106	6.131499011756713e-7	0.018437652100805817
0.0001354651017622514	0.017599586209649125	5.580378725161973e-7	0.017599586200802146
0.00012957531472911006	0.016834394853491495	5.100367159160226e-7	0.016834394845765127
0.00012417634328206378	0.016132968812603607	4.6797356704901583e-7	0.016132968805816286
0.00011920928955078125	0.015487656320554342	4.3090779645294604e-7	0.015487656314559842
0.00011462431687575119	0.014891982795376547	3.9807793289903044e-7	0.014891982790056033
0.00011037897180627893	0.014340432844261024	3.688622222844959e-7	0.014340432839517117
0.00010643686567034039	0.013828278981158357	3.4274894524265853e-7	0.013828278976910654
0.00010276662892308729	0.013351445781851915	3.193138558418602e-7	0.01335144577803355
9.934107462565103e-5	0.012906401207810256	2.982028271211591e-7	0.012906401204365264
9.613652383127521e-5	0.012490068963981926	2.7911838916660694e-7	0.012490068960863165
9.313225746154784e-5	0.012099757289389362	2.6180919426646166e-7	0.012099757286556906
8.765388937557444e-5	0.011388012956096089	2.3531310111014245e-7	0.011388012953664926
8.27842288547092e-5	0.010755349772121529	2.095266999903629e-7	0.010755349770080618
7.842716417814555e-5	0.010189282303456058	1.8775873905599368e-7	0.010189282301726136
7.450580596923828e-5	0.009679821249751435	1.6921549567254315e-7	0.009679821248272385
7.09579104468936e-5	0.009218880024452973	1.5328999575378227e-7	0.009218880023178532
6.77325508811257e-5	0.008799842321980158	1.3951165677490183e-7	0.008799842320874258
6.478765736455503e-5	0.008417242492949754	1.2751109157992438e-7	0.008417242491983935
6.208817164103189e-5	0.008066525825237302	1.1699507269307008e-7	0.008066525824388866
5.9604644775390625e-5	0.007743866357334932	1.0772843484966043e-7	0.0077438663565856025
5.7312158437875595e-5	0.007446026734604171	9.952080231125061e-8	0.0074460267339390915
5.5189485903139464e-5	0.00717024920845908	9.221673227236497e-8	0.0071702492078660795
5.3218432835170196e-5	0.0069141699927725555	8.568829070251788e-8	0.006914169992241582
5.138331446154364e-5	0.006675751339580926	7.982941181615025e-8	0.006675751339103621
4.9670537312825516e-5	0.006453227199597036	7.455156256487139e-8	0.006453227199166404
4.8068261915637603e-5	0.0062450594000035674	6.978037181275222e-8	0.006245059399613715
4.656612873077392e-5	0.006049902038884336	6.54530026875887e-8	0.006049902038530273
4.382694468778722e-5	0.005694026972238185	5.8828874033489535e-8	0.005694026971934284
4.13921144273546e-5	0.005377693191062188	5.2382178107182526e-8	0.00537769319080707
3.9213582089072776e-5	0.005094657600312331	4.694011186076311e-8	0.005094657600096087
3.725290298461914e-5	0.004839925485661385	4.2304239189891366e-8	0.004839925485476501
3.54789552234468e-5	0.004609453504419543	3.8322814029764836e-8	0.0046094535042602355
3.386627544056285e-5	0.004399933465240471	3.487818782458219e-8	0.004399933465102232
3.2393828682277515e-5	0.004208632512992706	3.187801198661545e-8	0.004208632512871977
3.1044085820515946e-5	0.004033273267323801	2.9248978388399033e-8	0.004033273267217745
2.9802322387695312e-5	0.0038719427279067784	2.6932294429290995e-8	0.003871942727813111
2.8656079218937797e-5	0.0037230222015090025	2.4880365364765755e-8	0.0037230222014258667
2.7594742951569732e-5	0.003585132800792272	2.305433027180072e-8	0.003585132800718146
2.6609216417585098e-5	0.0034570926219173325	2.1422204409291237e-8	0.00345709262185096
2.569165723077182e-5	0.0033378827819388244	1.9957471320490946e-8	0.0033378827818791607
2.4835268656412758e-5	0.0032266202487077943	1.863799783085701e-8	0.0032266202486539645
2.4034130957818802e-5	0.0031225359294926045	1.7445189668759384e-8	0.0031225359294438726
2.328306436538696e-5	0.0030249568679784587	1.6363338736903673e-8	0.0030249568679342003
2.191347234389361e-5	0.002847018609655063	1.470729332875689e-8	0.0028470186096170753
2.06960572136773e-5	0.002688851171771971	1.3095607472654594e-8	0.0026888511717400813
1.9606791044536388e-5	0.0025473329122943124	1.173508131961527e-8	0.0025473329122672815
1.862645149230957e-5	0.002419966458020476	1.0576105456369044e-8	0.0024199664579973653
1.77394776117234e-5	0.0023047301252524027	9.580742901718445e-9	0.002304730125232489
1.6933137720281426e-5	0.00219996980867802	8.719581184787803e-9	0.00219996980866074
1.6196914341138758e-5	0.002104319073121662	7.96953288298557e-9	0.0021043190731065706
1.5522042910257973e-5	0.002016639222334566	7.312270807769337e-9	0.0020166392223213087
1.4901161193847656e-5	0.0019359737512600966	6.733096896831834e-9	0.001935973751248388
1.4328039609468899e-5	0.001861513309303494	6.220111964355174e-9	0.0018615133092931022
1.3797371475784866e-5	0.0017925684495343822	5.763600985025913e-9	0.0017925684495251164
1.3304608208792549e-5	0.0017285482173392743	5.355567552520765e-9	0.0017285482173309778
1.284582861538591e-5	0.001668943169004572	4.989382534714683e-9	0.001668943168997114
1.2417634328206379e-5	0.0016133117865794488	4.659512756602406e-9	0.00161331178657272
1.2017065478909401e-5	0.0015612695221175151	4.36130963953593e-9	0.0015612695221114237
1.164153218269348e-5	0.0015124798961219292	4.090845783904096e-9	0.001512479896116397
1.0956736171946805e-5	0.0014235105857100675	3.6768326355008478e-9	0.0014235105857053189
1.034802860683865e-5	0.0013444267299450128	3.2739097405692574e-9	0.0013444267299410264
9.803395522268194e-6	0.0012736674841807073	2.933777003301895e-9	0.0012736674841773285
9.313225746154785e-6	0.001209984157806857	2.644032079744037e-9	0.0012099841578039681
8.8697388058617e-6	0.0011523659058861521	2.395190641584978e-9	0.001152365905883663
8.466568860140713e-6	0.0010999856733528563	2.1798995913199266e-9	0.0010999856733506963
8.098457170569379e-6	0.001052160240716638	1.992386948268541e-9	0.0010521602407147514
7.761021455128987e-6	0.0010083202583350088	1.8280709908373871e-9	0.0010083202583333517
7.450580596923828e-6	0.0009679874724563194	1.6832771146239396e-9	0.0009679874724548559
7.164019804734449e-6	0.0009307572067886408	1.555030535938678e-9	0.0009307572067873419
6.898685737892433e-6	0.0008962847370514486	1.4409025606760213e-9	0.0008962847370502904
6.6523041043962745e-6	0.0008642745852645146	1.3388939194529652e-9	0.0008642745852634776
6.422914307692955e-6	0.0008344720290108608	1.2473475256913793e-9	0.0008344720290099285
6.2088171641031895e-6	0.000806656308845904	1.1648798515078801e-9	0.0008066563088450629
6.0085327394547004e-6	0.0007806351504013415	1.0903288837444953e-9	0.00078063515040058
5.82076609134674e-6	0.0007562403135939478	1.0227128042773211e-9	0.0007562403135932562
5.478368085973403e-6	0.0007117556130754983	9.192093423509287e-10	0.0007117556130749046
5.174014303419325e-6	0.0006722136509871149	8.184784233691371e-10	0.0006722136509866166
4.901697761134097e-6	0.0006368339990986189	7.334450890626147e-10	0.0006368339990981965
4.656612873077393e-6	0.0006049923111024742	6.610087179671101e-10	0.0006049923111021132
4.43486940293085e-6	0.0005761831637579807	5.987982913370151e-10	0.0005761831637576695
4.2332844300703565e-6	0.0005499930289298076	5.449754181395365e-10	0.0005499930289295376
4.049228585284689e-6	0.0005260802963972103	4.980972175189535e-10	0.0005260802963969745
3.880510727564493e-6	0.0005041602909593791	4.570181588608069e-10	0.0005041602909591719
3.725290298461914e-6	0.00048399388543467057	4.208196068957535e-10	0.0004839938854344876
3.5820099023672247e-6	0.00046537874142851615	3.8875799767227663e-10	0.00046537874142835373
3.4493428689462165e-6	0.00044814249659674366	3.602259088587907e-10	0.00044814249659659886
3.3261520521981373e-6	0.00043213741178095593	3.347237710785662e-10	0.0004321374117808263
3.2114571538464777e-6	0.0004172361256325302	3.118370806675531e-10	0.0004172361256324136
3.1044085820515948e-6	0.00040332825831197104	2.912201706697046e-10	0.00040332825831186593
3.0042663697273502e-6	0.0003903176725363011	2.725824217854028e-10	0.000390317672536206
2.91038304567337e-6	0.00037812024818019733	2.5567836257467294e-10	0.0003781202481801109
2.7391840429867014e-6	0.0003558778865928438	2.298024937734383e-10	0.00035587788659276957
2.5870071517096626e-6	0.00033610689699718657	2.0461971498395325e-10	0.0003361068969971243
2.4508488805670485e-6	0.0003184170638013615	1.8336138319491522e-10	0.0003184170638013087
2.3283064365386963e-6	0.0003024962136009877	1.6525226880962186e-10	0.00030249621360094257
2.217434701465425e-6	0.00028809163458270564	1.4969965789748715e-10	0.00028809163458266677
2.1166422150351783e-6	0.0002749965625282363	1.3624390314671475e-10	0.0002749965625282026
2.0246142926423447e-6	0.00026304019220832134	1.2452437478023623e-10	0.00026304019220829185
1.9402553637822466e-6	0.00025208018592764883	1.1425458282391512e-10	0.0002520801859276229
1.862645149230957e-6	0.0002419969800189625	1.0520495104795616e-10	0.00024199698001893964
1.7910049511836123e-6	0.00023268940522279573	9.71895386648972e-11	0.00023268940522277543
1.7246714344731083e-6	0.00022407128031612703	9.005652320098789e-11	0.00022407128031610895
1.6630760260990686e-6	0.00021606873567763598	8.368094603647446e-11	0.00021606873567761977
1.6057285769232388e-6	0.00020861809059804668	7.795932199065496e-11	0.00020861809059803213
1.5522042910257974e-6	0.00020166415512823702	7.280506866294101e-11	0.00020166415512822388
1.5021331848636751e-6	0.0001951588606020517	6.814562226936948e-11	0.0001951588606020398
1.455191522836685e-6	0.00018906014693590396	6.391961501841411e-11	0.00018906014693589315
1.3695920214933507e-6	0.00017793896331019126	5.7450642198327546e-11	0.000177938963310182
1.2935035758548313e-6	0.00016805346637450064	5.115494650657512e-11	0.00016805346637449286
1.2254244402835243e-6	0.00015920854796368965	4.584035454700802e-11	0.00015920854796368307
1.1641532182693481e-6	0.0001512481213129312	4.1313083496341384e-11	0.00015124812131292557
1.1087173507327124e-6	0.00014404583046727742	3.742491791804636e-11	0.00014404583046727257
1.0583211075175891e-6	0.0001374982932799522	3.406098288909502e-11	0.000137498293279948
1.0123071463211724e-6	0.00013152010710658918	3.113110870019909e-11	0.0001315201071065855
9.701276818911233e-7	0.00012604010307581338	2.8563648015445868e-11	0.00012604010307581015
9.313225746154785e-7	0.00012099849933488584	2.630123977930811e-11	0.00012099849933488298
8.955024755918062e-7	0.00011634471123853424	2.4297398884575098e-11	0.0001163447112385317
8.623357172365541e-7	0.0001120356481624996	2.2514132412209605e-11	0.00011203564816249734
8.315380130495343e-7	0.00010803437528561018	2.092023795445526e-11	0.00010803437528560815
8.028642884616194e-7	0.00010430905224446455	1.9489831810172995e-11	0.00010430905224446274
7.761021455128987e-7	0.00010083208405718152	1.8201272494090234e-11	0.00010083208405717988
7.510665924318376e-7	9.757943638450229e-5	1.703641079250667e-11	9.75794363845008e-5
7.275957614183425e-7	9.453007917940213e-5	1.5979904722994073e-11	9.453007917940078e-5
6.847960107466753e-7	8.896948665853772e-5	1.4362663404692103e-11	8.896948665853657e-5
6.467517879274156e-7	8.402673765622683e-5	1.2788739352404074e-11	8.402673765622585e-5
6.127122201417621e-7	7.960427799759717e-5	1.1460089217309995e-11	7.960427799759634e-5
5.820766091346741e-7	7.562406428457439e-5	1.0328273428915278e-11	7.562406428457368e-5
5.543586753663562e-7	7.202291852762035e-5	9.356229901629509e-12	7.202291852761974e-5
5.291605537587946e-7	6.874914964393447e-5	8.51524609644791e-12	6.874914964393394e-5
5.061535731605862e-7	6.576005630390039e-5	7.782777502600474e-12	6.576005630389993e-5
4.850638409455617e-7	6.30200540659048e-5	7.140914363245748e-12	6.30200540659044e-5
4.6566128730773926e-7	6.049925199879488e-5	6.575312262107585e-12	6.0499251998794524e-5
4.477512377959031e-7	5.8172357776049785e-5	6.074349954594214e-12	5.8172357776049467e-5
4.3116785861827706e-7	5.6017826082357944e-5	5.628529163828035e-12	5.6017826082357666e-5
4.1576900652476716e-7	5.401718950450444e-5	5.2300638145262575e-12	5.401718950450419e-5
4.014321442308097e-7	5.215452785859277e-5	4.8724581221472194e-12	5.2154527858592545e-5
3.8805107275644935e-7	5.041604365185556e-5	4.55031619497423e-12	5.041604365185535e-5
3.755332962159188e-7	4.878971971311985e-5	4.2591028269680565e-12	4.8789719713119664e-5
3.6379788070917124e-7	4.726504101756373e-5	3.994976302882639e-12	4.726504101756356e-5
3.4239800537333767e-7	4.448474458012949e-5	3.590666980770593e-12	4.448474458012935e-5
3.233758939637078e-7	4.201336994535706e-5	3.197183902900479e-12	4.201336994535694e-5
3.0635611007088106e-7	3.9802140002737555e-5	2.8650254622210525e-12	3.9802140002737454e-5
2.9103830456733704e-7	3.781203304931361e-5	2.5820663591168786e-12	3.781203304931352e-5
2.771793376831781e-7	3.601146008730563e-5	2.339057529998533e-12	3.601146008730555e-5
2.645802768793973e-7	3.437457557295686e-5	2.128811575489403e-12	3.4374575572956795e-5
2.530767865802931e-7	3.2880028839601683e-5	1.945694413698534e-12	3.288002883960162e-5
2.4253192047278083e-7	3.151002766495224e-5	1.7852306915890038e-12	3.151002766495219e-5
2.3283064365386963e-7	3.0249626582234914e-5	1.6438270704603793e-12	3.024962658223487e-5
2.2387561889795154e-7	2.908617942722059e-5	1.5185875144612205e-12	2.9086179427220554e-5
2.1558392930913853e-7	2.8008913541456312e-5	1.407131284555964e-12	2.800891354145628e-5
2.0788450326238358e-7	2.700859521767653e-5	1.307515979988728e-12	2.7008595217676497e-5
2.0071607211540486e-7	2.6077264363386808e-5	1.2181155822885371e-12	2.6077264363386777e-5
1.9402553637822467e-7	2.5208022231744565e-5	1.1375801005317284e-12	2.5208022231744542e-5
1.877666481079594e-7	2.4394860236777116e-5	1.0647757267928126e-12	2.4394860236777093e-5
1.8189894035458562e-7	2.363252086574727e-5	9.987430551539984e-13	2.363252086574725e-5
1.7119900268666884e-7	2.2242372602779913e-5	8.976672721293908e-13	2.2242372602779896e-5
1.616879469818539e-7	2.1006685251989448e-5	7.9929547624182e-13	2.100668525198943e-5
1.5317805503544053e-7	1.990107025235326e-5	7.162568877930348e-13	1.9901070252353246e-5
1.4551915228366852e-7	1.8906016751413558e-5	6.455160859468668e-13	1.8906016751413548e-5
1.3858966884158905e-7	1.8005730249526828e-5	5.847649054886907e-13	1.8005730249526817e-5
1.3229013843969864e-7	1.718728797422571e-5	5.322023830974494e-13	1.7187287974225703e-5
1.2653839329014654e-7	1.644001459171358e-5	4.864230943057483e-13	1.6440014591713575e-5
1.2126596023639041e-7	1.5755013990476083e-5	4.4630871160776445e-13	1.5755013990476076e-5
1.1641532182693481e-7	1.5124813436826683e-5	4.1095573765519563e-13	1.5124813436826678e-5
1.1193780944897577e-7	1.454308984840936e-5	3.7964739925382646e-13	1.4543089848409355e-5
1.0779196465456927e-7	1.4004456895797768e-5	3.5178334246016845e-13	1.4004456895797763e-5
1.0394225163119179e-7	1.350429772519462e-5	3.2688003422835647e-13	1.3504297725194616e-5
1.0035803605770243e-7	1.3038632290215451e-5	3.0452734380613453e-13	1.3038632290215448e-5
9.701276818911234e-8	1.2604011217326476e-5	2.8439554695809024e-13	1.2604011217326472e-5
9.38833240539797e-8	1.2197430213442436e-5	2.661923781854583e-13	1.2197430213442433e-5
9.094947017729281e-8	1.1816260522115826e-5	2.4968836091181104e-13	1.1816260522115823e-5
8.559950134333442e-8	1.1121186379568545e-5	2.2441630755003553e-13	1.1121186379568543e-5
8.084397349092696e-8	1.0503342695822321e-5	1.9982310108099127e-13	1.050334269582232e-5
7.658902751772027e-8	9.95053518892275e-6	1.7906448078444914e-13	9.950535188922748e-6
7.275957614183426e-8	9.453008432396175e-6	1.6137953594685488e-13	9.453008432396173e-6
6.929483442079453e-8	9.002865176231778e-6	1.461909706072278e-13	9.002865176231777e-6
6.614506921984932e-8	8.593644034049951e-6	1.3305137052803306e-13	8.59364403404995e-6
6.326919664507327e-8	8.220007338835046e-6	1.2160577446391722e-13	8.220007338835044e-6
6.063298011819521e-8	7.877507034737756e-6	1.1157666182642453e-13	7.877507034737754e-6
5.820766091346741e-8	7.562406754840722e-6	1.0273867654470483e-13	7.562406754840721e-6
5.5968904724487885e-8	7.271544957904309e-6	9.491159213877555e-14	7.2715449579043086e-6
5.389598232728463e-8	7.0022284791665e-6	8.794687172363464e-14	7.002228479166499e-6
5.1971125815595895e-8	6.752148891686056e-6	8.171923099046681e-14	6.752148891686055e-6
5.0179018028851214e-8	6.519316172238659e-6	7.613261454166591e-14	6.5193161722386585e-6
4.850638409455617e-8	6.302005634026511e-6	7.109810849349844e-14	6.30200563402651e-6
4.694166202698985e-8	6.09871513048504e-6	6.65486136459317e-14	6.098715130485039e-6
4.5474735088646405e-8	5.908130283367904e-6	6.242131205062448e-14	5.908130283367903e-6
4.279975067166721e-8	5.560593209328989e-6	5.610407663760116e-14	5.560593209328989e-6
4.042198674546348e-8	5.251671365368232e-6	4.9956031557203706e-14	5.251671365368232e-6
3.829451375886013e-8	4.975267610147872e-6	4.476611993721314e-14	4.975267610147872e-6
3.637978807091713e-8	4.7265042303703e-6	4.034462765092359e-14	4.7265042303703e-6
3.464741721039726e-8	4.5014326009830515e-6	3.6547871832022045e-14	4.5014326009830515e-6
3.307253460992466e-8	4.296822028759148e-6	3.3262842854397855e-14	4.296822028759148e-6
3.1634598322536636e-8	4.110003680162054e-6	3.040131468780222e-14	4.110003680162054e-6
3.0316490059097604e-8	3.9387535272439116e-6	2.789429421023917e-14	3.9387535272439116e-6
2.9103830456733704e-8	3.781203386527345e-6	2.5685057207068593e-14	3.781203386527345e-6
2.7984452362243943e-8	3.6357724873770616e-6	2.3727769032403734e-14	3.6357724873770616e-6
2.6947991163642316e-8	3.5011142473999088e-6	2.1986329385422432e-14	3.5011142473999088e-6
2.5985562907797947e-8	3.3760744531153864e-6	2.0430067270121636e-14	3.3760744531153864e-6
2.5089509014425607e-8	3.2596580929019223e-6	1.9033024216498982e-14	3.2596580929019223e-6
2.4253192047278084e-8	3.1510028233542467e-6	1.7774786480822308e-14	3.1510028233542467e-6
2.3470831013494924e-8	3.049357571183265e-6	1.6636634545166072e-14	3.049357571183265e-6
2.2737367544323203e-8	2.9540651472617286e-6	1.5605976851515824e-14	2.9540651472617286e-6
2.1399875335833604e-8	2.7802966095506398e-6	1.402589147775043e-14	2.7802966095506398e-6
2.021099337273174e-8	2.6258356870483333e-6	1.2488944146186138e-14	2.6258356870483333e-6
1.9147256879430066e-8	2.4876338089955605e-6	1.1191530078107967e-14	2.4876338089955605e-6
1.8189894035458565e-8	2.363252118728272e-6	1.008628503856783e-14	2.363252118728272e-6
1.732370860519863e-8	2.2507163037082808e-6	9.1369035710083e-15	2.2507163037082808e-6
1.653626730496233e-8	2.1484110173131334e-6	8.315774953023975e-15	2.1484110173131334e-6
1.5817299161268318e-8	2.0550018427671937e-6	7.600393311544734e-15	2.0550018427671937e-6
1.5158245029548802e-8	1.9693767660906617e-6	6.973444621197905e-15	1.9693767660906617e-6
1.4551915228366852e-8	1.8906016955403488e-6	6.421199928404008e-15	1.8906016955403488e-6
1.3992226181121971e-8	1.8178862457947574e-6	5.931877736337154e-15	1.8178862457947574e-6
1.3473995581821158e-8	1.7505571256542417e-6	5.496841281462972e-15	1.7505571256542417e-6
1.2992781453898974e-8	1.6880372283757137e-6	5.107387374554655e-15	1.6880372283757137e-6
1.2544754507212804e-8	1.6298290481465924e-6	4.7581263697074e-15	1.6298290481465924e-6
1.2126596023639042e-8	1.5755014132623542e-6	4.443761741588064e-15	1.5755014132623542e-6
1.1735415506747462e-8	1.524678787076941e-6	4.15935335137498e-15	1.524678787076941e-6
1.1368683772161601e-8	1.477032575025151e-6	3.901234839795328e-15	1.477032575025151e-6
1.0699937667916802e-8	1.3901483059968816e-6	3.5065047085977923e-15	1.3901483059968816e-6
1.010549668636587e-8	1.3129178446152374e-6	3.122268292996528e-15	1.3129178446152374e-6
9.573628439715033e-9	1.2438169054782031e-6	2.797946772322057e-15	1.2438169054782031e-6
9.094947017729282e-9	1.1816260602498558e-6	2.5214107250096028e-15	1.1816260602498558e-6
8.661854302599316e-9	1.1253581526583552e-6	2.2842901479231547e-15	1.1253581526583552e-6
8.268133652481165e-9	1.0742055093899481e-6	2.0789437725633885e-15	1.0742055093899481e-6
7.908649580634159e-9	1.0275009220551123e-6	1.9000339079183668e-15	1.0275009220551123e-6
7.579122514774401e-9	9.846883836625333e-7	1.7433934366392122e-15	9.846883836625333e-7
7.275957614183426e-9	9.453008483393781e-7	1.6053968803761054e-15	9.453008483393781e-7
6.996113090560986e-9	9.089431234239442e-7	1.4829694627717537e-15	9.089431234239442e-7
6.736997790910579e-9	8.752785633156313e-7	1.3741134640153232e-15	8.752785633156313e-7
6.496390726949487e-9	8.440186146424053e-7	1.276943948432886e-15	8.440186146424053e-7
6.272377253606402e-9	8.149145244972125e-7	1.1894992284153213e-15	8.149145244972125e-7
6.063298011819521e-9	7.877507070274497e-7	1.1108432068920225e-15	7.877507070274497e-7
5.867707753373731e-9	7.623393939097714e-7	1.0398382770534407e-15	7.623393939097714e-7
5.684341886080801e-9	7.385162878611908e-7	9.753411197723452e-16	7.385162878611908e-7
5.349968833958401e-9	6.950741533038353e-7	8.766583010079983e-16	6.950741533038353e-7
5.052748343182935e-9	6.564589225803778e-7	7.805509868423025e-16	6.564589225803778e-7
4.786814219857517e-9	6.219084529841987e-7	6.994867814423486e-16	6.219084529841987e-7
4.547473508864641e-9	5.90813030346388e-7	6.303848403543615e-16	5.90813030346388e-7
4.330927151299658e-9	5.626790765302182e-7	5.710564996407641e-16	5.626790765302182e-7
4.1340668262405825e-9	5.371027548783279e-7	5.197681601699345e-16	5.371027548783279e-7
3.9543247903170795e-9	5.137504611954479e-7	4.750246345497175e-16	5.137504611954479e-7
3.7895612573872004e-9	4.923441919855584e-7	4.3583224932027303e-16	4.923441919855584e-7
3.637978807091713e-9	4.726504243119681e-7	4.0131696272149206e-16	4.726504243119681e-7
3.498056545280493e-9	4.5447156184360894e-7	3.707261831846788e-16	4.5447156184360894e-7
3.3684988954552896e-9	4.3763928177996496e-7	3.4356069033282444e-16	4.3763928177996496e-7
3.2481953634747434e-9	4.220093074348136e-7	3.191874609814821e-16	4.220093074348136e-7
3.136188626803201e-9	4.074572623545853e-7	2.9735862486601293e-16	4.074572623545853e-7
3.0316490059097605e-9	3.9387535361281913e-7	2.777594841716669e-16	3.9387535361281913e-7
2.9338538766868654e-9	3.811696970477065e-7	2.599433730733983e-16	3.811696970477065e-7
2.8421709430404003e-9	3.692581440177493e-7	2.4385152567809076e-16	3.692581440177493e-7
2.6749844169792006e-9	3.4753707672825556e-7	2.1914062504882904e-16	3.4753707672825556e-7
2.5263741715914674e-9	3.2822946135838724e-7	1.951618077220034e-16	3.2822946135838724e-7
2.3934071099287583e-9	3.1095422655337784e-7	1.7488768899676692e-16	3.1095422655337784e-7
2.2737367544323206e-9	2.9540651522854175e-7	1.575480079964537e-16	2.9540651522854175e-7
2.165463575649829e-9	2.8133953831537575e-7	1.4278021955534616e-16	2.8133953831537575e-7
2.0670334131202913e-9	2.685513774849937e-7	1.299259778980466e-16	2.685513774849937e-7
1.9771623951585398e-9	2.568752306396991e-7	1.1877225116943755e-16	2.568752306396991e-7
1.8947806286936002e-9	2.461720960313501e-7	1.089419448341738e-16	2.461720960313501e-7
1.8189894035458565e-9	2.3632521219156256e-7	1.003454101502698e-16	2.3632521219156256e-7
1.7490282726402464e-9	2.2723578095472022e-7	9.269769884003039e-17	2.2723578095472022e-7
1.6842494477276448e-9	2.188196409205111e-7	8.58739995836093e-17	2.188196409205111e-7
1.6240976817373717e-9	2.1100465374581168e-7	7.978068419652689e-17	2.1100465374581168e-7
1.5680943134016004e-9	2.0372863120380263e-7	7.43882468334082e-17	2.0372863120380263e-7
1.5158245029548803e-9	1.9693767683116786e-7	6.94074302012279e-17	1.9693767683116786e-7
1.4669269383434327e-9	1.90584848547065e-7	6.500207819363549e-17	1.90584848547065e-7
1.4210854715202002e-9	1.8462907203065653e-7	6.094667320510935e-17	1.8462907203065653e-7
1.3374922084896003e-9	1.737685383832198e-7	5.4801154808248695e-17	1.737685383832198e-7
1.2631870857957337e-9	1.641147306962357e-7	4.877444123268961e-17	1.641147306962357e-7
1.1967035549643792e-9	1.5547711329200428e-7	4.3713917711438884e-17	1.5547711329200428e-7
1.1368683772161603e-9	1.477032576281186e-7	3.940309331189811e-17	1.477032576281186e-7
1.0827317878249145e-9	1.406697691702545e-7	3.5703102201849875e-17	1.406697691702545e-7
1.0335167065601456e-9	1.342756887539543e-7	3.2473433578784093e-17	1.342756887539543e-7
9.885811975792699e-10	1.2843761533034333e-7	2.9701137569966926e-17	1.2843761533034333e-7
9.473903143468001e-10	1.2308604802531772e-7	2.7227427454193333e-17	1.2308604802531772e-7
9.094947017729282e-10	1.1816260610467374e-7	2.5086343038457192e-17	1.1816260610467374e-7
8.745141363201232e-10	1.136178904855847e-7	2.3166342539436307e-17	1.136178904855847e-7
8.421247238638224e-10	1.0940982046789426e-7	2.1484670811180914e-17	1.0940982046789426e-7
8.120488408686859e-10	1.0550232688000926e-7	1.9945185993663042e-17	1.0550232688000926e-7
7.840471567008002e-10	1.0186431560851793e-7	1.8580881347517968e-17	1.0186431560851793e-7
7.579122514774401e-10	9.846883842178008e-8	1.7359961353874872e-17	9.846883842178008e-8
7.334634691717164e-10	9.529242427933327e-8	1.6250522466887157e-17	9.529242427933327e-8
7.105427357601001e-10	9.231453602077592e-8	1.5236681377466347e-17	9.231453602077592e-8
6.687461042448001e-10	8.68842691963786e-8	1.3692285106838097e-17	8.68842691963786e-8
6.315935428978668e-10	8.205736535238267e-8	1.2201620684809937e-17	8.205736535238267e-8
5.983517774821896e-10	7.773855664983204e-8	1.0928490439168544e-17	7.773855664983204e-8
5.684341886080801e-10	7.385162881751908e-8	9.850759191134294e-18	7.385162881751908e-8
5.413658939124572e-10	7.033488458826677e-8	8.921756202718e-18	7.033488458826677e-8
5.167583532800728e-10	6.713784437984263e-8	8.11836790434424e-18	6.713784437984263e-8
4.942905987896349e-10	6.421880766779405e-8	7.425293488648764e-18	6.421880766779405e-8
4.736951571734001e-10	6.154302401507173e-8	6.8108831778323895e-18	6.154302401507173e-8
4.547473508864641e-10	5.9081303054558906e-8	6.26756013252266e-18	5.9081303054558906e-8
4.372570681600616e-10	5.680894524485067e-8	5.795636506798038e-18	5.680894524485067e-8
4.210623619319112e-10	5.470491023585462e-8	5.3711693778373444e-18	5.470491023585462e-8
4.0602442043434293e-10	5.2751163441778295e-8	4.9781926406399326e-18	5.2751163441778295e-8
3.920235783504001e-10	5.0932157805918566e-8	4.657362334234512e-18	5.0932157805918566e-8
3.7895612573872006e-10	4.92344192124347e-8	4.3278351982492605e-18	4.92344192124347e-8
3.667317345858582e-10	4.7646212141116824e-8	4.062626785797795e-18	4.7646212141116824e-8
3.5527136788005004e-10	4.615726801175096e-8	3.813225226198338e-18	4.615726801175096e-8
3.3437305212240007e-10	4.3442134599383624e-8	3.427066088763696e-18	4.3442134599383624e-8
3.157967714489334e-10	4.102868267725484e-8	3.0443936969831373e-18	4.102868267725484e-8
2.991758887410948e-10	3.886927832587458e-8	2.736137081688504e-18	3.886927832587458e-8
2.842170943040401e-10	3.6925814409624474e-8	2.4626909283682684e-18	3.6925814409624474e-8
2.706829469562286e-10	3.516744229491934e-8	2.232450878185618e-18	3.516744229491934e-8
2.583791766400364e-10	3.356892219063657e-8	2.025564226026687e-18	3.356892219063657e-8
2.4714529939481747e-10	3.210940383455206e-8	1.8543066445384894e-18	3.210940383455206e-8
2.3684757858670003e-10	3.0771512008139605e-8	1.7067564153752689e-18	3.0771512008139605e-8
2.2737367544323206e-10	2.9540651527835494e-8	1.5668909375817671e-18	2.9540651527835494e-8
2.186285340800308e-10	2.8404472622938826e-8	1.4468917371933322e-18	2.8404472622938826e-8
2.105311809659556e-10	2.7352455118404186e-8	1.3427962186427076e-18	2.7352455118404186e-8
2.0301221021717146e-10	2.6375581721334204e-8	1.2465753359458284e-18	2.6375581721334204e-8
1.9601178917520005e-10	2.5466078903372007e-8	1.162317014507685e-18	2.5466078903372007e-8
1.8947806286936003e-10	2.4617209606606244e-8	1.0860154132515214e-18	2.4617209606606244e-8
1.833658672929291e-10	2.382310607092041e-8	1.0136314354338904e-18	2.382310607092041e-8
1.7763568394002502e-10	2.307863400621569e-8	9.53304450899934e-19	2.307863400621569e-8
1.6718652606120003e-10	2.172106729998959e-8	8.557688167364728e-19	2.172106729998959e-8
1.578983857244667e-10	2.0514341338894647e-8	7.631032958061327e-19	2.0514341338894647e-8
1.495879443705474e-10	1.9434639163176393e-8	6.840327077663704e-19	1.9434639163176393e-8
1.4210854715202004e-10	1.846290720502821e-8	6.146688980734279e-19	1.846290720502821e-8
1.353414734781143e-10	1.758372114765562e-8	5.571078825168689e-19	1.758372114765562e-8
1.291895883200182e-10	1.6784461095497924e-8	5.073996965763858e-19	1.6784461095497924e-8
1.2357264969740873e-10	1.6054701917440067e-8	4.635789351028139e-19	1.6054701917440067e-8
1.1842378929335001e-10	1.538575600421993e-8	4.2568175928743983e-19	1.538575600421993e-8
1.1368683772161603e-10	1.477032576405676e-8	3.9172154677435827e-19	1.477032576405676e-8
1.093142670400154e-10	1.4202236311598604e-8	3.637416282882554e-19	1.4202236311598604e-8
1.052655904829778e-10	1.3676227559320767e-8	3.336770095021449e-19	1.3676227559320767e-8
1.0150610510858573e-10	1.3187790860778093e-8	3.116427736098208e-19	1.3187790860778093e-8
9.800589458760003e-11	1.273303945178973e-8	2.9159464514071826e-19	1.273303945178973e-8
9.473903143468002e-11	1.2308604803399255e-8	2.694776666932472e-19	1.2308604803399255e-8
9.168293364646455e-11	1.1911553035551524e-8	2.5543421394981987e-19	1.1911553035551524e-8
8.881784197001251e-11	1.1539317003192623e-8	2.3731309887627666e-19	1.1539317003192623e-8
8.359326303060002e-11	1.086053365006964e-8	2.1494211293708101e-19	1.086053365006964e-8
7.894919286223336e-11	1.0257170669513455e-8	1.8927409415283426e-19	1.0257170669513455e-8
7.47939721852737e-11	9.717319581648104e-9	1.715101346748341e-19	9.717319581648104e-9
7.105427357601002e-11	9.2314536025685e-9	1.5467190644036746e-19	9.2314536025685e-9
6.767073673905715e-11	8.791860573876796e-9	1.387735760195089e-19	8.791860573876796e-9
6.45947941600091e-11	8.392230547793464e-9	1.2584298661909855e-19	8.392230547793464e-9
6.178632484870437e-11	8.027350958761044e-9	1.158940883280509e-19	8.027350958761044e-9
5.921189464667501e-11	7.692878002148038e-9	1.0793410693110415e-19	7.692878002148038e-9
5.6843418860808015e-11	7.385162882063133e-9	9.79297928816653e-20	7.385162882063133e-9
5.46571335200077e-11	7.101118155831055e-9	8.992649489723098e-20	7.101118155831055e-9
5.26327952414889e-11	6.83811377969046e-9	8.392507770154732e-20	6.83811377969046e-9
5.0753052554292866e-11	6.593895430416792e-9	7.791162735205922e-20	6.593895430416792e-9
4.9002947293800014e-11	6.366519725920385e-9	7.188597500642402e-20	6.366519725920385e-9
4.736951571734001e-11	6.154302401724342e-9	6.888986932523609e-20	6.154302401724342e-9
4.584146682323227e-11	5.95577651779832e-9	6.385873583076307e-20	5.95577651779832e-9
4.4408920985006255e-11	5.769658501617509e-9	5.882176779405638e-20	5.769658501617509e-9
4.179663151530001e-11	5.430266825053333e-9	5.348670474862756e-20	5.430266825053333e-9
3.947459643111668e-11	5.128585334773668e-9	4.8069133086260265e-20	5.128585334773668e-9
3.739698609263685e-11	4.858659790838762e-9	4.2125731504368176e-20	4.858659790838762e-9
3.552713678800501e-11	4.615726801297715e-9	3.8667605477463973e-20	4.615726801297715e-9
3.383536836952858e-11	4.395930286950714e-9	3.46935285915233e-20	4.395930286950714e-9
3.229739708000455e-11	4.196115273908061e-9	3.171244080855605e-20	4.196115273908061e-9
3.0893162424352184e-11	4.013675479390842e-9	2.92258588065295e-20	4.013675479390842e-9
2.9605947323337503e-11	3.846439001083267e-9	2.673126355218969e-20	3.846439001083267e-9
2.8421709430404007e-11	3.692581441040188e-9	2.4230436553601544e-20	3.692581441040188e-9
2.732856676000385e-11	3.5505590779236706e-9	2.2734014824950128e-20	3.5505590779236706e-9
2.631639762074445e-11	3.4190568898527503e-9	2.1234561679823792e-20	3.4190568898527503e-9
2.5376526277146433e-11	3.2969477152152664e-9	1.922507778199582e-20	3.2969477152152664e-9
2.4501473646900007e-11	3.183259862966779e-9	1.822498821666289e-20	3.183259862966779e-9
2.3684757858670004e-11	3.0771512008680097e-9	1.6715579043488954e-20	3.0771512008680097e-9
2.2920733411616136e-11	2.977888258904731e-9	1.5711526328843296e-20	2.977888258904731e-9
2.2204460492503128e-11	2.8848292508142564e-9	1.5212213841041965e-20	2.8848292508142564e-9
2.0898315757650004e-11	2.71513341253136e-9	1.3496254184065309e-20	2.71513341253136e-9
1.973729821555834e-11	2.5642926673908984e-9	1.176711603909351e-20	2.5642926673908984e-9
1.8698493046318424e-11	2.429329895423226e-9	1.078206765562804e-20	2.429329895423226e-9
1.7763568394002505e-11	2.3078634006521903e-9	9.54142211614852e-21	2.3078634006521903e-9
1.691768418476429e-11	2.1979651434784697e-9	8.799121363912634e-21	2.1979651434784697e-9
1.6148698540002275e-11	2.0980576369567954e-9	7.802391594279534e-21	2.0980576369567954e-9
1.5446581212176092e-11	2.006837739697899e-9	7.054535106001405e-21	2.006837739697899e-9
1.4802973661668752e-11	1.9232195005440133e-9	6.808851721354638e-21	1.9232195005440133e-9
1.4210854715202004e-11	1.8462907205223506e-9	6.309790384331629e-21	1.8462907205223506e-9
1.3664283380001925e-11	1.7752795389638028e-9	5.5574168604685295e-21	1.7752795389638028e-9
1.3158198810372225e-11	1.7095284449281527e-9	5.0558847747789135e-21	1.7095284449281527e-9
1.2688263138573216e-11	1.6484738576094522e-9	5.059066894068382e-21	1.6484738576094522e-9
1.2250736823450003e-11	1.5916299314849332e-9	4.3028987779877706e-21	1.5916299314849332e-9
1.1842378929335002e-11	1.5385756004356344e-9	4.55883710758555e-21	1.5385756004356344e-9
1.1460366705808068e-11	1.4889441294537585e-9	3.801137461770224e-21	1.4889441294537585e-9
1.1102230246251564e-11	1.4424146254084362e-9	3.803097621475292e-21	1.4424146254084362e-9
1.0449157878825002e-11	1.3575667062668037e-9	3.2493087992498683e-21	1.3575667062668037e-9
9.86864910777917e-12	1.2821463336965504e-9	3.129431396750213e-21	1.2821463336965504e-9
9.349246523159212e-12	1.2146649477124903e-9	2.507566372790984e-21	1.2146649477124903e-9
8.881784197001252e-12	1.1539317003269788e-9	2.5108126570234742e-21	1.1539317003269788e-9
8.458842092382144e-12	1.098982571739979e-9	2.1369780262442825e-21	1.098982571739979e-9
8.074349270001138e-12	1.0490288184791225e-9	2.0135214369954765e-21	1.0490288184791225e-9
7.723290606088046e-12	1.0034188698496032e-9	1.763553095470914e-21	1.0034188698496032e-9
7.401486830834376e-12	9.616097502726016e-10	1.765230846989225e-21	9.616097502726016e-10
7.105427357601002e-12	9.231453602616552e-10	1.3881773401321041e-21	9.231453602616552e-10
6.8321416900009626e-12	8.876397694824106e-10	1.3893813912479915e-21	8.876397694824106e-10
6.5790994051861124e-12	8.547642224645892e-10	1.3903064576082526e-21	8.547642224645892e-10
6.344131569286608e-12	8.242369288051473e-10	1.2648834671772674e-21	8.242369288051473e-10
6.125368411725002e-12	7.958149657429041e-10	1.1390983107525558e-21	7.958149657429041e-10
5.921189464667501e-12	7.692878002181397e-10	1.0131580211391646e-21	7.692878002181397e-10
5.730183352904034e-12	7.444720647272616e-10	1.0137020114317704e-21	7.444720647272616e-10
5.551115123125782e-12	7.21207312704528e-10	8.873809696187728e-22	7.21207312704528e-10
5.224578939412501e-12	6.787833531337162e-10	8.748214967812728e-22	6.787833531337162e-10
4.934324553889585e-12	6.410731668484998e-10	6.884285632726691e-22	6.410731668484998e-10
4.674623261579606e-12	6.073324738565064e-10	6.8955028807791955e-22	6.073324738565064e-10
4.440892098500626e-12	5.769658501636764e-10	5.65009929232874e-22	5.769658501636764e-10
4.229421046191072e-12	5.494912858701924e-10	5.656793105661824e-22	5.494912858701924e-10
4.037174635000569e-12	5.245144092397339e-10	5.033964178713443e-22	5.245144092397339e-10
3.861645303044023e-12	5.017094349249649e-10	4.409593352258441e-22	5.017094349249649e-10
3.700743415417188e-12	4.80804875136441e-10	4.413758122154915e-22	4.80804875136441e-10
3.552713678800501e-12	4.6157268013098124e-10	3.7862530142916645e-22	4.6157268013098124e-10
3.4160708450004813e-12	4.438198847413409e-10	3.789435092915023e-22	4.438198847413409e-10
3.2895497025930562e-12	4.273821112323969e-10	3.1594125220996183e-22	4.273821112323969e-10
3.172065784643304e-12	4.121184644026786e-10	3.162792386241602e-22	4.121184644026786e-10
3.062684205862501e-12	3.9790748287154407e-10	2.531563109718648e-22	3.9790748287154407e-10
2.9605947323337505e-12	3.8464390010918436e-10	3.1663138986120807e-22	3.8464390010918436e-10
2.865091676452017e-12	3.7223603236371776e-10	2.5343689929964087e-22	3.7223603236371776e-10
2.775557561562891e-12	3.6060365635234137e-10	1.9018855957770946e-22	3.6060365635234137e-10
2.6122894697062505e-12	3.3939167656692825e-10	2.1871576506862257e-22	3.3939167656692825e-10
2.4671622769447924e-12	3.205365834243229e-10	1.8777510660743308e-22	3.205365834243229e-10
2.337311630789803e-12	3.036662369283059e-10	1.5671998708281903e-22	3.036662369283059e-10
2.220446049250313e-12	2.884829250818977e-10	1.5695505344673758e-22	2.884829250818977e-10
2.114710523095536e-12	2.7474564293513845e-10	1.2568874606384748e-22	2.7474564293513845e-10
2.0185873175002844e-12	2.6225720461991014e-10	1.2585713377901158e-22	2.6225720461991014e-10
1.9308226515220115e-12	2.508547174625275e-10	1.260108790841615e-22	2.508547174625275e-10
1.850371707708594e-12	2.4040243756825126e-10	9.46041942952861e-23	2.4040243756825126e-10
1.7763568394002505e-12	2.3078634006552472e-10	9.46633911511218e-23	2.3078634006552472e-10
1.7080354225002406e-12	2.2190994237069157e-10	6.318273489377138e-23	2.2190994237069157e-10
1.6447748512965281e-12	2.136910556162326e-10	9.481607895196122e-23	2.136910556162326e-10
1.586032892321652e-12	2.060592322013613e-10	6.324511648189118e-23	2.060592322013613e-10
1.5313421029312504e-12	1.9895374143580786e-10	9.494770636647812e-23	1.9895374143580786e-10
1.4802973661668753e-12	1.9232195005460802e-10	6.33418845763467e-23	1.9232195005460802e-10
1.4325458382260085e-12	1.861180161818806e-10	6.336492304573713e-23	1.861180161818806e-10
1.3877787807814455e-12	1.8030182817619853e-10	6.338652161079066e-23	1.8030182817619853e-10
1.3061447348531253e-12	1.6969583828348375e-10	6.24839060951907e-23	1.6969583828348375e-10
1.2335811384723962e-12	1.6026829171217338e-10	3.1326117975933014e-23	1.6026829171217338e-10
1.1686558153949015e-12	1.518331184641704e-10	4.703994319858409e-23	1.518331184641704e-10
1.1102230246251565e-12	1.4424146254095954e-10	3.1396310034712e-23	1.4424146254095954e-10
1.057355261547768e-12	1.37372821467582e-10	3.1426392345617294e-23	1.37372821467582e-10
1.0092936587501422e-12	1.3112860230996595e-10	3.148285629968004e-23	1.3112860230996595e-10
9.654113257610057e-13	1.2542735873127296e-10	3.150655987637758e-23	1.2542735873127296e-10
9.25185853854297e-13	1.2020121878413768e-10	3.1528288155017015e-23	1.2020121878413768e-10
8.881784197001252e-13	1.1539317003277312e-10	3.157390060221626e-23	1.1539317003277312e-10
8.540177112501203e-13	1.1095497118535539e-10	1.5799080739702003e-23	1.1095497118535539e-10
8.223874256482641e-13	1.0684552780812066e-10	1.5807041426448632e-23	1.0684552780812066e-10
7.93016446160826e-13	1.0302961610069262e-10	3.1622558240949264e-23	1.0302961610069262e-10
7.656710514656252e-13	9.947687071790229e-11	6.091201565693705e-27	9.947687071790229e-11
7.401486830834376e-13	9.616097502731444e-11	3.167094228817678e-23	9.616097502731444e-11
7.162729191130043e-13	9.30590080909458e-11	1.5854411497188114e-23	9.30590080909458e-11
6.938893903907227e-13	9.015091408810419e-11	1.585939924045915e-23	9.015091408810419e-11
