# τ	Fs	F	Δζ	ΔG	Δr²
0.0	1.0	1.0	1724.2844664974236	180.30194020802313	0.0
3.125e-7	0.9999838611727643	0.9999884784892494	1723.4425459831784	180.21918111057988	3.125e-7
6.25e-7	0.999967725065134	0.999976958866827	1722.6013405628769	180.13648994836385	6.249158064225343e-7
9.375000000000001e-7	0.9999515941333932	0.9999654428862919	1721.760869414807	180.05386838236888	9.371633305923247e-7
1.25e-6	0.9999354683738562	0.9999539305450469	1720.9211317706456	179.97131634234034	1.2492427226580853e-6
1.5625e-6	0.9999193477824666	0.9999424218402297	1720.0821268613659	179.8888337580144	1.5611541552672393e-6
1.8750000000000003e-6	0.9999032323551722	0.9999309167689817	1719.2438539188229	179.80642055920566	1.8728978008644327e-6
2.1875000000000002e-6	0.9998871220879247	0.9999194153284464	1718.4063121757633	179.72407667580708	2.1844738316856855e-6
2.5e-6	0.9998710169766802	0.9999079175157705	1717.569500865819	179.64180203778974	2.495882419758663e-6
2.8125e-6	0.9998549170173988	0.9998964233281037	1716.7334192235091	179.55959657520305	2.8071237369029446e-6
3.125e-6	0.9998388222060449	0.9998849327625986	1715.8980664842277	179.47746021817443	3.118197954730297e-6
3.4375e-6	0.9998227325385868	0.9998734458164108	1715.0634418842606	179.39539289690916	3.4291052446449426e-6
3.7500000000000005e-6	0.9998066480109972	0.9998619624866986	1714.2295446607725	179.31339454169043	3.7398457778438296e-6
4.0625000000000005e-6	0.9997905686192526	0.9998504827706235	1713.396374051805	179.2314650828794	4.050419725316902e-6
4.3750000000000005e-6	0.9997744943593341	0.9998390066653497	1712.5639292962826	179.14960445091467	4.360827257847369e-6
4.6875000000000004e-6	0.9997584252272264	0.9998275341680445	1711.7322096340113	179.06781257631252	4.671068546011973e-6
5.0e-6	0.9997423612189187	0.9998160652758777	1710.9012143056625	178.9860893896667	4.981143760181258e-6
5.3125e-6	0.9997263056514497	0.9998046023394667	1710.0710829534005	178.9044479375124	5.2909427192753874e-6
5.625e-6	0.999710256303205	0.9997931437844986	1709.241720925848	178.82287938008076	5.600539326544729e-6
5.9375e-6	0.9996942124309085	0.9997816890842716	1708.413096177585	178.74138072555866	5.909958333654248e-6
6.25e-6	0.9996781737841174	0.9997702380613243	1707.5851975265998	178.65995093095225	6.219208105324688e-6
6.5625e-6	0.9996621402766875	0.999758790654625	1706.758020743983	178.57858960274226	6.5282915428437615e-6
6.875e-6	0.9996461118772506	0.999747346841957	1705.9315639184663	178.4972965638911	6.8372097258914784e-6
7.1875e-6	0.9996300885727	0.999735906614045	1705.1058259116876	178.4160717095526	7.14596312670041e-6
7.500000000000001e-6	0.9996140703560209	0.9997244699659305	1704.2808058434307	178.3349149589886	7.454552014848712e-6
7.8125e-6	0.9995980572222319	0.9997130368940951	1703.4565029200742	178.25382623954573	7.762976592215592e-6
8.125000000000001e-6	0.9995820491670313	0.9997016073955033	1702.6329163774358	178.17280548131592	8.07123703797471e-6
8.4375e-6	0.9995660461863477	0.9996901814672816	1701.8100454617208	178.09185261535663	8.379333523594873e-6
8.750000000000001e-6	0.9995500482761893	0.9996787591066131	1700.9878894231583	178.01096757309793	8.687266217841312e-6
9.0625e-6	0.999534055432592	0.9996673403107018	1700.1664475139175	177.930150286145	8.995035288443282e-6
9.375000000000001e-6	0.9995180676516054	0.9996559250767599	1699.34571898736	177.849400686212	9.302640902650187e-6
9.6875e-6	0.9995020849292844	0.9996445134020051	1698.5257030978385	177.7687187051	9.610083227417152e-6
1.0e-5	0.9994861072616905	0.9996331052836579	1697.706399100596	177.68810427468986	9.917362429467087e-6
1.0625e-5	0.9994541670697247	0.9996102997013987	1696.0699235253137	177.52707776844602	1.053143235227431e-5
1.125e-5	0.9994222470477765	0.9995875083102762	1694.4362865107125	177.36632064112644	1.1144851852595712e-5
1.1875e-5	0.9993903471656467	0.999564731088983	1692.8054821929913	177.20583235620177	1.1757622207493862e-5
1.25e-5	0.9993584673924238	0.9995419680157107	1691.177504679808	177.04561237455758	1.2369744723731928e-5
1.3125e-5	0.999326607696999	0.999519219068511	1689.5523480783563	176.88566015701878	1.2981220715889587e-5
1.375e-5	0.9992947680482438	0.9994964842254214	1687.9300065047414	176.72597516519093	1.3592051499001262e-5
1.4375e-5	0.9992629484150626	0.9994737634645026	1686.3104740870313	176.5665568617363	1.4202238386177588e-5
1.5000000000000002e-5	0.9992311487664142	0.9994510567638552	1684.6937449662987	176.40740471046618	1.4811782687746411e-5
1.5625e-5	0.9991993690713166	0.9994283641016201	1683.079813296906	176.24851817636753	1.542068571104319e-5
1.6250000000000002e-5	0.9991676092988518	0.9994056854559837	1681.4686732466096	176.08989672561222	1.602894876027517e-5
1.6875e-5	0.9991358694181629	0.9993830208051758	1679.860318996548	175.93153982555594	1.6636573136552826e-5
1.7500000000000002e-5	0.999104149398456	0.999360370127471	1678.2547447412367	175.77344694473805	1.724356013783453e-5
1.8125e-5	0.9990724492089998	0.9993377334011875	1676.6519446885238	175.61561755287786	1.7849911058984664e-5
1.8750000000000002e-5	0.9990407688191267	0.9993151106046883	1675.0519130595785	175.4580511208733	1.8455627191727304e-5
1.9375e-5	0.9990091081982302	0.9992925017163797	1673.4546440888391	175.30074712079661	1.9060709824707107e-5
2.0e-5	0.998977467315767	0.9992699067147133	1671.8601320239936	175.1437050258931	1.9665160243444083e-5
2.125e-5	0.9989142446039732	0.9992247582568975	1668.679353491565	174.83040425448354	2.0872171259427503e-5
2.25e-5	0.9988511004677392	0.9991796650788441	1665.509533178953	174.51814474832653	2.2076669320367732e-5
2.375e-5	0.998788034673967	0.9991346270161002	1662.3506260308302	174.20692237935444	2.3278664219266414e-5
2.5e-5	0.9987250469845386	0.999089643900672	1659.202586874041	173.89673300860247	2.44781659537301e-5
2.625e-5	0.998662137160288	0.9990447155638261	1656.0653706343119	173.58757250570835	2.5675184557904262e-5
2.75e-5	0.9985993049623735	0.9989998418370588	1652.9389324080773	173.27943675538063	2.6869730045456104e-5
2.875e-5	0.9985365501526788	0.9989550225523791	1649.8232274853633	172.97232165945988	2.8061812391840087e-5
3.0000000000000004e-5	0.9984738724939989	0.9989102575424409	1646.71821135711	172.66622313758168	2.9251441527430477e-5
3.125e-5	0.9984112717500451	0.9988655466405426	1643.6238397165553	172.36113712730577	3.0438627336508935e-5
3.2500000000000004e-5	0.9983487476854964	0.9988208896806684	1640.5400684594217	172.0570595841365	3.162337965597811e-5
3.375e-5	0.9982863000659618	0.998776286497458	1637.4668536829497	171.7539864814386	3.280570827620437e-5
3.5000000000000004e-5	0.9982239286580155	0.9987317369262332	1634.4041516852672	171.45191381038697	3.3985622940353246e-5
3.625e-5	0.9981616332291569	0.9986872408029684	1631.3519189641916	171.15083757985988	3.5163133345433066e-5
3.7500000000000003e-5	0.9980994135478437	0.9986427979643155	1628.3101122165235	170.8507538163813	3.633824914170048e-5
3.875e-5	0.9980372693834483	0.9985984082475723	1625.2786883368153	170.55165856401285	3.751097993372095e-5
4.0e-5	0.9979752005062927	0.9985540714907074	1622.2576044166728	170.25354788429547	3.8681335279783e-5
4.25e-5	0.9978512873996491	0.9984655560001491	1616.2462696826703	169.66026312172585	4.1014970094806796e-5
4.5e-5	0.9977276726122764	0.9983772503528519	1610.2757796879623	169.07086936231295	4.3339220664423514e-5
4.75e-5	0.9976043544073621	0.9982891533235565	1604.3458018215183	168.4853360492026	4.565415900472701e-5
5.0e-5	0.9974813310176889	0.9982012636655718	1598.4560040834879	167.90363267642195	4.7959858300171055e-5
5.25e-5	0.997358600675009	0.9981135801314868	1592.6060566871045	167.3257289334217	5.0256391667121744e-5
5.5e-5	0.9972361616205748	0.9980261014806066	1586.795632577337	166.75159475196892	5.2543831728747434e-5
5.75e-5	0.9971140121077505	0.9979388264807884	1581.0244075786513	166.18120031956224	5.4822250494925886e-5
6.000000000000001e-5	0.9969921504036121	0.9978517539095766	1575.2920604303263	165.6145160827497	5.709171930983834e-5
6.25e-5	0.9968705747885902	0.9977648825539411	1569.5982727739777	165.05151274609443	5.9352308856043195e-5
6.500000000000001e-5	0.9967492835570685	0.9976782112107095	1563.9427291359063	164.49216127071404	6.16040891435655e-5
6.75e-5	0.9966282750167039	0.9975917386860798	1558.3251168974505	163.93643287169647	6.384712952757823e-5
7.000000000000001e-5	0.9965075474889136	0.9975054637959683	1552.7451262719474	163.38429901614907	6.608149870208128e-5
7.25e-5	0.9963870993081635	0.9974193853655037	1547.2024502737336	162.8357314204895	6.830726471887399e-5
7.500000000000001e-5	0.9962669288224405	0.9973335022293667	1541.6967846949603	162.29070204847827	7.052449498171353e-5
7.75e-5	0.9961470343925469	0.9972478132312824	1536.2278280749795	161.7491831085417	7.273325626520948e-5
8.0e-5	0.9960274143925645	0.9971623172243587	1530.795281677589	161.2111470518386	7.493361470900547e-5
8.5e-5	0.995788989163324	0.9969918981751161	1520.0381275026025	160.14540456924254	7.930946871921521e-5
9.0e-5	0.995551641814892	0.9968222370968327	1509.4230634096384	159.09326600605976	8.365251530817928e-5
9.5e-5	0.995315360269082	0.9966533254699941	1498.9478205010116	158.05452179548195	8.796324219412445e-5
0.0001	0.9950801323304828	0.9964851546926669	1488.6101537687287	157.02896448055805	9.224214056967213e-5
0.000105	0.9948459458861938	0.9963177162212167	1478.4078527733784	156.01638968417953	9.648969680642014e-5
0.00011	0.9946127889821604	0.9961510016242712	1468.3387447531836	155.01659639376308	0.00010070638955446741
0.000115	0.9943806498346275	0.9959850025906583	1458.4006950810026	154.029387005295	0.0001048926891423414
0.00012000000000000002	0.9941495168434668	0.9958197109389347	1448.5916069991924	153.0545673023924	0.0001090490572482695
0.000125	0.9939193785828965	0.995655118610704	1438.909420979155	152.09194640084226	0.00011317594715054606
0.00013000000000000002	0.9936902238077518	0.995491217675167	1429.3521141096444	151.14133669611005	0.00011727380368237358
0.000135	0.9934620414421457	0.9953280003209889	1419.917699362351	150.20255379921022	0.00012134306356800865
0.00014000000000000001	0.993234820584915	0.9951654588602686	1410.6042249657926	149.27541648273333	0.00012538415540567482
0.000145	0.9930085504982964	0.9950035857204195	1401.4097736862477	148.35974661795132	0.0001293975000043548
0.00015000000000000001	0.992783220613246	0.994842373448044	1392.3324622228063	147.4553691225898	0.00013338351036644685
0.000155	0.9925588205183553	0.9946818147009884	1383.370440514631	146.56211190017137	0.00013734259201600551
0.00016	0.9923353399651185	0.9945219022521785	1374.5218911601223	145.67980578981	0.0001412751429781899
0.00017	0.9918910847055803	0.9942039790348746	1357.1574455974958	143.9473247624334	0.00014906269132587504
0.00018	0.991450384829191	0.9938885544294652	1340.2256971728016	142.25667333640553	0.00015674884872687202
0.00019	0.9910131666934833	0.9935755765074777	1323.7133762528522	140.60661274083887	0.00016433643303106026
0.0002	0.9905793570156862	0.9932649935976897	1307.607572389772	138.995936485348	0.00017182823362975718
0.00021	0.9901488839978672	0.992956755077139	1291.8957880283378	137.42347533201325	0.00017922696626215023
0.00022	0.9897216778110632	0.9926508117141307	1276.5659462342264	135.88809806495996	0.00018653525708767587
0.00023	0.9892976705550076	0.9923471156378619	1261.6063818327348	134.3887107380224	0.0001937556431190311
0.00024000000000000003	0.9888767963503146	0.9920456204051238	1247.0058292478789	132.92425562133167	0.0002008905714982956
0.00025	0.9884589911761715	0.9917462808839855	1232.753407923322	131.4937099201017	0.00020794240471712756
0.00026000000000000003	0.9880441929195598	0.991449053290171	1218.838609001231	130.09608460825453	0.0002149134214155597
0.00027	0.9876323412071606	0.9911538950667288	1205.251281143235	128.7304231773291	0.00022180582182252227
0.00028000000000000003	0.9872233774504644	0.9908607649174663	1191.9816180104406	127.39580053684288	0.00022862172855791954
0.00029	0.9868172446844323	0.9905696226914393	1179.0201450708882	126.09132184750547	0.00023536319180303379
0.00030000000000000003	0.9864138876126554	0.9902804294163791	1166.3577080204375	124.81612150173163	0.0002420321899524158
0.00031	0.9860132524537353	0.9899931471886811	1153.9854605666153	123.56936204085079	0.00024863063448029237
0.00032	0.9856152869868007	0.9897077392070395	1141.89485373753	122.35023321155852	0.0002551603704407059
0.00034	0.9848271048973853	0.9891423626348183	1118.5228648541479	119.99148407379606	0.0002680227976120326
0.00036	0.9840489957057774	0.9885840561212847	1096.1812198980392	117.7341164394867	0.00028063146434643065
0.00038	0.9832806048678071	0.9880325698446325	1074.811893302225	115.57260092885562	0.00029299853144756135
0.0004	0.9825215884909292	0.9874876615301191	1054.3601567098954	113.50171159979885	0.00030513566730159457
0.00042	0.9817716172913452	0.986949099208713	1034.774656786256	111.51653416454106	0.0003170539031461844
0.00044	0.9810303789021254	0.9864166628624533	1016.0072889273921	109.61245509342194	0.00032876358243984254
0.00046	0.9802975762719087	0.9858901432719058	998.0129986099001	107.78514389823678	0.00034027441344924777
0.00048000000000000007	0.9795729280893507	0.9853693423346568	980.7495864330194	106.03053566227892	0.0003515954822380604
0.0005	0.9788561667578043	0.9848540716160116	964.177508869987	104.34481308790613	0.0003627353193912129
0.0005200000000000001	0.9781470386546769	0.9843441525504014	948.2597018823895	102.72439058500042	0.00037370191548083073
0.00054	0.9774453022371223	0.9838394150858457	932.961406438995	101.16589847163667	0.0003845027822348245
0.0005600000000000001	0.9767507283186494	0.9833396978966312	918.2500162114584	99.66616916550042	0.00039514496438484205
0.00058	0.9760630983477111	0.9828448471508884	904.0949269499433	98.22222348322403	0.0004056350940256862
0.0006000000000000001	0.9753822047126486	0.9823547167423654	890.4674055926085	96.83125871499082	0.00041597939887655193
0.00062	0.9747078491798983	0.9818691671716574	877.3404603196246	95.49063675225014	0.0004261837505296106
0.00064	0.9740398432208062	0.9813880657925588	864.6887280283112	94.1978737852378	0.00043625366972705197
0.00068	0.9727219933786665	0.9804385841778526	840.7089292160668	91.74592840185007	0.00045601539843311326
0.00072	0.9714274537425711	0.9795054265852039	818.3608647191918	89.45895887037048	0.00047529877716687065
0.00076	0.9701550373289707	0.9785877581301076	797.4920494561995	87.32190333191272	0.0004941367970229425
0.0008	0.9689036348042843	0.9776847988988033	777.9657699106394	85.32121307004095	0.0005125596543048687
0.00084	0.9676722141826567	0.9767958234420567	759.6600039333664	83.44475541206167	0.0005305948135378461
0.00088	0.9664598283848476	0.9759201662665467	742.4659467765089	81.68167651637914	0.0005482669616241266
0.00092	0.9652655995071546	0.9750572105418482	726.2864568809464	80.02225569431288	0.0005655984890141246
0.0009600000000000001	0.9640887208621735	0.9742063897076988	711.0347093534755	78.45777826570973	0.0005826095614205924
0.001	0.9629284421449237	0.9733671768426577	696.6329414077294	76.9804168320378	0.0005993185545502745
0.0010400000000000001	0.9617840713725048	0.9725390861873401	683.0114114987063	75.58313205850625	0.0006157420964809712
0.00108	0.9606549622772024	0.9717216641022488	670.1074364307973	74.2595808051493	0.0006318954243389462
0.0011200000000000001	0.959540516539385	0.9709144907839145	657.864599801187	73.00403999183683	0.0006477923945151993
0.00116	0.9584401731428354	0.9701171726220107	646.2320143251952	71.81133567436602	0.0006634457743730256
0.0012000000000000001	0.9573534107896158	0.9693293440310037	635.1637186457926	70.67678451715447	0.0006788672300208228
0.00124	0.9562797388632771	0.9685506609546392	624.6181095448025	69.59613880548825	0.0006940675670378157
0.00128	0.9552186999079936	0.9677808027313388	614.5574801724084	68.56554125811478	0.000709056703857432
0.00136	0.9531325410085834	0.9662661753463296	595.7462225504725	66.639651003127	0.0007384412463360468
0.00144	0.9510920421021768	0.9647834342368233	578.5021919380173	64.87569767426068	0.0007670828138100872
0.00152	0.949094450803772	0.9633306507887344	562.6290213819652	63.25345322427058	0.0007950381365319074
0.0016	0.9471372800937823	0.9619060841683015	547.9601666854376	61.755725993672606	0.0008223569513100965
0.00168	0.9452182534916928	0.9605081409917937	534.3545032866818	60.3679227033441	0.0008490837572546867
0.00176	0.943335330077696	0.9591353939791183	521.6921985177715	59.07763179486166	0.0008752575193724956
0.00184	0.9414866372158073	0.9577865334513386	509.8709066106189	57.874240737926534	0.0009009133650164706
0.0019200000000000003	0.9396704853338966	0.9564603787249337	498.8028485966794	56.74863821733097	0.000926082346228205
0.002	0.9378853133565614	0.9551558387804532	488.4122574591533	55.69295520397226	0.0009507927513059924
0.0020800000000000003	0.9361297023924356	0.9538719227552723	478.633471032768	54.700368599736244	0.0009750698290142129
0.00216	0.9344023328425766	0.9526077089786708	469.4092387175722	53.76492859955078	0.000998936794573882
0.0022400000000000002	0.9327019973141444	0.9513623547990532	460.68946803531423	52.881428559953925	0.001022414542972346
0.00232	0.931027566569823	0.950135071957373	452.43008257148193	52.0452880632416	0.0010455224350307969
0.0024000000000000002	0.9293780013828655	0.948925135567454	444.5921826138833	51.25246516295988	0.0010682780215535246
0.00248	0.9277523251195304	0.9477318642514609	437.1412582358515	50.49937559229775	0.001090697669588008
0.00256	0.9261496344172914	0.9465546282070264	430.0466160078431	49.78283247624913	0.0011127963075154674
0.00272	0.9230096654086719	0.9442457999241123	416.81053410401364	48.44738454696485	0.0011560810260615307
0.00288	0.9199521571026096	0.941994506341083	404.70586229744845	47.22765565442092	0.0011982345749562042
0.00304	0.9169716419979127	0.9397969341709854	393.5821275492734	46.10806609010644	0.0012393461048462538
0.0032	0.9140632818910617	0.9376497147986587	383.314146886101	45.07567020837269	0.0012794914129556298
0.00336	0.9112226729746772	0.9355497809717926	373.79743968780735	44.119680590145826	0.0013187384865858557
0.00352	0.9084459034950616	0.9334944114435233	364.9444962099885	43.2310735588372	0.0013571463607422603
0.00368	0.9057293904783097	0.9314811122692265	356.6813191349444	42.40223148359647	0.0013947687765506651
0.0038400000000000005	0.9030699218401033	0.9295076500841545	348.9450221443165	41.6266891473751	0.0014316530156313516
0.004	0.900464533515725	0.9275719626815249	341.6816627076745	40.89891018765935	0.0014678425463638728
0.0041600000000000005	0.8979105455391395	0.9256721874100997	334.84477611721684	40.21413212474294	0.0015033759971113888
0.00432	0.8954054689735911	0.9238065932544295	328.39400480231967	39.56822536759452	0.001538289153790967
0.0044800000000000005	0.8929470370392623	0.9219736052260981	322.2941818812771	38.95759624073312	0.0015726140821617999
0.00464	0.8905331331664561	0.9201717517068269	316.5144352194813	38.37909510689891	0.0016063806768307199
0.0048000000000000004	0.8881618176990311	0.918399685318837	311.0275959658047	37.8299537386715	0.0016396159149767735
0.00496	0.8858312711939581	0.9166561413096476	305.8095936918142	37.30772348840531	0.0016723450824723206
0.00512	0.8835398172981832	0.9149399554087334	300.83906340334136	36.81023365674242	0.0017045911382897736
0.00544	0.8790684998789156	0.9115857386874683	291.56168827204107	35.8814203872164	0.0017676925736647214
0.00576	0.8747361540733599	0.9083288751517397	283.0704687060279	35.03092532998708	0.0018290974198263558
0.00608	0.87053254117588	0.9051622394664399	275.2605651394426	34.24817801600363	0.0018889472252234974
0.0064	0.8664488114786586	0.902079686838656	268.04514473798184	33.52442960700138	0.0019473577256788226
0.00672	0.8624769960866496	0.8990756783477302	261.3518156151009	32.85240076929866	0.002004432430539593
0.00704	0.8586100680057592	0.8961453362800522	255.1200398950666	32.226016105039626	0.0020602606769306257
0.00736	0.8548416212660035	0.8932842078955096	249.29861697779484	31.640149001480705	0.0021149243108954437
0.007680000000000001	0.8511659418754088	0.8904883260407687	243.84406645167857	31.090454355854884	0.0021684950178963353
0.008	0.8475777788682106	0.8877540398874866	238.71906724107637	30.57321031465566	0.002221039019482098
0.008320000000000001	0.8440724071257631	0.8850780677715337	233.89148276748554	30.085217720626147	0.0022726148439934386
0.00864	0.8406454564407048	0.8824573702144319	229.33337560560187	29.623700525738602	0.002323276908885114
0.008960000000000001	0.8372929651516996	0.879889194699658	225.020403387566	29.186243782706182	0.0023730736929652475
0.00928	0.8340112491690204	0.8773709779245598	220.93117453322512	28.770728719639216	0.002422050532479603
0.009600000000000001	0.8307969475507935	0.874900383688888	217.04686124982396	28.375293231319556	0.002470248101942467
0.00992	0.8276469201136822	0.8724752261351083	213.35076412449996	27.99828809241187	0.002517704634893659
0.01024	0.8245582862205963	0.8700935019163125	209.828056720958	27.63825103751061	0.002564454647809482
0.01088	0.8185575823328495	0.8654551634862848	203.25258574858296	26.963981152953835	0.0026558841217656564
0.01152	0.8127727913804488	0.8609699325447419	197.22888398874775	26.343663255017365	0.0027448469072946726
0.01216	0.8071861979734526	0.8566254294127196	191.68300609450355	25.770065443214644	0.0028315599808119126
0.0128	0.8017829889188065	0.8524113326311837	186.5544521079921	25.2372532417134	0.002916192574530291
0.01344	0.796549993724401	0.8483184462858224	181.79284564632425	24.74029025209163	0.0029988965208570923
0.01408	0.7914756728611763	0.8443387239860999	177.35601307204485	24.275054767792856	0.003079802559977307
0.01472	0.7865495540930663	0.8404648446827235	173.2081896592198	23.838058623191998	0.003159031521270078
0.015360000000000002	0.7817623405169062	0.8366903162810574	169.31894771875798	23.426341281100253	0.003236688696480238
0.016	0.7771055268979239	0.8330091841819133	165.66210881888506	23.03735918277248	0.003312871876427048
0.016640000000000002	0.7725714972370727	0.8294161219637736	162.21510015961366	22.668923275927543	0.0033876669254596296
0.01728	0.7681532391896216	0.8259062128757347	158.95826323611755	22.319128782755705	0.0034611540427686807
0.017920000000000002	0.7638444263430711	0.8224750255225901	155.87445300732875	21.986317074552485	0.0035334042034660122
0.01856	0.7596392004221207	0.8191184460589654	152.9485826573973	21.66902931761737	0.003604484082668369
0.019200000000000002	0.7555322411571014	0.8158327419513135	150.16736589983816	21.365982451544134	0.003674453115884041
0.01984	0.7515185971475046	0.8126144307641024	147.51900735720224	21.076037518657674	0.003743367428671619
0.02048	0.7475937454719126	0.8094603342498228	144.99303201047397	20.798184115134244	0.003811277375838224
0.02176	0.7400027410501258	0.8033397329496936	140.27862555196796	20.275725809704554	0.003944084323144668
0.02304	0.7327201466054497	0.7974431222122572	135.9523484602843	19.791937108067497	0.00407341482238151
0.02432	0.7257180316377718	0.7917506901950393	131.96129975495515	19.3417070270391	0.004199587791900324
0.0256	0.7189739308922658	0.7862465629801512	128.2632602011095	18.920928380620346	0.004322841095094339
0.02688	0.7124680372727616	0.7809166948578763	124.82312883965683	18.52618594039135	0.004443391953840508
0.02816	0.706183033658795	0.7757488204073231	121.61144943161614	18.154621671759834	0.004561427747499591
0.02944	0.7001032321578036	0.7707317800143502	118.60318276431136	17.80380291292954	0.0046771238046977755
0.030720000000000004	0.6942147498241183	0.7658557069483123	115.77700812119403	17.471658719420518	0.004790632021476126
0.032	0.688504931510767	0.7611115687550954	113.11457233939613	17.1564003130602	0.004902094544782648
0.033280000000000004	0.6829624938792853	0.7564913188429677	110.60005522223537	16.856484215883377	0.005011635266191369
0.03456	0.6775770911568545	0.7519875485304158	108.21968029635053	16.57056053937491	0.00511937067362061
0.035840000000000004	0.6723394315161774	0.7475936091364851	105.96143989080814	16.297450847097338	0.005225403079001993
0.03712	0.6672409469005377	0.743303344901356	103.81476994382956	16.036113359501876	0.005329829199431476
0.038400000000000004	0.6622738908195472	0.7391111945043304	101.77037297480713	15.785629410171609	0.005432734593062415
0.03968	0.6574310837735167	0.7350119831193116	99.81999598437704	15.545179287493118	0.0055342005370554535
0.04096	0.6527059962755529	0.7310010078179175	97.95631366179872	15.314033807273995	0.0056342993917036935
0.04352	0.6436041267275607	0.7232411503263841	94.47354853737431	14.877993324567685	0.0058302982761117795
0.04608	0.634904382391615	0.7157846487604044	91.26480101232677	14.471991442411042	0.006021640921941515
0.04864	0.6265670626412715	0.7086024542148267	88.29329885701345	14.092233981819112	0.0062087759678058465
0.0512	0.6185613763205845	0.7016721505231472	85.53029782918347	13.735734415638278	0.0063920286928041015
0.05376	0.610860221572387	0.6949739004012038	82.95167418436745	13.399981260443207	0.006571705151548925
0.05632	0.6034398887621548	0.6884903671664117	80.53700775849713	13.082848261420947	0.006748068848914416
0.05888	0.5962789565907342	0.6822057863219672	78.26884359758282	12.782501426503867	0.006921368968270204
0.06144000000000001	0.589358558267738	0.6761062826580138	76.13227254443545	12.497366602906824	0.007091818913534783
0.064	0.582661598138671	0.6701792049383708	74.11442535750032	12.226070391241935	0.007259619816726108
0.06656000000000001	0.5761729278821194	0.6644133507954841	72.2041868237627	11.967420379033836	0.007424944794064349
0.06912	0.5698787461299374	0.6587984526107886	70.39185480579289	11.720364803830277	0.007587957743440577
0.07168000000000001	0.5637667347485263	0.6533253531123443	68.66895695167821	11.483980701098018	0.0077488007751341575
0.07424	0.5578256044718702	0.6479856112082827	67.0280218934712	11.257445955545931	0.007907609172566768
0.07680000000000001	0.5520452104613023	0.6427716476540019	65.46246168291897	11.040032339258767	0.008064501037851288
0.07936	0.5464162046127724	0.6376764392528984	63.96641441296708	10.831085650688305	0.008219589374354321
0.08192	0.5409301350218939	0.6326936416579642	62.53466723525823	10.63002166127156	0.008372973430926056
0.08704	0.5303883871338332	0.6230682405739257	59.856690235876115	10.250612543512942	0.008674388710480051
0.09216	0.5203267243550086	0.6138235003905077	57.38202789048094	9.896762926246163	0.008970150210494039
0.09728	0.5106960285188946	0.6049217158576844	55.085060167425205	9.565404480952365	0.009260842126925753
0.1024	0.5014592124263257	0.5963346413107645	52.94568344377789	9.25414284640042	0.009546883312088542
0.10752	0.49258333288489486	0.5880370119053705	50.946633273913406	8.960925480915582	0.009828684194302986
0.11264	0.48403950803324425	0.5800067220039711	49.07311985453	8.683993443842576	0.01010659185805518
0.11776	0.4758017158699468	0.5722236850063105	47.31240628004045	8.421813409290195	0.010380939310489699
0.12288000000000002	0.4678471875780082	0.5646703545513461	45.65356158016295	8.173062727113965	0.010652004415774095
0.128	0.46015540585372205	0.5573307905834687	44.08709956089081	7.936579568083486	0.010920052928840627
0.13312000000000002	0.4527083221266173	0.550190998052172	42.60479387876031	7.711352027967496	0.011185307401286712
0.13824	0.4454895735709419	0.5432381908893423	41.19942715406211	7.496482499210304	0.011447981958609894
0.14336000000000002	0.4384846555067148	0.5364610601297735	39.86467287771391	7.291181362127418	0.011708256959354145
0.14848	0.4316803278214211	0.5298492062729189	38.59492394171802	7.094741691577907	0.011966307163241515
0.15360000000000001	0.4250647684979256	0.523393366683416	37.385218375194896	6.906536032001518	0.01222228052437117
0.15872	0.41862711802260155	0.5170849721481386	36.23111917132003	6.725998050105261	0.012476321368765196
0.16384	0.41235761648014396	0.5109163421142001	35.12866691251536	6.5526211109775305	0.012728552404691328
0.17408	0.4003366562899843	0.49901251331693697	33.07517697985945	6.226786226386934	0.013227169943620798
0.18432	0.3888769961409793	0.48757988123468343	31.18545348887054	5.924224001365126	0.013720045793448031
0.19456	0.37792551200153557	0.47657545401010964	29.440674422052112	5.642319679194791	0.014207859687291905
0.2048	0.36744246002426534	0.46596763402510966	27.825542699899344	5.379008595503899	0.014691084972725952
0.21504	0.35739141463607266	0.4557272162401117	26.32653980579817	5.132477859463023	0.015170219283611177
0.22528	0.3477402352540643	0.4458285867256586	24.931959932871308	4.901159228539576	0.015645656633545897
0.23552	0.33845980347699717	0.4362482866418747	23.63162441289313	4.683673019598218	0.01611779276100918
0.24576000000000003	0.32952474322155983	0.4269659942384208	22.41673951555558	4.478824341356685	0.01658693391075534
0.256	0.3209120941742146	0.41796313428786414	21.279603220715593	4.285555214783171	0.017053388513420146
0.26624000000000003	0.31260173043574685	0.4092235323329513	20.21349287236838	4.102940521633945	0.017517394323487718
0.27648	0.3045753033865171	0.4007322977437837	19.212457318104267	3.9301530682600556	0.017979193884340418
0.28672000000000003	0.29681658636797253	0.3924763551741596	18.271247133410284	3.76646216457578	0.018438973666123768
0.29696	0.2893106603369003	0.3844435675969885	17.385169485319683	3.611208409320429	0.0188969267554964
0.30720000000000003	0.2820442203780902	0.37662319120913496	16.55004653797448	3.4638040511928754	0.019353200985325315
0.31744	0.2750049387616713	0.3690051767623969	15.762109257010254	3.3237143929204653	0.01980795180305254
0.32768	0.2681817374372899	0.36158056241658215	15.017981858872945	3.190459063839547	0.020261297534532083
0.34816	0.2552171003275589	0.3473478986834819	13.658263892626415	2.943949128175895	0.021163118736762247
0.36864	0.24297795406285386	0.3337752473809187	12.435811447204944	2.719499872492175	0.02206086320824077
0.38912	0.23140807086048013	0.32081564905019	11.334999020131056	2.5146675855175515	0.022955169007339443
0.4096	0.2204633612137783	0.3084337492581801	10.342331089826313	2.3274424119197765	0.023846390368225757
0.43008	0.21010040681146577	0.29659404908294	9.445624850209175	2.1560152257038876	0.024735009258683882
0.45056	0.2002799785582513	0.2852647528888984	8.634276275523538	1.9988077877793347	0.02562131434611038
0.47104	0.19096555888077768	0.2744157064749546	7.899000722134369	1.8544193016698527	0.02650567293569116
0.49152000000000007	0.18212485934605535	0.26402049252134996	7.231748928409265	1.7216300298001064	0.027388289852638505
0.512	0.1737279180427051	0.25405416922111485	6.625440601306276	1.5993524230861398	0.02826943856803781
0.5324800000000001	0.1657480606253554	0.2444947205780026	6.0738880011487275	1.4866317053547098	0.029149262321389233
0.55296	0.15816037077070194	0.23532122605421912	5.571607313054501	1.3826103415323658	0.0300279666887988
0.5734400000000001	0.15094245484127405	0.22651502096260778	5.113768752614405	1.2865293053394864	0.030905651821676684
0.59392	0.14407325341027075	0.2180582483261907	4.696063906175872	1.197702466491027	0.031782474547437795
0.6144000000000001	0.1375336824277141	0.2099348237535772	4.314673921099793	1.1155183228634793	0.03265850491923274
0.63488	0.13130569749821447	0.20212927594054214	3.9661740373024106	1.039421186379618	0.033533864253176025
0.65536	0.12537283139718863	0.19462755316369332	3.6475113556399683	0.9689129484469907	0.034408601414558
0.69632	0.1144338111439139	0.1805944892803475	3.0946461365356104	0.8438133840314693	0.03615512797966301
0.73728	0.10445406481378937	0.16757963729573822	2.6279304727850725	0.7356633402019744	0.03790021669630507
0.77824	0.09535393355520376	0.15551185103170034	2.234231809708668	0.6420623734556273	0.039644270788520876
0.8192	0.08706179974089932	0.14432868692544473	1.9020646549354445	0.5609927848730171	0.04138721355809789
0.86016	0.07950502220917047	0.13396422151599294	1.6214744068249072	0.4906808064456227	0.0431293985561811
0.90112	0.07261733662398284	0.12435779163559034	1.384153144696717	0.429620992112611	0.044870792913621504
0.94208	0.06633717846306093	0.11545135044777177	1.1831462785590823	0.37652033871526225	0.046611668635268784
0.9830400000000001	0.06060980350882636	0.10719290817894764	1.0126848934006725	0.330286181451487	0.04835198248974048
1.024	0.055384814931413805	0.09953332925852962	0.8679379453524089	0.28997927024735093	0.05009193714979838
1.0649600000000001	0.05061733965473613	0.09242850370566398	0.7448827206551164	0.2548022821451223	0.05183148410701935
1.10592	0.04626610287167368	0.08583684484909915	0.6401394253968875	0.22406756989430404	0.05357077642682856
1.1468800000000001	0.042294219514177715	0.07972083925715027	0.5508842695393404	0.19718853723113802	0.05530976577142876
1.18784	0.0386677587522162	0.07404515701554423	0.47473729326764275	0.17365766092662557	0.05704857004565966
1.2288000000000001	0.03535630720623235	0.0687778005141674	0.4097034406978698	0.1530401496959825	0.058787144077658296
1.26976	0.03233188790267882	0.06388866538238187	0.3540968942013047	0.13495877519604732	0.060525580180370006
1.31072	0.029569359465732678	0.05935039370356965	0.30649974207996405	0.1190891516912957	0.06226383763535434
1.39264	0.024818835679845584	0.051341032027626035	0.23195465398518472	0.09320210741953704	0.06573864735166714
1.47456	0.020815628740845842	0.044388888695500714	0.1762525767570494	0.07302788085310567	0.06921329371277801
1.55648	0.017454021104875532	0.03836936640638755	0.13473159142700988	0.0573049645013248	0.07268804514081735
1.6384	0.014637758984921718	0.03316716274462615	0.1037334828566727	0.045045108747981476	0.07616246065167451
1.72032	0.012279234099841625	0.02867287171036393	0.08049676941117323	0.0354685152273817	0.07963685205944383
1.80224	0.010304337479748444	0.024791060189075752	0.06299625036973738	0.027974684384547026	0.08311097102742705
1.88416	0.008650168611951642	0.021437709778282098	0.04974458490023361	0.02209886038040568	0.08658505450518347
1.9660800000000003	0.0072644913641950176	0.018540946332053714	0.039653922137963676	0.017483713942083114	0.09005893216412512
2.048	0.006103291020472917	0.016038070456135936	0.03192245468343107	0.013852100068178625	0.09353277382406265
2.1299200000000003	0.005130035633195144	0.013875467008540676	0.025960429245431165	0.010989897098260372	0.09700645902777054
2.21184	0.004313995801514583	0.01200649372023045	0.021330417442637202	0.008730379002451388	0.10048010900493803
2.2937600000000002	0.003629630073329938	0.010391199830781994	0.017708952748556526	0.006944077049054172	0.10395363789438608
2.37568	0.003055469332293874	0.008994880480747782	0.014854080634575008	0.005529792566908072	0.10742713279104646
2.4576000000000002	0.0025736467315143076	0.007787767460955184	0.012585447617457541	0.004408583154212236	0.11090053229231583
2.53952	0.0021691504152410645	0.006744027391592383	0.010767442524351488	0.003518526010283075	0.11437389935154815
2.62144	0.00182947238748838	0.005841473086928946	0.009298056884665735	0.0028111196207192143	0.11784718996452857
2.78528	0.001318981279718802	0.004422451620054194	0.007165400093629348	0.0018188418715021912	0.12479315568184174
2.94912	0.0009502216342191596	0.0033429885322885746	0.0056674590358724046	0.0011777523114837648	0.13173901335762125
3.11296	0.000685977366765434	0.0025269027335265842	0.004592600692564969	0.0007642190807142081	0.13868491591048018
3.2768	0.0004972025979173197	0.0019118093918965564	0.0037997951769159237	0.0004972862849597904	0.14563065163134914
3.44064	0.0003622190181394824	0.0014483359952721082	0.003198555566225393	0.0003245256866438414	0.15257635547678516
3.60448	0.00026551399042003086	0.0010990086007007056	0.002731096569376095	0.00021238980894699465	0.1595219323570243
3.76832	0.0001960384809047474	0.000835518127830827	0.0023596516119302	0.00013938461685236405	0.1664674632254857
3.9321600000000005	0.00014596685050344727	0.000636618869789459	0.002058928264783893	9.172022975759481e-5	0.1734128991092206
4.096	0.00010973810127571749	0.0004863205327258522	0.0018116871535160364	6.051292587935168e-5	0.180358287525259
4.2598400000000005	8.340877447788768e-5	0.0003726242116578603	0.0016056351261059122	4.002626015264061e-5	0.1873036028951635
4.42368	6.41725240480384e-5	0.00028650129309516347	0.0014319361490627948	2.6542038632651058e-5	0.19424887373085367
4.5875200000000005	5.003354877139999e-5	0.0002211695994075059	0.0012840673929661417	1.7644441490627987e-5	0.20119408679145545
4.75136	3.9568078570116076e-5	0.00017152395652161759	0.001157107263370751	1.1758683120309266e-5	0.2081392597424877
4.9152000000000005	3.17600006430701e-5	0.00013372513510846482	0.0010472791939272138	7.855807742422458e-6	0.21508438590939075
5.07904	2.58818913381677e-5	0.00010488106478477691	0.0009516354556563853	5.261530353497735e-6	0.22202947663432582
5.24288	2.1412246929615492e-5	8.281398388113086e-5	0.0008678449185221112	3.5329778082548674e-6	0.22897452873567475
5.57056	1.5527041474109485e-5	5.406000195111559e-5	0.000732189580581988	1.6626351537873094e-6	0.24286447866619224
5.89824	1.1744630424492965e-5	3.6236668476534784e-5	0.0006236122657797827	7.861083107109896e-7	0.2567543184934628
6.22592	9.232188335486276e-6	2.513308813036492e-5	0.0005358169304287807	3.7499382921684993e-7	0.2706440754880022
6.5536	7.489904303949625e-6	1.8107831184287005e-5	0.00046397901874518243	1.8104173282245168e-7	0.2845337445629707
6.88128	6.2267346370647855e-6	1.3556457974718736e-5	0.0004045323761734782	8.867644545950342e-8	0.29842334515926666
7.20896	5.273512506361553e-6	1.052143728332596e-5	0.0003548405735126519	4.419544557258111e-8	0.31231287853384293
7.53664	4.529603033069312e-6	8.430534879890964e-6	0.000312927714671694	2.24961130936122e-8	0.3262023569911202
7.864320000000001	3.933070723823066e-6	6.939127074332076e-6	0.00027729192254878003	1.1749828199602979e-8	0.3400917829663071
8.192	3.444379735102044e-6	5.837560241481259e-6	0.0002467763018469224	6.332369585485484e-9	0.35398116475161334
8.519680000000001	3.03726692030555e-6	4.996514936933582e-6	0.00022047877522204847	3.5428622405142375e-9	0.36787050480739947
8.84736	2.6936210932823988e-6	4.334940411425966e-6	0.0001976878860138643	2.069878072595268e-9	0.38175980901278017
9.175040000000001	2.4004911897088504e-6	3.8009900392733516e-6	0.00017783655187585205	1.268627622589412e-9	0.3956490795448532
9.50272	2.148326994316181e-6	3.360749098615133e-6	0.00016046823428125318	8.175508516912792e-10	0.40953832072469326
9.830400000000001	1.9298884956119366e-6	2.991433743916626e-6	0.0001452119334171766	5.536290118532327e-10	0.42342753439204805
10.15808	1.7395373559740554e-6	2.6772878230658993e-6	0.00013175590987338296	3.9264441798175126e-10	0.4373167238075595
10.48576	1.5728721542902577e-6	2.4071521097249173e-6	0.00011986524061076145	2.901429172074094e-10	0.45120589049772875
11.14112	1.3054007030761831e-6	1.981650887476978e-6	0.0001005805228914028	1.7900521483710957e-10	0.47898414073551054
11.79648	1.0935157818502146e-6	1.6493537818448618e-6	8.51131114578205e-5	1.2019278646509255e-10	0.5067623230902953
12.45184	9.245129444185818e-7	1.3869900207883042e-6	7.263606557507604e-5	8.597603933865395e-11	0.5345404505154608
13.1072	7.886849556914936e-7	1.1776923357622522e-6	6.252329926221635e-5	6.45950428286411e-11	0.5623185279498564
13.76256	6.787785266386435e-7	1.009263830511223e-6	5.42830126027029e-5	5.049910619918854e-11	0.590096564018622
14.41792	5.893360162811785e-7	8.727600848345401e-7	4.7538021669851424e-5	4.081610695793484e-11	0.6178745622360822
15.07328	5.161823954984422e-7	7.614770881179211e-7	4.1993114189211325e-5	3.393890478181463e-11	0.6456525283430982
15.728640000000002	4.560748441956528e-7	6.702864796885299e-7	3.7415261365294614e-5	2.89110090010044e-11	0.6734304647860013
16.384	4.064656384376208e-7	5.952033014883824e-7	3.361925674094525e-5	2.5136351124862044e-11	0.7012083754719515
17.039360000000002	3.6533603005943076e-7	5.330942535175921e-7	3.045710063478977e-5	2.2230463201133725e-11	0.7289862621083548
17.69472	3.31076156322416e-7	4.814742988773425e-7	2.781001661477567e-5	1.9938857034515498e-11	0.7567641274139175
18.350080000000002	3.023959270944819e-7	4.3835973816830075e-7	2.5582358418960266e-5	1.808959944389555e-11	0.7845419725931175
19.00544	2.7825760322848035e-7	4.0215943193109334e-7	2.369689974011724e-5	1.656456293252715e-11	0.8123197995816279
19.660800000000002	2.5782397209343083e-7	3.7159239664746597e-7	2.209115479702687e-5	1.52813792879503e-11	0.840097609245115
20.31616	2.4041803418425555e-7	3.456244330995649e-7	2.0714478873952314e-5	1.4181832093210974e-11	0.8678754029978561
20.97152	2.2549133194945376e-7	3.234187265692024e-7	1.952576777169431e-5	1.3224235737823258e-11	0.8956531814770319
22.28224	2.0231030548244398e-7	2.8907125293924293e-7	1.7659045332924058e-5	1.1654350282008373e-11	0.9512086789036828
23.59296	1.841631933070967e-7	2.6236431344920593e-7	1.617473275204831e-5	1.036218096254753e-11	1.0067641243062146
24.90368	1.695346175967623e-7	2.4098811975071984e-7	1.4959935228092308e-5	9.26781356395617e-12	1.0623195238568988
26.2144	1.5740789827338907e-7	2.2337960072054873e-7	1.393899470357243e-5	8.322046355479154e-12	1.1178748791792268
27.52512	1.4709196126449082e-7	2.084827447070914e-7	1.3059822101281408e-5	7.493110290252738e-12	1.1734301942621612
28.83584	1.3811202253816936e-7	1.955764167430225e-7	1.2286399285372216e-5	6.759424963298871e-12	1.2289854705045622
30.14656	1.3013941017806555e-7	1.8416315670905045e-7	1.1593693342326295e-5	6.105584118015262e-12	1.2845407108569324
31.457280000000004	1.2294507094068624e-7	1.7389708133108148e-7	1.0964189532880103e-5	5.5200857516152666e-12	1.3400959166170034
32.768	1.1636812178259937e-7	1.6453576550304657e-7	1.0385526064586447e-5	4.993998878442942e-12	1.395651090101135
34.078720000000004	1.1029443282166116e-7	1.5590765477690747e-7	9.848879517848975e-6	4.520152069234506e-12	1.4512062325435784
35.38944	1.0464201027109938e-7	1.4788987075316866e-7	9.347861942495416e-6	4.092623795200496e-12	1.506761345844188
36.700160000000004	9.93510102233391e-8	1.4039306002648348e-7	8.877766993087338e-6	3.706413116511272e-12	1.5623164311784252
38.01088	9.437691087617923e-8	1.3335103913160253e-7	8.435054249096763e-6	3.3572209363785275e-12	1.617871490152917
39.321600000000004	8.968584027338105e-8	1.2671371043832826e-7	8.016996155876179e-6	3.041300653549925e-12	1.673426523879198
40.63232	8.525137586150673e-8	1.2044221096745116e-7	7.621436023824195e-6	2.755353207412473e-12	1.728981533744592
41.94304	8.105234936755307e-8	1.1450558611194324e-7	7.246621911421499e-6	2.496451106323379e-12	1.7845365207908954
44.56448	7.345503078476713e-8	1.0376602746354091e-7	6.567974480967912e-6	2.0583910898667692e-12	1.8956464101360178
47.18592	6.659048293064335e-8	9.406603522616292e-8	5.954510647209207e-6	1.6975197271279971e-12	2.0067562220200683
49.80736	6.037687565552275e-8	8.528736886604119e-8	5.399062486568034e-6	1.3999929460667054e-12	2.1178659646708566
52.4288	5.4748161894741294e-8	7.733566541486219e-8	4.895821695279657e-6	1.154650257781419e-12	2.2289756440324755
55.05024	4.964706477822576e-8	7.012962701800168e-8	4.439712363331713e-6	9.52321496067303e-13	2.340085266311782
57.67168	4.50229361620996e-8	6.359753331194392e-8	4.026228754640693e-6	7.854569907020867e-13	2.451194836542339
60.29312	4.083052321059659e-8	5.7675371910877316e-8	3.6513365058148544e-6	6.478362827031106e-13	2.562304359756473
62.91456000000001	3.702915065689533e-8	5.230563877089384e-8	3.311404853473688e-6	5.34331977814617e-13	2.6734138401622864
65.536	3.358212916202733e-8	4.743648209322236e-8	3.0031564529374265e-6	4.4071668045339303e-13	2.7845232818686045
68.15744000000001	3.045629635579009e-8	4.3021043702176e-8	2.7236277532535414e-6	3.635045408328174e-13	2.895632688365116
70.77888	2.7621641181205575e-8	3.9016923047640154e-8	2.4701361456150586e-6	2.998209393957306e-13	3.0067420630202677
73.40032000000001	2.505098459233541e-8	3.538572334975979e-8	2.2402518010806506e-6	2.4729518896468737e-13	3.117851408714659
76.02176	2.2719701359407993e-8	3.209265713448174e-8	2.0317730012218324e-6	2.0397212922864607e-13	3.2289607282164035
78.64320000000001	2.060547391244955e-8	2.910619771594503e-8	1.8427042381800217e-6	1.6823925918062258e-13	3.340070023896914
81.26464	1.868807247434839e-8	2.6397768180085102e-8	1.6712366148677298e-6	1.387666624764959e-13	3.451179298034304
83.88608	1.694915756151325e-8	2.394146215733939e-8	1.5157302184620242e-6	1.1445747304059205e-13	3.562288552577609
89.12896	1.4052365749215575e-8	1.9849697224042685e-8	1.2566336847817692e-6	7.910325442289179e-14	3.7845069919963037
94.37184	1.165267142226439e-8	1.645999844029707e-8	1.0420430575519512e-6	5.4691119177049795e-14	4.006725374307458
99.61472	9.662908745958002e-9	1.3649349271156785e-8	8.641091151990335e-7	3.781353902386881e-14	4.228943710244293
104.8576	8.012974361341794e-9	1.131872900891374e-8	7.165637685834156e-7	2.6144571756319945e-14	4.451162007222277
110.10048	6.644809423942458e-9	9.386124433784565e-9	5.942154556387298e-7	1.807670076158846e-14	4.673380272398592
115.34336	5.5102820292453e-9	7.78354593743759e-9	4.927600814733577e-7	1.249856387104639e-14	4.8955985107863205
120.58624	4.569485920202478e-9	6.454623446278761e-9	4.086290843952016e-7	8.641801176416008e-15	5.117816727373441
125.82912000000002	3.7893334921910945e-9	5.352618746546532e-9	3.3886363867229526e-7	5.975187744264961e-15	5.340034925540184
131.072	3.142389941336898e-9	4.438778595429259e-9	2.8101040647559353e-7	4.131444282993151e-15	5.5622531087716895
136.31488000000002	2.605907005400966e-9	3.68096979545821e-9	2.3303513522701625e-7	2.8566382269844748e-15	5.7844712793369535
141.55776	2.161022034266014e-9	3.052547818189387e-9	1.9325103769086836e-7	1.975202075262561e-15	6.006689439678064
146.80064000000002	1.792094047935305e-9	2.5314189373390962e-9	1.60259421055432e-7	1.365748471942472e-15	6.228907591309637
152.04352	1.48615331608878e-9	2.0992627219854185e-9	1.3290046693099845e-7	9.443495396989422e-16	6.451125735948487
157.28640000000001	1.232445027197726e-9	1.7408874392601797e-9	1.1021242484687886e-7	6.529766416671983e-16	6.6733438745985625
162.52928	1.0220509470816318e-9	1.4436956233618215e-9	9.139777962792677e-8	4.515078540766303e-16	6.895562008471308
167.77216	8.475757284093304e-10	1.197240968735128e-9	7.57951999858868e-8	3.1220203782564307e-16	7.117780138226171
178.25792	5.986643248100756e-10	8.456658441811462e-10	5.3531946656078066e-8	1.5743519303809063e-16	7.562216380849117
188.74368	4.231553227741713e-10	5.977439990125223e-10	3.783828594764083e-8	7.951607290185949e-17	8.006652614247406
199.22944	2.9910934905293374e-10	4.2251803245889856e-10	2.674619270949798e-8	4.016398849460989e-17	8.451088842711489
209.7152	2.1142797257705526e-10	2.9866041122579543e-10	1.8905777008634133e-8	2.02874703755575e-17	8.895525066681957
220.20096	1.4945020917129677e-10	2.1111141008483963e-10	1.3363760922263065e-8	1.0247724069359372e-17	9.339961288465565
230.68672	1.0564090066693157e-10	1.4922694372588078e-10	9.446356698460743e-9	5.176489250941045e-18	9.784397508009723
241.17248	7.467393727616967e-11	1.0548341286160349e-10	6.677307302399331e-9	2.6148784717917322e-18	10.228833726651205
251.65824000000003	5.2784609432864205e-11	7.456283460455546e-11	4.719974876309835e-9	1.3209182313416223e-18	10.673269944177674
262.144	3.7311852420489556e-11	5.270622188940008e-11	3.3364086739735053e-9	6.672806322886167e-19	11.117706161383767
272.62976000000003	2.6374697456983858e-11	3.725654183050226e-11	2.3584135901616526e-9	3.3709258038983946e-19	11.562142378035448
283.11552	1.8643579025810938e-11	2.633566707376324e-11	1.6671006386476643e-9	1.7029342649346213e-19	12.00657859461689
293.60128000000003	1.3178687845693806e-11	1.86160350946203e-11	1.1784325927767932e-9	8.603091077848831e-20	12.451014810923171
304.08704	9.31571295464993e-12	1.3159248836413136e-11	8.330071208973036e-10	4.34629332097675e-20	12.89545102725615
314.57280000000003	6.585079690030493e-12	9.301993264329644e-12	5.888350996153713e-10	2.195792763023107e-20	13.33988724345292
325.05856	4.654863517368524e-12	6.575396148357727e-12	4.162360037678687e-10	1.1093571853651454e-20	13.784323459705517
335.54432	3.290438831801835e-12	4.648028466038616e-12	2.9422972647938946e-10	5.604787042944654e-21	14.22875967589094
356.51584	1.7809928777143499e-12	2.5159580819637967e-12	1.5923017909099515e-10	1.6781605856570615e-21	15.11763210683856
377.48736	9.669084282982226e-13	1.3659203523667801e-12	8.644796184547093e-11	5.056972284265367e-22	16.006504537660664
398.45888	5.250088805010986e-13	7.416625994491442e-13	4.693930031326414e-11	1.5243175380312532e-22	16.895376969057786
419.4304	2.850689128750637e-13	4.027073721776117e-13	2.5487064914976108e-11	4.594996829973542e-23	17.78424940043895
440.40192	1.5478638370611224e-13	2.1866157800615186e-13	1.3838936331708099e-11	1.3852113868193465e-23	18.673121832118884
461.37344	8.404569212004296e-14	1.187285554949153e-13	7.51424603048203e-12	4.176071052804388e-24	19.56199426379679
482.34496	4.5635008083370024e-14	6.446705911988103e-14	4.0800743943899946e-12	1.2590432573164363e-24	20.4508666956272
503.31648000000007	2.4778835726892244e-14	3.500423767402946e-14	2.2153933397757017e-12	3.7960702719892872e-25	21.339739127458348
524.288	1.3454384382511201e-14	1.9006561646527092e-14	1.202911786328347e-12	1.1445860291518582e-25	22.22861155936664
545.2595200000001	7.305450273891966e-15	1.0320166795683508e-14	6.531560267839428e-13	3.451302116694888e-26	23.11748399127582
566.23104	3.966709624936732e-15	5.603638846449339e-15	3.5465032326471633e-13	1.0407287737342381e-26	24.006356423223824
587.2025600000001	2.1538434020298027e-15	3.0426629859939792e-15	1.9256798003933929e-13	3.138425925650766e-27	24.89522885517243
608.17408	1.1694944143907359e-15	1.6521058878051183e-15	1.0456060877367868e-13	9.464672962051263e-28	25.784101287140512
629.1456000000001	6.350128397383218e-16	8.970615321414741e-16	5.677438758261177e-14	2.8544235215573403e-28	26.672973719108935
650.11712	3.447999502523958e-16	4.870874293168719e-16	3.0827417640637864e-14	8.608944945967522e-29	27.561846151087117
671.08864	1.8721998949519601e-16	2.6447945648324315e-16	1.6738717042670257e-14	2.596568673446464e-29	28.450718583065502
713.03168	6.753293834237523e-17	9.541363506945014e-17	6.035873287467288e-15	3.5331447834949384e-30	30.228463447002387
754.97472	2.46706880865016e-17	3.4855465542306384e-17	2.2050836174155478e-15	4.93503890277597e-31	32.00620831093885
796.91776	9.01959105910619e-18	1.2743113471915637e-17	8.061808011872687e-16	6.904452547095683e-32	33.78395317488927
838.8608	3.2976870144445027e-18	4.659058041703539e-18	2.94750843926747e-16	9.661827183728915e-33	35.561698038839985
880.80384	1.2056765049301231e-18	1.7034112089218067e-18	1.0776466531283286e-16	1.3522123279428489e-33	37.33944290279482
922.74688	4.408091527835577e-19	6.227866836299182e-19	3.939999448575808e-17	1.8927059693239792e-34	39.11718776674973
964.68992	1.611644507277842e-19	2.2769734997693013e-19	1.440505055233174e-17	2.6495523811871357e-35	40.89493263070586
1006.6329600000001	5.892329519255261e-20	8.324837363153219e-20	5.2666267507746404e-18	3.709464917539856e-36	42.67267749466201
1048.576	2.1542896441447578e-20	3.043636842163203e-20	1.9255269027874833e-18	5.193947877891204e-37	44.45042235861852
1090.5190400000001	7.876269403450126e-21	1.1127799903134686e-20	7.039892757575253e-19	7.273267897515777e-38	46.22816722257504
1132.46208	2.8796287887343158e-21	4.068415104410637e-21	2.573842526631723e-19	1.0186040304358089e-38	48.005912086531666
1174.4051200000001	1.0528147955523339e-21	1.4874443854076227e-21	9.41016916246233e-20	1.4266688210207396e-39	49.7836569504883
1216.34816	3.849169347477221e-22	5.4382075866018085e-22	3.440427858629397e-20	1.9983940694430257e-40	51.561401814444956
1258.2912000000001	1.407283678587447e-22	1.9882473808170424e-22	1.2578448450124254e-20	2.799481078944565e-41	53.33914667840162
1300.23424	5.1451245819508016e-23	7.269167371813588e-23	4.5987659299427655e-21	3.9220280749135686e-42	55.11689154235829
1342.17728	1.8810908251854174e-23	2.65765463902453e-23	1.6813385180536524e-21	5.4951428987188646e-43	56.89463640631502
1426.06336	3.769548575785183e-24	5.3271394893977796e-24	3.3668514299089534e-22	2.4191657081300897e-44	60.45012613422839
1509.94944	7.972092542435377e-25	1.1265739201077762e-24	7.121429976886446e-23	1.1884628096269992e-45	64.00561586214177
1593.83552	1.6958042292409627e-25	2.396399997099979e-25	1.5148827101793698e-23	5.906853200803312e-47	67.56110559005513
1677.7216	3.609390394600225e-26	5.1005525327911105e-26	3.2243173377110284e-24	2.939838231947793e-48	71.11659531796849
1761.60768	7.682747456227953e-27	1.0856752102055215e-26	6.863102978924579e-25	1.463632541071177e-49	74.67208504588186
1845.49376	1.6353137259693573e-27	2.3109175518804217e-27	1.4608479976366887e-25	7.288353518223569e-51	78.22757477379523
1929.37984	3.4808494289152987e-28	4.918907009404966e-28	3.109490043055086e-26	3.6299757802380634e-52	81.7830645017086
2013.2659200000003	7.409157823953153e-29	1.047013367792856e-28	6.618701036743936e-27	1.8082052175909589e-53	85.33855422962196
2097.152	1.5770734472718415e-29	2.2286163167817984e-29	1.4088210267766459e-27	9.008554939092101e-55	88.89404395753533
2181.0380800000003	3.356869710025704e-30	4.7437072201427655e-30	2.99873699509715e-28	4.488696756813204e-56	92.4495336854487
2264.92416	7.1452358413429345e-31	1.0097176883316865e-30	6.382935382339986e-29	2.2368554470522474e-57	96.00502341336207
2348.8102400000002	1.5208913550020157e-31	2.1492235581169296e-31	1.3586326882214602e-29	1.1148163759855788e-58	99.56051314127544
2432.69632	3.2372733876733714e-32	4.574701722103976e-32	2.891899751405583e-30	5.556639148322587e-60	103.1160028691888
2516.5824000000002	6.890649286999025e-33	9.737412228025775e-33	6.155509307540258e-31	2.7698773152534368e-61	106.67149259710217
2600.46848	1.4666973870305918e-33	2.072640270997251e-33	1.3102203912968491e-31	1.3808444462338545e-62	110.22698232501554
2684.35456	3.1219109570763078e-34	4.411679251150318e-34	2.788844747633161e-32	6.88432853619671e-64	113.78247205292891
2852.12672	2.3544429611211492e-35	3.3288665537157995e-35	2.100068859853622e-33	4.708646877574516e-66	120.89345150875566
3019.89888	2.2565525954046997e-36	3.190216152742627e-36	2.0134681605454203e-34	5.221367449382087e-68	128.00443096458238
3187.67104	2.314440834698496e-37	3.2719227395861233e-37	2.06535908642444e-35	6.628722424721177e-70	135.11541042040912
3355.4432	2.411123116126779e-38	3.408581888607724e-38	2.151682420020661e-36	8.681715072898578e-72	142.22638987623588
3523.21536	2.520387542400377e-39	3.563044524880591e-39	2.24919966103206e-37	1.1449089719603927e-73	149.33736933206262
3690.98752	2.6365290860715564e-40	3.727231739439173e-40	2.352846851304085e-38	1.512216051294218e-75	156.44834878788936
3858.75968	2.7584533801978364e-41	3.899594581982962e-41	2.4616529306998082e-39	1.9981576226433416e-77	163.5593282437161
4026.5318400000006	2.8861105074879486e-42	4.0800620186065515e-42	2.5755746337216876e-40	2.6406171707264164e-79	170.67030769954283
4194.304	3.0196944408596183e-43	4.26890814827668e-43	2.694785354085771e-41	3.4898975434096435e-81	177.78128715536957
4362.0761600000005	3.159463475846243e-44	4.4664980940841443e-44	2.8195156609387914e-42	4.612560944405943e-83	184.8922666111963
4529.84832	3.305700299887131e-45	4.673231482336327e-45	2.9500178400725104e-43	6.096619134189966e-85	192.00324606702304
4697.6204800000005	3.458703476003807e-46	4.88953038698906e-46	3.0865583333119684e-44	8.05842708425635e-87	199.11422552284978
4865.39264	3.6187860094569095e-47	5.115837299841841e-47	3.2294164682242507e-45	1.065180545595128e-88	206.22520497867652
5033.1648000000005	3.786275528843754e-48	5.3526153857697293e-48	3.3788846217150815e-46	1.4080102993421322e-90	213.33618443450325
5200.93696	3.961514853398732e-49	5.600349284532502e-49	3.535268726735658e-47	1.8612143579271663e-92	220.44716389033
5368.70912	4.144862671474111e-50	5.859546069895602e-50	3.6988888778612574e-48	2.4603308230596505e-94	227.5581433461568
5704.25344	-1.4030077154288025e-51	-1.9886549251918802e-51	-1.2451931975294566e-49	4.004525429104343e-97	241.7801022578103
6039.79776	-1.3158455268116911e-52	-1.862010487446237e-52	-1.1717092926433198e-50	5.0908108410736885e-99	256.0020611694638
6375.34208	-6.743569542146975e-54	-9.538998280235668e-54	-6.008822804574482e-52	1.9222253870551812e-101	270.2240200811172
6710.8864	-2.8221408126267105e-55	-3.991355712044542e-55	-2.5154132652298346e-53	4.836486848312757e-104	284.4459789927707
7046.43072	-1.0496996432873746e-56	-1.4844259599478374e-56	-9.35805317921741e-55	9.611103992120913e-107	298.66793790442415
7381.97504	-3.571136476884178e-58	-5.049623889744708e-58	-3.184215587717959e-56	1.597723703111506e-109	312.8898968160776
7717.51936	-1.1197975761008783e-59	-1.5832568083713722e-59	-9.986440594280524e-58	2.256395115048001e-112	327.1118557277311
8053.063680000001	-3.214469530658415e-61	-4.5443640060222555e-61	-2.8672738434274344e-59	2.6707345025156012e-115	341.33381463938457
8388.608	-8.222200127655011e-63	-1.162203990278846e-62	-7.336282976458618e-61	2.5104083771273053e-118	355.55577355103804
8724.152320000001	-1.7313416145202345e-64	-2.446471101827152e-64	-1.545693401792254e-62	1.60007231154477e-121	369.77773246269146
9059.69664	-2.102409517561928e-66	-2.9669164605802334e-66	-1.881503448749015e-64	3.4041145222989245e-125	383.99969137434493
9395.240960000001	5.2284954065079235e-68	7.412471845824838e-68	4.639505999931615e-66	2.9719358454592236e-128	398.22165028599846
9730.78528	5.503456939190896e-69	7.787758652335103e-69	4.900406785051647e-67	4.760604398544066e-130	412.44360919765194
10066.329600000001	2.8881435397532843e-70	4.0854503272227464e-70	2.5733766257077804e-68	1.8849796211220586e-132	426.6655681093054
10401.87392	1.2226615510282822e-71	1.7292307964910293e-71	1.0897538522345099e-69	4.853544883826791e-135	440.8875270209589
10737.41824	4.583202442413247e-73	6.481356723010244e-73	4.0858575713681895e-71	9.796502112217727e-138	455.10948593261236
11408.50688	-1.0225862415864126e-73	-1.4539834652301714e-73	-8.998763021717328e-72	9.30470623595954e-139	483.55340375591936
12079.59552	-3.010658869810872e-75	-4.267502637007705e-75	-2.6696469214392714e-73	1.601080710248273e-141	511.99732157922637
12750.68416	-4.241971103736773e-77	-5.9934269059984065e-77	-3.7877386688041425e-75	6.301076470546877e-145	540.4412394025334
13421.7728	3.767590160175643e-80	5.839937951131085e-80	2.6377105218251484e-78	5.9738963384094964e-151	568.8851572258403
14092.86144	1.8218253321055033e-80	2.5883755475528536e-80	1.606512752413616e-78	4.332318209384531e-151	597.3290750491473
14763.95008	4.917905023742776e-82	6.967550239880823e-82	4.364351818570927e-80	6.250865206460962e-154	625.7729928724542
15435.03872	6.313198671220102e-84	8.914974719686212e-84	5.644081218675697e-82	2.043787683577081e-157	654.2169106957612
16106.127360000002	-2.335046059210202e-86	-3.390043882527326e-86	-1.9567437218125654e-84	4.802482702019373e-162	682.6608285190681
16777.216	-3.2051629063260105e-87	-4.551860803682586e-87	-2.829048956067616e-85	1.962580499872944e-163	711.104746342375
17448.304640000002	-7.975226444546604e-89	-1.1296230125599889e-88	-7.081576504592212e-87	2.4041142348040143e-166	739.548664165682
18119.39328	-9.222970576624689e-91	-1.3014901712059439e-90	-8.258173668737052e-89	6.391633507288137e-170	767.992581988989
18790.481920000002	6.611430993687138e-93	9.499933641723015e-93	5.679490968349818e-91	5.910324307184051e-174	796.4364998122959
19461.57056	5.573072778706494e-94	7.911776142887741e-94	4.9231975468373516e-92	8.682317323199136e-176	824.8804176356028
20132.659200000002	1.2834514671087573e-95	1.8174268540178617e-95	1.1403041816802308e-93	9.106074678190216e-179	853.3243354589098
20803.74784	1.316273292544881e-97	1.8557902264273946e-97	1.1809171136808797e-95	1.9093135325288538e-182	881.7682532822167
21474.83648	-1.5314769520816242e-99	-2.1912242700226534e-99	-1.3287948437749835e-97	4.726100260552875e-186	910.2121711055239
22817.01376	-1.5325775097170823e-99	-2.2007271326443555e-99	-1.3149113896507867e-97	1.5147608885352965e-185	967.1000067521377
24159.19104	-1.625238222395399e-101	-2.311609046815796e-101	-1.4296394301318912e-99	5.82492097794148e-189	1023.9878423987516
25501.36832	1.0831126469350465e-104	1.8116206264565494e-104	5.811237539199307e-103	3.130098661774468e-195	1080.8756780453655
26843.5456	2.1316298186320952e-105	3.0576417471682094e-105	1.836932181355253e-103	1.0171544343848166e-195	1137.7635136919794
28185.72288	2.2104852491117087e-107	3.138675291911172e-107	1.9483293964938615e-105	3.7213896928864324e-199	1194.6513493385935
29527.90016	-2.1213355639457555e-110	-3.3903592275650246e-110	-1.3522156651516294e-108	5.829778262213479e-205	1251.5391849852074
30870.07744	-2.9747575331016412e-111	-4.2654576351006474e-111	-2.565025416572494e-109	6.8221801461052e-206	1308.4270206318213
32212.254720000004	-3.008798925296974e-113	-4.2710979471880726e-113	-2.6535124909925925e-111	2.3744434826596695e-209	1365.3148562784352
33554.432	3.7995553151925826e-116	5.922921025282119e-116	2.6258061946933758e-114	7.561790271213341e-215	1422.202691925049
34896.609280000004	4.149387477996731e-117	5.9484295671267514e-117	3.5796656343182342e-115	4.57050240950411e-216	1479.090527571663
36238.78656	4.092599553295706e-119	5.807987709157751e-119	3.6115427025275934e-117	1.5130185499911467e-219	1535.978363218277
37580.963840000004	-6.44671415626584e-122	-9.891096259440378e-122	-4.6721153838076134e-120	8.235037668956892e-225	1592.8661988648912
38923.14112	-5.784659717855791e-123	-8.290906460438408e-123	-4.992873835956951e-121	3.058576740291311e-226	1649.7540345115053
40265.318400000004	-5.562900234495919e-125	-7.892294970351709e-125	-4.9121169589488804e-123	9.627983156847438e-230	1706.6418701581192
41607.49568	1.0555691712798367e-127	1.601742806870129e-127	7.893860419170358e-126	8.086424504806446e-235	1763.529705804733
42949.67296	8.060048730957355e-129	1.1549664298426815e-128	6.960185183886253e-127	2.044555794385439e-236	1820.417541451347
45634.02752	1.4914118805146515e-129	2.2075599128091605e-129	1.17744274313542e-127	4.1759540015856545e-237	1934.193212744575
48318.38208	4.9320426918305106e-132	7.069556305683967e-132	4.268621548605033e-130	3.819937893992155e-241	2047.9688840378028
51002.73664	-2.4380729075157083e-134	-3.7185491991097177e-134	-1.8260704650021565e-132	4.858454600624919e-245	2161.744555331031
53687.0912	-2.3528696826613713e-136	-3.4338328657280233e-136	-1.94456528397137e-134	3.82873172350624e-248	2275.520226624259
56371.44576	-1.8131681822203353e-139	-2.1734236346262346e-139	-2.0362636896750244e-137	2.917579587095947e-253	2389.295897917487
59055.80032	6.199188080277259e-141	9.211055073533185e-141	4.924857301789404e-139	1.186005393719403e-255	2503.0715692107146
61740.15488	2.8870428273603018e-143	4.137097186093498e-143	2.4676801495057745e-141	2.0692919779628948e-259	2616.8472405039424
64424.50944000001	-7.195863105960517e-146	-1.1262332194556305e-145	-5.0572445545255913e-144	6.03971752038079e-264	2730.62291179717
67108.864	-1.1194237292759457e-147	-1.6402367174840305e-147	-9.152656815300897e-146	1.3747627313187592e-266	2844.398583090398
69793.21856000001	-2.14410369414963e-150	-2.9316050655713976e-150	-1.9951180804861054e-148	4.53957587212664e-271	2958.174254383626
72477.57312	2.465864529129471e-152	3.6929007564652474e-152	1.9241847651749507e-150	2.934379574382468e-274	3071.9499256768536
75161.92768000001	1.5651085811860106e-154	2.262065778933531e-154	1.3156603272430599e-152	9.533557331855784e-278	3185.7255969700814
77846.28224	-1.280196129238008e-157	-2.2281950388821846e-157	-6.404917996652116e-156	1.5701431509638553e-283	3299.501268263309
80530.63680000001	-5.072813493736357e-159	-7.475370189607185e-159	-4.0987929886781485e-157	4.468571877097848e-285	3413.2769395565365
83214.99136	-1.5520190755500554e-161	-2.1869505823292518e-161	-1.3694482773578866e-159	3.466512127262277e-289	3527.0526108497643
85899.34592	8.969439633922946e-164	1.3597885924665125e-163	6.808717410752407e-162	5.954931251877486e-293	3640.828282142992
91268.05504	2.3387772670822317e-164	3.883355931571026e-164	1.299692599585817e-162	4.732094397475403e-293	3868.379624729448
96636.76416	1.758815435693441e-167	2.607058472081499e-167	1.4424069705399885e-165	1.1442222896288201e-297	4095.9309673159037
102005.47328	-9.699268397654523e-170	-1.737969648242752e-169	-5.163697649343452e-168	2.8481580761439293e-301	4323.48230990236
107374.1824	-1.8755266071308096e-172	-2.9144897209108485e-172	-1.3502265349616343e-170	3.7783647353404186e-305	4551.033652488816
112742.89152	2.8684404850666764e-175	5.838859508401926e-175	1.1808415783669826e-173	5.6063056443541e-310	4778.584995075272
118111.60064	1.2875024249374677e-177	2.0916386768530157e-177	8.470894423944079e-176	5.5969378202e-313	5006.136337661727
123480.30976	-2.4706274781755824e-182	-6.988902328400875e-181	3.449469588619237e-179	1.800504e-318	5233.687680248183
128849.01888000002	-6.765164604613741e-183	-1.154691273428861e-182	-4.0739225804928287e-181	4.87e-321	5461.2390228346385
134217.728	-7.62713406462548e-186	-9.462372121945532e-186	-6.473842263540407e-184	0.0	5688.790365421094
139586.43712000002	2.6870335841368255e-188	4.938004101653131e-188	1.4091853690580255e-186	0.0	5916.34170800755
144955.14624	7.097455821719244e-191	1.0616267751521699e-190	5.024638722444272e-189	0.0	6143.893050594005
150323.85536000002	-6.046064395077192e-194	-1.3737666974432586e-193	-1.6922453599332363e-192	0.0	6371.444393180461
155692.56448	-4.435076747627195e-196	-7.1636601955628e-196	-2.8436101231920477e-194	0.0	6598.995735766916
161061.27360000001	-1.8812863723826938e-199	-9.832228998981425e-200	-2.3562012979330192e-197	0.0	6826.547078353372
166429.98272	2.1244853541050533e-201	3.664466716737764e-201	1.2306850924577043e-199	0.0	7054.0984209398275
171798.69184	3.420091721446495e-204	4.716409196923186e-204	2.6488321647890174e-202	0.0	7281.649763526283
182536.11008	2.2908694788364144e-205	2.075565736806373e-205	5.4150097427005194e-204	0.0	7736.752448699194
193273.52832	1.9331514254501032e-209	2.546778312905341e-209	1.3545677661369308e-207	0.0	8191.855133872105
204010.94656	-2.3941984120090543e-211	-3.0773574617119688e-211	-3.0818939064942025e-210	0.0	8646.957819045017
214748.3648	-4.4884930563826486e-215	-7.364465199595761e-215	-1.847730750134625e-213	0.0	9102.06050421793
225485.78304	2.3195168435176354e-217	4.098285617571381e-217	1.623593470441263e-216	0.0	9557.163189390842
236223.20128	6.666126836125444e-221	1.3658667728216543e-220	1.7868125461119947e-219	0.0	10012.265874563753
246960.61952	-2.136543989556512e-223	-5.210444960390574e-223	-6.190913227923564e-223	0.0	10467.368559736664
257698.03776000004	-8.181760300513341e-227	-2.1448861160012206e-226	-1.447409070605948e-225	0.0	10922.471244909575
268435.456	1.901667416773722e-229	6.494263667776551e-229	9.207461892021766e-231	0.0	11377.573930082486
279172.87424000003	9.00838469640969e-233	3.1088927944228934e-232	1.0266872699279118e-231	0.0	11832.676615255397
289910.29248	-1.6552365848119155e-235	-8.034899572021528e-235	2.976190691761291e-235	0.0	12287.779300428308
300647.71072000003	-9.254208381508818e-239	-4.3226816879162274e-238	-6.381613208753087e-238	0.0	12742.88198560122
311385.12896	1.4222808512408204e-241	9.921815519988724e-241	-3.9958981736799385e-241	0.0	13197.98467077413
322122.54720000003	9.076925273798864e-245	5.878764091401104e-244	3.3309429551977016e-244	0.0	13653.087355947042
332859.96544	-1.215537630817331e-247	-1.2251288125644254e-246	3.813592703785572e-247	0.0	14108.190041119953
343597.38368	-8.632059629505903e-251	-7.898836670951517e-250	-1.2267668711574648e-250	0.0	14563.292726292864
365072.22016	-4.0875824914039304e-251	-3.711927498370818e-250	4.275840439201237e-252	0.0	15473.498096638687
386547.05664	-4.982626241542393e-256	-6.41856502664924e-255	6.300199981281425e-256	0.0	16383.703466984509
408021.89312	1.841296394064335e-257	2.3427640693204468e-256	-7.781935929450704e-259	0.0	17293.90883733033
429496.7296	4.6873537579445794e-262	8.424204770673625e-261	-1.0397453169264548e-262	0.0	18204.114207676153
450971.56608	-8.294421818812445e-264	-1.4778754568408135e-262	4.192035224598275e-266	0.0	19114.319578021976
472446.40256	-3.2175245341698964e-268	-8.078155955497616e-267	7.574563421010704e-270	0.0	20024.524948367798
493921.23904	3.735070062290863e-270	9.317694071455456e-269	-1.4668671841075614e-273	0.0	20934.73031871362
515396.0755200001	1.9482035348401343e-274	6.8404596718245875e-273	-3.6334477060557957e-277	0.0	21844.935689059443
536870.912	-1.681284562192731e-276	-5.871350108650078e-275	3.3642665059895993e-281	0.0	22755.141059405265
558345.7484800001	-1.1023341047610313e-280	-5.415612833870483e-279	1.1870873230846104e-284	0.0	23665.346429751087
579820.58496	7.565043135460148e-283	3.697645648633245e-281	-3.5625911486103005e-289	0.0	24575.55180009691
601295.4214400001	5.977674713415176e-287	4.110108737591122e-285	-1.8705348179886306e-292	0.0	25485.757170442736
622770.25792	-3.4025816249866484e-289	-2.3273894009349296e-287	-8.437912862864983e-299	0.0	26395.962540788558
644245.0944000001	-3.1482999171503444e-293	-3.0299301599373355e-291	-6.694425798461782e-300	0.0	27306.16791113438
665719.93088	1.529790091014745e-295	1.4640896044491171e-293	-7.91759447352498e-304	0.0	28216.373281480202
687194.76736	1.6231883524679143e-299	2.186666170284337e-297	7.0487983020994565e-307	0.0	29126.57865182603
730144.44032	7.096890631544367e-300	9.567284773949805e-298	-5.429173628033807e-308	0.0	30946.989392517673
773094.11328	4.3623585420573886e-305	8.23813890601077e-303	-1.49564806792e-312	0.0	32767.400133209318
816043.78624	-1.5994644822513228e-306	-3.020125419148469e-304	6.6995705e-316	0.0	34587.81087390096
858993.4592	-2.048978470793e-311	-5.419718531955383e-309	2.32e-321	0.0	36408.22161459261
901943.13216	3.6040892003e-313	9.5310640849754e-311	5.0e-324	0.0	38228.63235528425
944892.80512	7.01993e-318	2.600767923e-315	0.0	0.0	40049.0430959759
987842.47808	-8.1195e-320	-3.0070303e-317	0.0	0.0	41869.453836667555
1.0307921510400001e6	-0.0	-1.1e-321	0.0	0.0	43689.86457735921
1.073741824e6	0.0	1.0e-323	0.0	0.0	45510.27531805085
1.1166914969600001e6	0.0	0.0	0.0	0.0	47330.686058742496
1.15964116992e6	0.0	0.0	0.0	0.0	49151.09679943414
1.2025908428800001e6	0.0	0.0	0.0	0.0	50971.507540125785
1.24554051584e6	0.0	0.0	0.0	0.0	52791.91828081743
1.2884901888000001e6	0.0	0.0	0.0	0.0	54612.329021509075
1.33143986176e6	0.0	0.0	0.0	0.0	56432.73976220072
1.37438953472e6	0.0	0.0	0.0	0.0	58253.150502892364
1.46028888064e6	0.0	0.0	0.0	0.0	61893.97198427565
1.54618822656e6	0.0	0.0	0.0	0.0	65534.79346565894
1.63208757248e6	0.0	0.0	0.0	0.0	69175.61494704224
1.7179869184e6	0.0	0.0	0.0	0.0	72816.43642842553
1.80388626432e6	0.0	0.0	0.0	0.0	76457.25790980883
1.88978561024e6	0.0	0.0	0.0	0.0	80098.07939119212
1.97568495616e6	0.0	0.0	0.0	0.0	83738.90087257541
2.0615843020800003e6	0.0	0.0	0.0	0.0	87379.7223539587
2.147483648e6	0.0	0.0	0.0	0.0	91020.54383534199
2.2333829939200003e6	0.0	0.0	0.0	0.0	94661.36531672528
2.31928233984e6	0.0	0.0	0.0	0.0	98302.18679810857
2.4051816857600003e6	0.0	0.0	0.0	0.0	101943.00827949186
2.49108103168e6	0.0	0.0	0.0	0.0	105583.82976087515
2.5769803776000002e6	0.0	0.0	0.0	0.0	109224.65124225843
2.66287972352e6	0.0	0.0	0.0	0.0	112865.47272364172
2.74877906944e6	0.0	0.0	0.0	0.0	116506.294205025
2.92057776128e6	0.0	0.0	0.0	0.0	123787.93716779158
3.09237645312e6	0.0	0.0	0.0	0.0	131069.58013055816
3.26417514496e6	0.0	0.0	0.0	0.0	138351.22309332475
3.4359738368e6	0.0	0.0	0.0	0.0	145632.86605609133
3.60777252864e6	0.0	0.0	0.0	0.0	152914.5090188579
3.77957122048e6	0.0	0.0	0.0	0.0	160196.15198162448
3.95136991232e6	0.0	0.0	0.0	0.0	167477.7949443911
4.1231686041600006e6	0.0	0.0	0.0	0.0	174759.43790715767
4.294967296e6	0.0	0.0	0.0	0.0	182041.08086992425
4.466765987840001e6	0.0	0.0	0.0	0.0	189322.72383269083
4.63856467968e6	0.0	0.0	0.0	0.0	196604.3667954574
4.8103633715200005e6	0.0	0.0	0.0	0.0	203886.00975822398
4.98216206336e6	0.0	0.0	0.0	0.0	211167.65272099056
5.1539607552000005e6	0.0	0.0	0.0	0.0	218449.29568375714
5.32575944704e6	0.0	0.0	0.0	0.0	225730.93864652372
5.49755813888e6	0.0	0.0	0.0	0.0	233012.5816092903
5.84115552256e6	0.0	0.0	0.0	0.0	247575.86753482345
6.18475290624e6	0.0	0.0	0.0	0.0	262139.1534603566
6.52835028992e6	0.0	0.0	0.0	0.0	276702.43938588985
6.8719476736e6	0.0	0.0	0.0	0.0	291265.725311423
7.21554505728e6	0.0	0.0	0.0	0.0	305829.01123695617
7.55914244096e6	0.0	0.0	0.0	0.0	320392.2971624893
7.90273982464e6	0.0	0.0	0.0	0.0	334955.5830880225
8.246337208320001e6	0.0	0.0	0.0	0.0	349518.86901355564
8.589934592e6	0.0	0.0	0.0	0.0	364082.1549390888
8.933531975680001e6	0.0	0.0	0.0	0.0	378645.44086462195
9.27712935936e6	0.0	0.0	0.0	0.0	393208.7267901551
9.620726743040001e6	0.0	0.0	0.0	0.0	407772.01271568827
9.96432412672e6	0.0	0.0	0.0	0.0	422335.2986412214
1.0307921510400001e7	0.0	0.0	0.0	0.0	436898.5845667546
1.065151889408e7	0.0	0.0	0.0	0.0	451461.87049228774
1.099511627776e7	0.0	0.0	0.0	0.0	466025.1564178209
1.168231104512e7	0.0	0.0	0.0	0.0	495151.72826888727
1.236950581248e7	0.0	0.0	0.0	0.0	524278.3001199537
1.305670057984e7	0.0	0.0	0.0	0.0	553404.87197102
1.37438953472e7	0.0	0.0	0.0	0.0	582531.4438220863
1.443109011456e7	0.0	0.0	0.0	0.0	611658.0156731526
1.511828488192e7	0.0	0.0	0.0	0.0	640784.587524219
1.580547964928e7	0.0	0.0	0.0	0.0	669911.1593752853
1.6492674416640002e7	0.0	0.0	0.0	0.0	699037.7312263517
1.7179869184e7	0.0	0.0	0.0	0.0	728164.3030774181
1.7867063951360002e7	0.0	0.0	0.0	0.0	757290.8749284846
1.855425871872e7	0.0	0.0	0.0	0.0	786417.4467795509
1.9241453486080002e7	0.0	0.0	0.0	0.0	815544.0186306172
1.992864825344e7	0.0	0.0	0.0	0.0	844670.5904816835
2.0615843020800002e7	0.0	0.0	0.0	0.0	873797.1623327498
2.130303778816e7	0.0	0.0	0.0	0.0	902923.7341838161
2.199023255552e7	0.0	0.0	0.0	0.0	932050.3060348824
2.336462209024e7	0.0	0.0	0.0	0.0	990303.4497370152
2.473901162496e7	0.0	0.0	0.0	0.0	1.048556593439148e6
2.611340115968e7	0.0	0.0	0.0	0.0	1.106809737141281e6
2.74877906944e7	0.0	0.0	0.0	0.0	1.1650628808434138e6
2.886218022912e7	0.0	0.0	0.0	0.0	1.2233160245455466e6
3.023656976384e7	0.0	0.0	0.0	0.0	1.2815691682476792e6
3.161095929856e7	0.0	0.0	0.0	0.0	1.3398223119498119e6
3.2985348833280005e7	0.0	0.0	0.0	0.0	1.3980754556519445e6
3.4359738368e7	0.0	0.0	0.0	0.0	1.4563285993540771e6
3.5734127902720004e7	0.0	0.0	0.0	0.0	1.5145817430562098e6
3.710851743744e7	0.0	0.0	0.0	0.0	1.5728348867583424e6
3.8482906972160004e7	0.0	0.0	0.0	0.0	1.631088030460475e6
3.985729650688e7	0.0	0.0	0.0	0.0	1.6893411741626076e6
4.1231686041600004e7	0.0	0.0	0.0	0.0	1.7475943178647403e6
4.260607557632e7	0.0	0.0	0.0	0.0	1.805847461566873e6
4.398046511104e7	0.0	0.0	0.0	0.0	1.8641006052690055e6
4.672924418048e7	0.0	0.0	0.0	0.0	1.9806068926732708e6
4.947802324992e7	0.0	0.0	0.0	0.0	2.097113180077536e6
5.222680231936e7	0.0	0.0	0.0	0.0	2.2136194674818013e6
5.49755813888e7	0.0	0.0	0.0	0.0	2.3301257548860665e6
5.772436045824e7	0.0	0.0	0.0	0.0	2.446632042290332e6
6.047313952768e7	0.0	0.0	0.0	0.0	2.563138329694597e6
6.322191859712e7	0.0	0.0	0.0	0.0	2.6796446170988623e6
6.597069766656001e7	0.0	0.0	0.0	0.0	2.796150904503128e6
6.8719476736e7	0.0	0.0	0.0	0.0	2.9126571919073933e6
7.146825580544001e7	0.0	0.0	0.0	0.0	3.0291634793116585e6
7.421703487488e7	0.0	0.0	0.0	0.0	3.145669766715924e6
7.696581394432001e7	0.0	0.0	0.0	0.0	3.262176054120189e6
7.971459301376e7	0.0	0.0	0.0	0.0	3.3786823415244543e6
8.246337208320001e7	0.0	0.0	0.0	0.0	3.4951886289287196e6
8.521215115264e7	0.0	0.0	0.0	0.0	3.6116949163329853e6
8.796093022208e7	0.0	0.0	0.0	0.0	3.728201203737251e6
9.345848836096e7	0.0	0.0	0.0	0.0	3.9612137785457824e6
9.895604649984e7	0.0	0.0	0.0	0.0	4.1942263533543134e6
1.0445360463872e8	0.0	0.0	0.0	0.0	4.427238928162845e6
1.099511627776e8	0.0	0.0	0.0	0.0	4.660251502971376e6
1.1544872091648e8	0.0	0.0	0.0	0.0	4.893264077779907e6
1.2094627905536e8	0.0	0.0	0.0	0.0	5.126276652588437e6
1.2644383719424e8	0.0	0.0	0.0	0.0	5.359289227396968e6
1.3194139533312002e8	0.0	0.0	0.0	0.0	5.592301802205498e6
1.37438953472e8	0.0	0.0	0.0	0.0	5.82531437701403e6
1.4293651161088002e8	0.0	0.0	0.0	0.0	6.058326951822561e6
1.4843406974976e8	0.0	0.0	0.0	0.0	6.291339526631092e6
1.5393162788864002e8	0.0	0.0	0.0	0.0	6.524352101439622e6
1.5942918602752e8	0.0	0.0	0.0	0.0	6.757364676248153e6
1.6492674416640002e8	0.0	0.0	0.0	0.0	6.990377251056683e6
1.7042430230528e8	0.0	0.0	0.0	0.0	7.223389825865214e6
1.7592186044416e8	0.0	0.0	0.0	0.0	7.456402400673744e6
1.8691697672192e8	0.0	0.0	0.0	0.0	7.922427550290806e6
1.9791209299968e8	0.0	0.0	0.0	0.0	8.388452699907867e6
2.0890720927744e8	0.0	0.0	0.0	0.0	8.85447784952493e6
2.199023255552e8	0.0	0.0	0.0	0.0	9.320502999141993e6
2.3089744183296e8	0.0	0.0	0.0	0.0	9.786528148759056e6
2.4189255811072e8	0.0	0.0	0.0	0.0	1.0252553298376119e7
2.5288767438848e8	0.0	0.0	0.0	0.0	1.071857844799318e7
2.6388279066624004e8	0.0	0.0	0.0	0.0	1.118460359761024e7
2.74877906944e8	0.0	0.0	0.0	0.0	1.1650628747227302e7
2.8587302322176003e8	0.0	0.0	0.0	0.0	1.2116653896844363e7
2.9686813949952e8	0.0	0.0	0.0	0.0	1.2582679046461424e7
3.0786325577728003e8	0.0	0.0	0.0	0.0	1.3048704196078485e7
3.1885837205504e8	0.0	0.0	0.0	0.0	1.3514729345695546e7
3.2985348833280003e8	0.0	0.0	0.0	0.0	1.3980754495312607e7
3.4084860461056e8	0.0	0.0	0.0	0.0	1.4446779644929668e7
3.5184372088832e8	0.0	0.0	0.0	0.0	1.4912804794546729e7
3.7383395344384e8	0.0	0.0	0.0	0.0	1.5844855093780851e7
3.9582418599936e8	0.0	0.0	0.0	0.0	1.6776905393014973e7
4.1781441855488e8	0.0	0.0	0.0	0.0	1.7708955692249097e7
4.398046511104e8	0.0	0.0	0.0	0.0	1.8641005991483223e7
4.6179488366592e8	0.0	0.0	0.0	0.0	1.9573056290717345e7
4.8378511622144e8	0.0	0.0	0.0	0.0	2.0505106589951467e7
5.0577534877696e8	0.0	0.0	0.0	0.0	2.143715688918559e7
5.277655813324801e8	0.0	0.0	0.0	0.0	2.236920718841971e7
5.49755813888e8	0.0	0.0	0.0	0.0	2.3301257487653833e7
5.717460464435201e8	0.0	0.0	0.0	0.0	2.4233307786887955e7
5.9373627899904e8	0.0	0.0	0.0	0.0	2.5165358086122077e7
6.157265115545601e8	0.0	0.0	0.0	0.0	2.60974083853562e7
6.3771674411008e8	0.0	0.0	0.0	0.0	2.702945868459032e7
6.597069766656001e8	0.0	0.0	0.0	0.0	2.7961508983824443e7
6.8169720922112e8	0.0	0.0	0.0	0.0	2.8893559283058565e7
7.0368744177664e8	0.0	0.0	0.0	0.0	2.9825609582292687e7
7.4766790688768e8	0.0	0.0	0.0	0.0	3.1689710180760935e7
7.9164837199872e8	0.0	0.0	0.0	0.0	3.355381077922918e7
8.3562883710976e8	0.0	0.0	0.0	0.0	3.541791137769742e7
8.796093022208e8	0.0	0.0	0.0	0.0	3.728201197616567e7
9.2358976733184e8	0.0	0.0	0.0	0.0	3.914611257463391e7
9.6757023244288e8	0.0	0.0	0.0	0.0	4.1010213173102155e7
1.01155069755392e9	0.0	0.0	0.0	0.0	4.28743137715704e7
1.0555311626649601e9	0.0	0.0	0.0	0.0	4.473841437003864e7
1.099511627776e9	0.0	0.0	0.0	0.0	4.660251496850689e7
1.1434920928870401e9	0.0	0.0	0.0	0.0	4.846661556697513e7
1.18747255799808e9	0.0	0.0	0.0	0.0	5.033071616544338e7
1.2314530231091201e9	0.0	0.0	0.0	0.0	5.2194816763911635e7
1.27543348822016e9	0.0	0.0	0.0	0.0	5.405891736237988e7
1.3194139533312001e9	0.0	0.0	0.0	0.0	5.592301796084812e7
1.36339441844224e9	0.0	0.0	0.0	0.0	5.778711855931637e7
1.40737488355328e9	0.0	0.0	0.0	0.0	5.965121915778461e7
1.49533581377536e9	0.0	0.0	0.0	0.0	6.33794203547211e7
1.58329674399744e9	0.0	0.0	0.0	0.0	6.71076215516576e7
1.67125767421952e9	0.0	0.0	0.0	0.0	7.08358227485941e7
1.7592186044416e9	0.0	0.0	0.0	0.0	7.456402394553061e7
1.84717953466368e9	0.0	0.0	0.0	0.0	7.82922251424671e7
1.93514046488576e9	0.0	0.0	0.0	0.0	8.202042633940358e7
2.02310139510784e9	0.0	0.0	0.0	0.0	8.574862753634007e7
2.1110623253299203e9	0.0	0.0	0.0	0.0	8.947682873327656e7
2.199023255552e9	0.0	0.0	0.0	0.0	9.320502993021305e7
2.2869841857740803e9	0.0	0.0	0.0	0.0	9.693323112714954e7
2.37494511599616e9	0.0	0.0	0.0	0.0	1.0066143232408603e8
2.4629060462182403e9	0.0	0.0	0.0	0.0	1.0438963352102251e8
2.55086697644032e9	0.0	0.0	0.0	0.0	1.08117834717959e8
2.6388279066624002e9	0.0	0.0	0.0	0.0	1.1184603591489549e8
2.72678883688448e9	0.0	0.0	0.0	0.0	1.1557423711183198e8
2.81474976710656e9	0.0	0.0	0.0	0.0	1.1930243830876847e8
2.99067162755072e9	0.0	0.0	0.0	0.0	1.2675884070264144e8
3.16659348799488e9	0.0	0.0	0.0	0.0	1.3421524309651442e8
3.34251534843904e9	0.0	0.0	0.0	0.0	1.416716454903874e8
3.5184372088832e9	0.0	0.0	0.0	0.0	1.4912804788426042e8
3.69435906932736e9	0.0	0.0	0.0	0.0	1.565844502781334e8
3.87028092977152e9	0.0	0.0	0.0	0.0	1.6404085267200637e8
4.04620279021568e9	0.0	0.0	0.0	0.0	1.7149725506587934e8
4.2221246506598406e9	0.0	0.0	0.0	0.0	1.7895365745975232e8
4.398046511104e9	0.0	0.0	0.0	0.0	1.864100598536253e8
4.573968371548161e9	0.0	0.0	0.0	0.0	1.9386646224749827e8
4.74989023199232e9	0.0	0.0	0.0	0.0	2.0132286464137125e8
4.9258120924364805e9	0.0	0.0	0.0	0.0	2.0877926703524423e8
5.10173395288064e9	0.0	0.0	0.0	0.0	2.1623566942911717e8
5.2776558133248005e9	0.0	0.0	0.0	0.0	2.2369207182299015e8
5.45357767376896e9	0.0	0.0	0.0	0.0	2.3114847421686313e8
5.62949953421312e9	0.0	0.0	0.0	0.0	2.386048766107361e8
5.98134325510144e9	0.0	0.0	0.0	0.0	2.5351768139848205e8
6.33318697598976e9	0.0	0.0	0.0	0.0	2.68430486186228e8
6.68503069687808e9	0.0	0.0	0.0	0.0	2.83343290973974e8
7.0368744177664e9	0.0	0.0	0.0	0.0	2.9825609576172e8
7.38871813865472e9	0.0	0.0	0.0	0.0	3.1316890054946595e8
7.74056185954304e9	0.0	0.0	0.0	0.0	3.280817053372119e8
8.09240558043136e9	0.0	0.0	0.0	0.0	3.4299451012495786e8
8.444249301319681e9	0.0	0.0	0.0	0.0	3.579073149127038e8
8.796093022208e9	0.0	0.0	0.0	0.0	3.7282011970044976e8
9.147936743096321e9	0.0	0.0	0.0	0.0	3.877329244881957e8
9.49978046398464e9	0.0	0.0	0.0	0.0	4.0264572927594167e8
9.851624184872961e9	0.0	0.0	0.0	0.0	4.175585340636876e8
1.020346790576128e10	0.0	0.0	0.0	0.0	4.324713388514336e8
1.0555311626649601e10	0.0	0.0	0.0	0.0	4.473841436391795e8
1.090715534753792e10	0.0	0.0	0.0	0.0	4.622969484269255e8
1.125899906842624e10	0.0	0.0	0.0	0.0	4.7720975321467143e8
1.196268651020288e10	0.0	0.0	0.0	0.0	5.070353627901634e8
1.266637395197952e10	0.0	0.0	0.0	0.0	5.368609723656553e8
1.337006139375616e10	0.0	0.0	0.0	0.0	5.666865819411472e8
1.40737488355328e10	0.0	0.0	0.0	0.0	5.965121915166392e8
1.477743627730944e10	0.0	0.0	0.0	0.0	6.263378010921311e8
1.548112371908608e10	0.0	0.0	0.0	0.0	6.56163410667623e8
1.618481116086272e10	0.0	0.0	0.0	0.0	6.85989020243115e8
1.6888498602639362e10	0.0	0.0	0.0	0.0	7.158146298186069e8
1.7592186044416e10	0.0	0.0	0.0	0.0	7.456402393940988e8
1.8295873486192642e10	0.0	0.0	0.0	0.0	7.754658489695908e8
1.899956092796928e10	0.0	0.0	0.0	0.0	8.052914585450828e8
1.9703248369745922e10	0.0	0.0	0.0	0.0	8.351170681205748e8
2.040693581152256e10	0.0	0.0	0.0	0.0	8.649426776960667e8
2.1110623253299202e10	0.0	0.0	0.0	0.0	8.947682872715586e8
2.181431069507584e10	0.0	0.0	0.0	0.0	9.245938968470505e8
2.251799813685248e10	0.0	0.0	0.0	0.0	9.544195064225425e8
2.392537302040576e10	0.0	0.0	0.0	0.0	1.0140707255735263e9
2.533274790395904e10	0.0	0.0	0.0	0.0	1.0737219447245101e9
2.674012278751232e10	0.0	0.0	0.0	0.0	1.1333731638754938e9
2.81474976710656e10	0.0	0.0	0.0	0.0	1.1930243830264776e9
2.955487255461888e10	0.0	0.0	0.0	0.0	1.2526756021774614e9
3.096224743817216e10	0.0	0.0	0.0	0.0	1.3123268213284452e9
3.236962232172544e10	0.0	0.0	0.0	0.0	1.371978040479429e9
3.3776997205278725e10	0.0	0.0	0.0	0.0	1.4316292596304128e9
3.5184372088832e10	0.0	0.0	0.0	0.0	1.4912804787813966e9
3.6591746972385284e10	0.0	0.0	0.0	0.0	1.5509316979323804e9
3.799912185593856e10	0.0	0.0	0.0	0.0	1.6105829170833642e9
3.9406496739491844e10	0.0	0.0	0.0	0.0	1.670234136234348e9
4.081387162304512e10	0.0	0.0	0.0	0.0	1.7298853553853319e9
4.2221246506598404e10	0.0	0.0	0.0	0.0	1.7895365745363157e9
4.362862139015168e10	0.0	0.0	0.0	0.0	1.8491877936872995e9
4.503599627370496e10	0.0	0.0	0.0	0.0	1.9088390128382833e9
4.785074604081152e10	0.0	0.0	0.0	0.0	2.028141451140251e9
5.066549580791808e10	0.0	0.0	0.0	0.0	2.1474438894422185e9
5.348024557502464e10	0.0	0.0	0.0	0.0	2.2667463277441864e9
5.62949953421312e10	0.0	0.0	0.0	0.0	2.386048766046154e9
5.910974510923776e10	0.0	0.0	0.0	0.0	2.5053512043481216e9
6.192449487634432e10	0.0	0.0	0.0	0.0	2.6246536426500893e9
6.473924464345088e10	0.0	0.0	0.0	0.0	2.743956080952057e9
6.755399441055745e10	0.0	0.0	0.0	0.0	2.8632585192540245e9
7.0368744177664e10	0.0	0.0	0.0	0.0	2.982560957555992e9
7.318349394477057e10	0.0	0.0	0.0	0.0	3.1018633958579597e9
7.599824371187712e10	0.0	0.0	0.0	0.0	3.2211658341599274e9
7.881299347898369e10	0.0	0.0	0.0	0.0	3.340468272461895e9
8.162774324609024e10	0.0	0.0	0.0	0.0	3.4597707107638626e9
8.444249301319681e10	0.0	0.0	0.0	0.0	3.57907314906583e9
8.725724278030336e10	0.0	0.0	0.0	0.0	3.698375587367798e9
9.007199254740993e10	0.0	0.0	0.0	0.0	3.8176780256697655e9
9.570149208162305e10	0.0	0.0	0.0	0.0	4.0562829022737007e9
1.0133099161583617e11	0.0	0.0	0.0	0.0	4.294887778877636e9
1.0696049115004929e11	0.0	0.0	0.0	0.0	4.533492655481571e9
1.125899906842624e11	0.0	0.0	0.0	0.0	4.772097532085506e9
1.1821949021847552e11	0.0	0.0	0.0	0.0	5.010702408689442e9
1.2384898975268864e11	0.0	0.0	0.0	0.0	5.249307285293377e9
1.2947848928690176e11	0.0	0.0	0.0	0.0	5.487912161897313e9
1.351079888211149e11	0.0	0.0	0.0	0.0	5.726517038501248e9
1.40737488355328e11	0.0	0.0	0.0	0.0	5.965121915105184e9
1.4636698788954114e11	0.0	0.0	0.0	0.0	6.203726791709119e9
1.5199648742375424e11	0.0	0.0	0.0	0.0	6.442331668313054e9
1.5762598695796738e11	0.0	0.0	0.0	0.0	6.680936544916989e9
1.6325548649218048e11	0.0	0.0	0.0	0.0	6.9195414215209255e9
1.6888498602639362e11	0.0	0.0	0.0	0.0	7.158146298124862e9
1.7451448556060672e11	0.0	0.0	0.0	0.0	7.396751174728798e9
1.8014398509481985e11	0.0	0.0	0.0	0.0	7.635356051332734e9
1.914029841632461e11	0.0	0.0	0.0	0.0	8.112565804540605e9
2.0266198323167233e11	0.0	0.0	0.0	0.0	8.589775557748475e9
2.1392098230009857e11	0.0	0.0	0.0	0.0	9.066985310956347e9
2.251799813685248e11	0.0	0.0	0.0	0.0	9.544195064164217e9
2.3643898043695105e11	0.0	0.0	0.0	0.0	1.0021404817372087e10
2.476979795053773e11	0.0	0.0	0.0	0.0	1.049861457057996e10
2.5895697857380353e11	0.0	0.0	0.0	0.0	1.097582432378783e10
2.702159776422298e11	0.0	0.0	0.0	0.0	1.14530340769957e10
2.81474976710656e11	0.0	0.0	0.0	0.0	1.1930243830203571e10
2.927339757790823e11	0.0	0.0	0.0	0.0	1.2407453583411442e10
3.039929748475085e11	0.0	0.0	0.0	0.0	1.2884663336619312e10
3.1525197391593475e11	0.0	0.0	0.0	0.0	1.3361873089827183e10
3.2651097298436096e11	0.0	0.0	0.0	0.0	1.3839082843035053e10
3.3776997205278723e11	0.0	0.0	0.0	0.0	1.4316292596242924e10
3.4902897112121344e11	0.0	0.0	0.0	0.0	1.4793502349450794e10
3.602879701896397e11	0.0	0.0	0.0	0.0	1.5270712102658665e10
3.828059683264922e11	0.0	0.0	0.0	0.0	1.6225131609074406e10
4.0532396646334467e11	0.0	0.0	0.0	0.0	1.717955111549015e10
4.2784196460019714e11	0.0	0.0	0.0	0.0	1.8133970621905895e10
4.503599627370496e11	0.0	0.0	0.0	0.0	1.908839012832164e10
4.728779608739021e11	0.0	0.0	0.0	0.0	2.004280963473738e10
4.953959590107546e11	0.0	0.0	0.0	0.0	2.0997229141153122e10
5.1791395714760706e11	0.0	0.0	0.0	0.0	2.1951648647568863e10
5.404319552844596e11	0.0	0.0	0.0	0.0	2.2906068153984604e10
5.62949953421312e11	0.0	0.0	0.0	0.0	2.386048766040035e10
5.854679515581646e11	0.0	0.0	0.0	0.0	2.4814907166816093e10
6.07985949695017e11	0.0	0.0	0.0	0.0	2.5769326673231834e10
6.305039478318695e11	0.0	0.0	0.0	0.0	2.6723746179647575e10
6.530219459687219e11	0.0	0.0	0.0	0.0	2.7678165686063316e10
6.755399441055745e11	0.0	0.0	0.0	0.0	2.8632585192479053e10
6.980579422424269e11	0.0	0.0	0.0	0.0	2.9587004698894794e10
7.205759403792794e11	0.0	0.0	0.0	0.0	3.0541424205310535e10
7.656119366529844e11	0.0	0.0	0.0	0.0	3.2450263218142017e10
8.106479329266893e11	0.0	0.0	0.0	0.0	3.43591022309735e10
8.556839292003943e11	0.0	0.0	0.0	0.0	3.6267941243804985e10
9.007199254740992e11	0.0	0.0	0.0	0.0	3.8176780256636475e10
9.457559217478042e11	0.0	0.0	0.0	0.0	4.008561926946796e10
9.907919180215092e11	0.0	0.0	0.0	0.0	4.199445828229944e10
1.0358279142952141e12	0.0	0.0	0.0	0.0	4.390329729513092e10
1.0808639105689192e12	0.0	0.0	0.0	0.0	4.58121363079624e10
1.125899906842624e12	0.0	0.0	0.0	0.0	4.7720975320793884e10
1.170935903116329e12	0.0	0.0	0.0	0.0	4.962981433362537e10
1.215971899390034e12	0.0	0.0	0.0	0.0	5.153865334645685e10
1.261007895663739e12	0.0	0.0	0.0	0.0	5.344749235928833e10
1.3060438919374438e12	0.0	0.0	0.0	0.0	5.535633137211981e10
1.351079888211149e12	0.0	0.0	0.0	0.0	5.7265170384951294e10
1.3961158844848538e12	0.0	0.0	0.0	0.0	5.9174009397782776e10
1.4411518807585588e12	0.0	0.0	0.0	0.0	6.108284841061426e10
