# z G G_prime G_double_prime
1.5999999999999998e6	9.604459964355083e6	6280.103392677556	9.604457911157766e6
1.0666666666666665e6	6.408134184484376e6	11935.364597163727	6.408123069466532e6
799999.9999999999	4.809964748863798e6	13884.639580918652	4.8099447088398095e6
640000.0	3.851080120366841e6	14846.269006053291	3.8510515033924547e6
533333.3333333333	3.2118335712164063e6	15412.485817083674	3.21179659139144e6
457142.8571428571	2.7552343480427e6	15783.639728871693	2.755189138580361e6
399999.99999999994	2.4127880660690637e6	16045.191722229056	2.412734714714382e6
355555.55555555556	2.146442837847409e6	16239.389277879134	2.146381405617911e6
320000.0	1.9333678211905768e6	16389.388416834812	1.9332983525474074e6
290909.0909090909	1.7590344569222245e6	16508.89201442725	1.758956985580978e6
266666.6666666666	1.61375712939401e6	16606.504160433433	1.613671681814354e6
246153.84615384613	1.4908304662241088e6	16687.888898008965	1.4907370637996902e6
228571.42857142855	1.3854649489945725e6	16756.92154882592	1.3853636094804641e6
213333.3333333333	1.2941482854839088e6	16816.340112851856	1.2940390239579908e6
199999.99999999997	1.2142462705504727e6	16868.132257537614	1.214129100079507e6
188235.29411764705	1.1441442684753244e6	18235.932438975877	1.1439989326275685e6
177777.77777777778	1.0816023161538714e6	18549.592267665816	1.0814432407371746e6
168421.05263157893	1.025569184537849e6	18552.70940280443	1.0254013600768452e6
160000.0	975113.9539187793	18473.380070754985	974938.9505788948
152380.95238095237	929454.4299898735	18380.193704831767	929272.6757562463
145454.54545454544	887941.4933470648	18292.529631859255	887753.0506661654
139130.4347826087	850035.9688161488	18214.792753181646	849840.7907403406
133333.3333333333	815287.5802410257	18147.02155235519	815085.593115254
128000.0	783317.7704944506	18088.141136160735	783108.8996574072
123076.92307692306	753806.1047649009	18036.929423146958	753590.2817564842
118518.51851851851	726479.5721705839	17992.27819432061	726256.7360834135
114285.71428571428	701104.1398086726	17953.242221801134	700874.2369003044
110344.8275862069	677478.0410042646	17919.029176255463	677241.0238876235
106666.66666666666	655426.4013968194	17888.976585176908	655182.2282119072
103225.80645161291	634796.9034972497	17862.52904613829	634545.5371726858
99999.99999999999	615456.2634695844	17839.218829810205	615197.6710907517
94117.64705882352	580121.2371156776	17547.698343327356	579855.7821005804
88888.88888888889	548772.7280218899	17530.668637510942	548492.6459650202
84210.52631578947	520723.00600852846	17519.240790983004	520428.21329042636
80000.0	495477.3354402354	17512.0173523796	495167.7687241017
76190.47619047618	472635.2178978212	17508.036991285186	472310.82756806747
72727.27272727272	451868.96436851326	17506.597596252483	451529.71109338483
69565.21739130435	432907.86568046536	17507.169116170244	432553.7182796533
66666.66666666666	415526.32248599536	17509.34313197896	415157.2564484716
64000.0	399534.8245709698	17512.80076185365	399150.82093668706
61538.46153846153	384773.01171753684	17517.29029472822	384374.05620946107
59259.259259259255	371104.2765062644	17522.61144422186	370690.35882986325
57142.85714285714	358411.52342372586	17528.603515764	357982.63670421665
55172.41379310345	346593.8053338082	17535.136828775157	346149.94564807584
53333.33333333333	335563.6324827508	17542.105977599804	335104.7984778632
51612.903225806454	325244.80232826644	17549.424923553506	324770.99489702843
49999.99999999999	315570.6361511966	17557.02297326684	315081.8581657584
47058.82352941176	297863.92743299407	17314.056654431377	297360.2910746072
44444.444444444445	282185.10190829425	17344.38674277263	281651.5648589788
42105.26315789473	268156.0222692183	17374.00824430178	267592.5935387159
40000.0	255529.18107859194	17402.59528722387	254935.89794292394
38095.23809523809	244104.25446024284	17430.092639826587	243481.16747740068
36363.63636363636	233717.35127246735	17456.52857399608	233064.51874097684
34782.608695652176	224233.08489133636	17481.95594478574	223550.5705119757
33333.33333333333	215538.63229059667	17506.432088768488	214826.50405669774
32000.0	207539.22097735287	17530.013148272323	206797.55047608254
30769.230769230766	200154.65760541373	17552.751406939275	199383.51957768874
29629.629629629628	193316.62841987645	17574.695385208845	192516.10038058038
28571.42857142857	186966.57791631354	17595.889264071073	186136.73989501238
27586.206896551725	181054.02664507536	17616.37366960444	180194.96092601624
26666.666666666664	175535.22518224	17636.185413707957	174647.01613206285
25806.451612903227	170372.06884636814	17655.358325034565	169454.8027215701
24999.999999999996	165531.21565849124	17673.92304153889	164584.98048637275
23529.41176470588	156641.95569489527	17450.87324177153	155666.85359131903
22222.222222222223	148796.5081112985	17498.210142627737	147764.04660105976
21052.631578947367	141775.76463239762	17543.020841084268	140686.21061379928
20000.0	135455.88099272634	17584.948505955428	134309.5874521195
19047.619047619046	129736.68343677656	17624.082393926285	128534.03731676085
18181.81818181818	124536.23698966386	17660.617815720307	123277.64153289428
17391.304347826088	119786.86470650825	17694.7593746354	118472.73292572035
16666.666666666664	115432.17146863828	17726.691882362527	114062.92388358669
16000.0	111424.78653375023	17756.57846254773	110000.84988487676
15384.615384615383	107724.62707781512	17784.559821206156	106246.43387436718
14814.814814814814	104297.54893534575	17810.759519226314	102765.53682664792
14285.714285714284	101114.28564122986	17835.284679596436	99528.8972165068
13793.103448275862	98149.60789244212	17858.23056359587	96511.2901715524
13333.333333333332	95381.65028449161	17879.680632334275	93690.85457758825
12903.225806451614	92791.369154783	17899.710146386096	91048.55059963654
12499.999999999998	90362.10131737978	17918.385718940244	88567.71876772985
11764.70588235294	85877.94366235599	17703.540627311482	84033.36157105654
11111.111111111111	81938.1847539192	17746.39842375946	79993.32136967801
10526.315789473683	78410.43040219216	17785.098304093943	76366.78515016024
10000.0	75232.6338189255	17818.804869692784	73091.99261443313
9523.809523809523	72354.70600637731	17847.554923835654	70118.95795368013
9090.90909090909	69735.7104281152	17871.613498606705	67406.7855625111
8695.652173913044	67341.84742995078	17891.290518592297	64921.692359781395
8333.333333333332	65144.956707395104	17906.877070440187	62635.526165208554
8000.0	63121.387981715285	17918.641317131416	60524.63890091556
7692.3076923076915	61251.13123197897	17926.820759217095	58569.02060529963
7407.407407407407	59517.14349319055	17931.632650013522	56751.62482338284
7142.857142857142	57904.81761590629	17933.270647318004	55057.83965087456
6896.551724137931	56401.563317239365	17931.91429022804	53475.067036110166
6666.666666666666	54996.469894446236	17927.72555032401	51992.3874951227
6451.612903225807	53680.03622749132	17920.85656594261	50600.28843126976
6249.999999999999	52443.949551976635	17911.44604526819	49290.44476546866
5882.35294117647	50148.59465778585	17674.484676111308	46930.737662909305
5555.555555555556	48136.02705912781	17654.230273822785	44781.751355612745
5263.157894736842	46329.26863399411	17627.35686164002	42844.80624571878
5000.0	44697.19169800656	17592.607836479103	41089.403685137615
4761.9047619047615	43214.788810537444	17550.18695150723	39490.61799853856
4545.454545454545	41861.66345313957	17500.68836164722	38027.94727476658
4347.826086956522	40620.992968519095	17444.790306306943	36684.3885176986
4166.666666666666	39478.76840770101	17383.13880196862	35445.72809776073
4000.0	38423.22943071383	17316.338536747986	34299.98512486572
3846.1538461538457	37444.4279371004	17244.93589678453	33236.98797202444
3703.7037037037035	36533.89313244964	17169.43428491297	32248.03674255699
3571.428571428571	35684.36567693624	17090.28841352111	31325.644378176352
3448.2758620689656	34889.589494253974	17007.91737562939	30463.32551809341
3333.333333333333	34144.14323521802	16922.70138367678	29655.43280995893
3225.8064516129034	33443.306079856295	16834.991016943703	28897.020590544933
3124.9999999999995	32782.94743623924	16745.105588384788	28183.737889802156
2941.176470588235	31554.044189637516	16432.375230475078	26937.608450017724
2777.777777777778	30465.713135498423	16254.522568512115	25767.230602534906
2631.578947368421	29481.880305085142	16074.195827099058	24714.398532746825
2500.0	28586.966251406502	15890.547681718763	23763.525282122533
2380.9523809523807	27768.494671969875	15704.27034725667	22901.20497282827
2272.7272727272725	27016.297248463605	15516.412594297282	22116.085938087574
2173.913043478261	26321.97856396032	15327.981798753235	21398.58709117675
2083.333333333333	25678.54039371947	15139.877531493123	20740.577260126396
2000.0	25080.09500782629	14952.837223525716	20135.13905013663
1923.0769230769229	24521.65512625609	14767.491009693425	19576.33212350223
1851.8518518518517	23998.96240646536	14584.330154193063	19059.053243548922
1785.7142857142856	23508.362288627726	14403.774804931189	18578.86888005305
1724.1379310344828	23046.695212871968	14226.13479278472	18131.940025616004
1666.6666666666665	22611.21942502138	14051.678298096533	17714.89714599741
1612.9032258064517	22199.538830490445	13880.585104655558	17324.805379537956
1562.4999999999998	21809.55428390111	13713.014655485294	16959.065042651226
1470.5882352941176	21084.41712662009	13350.317565361836	16319.364769294845
1388.888888888889	20429.84937216414	13047.137011433582	15721.03562664354
1315.7894736842104	19832.624548389173	12758.793474692244	15183.74741450606
1250.0	19284.7393817091	12484.128808671607	14698.561184991459
1190.4761904761904	18779.695508692883	12222.492272373018	14257.89767290401
1136.3636363636363	18312.16843106519	11973.580920335295	13855.283201431977
1086.9565217391305	17877.71362749199	11736.845567184835	13485.514475861366
1041.6666666666665	17472.613023436683	11511.881574366129	13144.154156298488
1000.0	17093.701628868323	11298.038429315931	12827.663973868193
961.5384615384614	16738.289971798535	11094.829139902688	12532.961243711621
925.9259259259259	16404.051797829336	10901.574743564657	12257.592891605636
892.8571428571428	16088.984972041757	10717.776636366496	11999.36254154953
862.0689655172414	15791.33420407783	10542.783991090313	11756.527619245753
833.3333333333333	15509.572641229199	10376.127634154944	11527.481027236237
806.4516129032259	15242.346116794784	10217.212396894582	11310.95424714081
781.2499999999999	14988.466123192286	10065.61634531689	11105.741052040257
735.2941176470588	14516.309823145595	9775.326162125695	10731.553909178961
694.4444444444445	14086.672586808603	9517.423414866547	10385.229709067344
657.8947368421052	13693.212990637967	9279.681034352005	10069.339695713126
625.0	13331.229805014324	9060.369322504159	9779.130628738312
595.2380952380952	12996.789298037658	8857.186939003012	9511.402188170821
568.1818181818181	12686.645764340625	8668.668683814345	9263.107685875104
543.4782608695652	12398.029224851301	8492.988569996252	9032.179903554841
520.8333333333333	12128.617789374099	8329.031799118527	8816.495832812163
500.0	11876.398003841654	8175.395394913017	8614.62359493954
480.7692307692307	11639.65989973792	8031.246952365484	8425.00771344971
462.96296296296293	11416.90103753461	7895.5079500719185	8246.610425575467
446.4285714285714	11206.831174109384	7767.553311357518	8078.253556320746
431.0344827586207	11008.304106829224	7646.545123161312	7919.160750224175
416.66666666666663	10820.325988779974	7532.0075328073235	7768.41792318108
403.2258064516129	10642.005642220101	7423.28079530844	7625.430238553715
390.62499999999994	10472.563774598588	7319.996876581494	7489.4751311338105
367.6470588235294	10157.639271097223	7124.357985533129	7240.2457731562445
347.22222222222223	9870.8676522008	6949.7997102451545	7009.587162931959
328.9473684210526	9608.159166137388	6788.76596137198	6799.219020118934
312.5	9366.426754460954	6640.7030020212605	6605.37764140914
297.6190476190476	9143.059212822027	6503.809127888405	6426.196277516367
284.09090909090907	8935.900296330543	6377.052443763885	6259.673812224191
271.7391304347826	8743.102243136318	6258.971086559504	6104.679989282604
260.41666666666663	8563.116709512497	6148.8161007346425	5959.784252813061
250.0	8394.599968360499	6045.535627267206	5824.157244463871
240.38461538461536	8236.410270853788	5948.604056203653	5696.71518792569
231.48148148148147	8087.545528355586	5857.2452507326325	5576.833397726209
223.2142857142857	7947.143666898053	5771.074564692062	5463.679239402891
215.51724137931035	7814.440773018331	5689.501083560532	5356.777204175555
208.33333333333331	7688.772495144416	5612.233851018087	5255.478444782738
201.61290322580646	7569.545326657635	5538.812669015056	5159.415729506856
195.31249999999997	7456.238146070874	5469.012371121617	5068.075667888269
183.8235294117647	7245.793004686365	5337.38270889771	4900.394074512948
173.61111111111111	7053.9986852326765	5218.6459992807895	4746.0121560584885
164.4736842105263	6878.228570681718	5108.791718638768	4605.461480254745
156.25	6716.423226955769	5007.86726791157	4475.6682618990935
148.8095238095238	6566.853791691608	4914.541111318912	4355.554429301823
142.04545454545453	6428.081644462208	4828.04486526898	4243.844531415094
135.8695652173913	6298.882636171911	4747.345472663228	4139.883262539169
130.20833333333331	6178.222031136413	4671.947865246223	4042.6885374018857
125.0	6065.20941713099	4601.143234912699	3951.7396429258274
120.19230769230768	5959.081042122272	4534.593868227304	3866.277966832754
115.74074074074073	5859.173005706865	4471.7790272361835	3785.908166130636
111.60714285714285	5764.908261102045	4412.450179811076	3710.047259753952
107.75862068965517	5675.780858312049	4356.210298023086	3638.39527690149
104.16666666666666	5591.345853714925	4302.870428961988	3570.4977982656083
100.80645161290323	5511.210285576784	4252.121214705912	3506.1237837953263
97.65624999999999	5435.024956109469	4203.815917904437	3444.9133518720037
91.91176470588235	5293.588956260232	4113.74210772006	3331.547674731854
86.80555555555556	5164.562409015328	4030.7436865043032	3228.9023228211636
82.23684210526315	5046.225648169917	3953.935465986572	3135.408685173505
78.125	4937.186906829584	3883.429428842161	3048.73587314023
74.4047619047619	4836.313008836418	3818.1867133311875	2968.3958195600444
71.02272727272727	4742.647441487092	3757.6210183156822	2893.6117633428767
67.93478260869566	4655.384028598913	3701.0272593744476	2824.0038383651513
65.10416666666666	4573.830205787352	3648.066288145151	2758.9010690257865
62.5	4497.397636923228	3598.2639158380825	2697.97744552845
60.09615384615384	4425.573765902466	3551.387851872137	2640.709655191033
57.87037037037037	4357.919526601128	3507.0886377438123	2586.849799918745
55.80357142857142	4294.047068164807	3465.194073446093	2535.9949244761606
53.87931034482759	4233.621638353819	3425.4373657515766	2487.957200204734
52.08333333333333	4176.3437847959685	3387.686986039386	2442.4218090705167
50.403225806451616	4121.953430221358	3351.7347897774857	2399.2444602226115
48.82812499999999	4070.215276981079	3317.478114372743	2358.175430630222
45.955882352941174	3974.122855733366	3254.569486463618	2280.6643615934086
43.40277777777778	3886.470655535017	3195.0954139335854	2212.6950653434733
41.118421052631575	3805.9811085462698	3140.1956021115216	2150.5031455663
39.0625	3731.7076012663874	3089.839911190673	2092.493953291753
37.20238095238095	3662.9190162300874	3043.215591713479	2038.5815121824223
35.51136363636363	3598.98041328229	2999.8766557721046	1988.315886709941
33.96739130434783	3539.360801968934	2959.3419355141573	1941.486594139011
32.55208333333333	3483.593620884847	2921.365541016768	1897.6427195943406
31.25	3431.2887714182784	2885.6252431989465	1856.5854649528471
30.04807692307692	3382.099413797152	2851.950744110596	1817.9585798290498
28.935185185185183	3335.7337892287223	2820.1042831886843	1781.6093131051614
27.90178571428571	3291.9287536686106	2789.9589128755115	1747.2619104463602
26.939655172413794	3250.4615728263034	2761.3329912065938	1714.800439728919
26.041666666666664	3211.128631102901	2734.1291069142576	1684.0086437465327
25.201612903225808	3173.756706217191	2708.205436696633	1654.7975534503885
24.414062499999996	3138.185494467052	2683.48560149876	1626.9951518773048
22.977941176470587	3072.006832845339	2638.5936154421115	1573.2290721940578
21.70138888888889	3011.7815478674743	2595.327720066814	1528.1040925041045
20.559210526315788	2956.376661610183	2555.5551271479953	1486.3717426744108
19.53125	2905.158569590232	2519.072123963054	1447.142684304431
18.601190476190474	2857.665349347597	2485.2617530283983	1410.5762183576383
17.755681818181817	2813.4738240797356	2453.792800595632	1376.4213927888854
16.983695652173914	2772.231863903666	2424.3372642384243	1344.5662261367966
16.276041666666664	2733.6214876821455	2396.711955107681	1314.7084247700943
15.625	2697.381640410884	2370.6959486780324	1286.7278006428844
15.02403846153846	2663.2745784792824	2346.1606401846802	1260.3815814356421
14.467592592592592	2631.104422518863	2322.943057400084	1235.57518357851
13.950892857142856	2600.69022315533	2300.9467908906618	1212.1194257603847
13.469827586206897	2571.8821691777644	2280.0473665050745	1189.9419727985885
13.020833333333332	2544.539889304864	2260.170475148647	1168.893781115269
12.600806451612904	2518.546712700657	2241.2189698342645	1148.9190891052
12.207031249999998	2493.791892565782	2223.1343438288036	1129.8989745617519
11.488970588235293	2447.6066470699598	2190.378109042699	1092.2554821137678
10.850694444444445	2405.7767988487035	2158.602211569825	1062.1668880569448
10.279605263157894	2367.191359186536	2129.489549131516	1033.861301697211
9.765625	2331.4510389433676	2102.7369431305833	1007.0557556480966
9.300595238095237	2298.2709988949823	2077.906394812451	982.0155796927367
8.877840909090908	2267.366722977681	2054.7599763477156	958.5996536959965
8.491847826086957	2238.501945737018	2033.076332626604	936.7452091054295
8.138020833333332	2211.4572871969717	2012.717502234616	916.2486503646473
7.8125	2186.0558366310197	1993.5321456922009	897.0338371323555
7.51201923076923	2162.132589248907	1975.4217273053066	878.9347716311504
7.233796296296296	2139.554278963998	1958.274402251679	861.8897134314707
6.975446428571428	2118.1949626566525	1942.0157195139204	845.7687893182434
6.734913793103448	2097.952511489169	1926.5601693818433	830.5243248786367
6.510416666666666	2078.729004728566	1911.850056398644	816.0536973436958
6.300403225806452	2060.4447804475717	1897.8186153319255	802.3198841941129
6.103515624999999	2043.0224469153545	1884.4202157223542	789.2408815925074
5.744485294117647	2010.4001459875333	1860.052281012118	762.833047847503
5.425347222222222	1981.0539158511415	1836.5441763693052	742.7517120499498
5.139802631578947	1953.881321354724	1815.0211721972898	723.4295835908687
4.8828125	1928.6615283041947	1795.1814708990933	705.02395512581
4.650297619047619	1905.2222581238202	1776.7360409946843	687.8087622885917
4.438920454545454	1883.370181347848	1759.5168229388844	671.7021585385004
4.2459239130434785	1862.9443785850658	1743.3743487313402	656.6640220746621
4.069010416666666	1843.7920898152524	1728.2038405944872	642.5579785667287
3.90625	1825.7916407356645	1713.9008509606	629.3321765623945
3.756009615384615	1808.8274717260438	1700.3891791894546	616.8739431733557
3.616898148148148	1792.8075303389292	1687.591214178585	605.1402603258354
3.487723214285714	1777.6434275815448	1675.4489427677013	594.0429242087265
3.367456896551724	1763.264468723897	1663.902868528689	583.5484819328784
3.255208333333333	1749.6018029841614	1652.9078239742632	573.5871289090217
3.150201612903226	1736.6001915250504	1642.417272075961	564.1327233828938
3.0517578124999996	1724.2051443144132	1632.395368849905	555.1294798852506
2.8722426470588234	1700.9023319179666	1614.02994233681	536.6340354135302
2.712673611111111	1680.1051882522158	1596.5525424990547	523.2336214654192
2.5699013157894735	1660.7567104738532	1580.510888576536	509.99821810957604
2.44140625	1642.7647804778894	1565.6723058448413	497.33927523277896
2.3251488095238093	1626.02528885529	1551.8564521506887	485.48922945334897
2.219460227272727	1610.40538574024	1538.944605939888	474.39962718123434
2.1229619565217392	1595.7935897168209	1526.8341516873636	464.0416513874871
2.034505208333333	1582.0827929472828	1515.4453335668936	454.3252190999318
1.953125	1569.1879395135354	1504.7046792985893	445.2130025186422
1.8780048076923075	1557.0275649561495	1494.5532543675283	436.62960033958615
1.808449074074074	1545.537045290458	1484.936044569576	428.5436989423853
1.743861607142857	1534.6539810411055	1475.807945895652	420.8963629642931
1.683728448275862	1524.3286321063738	1467.1266425755255	413.6631398908477
1.6276041666666665	1514.5123136827397	1458.8569080731104	406.7973329116229
1.575100806451613	1505.1660888486022	1450.9655654513172	400.27975578879557
1.5258789062499998	1496.2513851629203	1443.4246077332834	394.0731015839249
1.4361213235294117	1479.422460074157	1429.4873964390642	381.1254370856614
1.3563368055555556	1464.5241746999363	1416.4498111607102	372.15721240265947
1.2849506578947367	1450.590396557389	1404.4232391165776	363.0535277528968
1.220703125	1437.6121358178525	1393.263631240349	354.3234495679397
1.1625744047619047	1425.5249197776068	1382.8613394138958	346.1442081869323
1.1097301136363635	1414.236437482482	1373.13181581421	338.48739637084356
1.0614809782608696	1403.6680997451515	1364.0028557753067	331.33116919326005
1.0172526041666665	1393.7443476037297	1355.4139861957055	324.61705516256245
0.9765625	1384.4046810887894	1347.3123234070774	318.31717549635243
0.9390024038461537	1375.5913295176333	1339.6526113353757	312.3817965029318
0.904224537037037	1367.2582075614441	1332.394937017529	306.7877734757178
0.8719308035714285	1359.361009484941	1325.504564653838	301.49627392350465
0.841864224137931	1351.8641725232271	1318.950697855158	296.48911882108064
0.8138020833333333	1344.7330743688217	1312.7061553599688	291.735481183678
0.7875504032258065	1337.9398240841658	1306.746738414959	287.22105513390727
0.7629394531249999	1331.4569627680314	1301.0508184785494	282.9212106572568
0.7180606617647058	1319.1706105099902	1290.4381322566073	273.82572277158124
0.6781684027777778	1308.3747817251826	1280.679918221408	267.7751230395146
0.6424753289473684	1298.224988472455	1271.6218353408399	261.46898205848333
0.6103515625	1288.7581499749444	1263.1954263767796	255.41120552479248
0.5812872023809523	1279.9325399447753	1255.3336500825596	249.72932102554773
0.5548650568181818	1271.6833086885704	1247.9757540563828	244.40735439939647
0.5307404891304348	1263.9541486229602	1241.0697069512707	239.42863719505095
0.5086263020833333	1256.6912989839816	1234.5699418129361	234.75536141705174
0.48828125	1249.8511606794393	1228.4376065007948	230.3670349384653
0.46950120192307687	1243.3924432685963	1222.6382528433767	226.23101171489466
0.4521122685185185	1237.2817739812247	1217.1423683441544	222.33003262651897
0.43596540178571425	1231.4874620199162	1211.9234730285234	218.6386622597578
0.4209321120689655	1225.9837014337172	1206.9587335951476	215.14332799209794
0.40690104166666663	1220.7457483846638	1202.2274154732704	211.8240394376741
0.39377520161290325	1215.753217201018	1197.711513139345	208.66963465748066
0.38146972656249994	1210.9864481098348	1193.394518441029	205.664048536875
0.3590303308823529	1201.9201251538013	1185.2937757087868	199.22513023144862
0.3390842013888889	1194.0047399367681	1177.9588210080321	195.09058152775106
0.3212376644736842	1186.5278038725646	1171.1063811390513	190.67793112483187
0.30517578125	1179.5459117107869	1164.7193520192147	186.4333362507147
0.29064360119047616	1173.0307515342427	1158.755554896065	182.44645253471768
0.2774325284090909	1166.9362804392272	1153.171000323657	178.70905578026822
0.2653702445652174	1161.2215847969285	1147.9274846211083	175.20861579769826
0.25431315104166663	1155.8480762665977	1142.9908152900346	171.92082937159392
0.244140625	1150.783878357684	1138.3320244963143	168.83049693131701
0.23475060096153844	1145.9992173555945	1133.925051987426	165.91619165997022
0.22605613425925924	1141.4696124845254	1129.7477740527404	163.16507974579193
0.21798270089285712	1137.172186672383	1125.7801387004208	160.56046041572765
0.21046605603448276	1133.087965020572	1122.0049888346325	158.09219305410718
0.20345052083333331	1129.1990156432873	1118.40659290647	155.74694177771488
0.19688760080645162	1125.490402654553	1114.9714237102294	153.51667914950477
0.19073486328124997	1121.947872693409	1111.6869516397385	151.39072162854467
0.17951516544117646	1115.1887746554544	1105.4866558456215	146.7830264873905
0.16954210069444445	1109.3188919066597	1099.9442019465184	143.91371215160808
0.1606188322368421	1103.751955599081	1094.7360552992948	140.78831171846267
0.152587890625	1098.5484737540135	1089.8742932663092	137.7779883164778
0.14532180059523808	1093.688421074801	1085.3313217442142	134.9454868976657
0.13871626420454544	1089.1388318987847	1081.0751139856636	132.28753936306055
0.1326851222826087	1084.8696363130455	1077.077247687375	129.79495486415698
0.12715657552083331	1080.8528415116295	1073.3120894848028	127.45204419518255
0.1220703125	1077.0648630541493	1069.757809868145	125.24754469435052
0.11737530048076922	1073.4840039433986	1066.394735201151	123.16726617741382
0.11302806712962962	1070.0920957628587	1063.2061189016729	121.20165899932606
0.10899135044642856	1066.872446213692	1060.1768090381797	119.33964164354786
0.10523302801724138	1063.8109421715167	1057.2937914989943	117.57363284993389
0.10172526041666666	1060.8944786441061	1054.5451642018916	115.89474309025191
0.09844380040322581	1058.1119284763295	1051.920652785203	114.29695283711435
0.09536743164062499	1055.4528642000355	1049.41077281215	112.77312824367489
0.08975758272058823	1050.3654690925225	1044.649035519104	109.43496356722866
0.08477105034722222	1045.9663370546248	1040.4366219741805	107.41142353784038
0.08030941611842105	1041.780583930839	1036.4585372314552	105.16884355792834
0.0762939453125	1037.8645404915717	1032.7404152814704	103.00504382814057
0.07266090029761904	1034.203993935925	1029.263734195608	100.96567011975543
0.06935813210227272	1030.7750036811128	1026.0049745043668	99.04998993483812
0.06634256114130435	1027.5552092977546	1022.9427658438733	97.25125172787642
0.06357828776041666	1024.5240729935365	1020.05784747347	95.55921698641188
0.06103515625	1021.6639636372164	1017.3336389025499	93.96553491681767
0.05868765024038461	1018.9588924383037	1014.7552656877285	92.46066860088155
0.05651403356481481	1016.3952381848369	1012.3099597007691	91.03749609605164
0.05449567522321428	1013.9608051974586	1009.9863373328595	89.68897857392527
0.05261651400862069	1011.6447290045866	1007.774274659387	88.40853498113117
0.05086263020833333	1009.4374545518672	1005.6648444961904	87.1905682778021
0.049221900201612906	1007.3306319622279	1003.650204651823	86.03062705673716
0.04768371582031249	1005.3165433485195	1001.7231609093299	84.92385547086617
0.044878791360294115	1001.4540176832144	998.0520745727315	82.47548711537613
0.04238552517361111	998.1254453685793	994.8312546526713	81.02579501872641
0.04015470805921052	994.9501438285481	991.7772193464785	79.39606973783785
0.03814697265625	991.9770108516755	988.9197821622662	77.820656039132
0.03633045014880952	989.1957876861494	986.2461836447064	76.33329301342589
0.03467906605113636	986.5890461557711	983.7391289959394	74.9351191155717
0.033171280570652176	984.1397558926634	981.3822392494602	73.6203749935192
0.03178914388020833	981.8328151873956	979.1610792704495	72.38271769376392
0.030517578125	979.6549343531723	977.0629841425163	71.21597728767954
0.029343825120192304	977.5941945048581	975.0766590263626	70.11360889006502
0.028257016782407406	975.6402896690355	973.1923100973705	69.07027141124388
0.02724783761160714	973.7840297704133	971.4012235455037	68.0808308571772
0.026308257004310345	972.0173805055753	969.6957628103128	67.14101274665155
0.025431315104166664	970.333106667884	968.0690668027477	66.24665874898461
0.024610950100806453	968.7248569986036	966.5150938072771	65.39435762873892
0.023841857910156247	967.1868634782871	965.0283698264852	64.58075808631688
0.022439395680147058	964.2313996608325	962.186451601636	62.76483447074981
0.021192762586805556	961.6913822540658	959.7092935459042	61.71212671231774
0.02007735402960526	959.2632712464349	957.3526461462037	60.51391971499558
0.019073486328125	956.9880511573763	955.1457002695522	59.35335975814348
0.01816522507440476	954.8582859270247	953.0795275304234	58.25599030040123
0.01733953302556818	952.8610959008583	951.1412751062535	57.22362161411014
0.016585640285326088	950.9835049543367	949.3183680767283	56.25177977070821
0.015894571940104164	949.2142423824754	947.5998960246809	55.33638039979427
0.0152587890625	947.5431952198054	945.9761209040527	54.472795840487876
0.014671912560096152	945.9613876547633	944.4384217563277	53.65644829973576
0.014128508391203703	944.4609631779362	942.9792498554741	52.88331787059342
0.01362391880580357	943.0349940026324	941.5919487021735	52.14980395733425
0.013154128502155173	941.6773472396154	940.2706248865302	51.4526800053523
0.012715657552083332	940.3825634987452	939.0100325369621	50.78901975235481
0.012305475050403226	939.1459581248201	937.8056445234629	50.15679178455076
0.011920928955078123	937.9627874982433	936.6529505997993	49.55240523087476
0.011219697840073529	935.6850145231871	934.4431551522177	48.19166102579478
0.010596381293402778	933.7318073549757	932.5269699847628	47.41875491223567
0.01003867701480263	931.8615005737047	930.6991370719086	46.5292650391265
0.0095367431640625	930.1077459234996	928.9860239328221	45.666030749115
0.00908261253720238	928.4652453743006	927.3814034879736	44.849128560505285
0.00866976651278409	926.9239803218197	925.8753062125805	44.07927677951932
0.008292820142663044	925.4744393758164	924.4584002088652	43.35440255899129
0.007947285970052082	924.1079573259742	923.1222423188227	42.671331470360016
0.00762939453125	922.8167749658685	921.8593003080128	42.026546301442174
0.007335956280048076	921.5940743962765	920.6629605177152	41.416797233557325
0.007064254195601851	920.4339806310994	919.5275115553023	40.83954203127891
0.006811959402901785	919.3308627676904	918.4475292247713	40.291082116256796
0.006577064251077586	918.2802351263568	917.4186420820864	39.76965405906766
0.006357828776041666	917.2779393585249	916.436815620648	39.27315888629581
0.006152737525201613	916.3202338642125	915.4984223041398	38.799610147473615
0.005960464477539062	915.4037960114537	914.6002374253327	38.34730047479524
0.005609848920036764	913.6365335641332	912.8739998744384	37.31991179423314
0.005298190646701389	912.1238135133196	911.3832357716501	36.74845210996006
0.005019338507401315	910.6731190699629	909.9579773767458	36.083364657922964
0.00476837158203125	909.3119531158954	908.6211885677917	35.4367572599119
0.00454130626860119	908.0364586006183	907.3684334184957	34.82436192692303
0.004334883256392045	906.838954851124	906.192058621133	34.246794411623604
0.004146410071331522	905.7121953870162	905.0849172016971	33.702722839047354
0.003973642985026041	904.6495500882314	904.0405075996263	33.18989445372633
0.003814697265625	903.6450336089616	903.0529817193546	32.70564131651087
0.003667978140024038	902.6935766551682	902.1173722165192	32.248101954411176
0.0035321270978009257	901.7901521298633	901.2288049738893	31.813826612612022
0.0034059797014508925	900.9309635054727	900.3835492563934	31.40167561387758
0.003288532125538793	900.112358717526	899.5780417040935	31.009759751673727
0.003178914388020833	899.3311386209274	898.8091566461383	30.636527581817493
0.0030763687626008066	898.5844126257447	898.0740723825526	30.280474371651675
0.002980232238769531	897.869824794861	897.3704703368575	29.940962652550557
0.002804924460018382	896.4889019277322	896.0145278927205	29.160196926225566
0.0026490953233506945	895.3085948110545	894.8473228734023	28.73584327716641
0.0025096692537006577	894.1755494816704	893.7295817290645	28.237351739117464
0.002384185791015625	893.1115635948082	892.6803053233818	27.75135158000359
0.002270653134300595	892.1138813678558	891.6963655042249	27.29045759558666
0.0021674416281960225	891.1769889565578	890.7722236899361	26.856491732227514
0.002073205035665761	890.2947986936518	889.901895469505	26.447022909057242
0.0019868214925130205	889.4624299182176	889.0805548496734	26.061105583167873
0.0019073486328125	888.675230973063	888.3036341116983	25.696687898962946
0.001833989070012019	887.929321541729	887.5673099575456	25.352521536947055
0.0017660635489004629	887.2207009682148	886.8676832104896	25.025680877632936
0.0017029898507254463	886.5465088074205	886.201925860404	24.715559470440006
0.0016442660627693966	885.9038965706353	885.5672442513078	24.42068525204534
0.0015894571940104165	885.2905759587857	884.9613782190925	24.14048346663736
0.0015381843813004033	884.7038427845125	884.3817027623907	23.872437177170337
0.0014901161193847654	884.1420334420166	883.8265637395456	23.616530806424088
0.001402462230009191	883.0546778816475	882.7545267442746	23.02193825792949
0.0013245476616753472	882.1263332796537	881.8339985008957	22.708301418840563
0.0012548346268503288	881.2341899334715	880.9510989113971	22.335147962428
0.0011920928955078125	880.395774779075	880.121590515544	21.97057480442784
0.0011353265671502975	879.6090893201635	879.343233086089	21.624718272190865
0.0010837208140980113	878.8699106022532	878.611781668992	21.299222390785914
0.0010366025178328805	878.173417138256	877.9224830353735	20.99200679510758
0.0009934107462565103	877.5160372113772	877.2717812872253	20.703075141095937
0.00095367431640625	876.893755867628	876.6557398066434	20.42970738169799
0.0009169945350060095	876.3036981868005	876.0715078460225	20.171380623536262
0.0008830317744502314	875.7430159479463	875.5162804848296	19.926680295880974
0.0008514949253627231	875.209449017369	874.9878184222313	19.695107564854705
0.0008221330313846983	874.7003451056987	874.483531413822	19.474265430036237
0.0007947285970052083	874.2140894409287	874.001810538768	19.264198711274204
0.0007690921906502017	873.7488980692412	873.5408991574427	19.063954899751984
0.0007450580596923827	873.3034293111758	873.0994632489366	18.873444865175074
0.0007012311150045955	872.4383161692131	872.243845256849	18.419824421473336
0.0006622738308376736	871.7009634110294	871.51110992085	18.192165793133746
0.0006274173134251644	870.9913958470765	870.807118314272	17.915756552051338
0.0005960464477539062	870.323945413291	870.1450571261066	17.64509900118734
0.0005676632835751488	869.6972842901697	869.5234303023284	17.388802631814332
0.0005418604070490056	869.1076862965805	868.9385211647771	17.14691855015738
0.0005183012589164402	868.5520166452498	868.3871985245306	16.919783014198583
0.0004967053731282551	868.0267923575274	867.8660273669884	16.7054120793128
0.000476837158203125	867.5294282100829	867.3724387712355	16.50337149047641
0.00045849726750300476	867.0576088952407	866.9041345339261	16.31314412113026
0.0004415158872251157	866.6086949663678	866.4585241230732	16.132456904538028
0.00042574746268136157	866.1812607296762	866.0341751625398	15.961951315259848
0.00041106651569234915	865.7730788211147	865.6289067108223	15.799363215605362
0.00039736429850260413	865.3829597826973	865.2415280382562	15.644974921201394
0.00038454609532510083	865.0094834754058	864.870636659419	15.49801105689573
0.00037252902984619135	864.6516413252149	864.5152257611179	15.358557015273384
0.0003506155575022978	863.9539932891961	863.8235061651233	15.015082981508593
0.0003311369154188368	863.3602713642158	863.2324434881385	14.856200038709632
0.0003137086567125822	862.7881491903674	862.6636419368773	14.657123303807507
0.0002980232238769531	862.2494361552696	862.1281465761758	14.46198572839215
0.0002838316417875744	861.7427552397572	861.6244865783159	14.276566003827755
0.0002709302035245028	861.2658164915514	861.1503443522118	14.102874846131751
0.0002591506294582201	860.815612422667	860.7027386000801	13.939668465690112
0.00024835268656412757	860.3895791390402	860.2791264037945	13.785955352414934
0.0002384185791015625	859.985878795879	859.8776693368715	13.642049116983165
0.00022924863375150238	859.6021253035462	859.4960172241259	13.505932112913992
0.00022075794361255786	859.236850565478	859.1327045528855	13.377643190265905
0.00021287373134068078	858.888697604085	858.7863791051279	13.257071152589988
0.00020553325784617457	858.5558202251286	858.4552281113938	13.142213308959759
0.00019868214925130207	858.2375547631435	858.1385737447515	13.034134307406033
0.00019227304766255041	857.9322684159314	857.8348165828996	12.93076360810554
0.00018626451492309568	857.6393577877409	857.5433454303299	12.832721251811849
0.0001753077787511489	857.0657392710297	856.973435493714	12.57824671000738
0.0001655684577094184	856.5782507269541	856.4873594679282	12.478088399462855
0.0001568543283562911	856.1077256781851	856.0187267420437	12.344125437026634
0.00014901161193847656	855.6639213032199	855.5767674947448	12.21233569987135
0.0001419158208937872	855.2457562202226	855.1603350388241	12.087386358780833
0.0001354651017622514	854.851501945842	854.7676763802111	11.971206899747763
0.00012957531472911006	854.4787037460266	854.3963550882912	11.862696461273215
0.00012417634328206378	854.1254632726831	854.0444794432215	11.761553610489191
0.00011920928955078125	853.789828983186	853.7101158045048	11.66662968457698
0.00011462431687575119	853.4706856623862	853.392140717993	11.57866338508021
0.00011037897180627893	853.1663271928868	853.0888694565352	11.496202206401128
0.00010643686567034039	852.875406909349	852.7989682456556	11.418382982401678
0.00010276662892308729	852.5973064406978	852.5218074538591	11.346134387465957
9.934107462565103e-5	852.3305320108752	852.2559197332331	11.27754749946145
9.613652383127521e-5	852.0747586486813	852.0009649367547	11.213834003018457
9.313225746154784e-5	851.8286487887111	851.7556317243412	11.15305891089474
8.765388937557444e-5	851.3425056403404	851.2717931385027	10.972516426567585
8.27842288547092e-5	850.9308810158153	850.8606987947542	10.928655583117445
7.842716417814555e-5	850.5324523338713	850.4631839652567	10.854731353060494
7.450580596923828e-5	850.1557335991921	850.0873662662186	10.781515948339186
7.09579104468936e-5	849.7999943020125	849.7324617301459	10.713253367974504
6.77325508811257e-5	849.4635787481427	849.3968049821542	10.650788971253398
6.478765736455503e-5	849.1447075719392	849.0786207922672	10.593871385640432
6.208817164103189e-5	848.8418307136366	848.7763628432408	10.542269579042552
5.9604644775390625e-5	848.5534971471575	848.4885869492459	10.49549129593162
5.7312158437875595e-5	848.2784696628347	848.2140606704284	10.453199247292066
5.5189485903139464e-5	848.0156092546902	847.9516509845535	10.414947535792477
5.3218432835170196e-5	847.7639523073326	847.7003980130718	10.380464355168325
5.138331446154364e-5	847.5226012174448	847.4594089435375	10.349384882888272
4.9670537312825516e-5	847.2905847989072	847.2277230593551	10.320870531829865
4.8068261915637603e-5	847.0677030034905	847.0051259170942	10.29612265743789
4.656612873077392e-5	846.8529609320108	846.7906380929638	10.273883268994348
4.382694468778722e-5	846.4224729000779	846.3614625523152	10.162545773032804
4.13921144273546e-5	846.0598288170593	845.9985812177241	10.180103906622234
3.9213582089072776e-5	845.7078181315037	845.6466579221309	10.170722387278921
3.725290298461914e-5	845.3736086566755	845.3125516496627	10.160129760309708
3.54789552234468e-5	845.0570221147225	844.9960266183257	10.153109112216269
3.386627544056285e-5	844.7564843659819	844.6955067006146	10.14981961244944
3.2393828682277515e-5	844.470414517303	844.4094169849444	10.14975379857119
3.1044085820515946e-5	844.197787926074	844.1367256034861	10.153503173865774
2.9802322387695312e-5	843.9375240903307	843.8763517244271	10.161081044290647
2.8656079218937797e-5	843.6881705476618	843.6268605494412	10.171001993619933
2.7594742951569732e-5	843.4491002278576	843.3876180171417	10.183832802751347
2.6609216417585098e-5	843.2194745735422	843.1577889339563	10.199277429433886
2.569165723077182e-5	842.9985370729001	842.9366202184597	10.217034879559302
2.4835268656412758e-5	842.7856536787956	842.7234794665865	10.236952794878441
2.4034130957818802e-5	842.5802263103402	842.5177711168973	10.258807016393675
2.328306436538696e-5	842.3817470998483	842.31898852506	10.282481077663462
2.191347234389361e-5	841.9757559191963	841.913378086891	10.248773293505256
2.06960572136773e-5	841.6363238400115	841.572704878566	10.34814042728824
1.9606791044536388e-5	841.3054383175535	841.240885738854	10.421741888915355
1.862645149230957e-5	840.9896769024077	840.9242161052048	10.492827276906066
1.77394776117234e-5	840.6888733051677	840.6224796008686	10.565438410191744
1.6933137720281426e-5	840.4020390813487	840.3346719441788	10.640790410404168
1.6196914341138758e-5	840.1275569315611	840.059189851415	10.71771719993416
1.5522042910257973e-5	839.8646522210609	839.795247614381	10.797042868495867
1.4901161193847656e-5	839.6122626304523	839.541786998882	10.878393362600368
1.4328039609468899e-5	839.3693534701665	839.2977811091422	10.961120845785478
1.3797371475784866e-5	839.135562582819	839.0628535372334	11.046275623001527
1.3304608208792549e-5	838.9098851489263	838.836012457288	11.13281659515079
1.284582861538591e-5	838.691733060548	838.6166701645536	11.220678509864678
1.2417634328206379e-5	838.4803797035875	838.4041083912592	11.309207776402168
1.2017065478909401e-5	838.2758370161931	838.1983204024104	11.399763145666617
1.164153218269348e-5	838.0770613563308	837.9982868775646	11.49051617334684
1.0956736171946805e-5	837.6585921861587	837.5787856623039	11.562649858822294
1.034802860683865e-5	837.312573619739	837.2295668823392	11.789753166274723
9.803395522268194e-6	836.9734187478406	836.8875241558417	11.990646469380216
9.313225746154785e-6	836.6476616579023	836.5588815834702	12.18800235679246
8.8697388058617e-6	836.3350457373622	836.2433365824116	12.385101938658043
8.466568860140713e-6	836.0345115043889	835.9398221059737	12.582457781184937
8.098457170569379e-6	835.745197441717	835.6474663956957	12.780725853767942
7.761021455128987e-6	835.4662991160425	835.3654571978813	12.980365142452467
7.450580596923828e-6	835.1964937856665	835.0924933605589	13.17993796326894
7.164019804734449e-6	834.9353608845613	834.8281400313559	13.380338830518209
6.898685737892433e-6	834.6819515271691	834.571462100997	13.580679357367805
6.6523041043962745e-6	834.4361444975932	834.322316363045	13.782295259181225
6.422914307692955e-6	834.1970064755986	834.0797886815506	13.983981042246418
6.2088171641031895e-6	833.9639318450324	833.843281085418	14.185281355357265
6.0085327394547004e-6	833.7369903713736	833.6128393232622	14.387606782406623
5.82076609134674e-6	833.5151933114605	833.3875052156789	14.58916143676903
5.478368085973403e-6	833.0303194943589	832.8983633832676	14.826647306387711
5.174014303419325e-6	832.6346133619406	832.494585307163	15.269734858305679
4.901697761134097e-6	832.2439278987238	832.0961537114296	15.682681624681734
4.656612873077393e-6	831.8651135623014	831.7095150356878	16.08880856749731
4.43486940293085e-6	831.4982290091756	831.3346611708193	16.491997495586666
4.2332844300703565e-6	831.1422973463756	830.9706098934388	16.892718299233945
4.049228585284689e-6	830.7965419382249	830.6165743677836	17.291630404356066
3.880510727564493e-6	830.460260896328	830.2718435555746	17.689282823919406
3.725290298461914e-6	830.1322094557529	829.9352051063041	18.0842611418555
3.5820099023672247e-6	829.811893763009	829.6061576389956	18.477073307574184
3.4493428689462165e-6	829.4990457534727	829.2844132965632	18.868724633550485
3.3261520521981373e-6	829.1926118396311	828.9689555185402	19.25768199783718
3.2114571538464777e-6	828.892614229563	828.6597753021434	19.645424925933973
3.1044085820515948e-6	828.5980738797971	828.3559344834432	20.030323097025594
3.0042663697273502e-6	828.3089619581575	828.0573827058284	20.413412418642572
2.91038304567337e-6	828.0248719129518	827.7637199068997	20.794530827884557
2.7391840429867014e-6	827.3822554437907	827.1083019924544	21.28974866955975
2.5870071517096626e-6	826.8609058021647	826.5659775536834	22.082624271129788
2.4508488805670485e-6	826.3421200621432	826.0265936616149	22.83343935080325
2.3283064365386963e-6	825.8342667022285	825.4978423197444	23.57007392975126
2.217434701465425e-6	825.3374737477044	824.9797726174064	24.29650889273889
2.1166422150351783e-6	824.8513938398404	824.4719940310177	25.015055027822005
2.0246142926423447e-6	824.374696526658	823.9732296035718	25.72464130127063
1.9402553637822466e-6	823.9068443032447	823.482934496473	26.426212040484756
1.862645149230957e-6	823.4472838814245	823.0005545950204	27.120406855060157
1.7910049511836123e-6	822.995368163327	822.5254575143058	27.807332830966356
1.7246714344731083e-6	822.550502902397	822.0570656924585	28.48702459175236
1.6630760260990686e-6	822.1120706896171	821.5947880786244	29.159234825523786
1.6057285769232388e-6	821.6799029288196	821.1384392755963	29.824929524682396
1.5522042910257974e-6	821.2535499569616	820.6875854865945	30.484099873464857
1.5021331848636751e-6	820.8326296877475	820.2418577149392	31.1368080003114
1.455191522836685e-6	820.4166474026239	819.800792227718	31.782643033062886
1.3695920214933507e-6	819.4635876998924	818.8130628813936	32.645667718246756
1.2935035758548313e-6	818.6856489194519	817.9810523585318	33.95864733897456
1.2254244402835243e-6	817.907405415523	817.149483424971	35.20291993366179
1.1641532182693481e-6	817.1410072519853	816.3290342068145	36.41886384497226
1.1087173507327124e-6	816.3872484637801	815.5203168417445	37.613192799900574
1.0583211075175891e-6	815.6452999792967	814.7225300707786	38.787296546502525
1.0123071463211724e-6	814.9144259000637	813.9349630209995	39.94242746797917
9.701276818911233e-7	814.1941075766708	813.1570967117233	41.08017624028004
9.313225746154785e-7	813.4835745103915	812.3882077474489	42.20101789165115
8.955024755918062e-7	812.7820927501461	811.6276168365724	43.3052177398182
8.623357172365541e-7	812.0893853102128	810.8750336123334	44.394251854452534
8.315380130495343e-7	811.4047209344567	810.1297967783293	45.467939546745825
8.028642884616194e-7	810.7279439678996	809.3917274802335	46.527740295239205
7.761021455128987e-7	810.0585472533013	808.6603606281968	47.57384919053401
7.510665924318376e-7	809.3959966663441	807.9352185729038	48.60619311424064
7.275957614183425e-7	808.7402563106608	807.2162320077031	49.62617213446362
6.847960107466753e-7	807.2457413668415	805.6339258701591	50.98690461222699
6.467517879274156e-7	806.0086594601324	804.2616627367887	53.03901372174713
6.127122201417621e-7	804.7690806154866	802.8892210881929	54.974282851988164
5.820766091346741e-7	803.5465681577267	801.5322889692978	56.86015245932974
5.543586753663562e-7	802.3421062819654	800.1915025116058	58.70617362083313
5.291605537587946e-7	801.1544245119003	798.8657346188724	60.514047681869975
5.061535731605862e-7	799.9831766243562	797.5545653701332	62.28802564902811
4.850638409455617e-7	798.8267586075245	796.2566534629145	64.02758845563615
4.6566128730773926e-7	797.684975420331	794.9717204521062	65.73647155691037
4.477512377959031e-7	796.5567868297	793.6988755027083	67.41520355374094
4.3116785861827706e-7	795.4414876023874	792.4374935340861	69.06503486218115
4.1576900652476716e-7	794.338579946082	791.187108044635	70.68762023668022
4.014321442308097e-7	793.2473817362321	789.9471337401707	72.28370858690462
3.8805107275644935e-7	792.1674949891983	788.7171941582417	73.8547747719268
3.755332962159188e-7	791.0984717228183	787.49688359284	75.40192500025226
3.6379788070917124e-7	790.0397170122026	786.285708226285	76.92554514470824
3.4239800537333767e-7	787.665967540943	783.7022741559499	78.92035165280375
3.233758939637078e-7	785.6625986936227	781.3749316658059	81.96911095207575
3.0635611007088106e-7	783.6568101666827	779.0532401147868	84.81771741371304
2.9103830456733704e-7	781.6799285636336	776.7578284001156	87.58302768449934
2.771793376831781e-7	779.7322718546	774.4885420046211	90.27687453103358
2.645802768793973e-7	777.8123108405417	772.2440638754417	92.90369585891692
2.530767865802931e-7	775.9189379656485	770.0233443460767	95.46856789448181
2.4253192047278083e-7	774.0502395216803	767.8249368333722	97.97264761349751
2.3283064365386963e-7	772.2055639787014	765.6481259240569	100.42101527391453
2.2387561889795154e-7	770.3834237713525	763.491779910047	102.8149873873432
2.1558392930913853e-7	768.5832033748947	761.3552484084335	105.15857659243581
2.0788450326238358e-7	766.8033663326555	759.2374639348706	107.45173789585125
2.0071607211540486e-7	765.0437535802012	757.1380479229707	109.69923098853931
1.9402553637822467e-7	763.3029982951637	755.0560769309058	111.90079488590212
1.877666481079594e-7	761.5808451737919	752.9911587597118	114.06006560288236
1.8189894035458562e-7	759.8760131634675	750.9424833455234	116.17634048318325
1.7119900268666884e-7	756.145773525186	746.7494148985497	118.8349366502774
1.616879469818539e-7	752.9195879368326	742.7973864709018	123.04449825558058
1.5317805503544053e-7	749.7008734832339	738.8795705925393	126.91879239304392
1.4551915228366852e-7	746.5344555721784	735.013225519404	130.649346221137
1.3858966884158905e-7	743.4206708996002	731.1971112710031	134.25750775934966
1.3229013843969864e-7	740.3554708161365	727.428790518678	137.7446111175188
1.2653839329014654e-7	737.3382656984571	723.7067299077938	141.1250762599483
1.2126596023639041e-7	734.3651622919834	720.0288540870243	144.39750991709542
1.1641532182693481e-7	731.4356681382646	716.3938067092103	147.57388093275947
1.1193780944897577e-7	728.5467673862369	712.7999624748312	150.65392714700386
1.0779196465456927e-7	725.6978154791925	709.2460642504896	153.6468019076955
1.0394225163119179e-7	722.8862017289664	705.7308105785969	156.55185610591934
1.0035803605770243e-7	720.111602833344	702.2530750078034	159.37797582254646
9.701276818911234e-8	717.3717120895732	698.8117819275491	162.12423244404013
9.38833240539797e-8	714.6661797387832	695.4058935571718	164.79803296270913
9.094947017729281e-8	711.9929260490404	692.0345478189189	167.39806262002816
8.559950134333442e-8	706.3199436998327	685.4617767121973	170.38196951171972
8.084397349092696e-8	701.2773469703156	678.9607796934476	175.50548997621163
7.658902751772027e-8	696.2804645424036	672.5866462038128	180.09355527528606
7.275957614183426e-8	691.3841911035767	666.3285927354302	184.4405221505517
6.929483442079453e-8	686.5883639782884	660.180619642174	188.58719733655786
6.614506921984932e-8	681.8851933025838	654.140116897593	192.53083989456218
6.326919664507327e-8	677.2735260854174	648.2016163260338	196.30102834293032
6.063298011819521e-8	672.7463310614451	642.3634986382119	199.8918747070811
5.820766091346741e-8	668.3029695059848	636.6204560642367	203.33040591874226
5.5968904724487885e-8	663.9372276132424	630.97159470873	206.60950820686008
5.389598232728463e-8	659.6486864428977	625.4118228870478	209.7532867893616
5.1971125815595895e-8	655.4318420309972	619.940849437407	212.7539488399039
5.0179018028851214e-8	651.2865984043474	614.5535759260898	215.6342634591298
4.850638409455617e-8	647.207913000958	609.2503184611353	218.38528362978334
4.694166202698985e-8	643.1958338696637	604.0260749043318	221.02801076551037
4.5474735088646405e-8	639.2459381462953	598.8814201110943	223.55405181355195
4.279975067166721e-8	631.1533602162856	589.3730971092095	225.81832635153114
4.042198674546348e-8	623.7645205989941	579.5230502760019	230.72756956395895
3.829451375886013e-8	616.5224541938948	570.03087801619	234.87174081475746
3.637978807091713e-8	609.4769123698599	560.80752836455	238.65670500017876
3.464741721039726e-8	602.6245012968114	551.8274064450267	242.16276150429508
3.307253460992466e-8	595.9503595517074	543.0920409236621	245.37291239087614
3.1634598322536636e-8	589.4505901996789	534.5788779785752	248.34939401157663
3.0316490059097604e-8	583.112457417294	526.291219983211	251.07307654111142
2.9103830456733704e-8	576.9326796717995	518.2075079104935	253.59869009614192
2.7984452362243943e-8	570.9002679639066	510.33253189745056	255.90588670133783
2.6947991163642316e-8	565.0124456011907	502.6455443999634	258.0436404546777
2.5985562907797947e-8	559.259727262016	495.15228600429384	259.9916464079308
2.5089509014425607e-8	553.6396738475921	487.8328573621414	261.7937962136552
2.4253192047278084e-8	548.144025222563	480.69385174214233	263.42986407105985
2.3470831013494924e-8	542.7706396649022	473.71596566497317	264.9399010272878
2.2737367544323203e-8	537.5123077713328	466.90627943417576	266.30435075416875
2.1399875335833604e-8	527.1271436467243	455.0068922056266	266.14235591978144
2.021099337273174e-8	517.4340964885657	442.1696210426915	268.7453635616825
1.9147256879430066e-8	508.08018970397995	430.10048739537467	270.4792966418934
1.8189894035458565e-8	499.08114010080214	418.57333170691714	271.8057217721651
1.732370860519863e-8	490.420113073062	407.503614957705	272.86020432264837
1.653626730496233e-8	482.0727490563965	396.90984605404134	273.5995421928711
1.5817299161268318e-8	474.0237474596902	386.71900763402874	274.1293896872062
1.5158245029548802e-8	466.2532677638422	376.9526132476901	274.4063356888803
1.4551915228366852e-8	458.7478985688338	367.5435044362096	274.5203212661514
1.3992226181121971e-8	451.4914304190724	358.5148270433172	274.42964586932015
1.3473995581821158e-8	444.47196811737643	349.8048137821905	274.21145617377323
1.2992781453898974e-8	437.6762166926854	341.4371876904528	273.82680204913663
1.2544754507212804e-8	431.093508711533	333.35476829071365	273.3426635398601
1.2126596023639042e-8	424.7128804044979	325.58179322045197	272.7224352796084
1.1735415506747462e-8	418.5246838475563	318.0651524678025	272.0247594895187
1.1368683772161601e-8	412.5198520437129	310.8290983582677	271.21559679331335
1.0699937667916802e-8	401.06379585563855	298.8852492133242	267.4318158873817
1.010549668636587e-8	390.2240932578274	285.56893565189773	265.9421477493477
9.573628439715033e-9	379.96251292052995	273.43496517653364	263.827275018698
9.094947017729282e-9	370.23676913389966	262.13252419648177	261.46090525562215
8.661854302599316e-9	360.9989568002926	251.46687728459602	259.0070586675843
8.268133652481165e-9	352.2178871907801	241.4950838506281	256.39337848921764
7.908649580634159e-9	343.8532457055734	232.0559370439168	253.74218542632428
7.579122514774401e-9	335.8816361178529	223.20741382028677	250.98789591704417
7.275957614183426e-9	328.26868116819924	214.80911104592195	248.22846905133508
6.996113090560986e-9	320.9967838053848	206.91785613692602	245.40565605767793
6.736997790910579e-9	314.0363009494375	199.4103007981195	242.59911428034764
6.496390726949487e-9	307.37394361815115	192.3407411994519	239.75775376454422
6.272377253606402e-9	300.9839242334244	185.60047235346633	236.9468026986689
6.063298011819521e-9	294.85621709922793	179.2409050246749	234.12152128329106
5.867707753373731e-9	288.9681992368488	173.16566283167185	231.33584544176225
5.684341886080801e-9	283.31234144177733	167.42316755831	228.5505759738187
5.349968833958401e-9	272.82283357587045	158.44599811275597	222.09719539521348
5.052748343182935e-9	262.87223973259233	148.21470016516434	217.10416181404705
4.786814219857517e-9	253.6377824778054	139.1975285415231	212.02870736810706
4.547473508864641e-9	245.03467466631852	131.06809856599273	207.0341646374428
4.330927151299658e-9	236.97755314252584	123.53802248786143	202.22936901747804
4.1340668262405825e-9	229.43658791985504	116.70487804162646	197.5376402552042
3.9543247903170795e-9	222.34418007207938	110.34356290612598	193.03168790928365
3.7895612573872004e-9	215.67991526984474	104.54368259375	188.64899756040225
3.637978807091713e-9	209.38889658378463	99.12135246397553	184.4415015615715
3.498056545280493e-9	203.45708590202065	94.15706027086982	180.3586255350434
3.3684988954552896e-9	197.83930830489822	89.4987484430417	176.43799459778984
3.2481953634747434e-9	192.52585695540225	85.2177061926031	172.63877938540688
3.136188626803201e-9	187.4791800660817	81.18728640343531	168.9883649388231
3.0316490059097605e-9	182.69261152192	77.47054025913864	165.4536360937902
2.9338538766868654e-9	178.1346257966983	73.96103586720939	162.05465152589446
2.8421709430404003e-9	173.8006939712436	70.71443641716387	158.76444723894818
2.6749844169792006e-9	165.9006176289817	65.84364788818803	152.27484678190913
2.5263741715914674e-9	158.48427928842705	60.2935798102085	146.56722353664944
2.3934071099287583e-9	151.71206520694741	55.526456756507464	141.18556345967093
2.2737367544323206e-9	145.50330902620124	51.38208913067365	136.12896038000775
2.165463575649829e-9	139.76286070262987	47.60725987026971	131.4047413125848
2.0670334131202913e-9	134.4644370338198	44.289773486599465	126.96102075569414
1.9771623951585398e-9	129.53752483455452	41.24683019165891	122.79523337411466
1.8947806286936002e-9	124.96416509277982	38.55075962861154	118.86917804625615
1.8189894035458565e-9	120.69055445585724	36.063603495253545	115.17650123961648
1.7490282726402464e-9	116.70402776980926	33.84423044055061	111.68884529613204
1.6842494477276448e-9	112.96286849388156	31.786873323692358	108.39835950174484
1.6240976817373717e-9	109.45784241817398	29.93910758310644	105.28375517604312
1.5680943134016004e-9	106.15619041025563	28.218969731395404	102.33682870656604
1.5158245029548803e-9	103.05101253417578	26.665037753089866	99.5413830823399
1.4669269383434327e-9	100.11627180551216	25.213065750699077	96.88946896173037
1.4210854715202002e-9	97.34667547819117	23.894380586984003	94.36860602457062
1.3374922084896003e-9	92.3208944318643	21.933191402367942	89.6776597799392
1.2631870857957337e-9	87.69707638788601	19.791498971760277	85.4346169619407
1.1967035549643792e-9	83.51507578650603	17.965271980013082	81.55989753739274
1.1368683772161603e-9	79.7203598765528	16.417639238086696	78.01151774382502
1.0827317878249145e-9	76.24698127344818	15.031514472984796	74.7506235824291
1.0335167065601456e-9	73.06788905404294	13.837398645480754	71.7456814696186
9.885811975792699e-10	70.13740446486779	12.759337401643036	68.96705600603443
9.473903143468001e-10	67.43589083715112	11.818709536891928	66.39214921873476
9.094947017729282e-10	64.93068108480773	10.964052881040939	63.99830381001317
8.745141363201232e-10	62.60704068409137	10.210151962434209	61.76887841076178
8.421247238638224e-10	60.44109598563349	9.52145398216241	59.68641384779391
8.120488408686859e-10	58.42149284654962	8.908096124837604	57.73834644194533
7.840471567008002e-10	56.53045769406702	8.345152736166197	55.911099729040906
7.579122514774401e-10	54.759063577190794	7.839567260252204	54.19498343041361
7.334634691717164e-10	53.09385127800777	7.373614249353052	52.57933868386844
7.105427357601001e-10	51.527682240373586	6.952027485798824	51.0565505190236
6.687461042448001e-10	48.680054350702406	6.311026192634495	48.26923077886389
6.315935428978668e-10	46.106609402430244	5.659888316584543	45.75789652980192
5.983517774821896e-10	43.790908315776605	5.103525041308161	43.4925014602919
5.684341886080801e-10	41.697873320134555	4.6309901666859705	41.43991517242823
5.413658939124572e-10	39.79456385864478	4.21734333104785	39.57046029461653
5.167583532800728e-10	38.0579995114669	3.859639557114104	37.861781644608
4.942905987896349e-10	36.465959116562594	3.543464585761011	36.2933882824444
4.736951571734001e-10	35.00206417201157	3.2661920868308574	34.84933981517497
4.547473508864641e-10	33.650761281051444	3.019053809702866	33.51505704736947
4.372570681600616e-10	32.40007016736556	2.7998224732483514	32.27887143269581
4.210623619319112e-10	31.238776124432945	2.6029679779867214	31.13014120523737
4.0602442043434293e-10	30.15792414684032	2.426664286189173	30.06013455207259
3.920235783504001e-10	29.149219833840068	2.2673069099483003	29.060907355029986
3.7895612573872006e-10	28.205844026041174	2.1234290022503948	28.125801081813908
3.667317345858582e-10	27.32152591024676	1.9926071108525136	27.248766852209386
3.5527136788005004e-10	26.49098727861272	1.873674733491995	26.424642854515454
3.3437305212240007e-10	24.978939212033687	1.6910426779928953	24.921632747869484
3.157967714489334e-10	23.624150426076508	1.5117367036567793	23.575731918494235
2.991758887410948e-10	22.408710936094245	1.3594290116079748	22.36743790825915
2.842170943040401e-10	21.312230217438103	1.229150697617794	21.276755988722233
2.706829469562286e-10	20.318013886685392	1.1166782505707165	20.28730435479891
2.583791766400364e-10	19.41242237555611	1.0190080751517916	19.385658746345634
2.4714529939481747e-10	18.584095297430544	0.9335891531505088	18.560630628216806
2.3684757858670003e-10	17.82356091411729	0.8584936647253807	17.80287370867063
2.2737367544323206e-10	17.122817909157174	0.7920977684150845	17.10448696323352
2.186285340800308e-10	16.475087110705534	0.7331237232941377	16.458767417752732
2.105311809659556e-10	15.874569763241004	0.6804946772900471	15.859977684794687
2.0301221021717146e-10	15.3162876732234	0.6333390889614153	15.303187566233662
1.9601178917520005e-10	14.795935539048735	0.5909186284291313	14.784130804692605
1.8947806286936003e-10	14.309776136146779	0.5526233573207969	14.299101387555071
1.833658672929291e-10	13.854545997734954	0.5179327932555521	13.84486151700421
1.7763568394002502e-10	13.42738526372006	0.4864101625775992	13.418572210712579
1.6718652606120003e-10	12.649205389253813	0.4380697991678513	12.641617453102462
1.578983857244667e-10	11.954660650100884	0.3908508523342513	11.948269618245986
1.495879443705474e-10	11.332423032300209	0.35087597260988884	11.326989795830723
1.4210854715202004e-10	10.771759498120456	0.31673707550428976	10.76710176000716
1.353414734781143e-10	10.263960379420864	0.2873494710743963	10.259937278160844
1.291895883200182e-10	9.8018854455419	0.26187162415044213	9.79838668046893
1.2357264969740873e-10	9.379624498150271	0.23963865803188034	9.37656275187648
1.1842378929335001e-10	8.992244266837078	0.2201225775896436	8.989549655310858
1.1368683772161603e-10	8.635593921292857	0.20289756147649277	8.633210002833074
1.093142670400154e-10	8.306156351782906	0.18761885077431686	8.304037121009133
1.052655904829778e-10	8.000931288037462	0.17400356552036852	7.999038956967455
1.0150610510858573e-10	7.717344024906434	0.1618189012377607	7.715647311921486
9.800589458760003e-11	7.4531723126252825	0.15087101804567296	7.451645151078918
9.473903143468002e-11	7.206488229790368	0.1409981372098399	7.20510875222647
9.168293364646455e-11	6.975610865033121	0.1320638490789823	6.974360621600705
8.881784197001251e-11	6.759068104881401	0.12395291169336985	6.757931438103512
8.359326303060002e-11	6.364407303299515	0.11152632666396153	6.363430065676297
7.894919286223336e-11	6.012869349300311	0.0994093686614827	6.012047537168803
7.47939721852737e-11	5.698136020273074	0.08916575138780418	5.697438334401954
7.105427357601002e-11	5.414714508418807	0.0804282940902794	5.414117148454663
6.767073673905715e-11	5.158153233283665	0.07291537791427657	5.1576378435964605
6.45947941600091e-11	4.924806366945935	0.06640842017904636	4.924358605304913
6.178632484870437e-11	4.711659339628208	0.06073542444664182	4.711267869790786
5.921189464667501e-11	4.51619792774101	0.05575972644477525	4.515853692873475
5.6843418860808015e-11	4.336308541217711	0.05137150151716673	4.336004235868497
5.46571335200077e-11	4.170201504753318	0.0474817717612442	4.169931183076916
5.26327952414889e-11	4.016351273229605	0.04401776013548124	4.016110056605238
5.0753052554292866e-11	3.8734494523598717	0.04091952977223818	3.873233307208618
4.9002947293800014e-11	3.740367475111119	0.038137314421437904	3.74017304333875
4.736951571734001e-11	3.61612674256027	0.03562955072579038	3.6159512100379105
4.584146682323227e-11	3.499874505246106	0.03336127792136281	3.499715499523801
4.4408920985006255e-11	3.390864269347999	0.03130294293883704	3.3907197788823993
4.179663151530001e-11	3.1921365398220747	0.028150799543659608	3.192012409335575
3.947459643111668e-11	3.015304720035133	0.025079756216761395	3.01520041796466
3.739698609263685e-11	2.857037083658916	0.022485251237596184	2.8569486013715797
3.552713678800501e-11	2.714555937581901	0.020273550387177205	2.7144802304337845
3.383536836952858e-11	2.5856114319828483	0.018372853331945424	2.585546154192734
3.229739708000455e-11	2.4683618780643855	0.0167274722686679	2.4683051984616977
3.0893162424352184e-11	2.361285184902041	0.015293623870158934	2.3612356573427364
2.9605947323337503e-11	2.263112427068631	0.014036548874111335	2.2630688970617254
2.8421709430404007e-11	2.1727772962823173	0.01292832558529604	2.1727388332787396
2.732856676000385e-11	2.089377222284155	0.011946354609848995	2.089343069390804
2.631639762074445e-11	2.0121430954631054	0.011072152554798265	2.0121126320506146
2.5376526277146433e-11	1.9404154861855727	0.010290513736822198	1.9403881993961478
2.4501473646900007e-11	1.873625758407366	0.009588810130775843	1.873601221521766
2.3684757858670004e-11	1.811280969949963	0.00895650766641528	1.8112588255335846
2.2920733411616136e-11	1.7529516769096103	0.008384742028683032	1.7529316237895096
2.2204460492503128e-11	1.6982620334120386	0.007866029425164511	1.6982438163319997
2.0898315757650004e-11	1.5985481407235256	0.0070718495673631155	1.5985324979975657
1.973729821555834e-11	1.5098669741668007	0.006298517759671743	1.5098538367516379
1.8698493046318424e-11	1.4305082726558123	0.005645442410352192	1.4304971328586114
1.7763568394002505e-11	1.3590753977328418	0.005088933555497327	1.3590658701762581
1.691768418476429e-11	1.2944374231835118	0.004610837183131198	1.2944292111654623
1.6148698540002275e-11	1.2356688246793102	0.004197092899379374	1.235661696701626
1.5446581212176092e-11	1.182004862296026	0.003836640847814699	1.181998635649996
1.4802973661668752e-11	1.1328081263026892	0.0035207119239520682	1.1328026551897545
1.4210854715202004e-11	1.087543088405199	0.003242258928601773	1.0875382553707977
1.3664283380001925e-11	1.045756533402004	0.002995584329816422	1.045752242946435
1.3158198810372225e-11	1.0070623249692783	0.0027760266905071163	1.0070584988213653
1.2688263138573216e-11	0.9711294417070148	0.002579754707877319	0.971126015209059
1.2250736823450003e-11	0.9376724794273481	0.002403585932575107	0.9376693988022086
1.1842378929335002e-11	0.9064440571624627	0.0022448674488410986	0.9064412773783436
1.1460366705808068e-11	0.8772286871534596	0.002101366808240011	0.8772261702790902
1.1102230246251564e-11	0.8498377971581068	0.0019712000784343517	0.8498355110542241
1.0449157878825002e-11	0.7998933196220531	0.0017719280118419737	0.7998913570273833
9.86864910777917e-12	0.7554865395424122	0.0015779466270507806	0.7554848916518523
9.349246523159212e-12	0.7157510640025053	0.0014141647718879876	0.7157496669637482
8.881784197001252e-12	0.6799866286358903	0.0012746251434121228	0.6799854340016027
8.458842092382144e-12	0.6476262753052701	0.0011547669105264069	0.6476252457858324
8.074349270001138e-12	0.6182060733114387	0.0010510560504902804	0.618205179823274
7.723290606088046e-12	0.5913427323092754	0.0009607159677791804	0.5913419519024746
7.401486830834376e-12	0.5667168115151183	0.0008815434823150238	0.5667161258822189
7.105427357601002e-12	0.5440599552654427	0.0008117703927753989	0.5440593496598187
6.8321416900009626e-12	0.523145073976993	0.000749965734363633	0.5231445364120615
6.5790994051861124e-12	0.5037787053883509	0.0006949604412239899	0.5037782260407331
6.344131569286608e-12	0.48579501252429447	0.0006457925617046267	0.4857945832812946
6.125368411725002e-12	0.469051022564416	0.0006016642339394168	0.46905063667889196
5.921189464667501e-12	0.45342281782597255	0.0005619095606793205	0.45342246964932237
5.730183352904034e-12	0.4388024634969292	0.0005259690034608766	0.4388021482713836
5.551115123125782e-12	0.4250955113354461	0.0004933698080203914	0.4250952250305535
5.224578939412501e-12	0.4001013904463203	0.0004434658459645822	0.40010114468109476
4.934324553889585e-12	0.37788146679402834	0.0003948931654712746	0.3778812604586184
4.674623261579606e-12	0.3579997097421154	0.00035388632132572935	0.357999534831975
4.440892098500626e-12	0.34010550185234706	0.00031895158948042675	0.3401053522956091
4.229421046191072e-12	0.323914990901406	0.0002889465061775771	0.3239148620248452
4.037174635000569e-12	0.3091959200188408	0.00026298524834026125	0.3091958081783395
3.861645303044023e-12	0.2957564141721366	0.00024037239848745742	0.295756316492261
3.700743415417188e-12	0.28343656937188766	0.0002205558718956535	0.2834364835592134
3.552713678800501e-12	0.27210205999008236	0.0002030928604431342	0.27210198419735276
3.4160708450004813e-12	0.2616392209845176	0.00018762487023214034	0.2616391537103981
3.2895497025930562e-12	0.2519512227208929	0.00017385916087282684	0.25195116273505297
3.172065784643304e-12	0.24295506530322403	0.00016155478666831163	0.24295501158968663
3.062684205862501e-12	0.23457919463804375	0.0001505119746193025	0.2345791463518842
2.9605947323337505e-12	0.22676159519085023	0.00014056396159749392	0.22676155162476672
2.865091676452017e-12	0.21944825181410646	0.00013157065767355897	0.2194482123723716
2.775557561562891e-12	0.21259189992822206	0.00012341368578103431	0.2125918641062102
2.6122894697062505e-12	0.20008936870369184	0.00011092705264795952	0.20008933795540162
2.4671622769447924e-12	0.1889752751287395	9.877421262454541e-5	0.18897524931492404
2.337311630789803e-12	0.1790308930228654	8.851478816324913e-5	0.17903087114153513
2.220446049250313e-12	0.17008079253835323	7.977487211627168e-5	0.17008077382950762
2.114710523095536e-12	0.1619829542779964	7.22685128275761e-5	0.16198293815673775
2.0185873175002844e-12	0.15462117701824915	6.577400175422717e-5	0.1546211630285112
1.9308226515220115e-12	0.14789946578109583	6.01172983395246e-5	0.14789945356303374
1.850371707708594e-12	0.14173782271986968	5.5160238581845707e-5	0.14173781198648894
1.7763568394002505e-12	0.13606904807517564	5.079201172225653e-5	0.13606903859532485
1.7080354225002406e-12	0.1308362792887016	4.6922909418572135e-5	0.13083627087452354
1.6447748512965281e-12	0.1259910769209261	4.347968026347461e-5	0.1259910694184795
1.586032892321652e-12	0.12149192068585725	4.040203512829326e-5	0.12149191396802582
1.5313421029312504e-12	0.11730301661904553	3.763998890173704e-5	0.11730301058011815
1.4802973661668753e-12	0.11339334278803312	3.5151816856214034e-5	0.11339333733951988
1.4325458382260085e-12	0.10973587968617617	3.2902469177940284e-5	0.10973587475354837
1.3877787807814455e-12	0.10630698491384813	3.0862329119560005e-5	0.10630698043397609
1.3061447348531253e-12	0.10005435156072474	2.7739340501859493e-5	0.10005434771545957
1.2335811384723962e-12	0.09449627204248016	2.4699921111934385e-5	0.09449626881438397
1.1686558153949015e-12	0.08952320525477939	2.2134099945642703e-5	0.0895232025185146
1.1102230246251565e-12	0.08504740600449014	1.9948341446492356e-5	0.08504740366499296
1.057355261547768e-12	0.08099784127940099	1.8071115185627133e-5	0.08099783926351264
1.0092936587501422e-12	0.0773163922769673	1.6446962643778684e-5	0.07731639052764495
9.654113257610057e-13	0.07395504714694975	1.5032350225275151e-5	0.07395504561918684
9.25185853854297e-13	0.07087379550637202	1.379271914784169e-5	0.0708737941642744
8.881784197001252e-13	0.06803902824158367	1.270035308037839e-5	0.06803902705624215
8.540177112501203e-13	0.06542230656600556	1.1732814319843802e-5	0.06542230551392608
8.223874256482641e-13	0.06299940460570705	1.0871781725071248e-5	0.06299940366763755
7.93016446160826e-13	0.06074955713432797	1.0102176452715794e-5	0.060749556294371475
7.656710514656252e-13	0.05865486294106143	9.411496932569851e-6	0.05865486218599808
7.401486830834376e-13	0.05669980751910109	8.789307799140324e-6	0.05669980683786481
7.162729191130043e-13	0.054870878132435984	8.22684312539989e-6	0.05487087751570676
6.938893903907227e-13	0.053156251054257475	7.716695944763022e-6	0.053156250494140876
