# z G G_prime G_double_prime
1.5999999999999998e6	9.604459964353489e6	6280.103390433	9.604457911156174e6
1.0666666666666665e6	6.40813418448146e6	11935.36459287967	6.408123069463624e6
799999.9999999999	4.809964748860234e6	13884.639575962356	4.809944708836261e6
640000.0	3.851080120362863e6	14846.269000692691	3.851051503388497e6
533333.3333333333	3.2118335712121553e6	15412.485811509168	3.2117965913872155e6
457142.8571428571	2.7552343480382813e6	15783.639723260878	2.7551891385759744e6
399999.99999999994	2.4127880660644793e6	16045.191716451207	2.4127347147098356e6
355555.55555555556	2.1464428378427145e6	16239.389272047301	2.146381405613261e6
320000.0	1.9333678211857933e6	16389.388410957366	1.9332983525426737e6
290909.0909090909	1.7590344569173532e6	16508.892008459752	1.7589569855761626e6
266666.6666666666	1.6137571293891042e6	16606.504154535734	1.6136716818095082e6
246153.84615384613	1.4908304662191223e6	16687.88889197676	1.4907370637947707e6
228571.42857142855	1.3854649489895406e6	16756.921542766617	1.385363609475505e6
213333.3333333333	1.2941482854788643e6	16816.34010687239	1.2940390239530236e6
199999.99999999997	1.2142462705453795e6	16868.13225148275	1.2141291000744978e6
188235.29411764705	1.1441442684700564e6	18235.932432415706	1.1439989326224045e6
177777.77777777778	1.081602316148528e6	18549.5922609752	1.081443240731945e6
168421.05263157893	1.0255691845324778e6	18552.709396145387	1.0254013600715934e6
160000.0	975113.9539133848	18473.380064129382	974938.9505736248
152380.95238095237	929454.4299844612	18380.193698240913	929272.6757509632
145454.54545454544	887941.4933416242	18292.52962525106	887753.0506608597
139130.4347826087	850035.9688107115	18214.79274666359	849840.7907350417
133333.3333333333	815287.5802355673	18147.021545821022	815085.5931099396
128000.0	783317.7704889872	18088.141129664993	783108.8996520924
123076.92307692306	753806.1047594345	18036.929416689723	753590.2817511708
118518.51851851851	726479.5721651015	17992.278187848875	726256.7360780897
114285.71428571428	701104.1398031759	17953.242215314913	700874.2368949722
110344.8275862069	677478.0409987692	17919.029169809437	677241.0238822966
106666.66666666666	655426.4013913124	17888.976578717295	655182.2282065745
103225.80645161291	634796.9034917463	17862.529039719837	634545.5371673609
99999.99999999999	615456.2634640716	17839.2188233785	615197.671085423
94117.64705882352	580121.2371101938	17547.698337049926	579855.7820952841
88888.88888888889	548772.7280163834	17530.66863117661	548492.6459597133
84210.52631578947	520723.0060030225	17519.240784674097	520428.2132851297
80000.0	495477.3354347315	17512.01734609729	495167.7687188166
76190.47619047618	472635.217892314	17508.036985003622	472310.8275627893
72727.27272727272	451868.96436299686	17506.597589945075	451529.7110881089
69565.21739130435	432907.86567494785	17507.16910986508	432553.7182743864
66666.66666666666	415526.32248048467	17509.343125704218	415157.25644322066
64000.0	399534.8245654457	17512.80075552738	399150.8209314352
61538.46153846153	384773.01171202055	17517.290288433753	384374.0562042259
59259.259259259255	371104.2765007495	17522.61143793202	370690.3588246395
57142.85714285714	358411.52341819886	17528.60350942366	357982.63669899345
55172.41379310345	346593.8053282976	17535.13682249608	346149.94564287626
53333.33333333333	335563.6324772362	17542.105971298817	335104.7984726709
51612.903225806454	325244.802322755	17549.42491725901	324770.99489184906
49999.99999999999	315570.63614567433	17557.022966922774	315081.8581605811
47058.82352941176	297863.92742750584	17314.05664821362	297360.2910694717
44444.444444444445	282185.10190280597	17344.38673653685	281651.56485386414
42105.26315789473	268156.0222637309	17374.00823804942	267592.5935336229
40000.0	255529.18107310575	17402.595280956244	254935.8979378528
38095.23809523809	244104.25445476559	17430.0926335732	243481.16747235708
36363.63636363636	233717.35126698893	17456.528567715563	233064.5187359535
34782.608695652176	224233.0848858644	17481.955938507526	223550.57050697802
33333.33333333333	215538.6322851279	17506.43208247921	214826.5040517234
32000.0	207539.22097189107	17530.013141987307	206797.55047113393
30769.230769230766	200154.65759995222	17552.75140063036	199383.51957276152
29629.629629629628	193316.6284144225	17574.695378905733	192516.10037567918
28571.42857142857	186966.5779108639	17595.889257759998	186136.73989013504
27586.206896551725	181054.0266396303	17616.373663286045	180194.96092116294
26666.666666666664	175535.22517680324	17636.18540739754	174647.0161272357
25806.451612903227	170372.06884093254	17655.358318703285	169454.8027167647
24999.999999999996	165531.21565306422	17673.923035216874	164584.9804815934
23529.41176470588	156641.95568949578	17450.87323552418	155666.85358658608
22222.222222222223	148796.5081059106	17498.210136374888	147764.04659637465
21052.631578947367	141775.76462702008	17543.020834820996	140686.2106091611
20000.0	135455.88098736148	17584.948499691563	134309.58744752896
19047.619047619046	129736.68343142488	17624.082387664126	128534.03731221774
18181.81818181818	124536.2369843224	17660.617809446732	123277.64152839704
17391.304347826088	119786.86470117903	17694.759368359904	118472.73292126931
16666.666666666664	115432.17146332344	17726.691876094737	114062.92387918214
16000.0	111424.78652844844	17756.578456281743	110000.84988051782
15384.615384615383	107724.62707252671	17784.559814943685	106246.43387005347
14814.814814814814	104297.54893007093	17810.759512969027	102765.53682237894
14285.714285714284	101114.28563596726	17835.28467333805	99528.89721228187
13793.103448275862	98149.60788719544	17858.23055735376	96511.29016737168
13333.333333333332	95381.6502792577	17879.68062609406	93690.85457345075
12903.225806451614	92791.36914956382	17899.71014015721	91048.55059554202
12499.999999999998	90362.10131217724	17918.38571273228	88567.71876367787
11764.70588235294	85877.9436571897	17703.540621179778	84033.36156706861
11111.111111111111	81938.18474878298	17746.39841765641	79993.32136577087
10526.315789473683	78410.43039708519	17785.09829801706	76366.78514633185
10000.0	75232.63381384696	17818.804863639078	73091.99261068166
9523.809523809523	72354.70600132868	17847.55491781432	70118.95795000315
9090.90909090909	69735.71042309717	17871.61349262263	67406.78555890625
8695.652173913044	67341.84742496231	17891.290512641604	64921.69235624687
8333.333333333332	65144.956702436764	17906.877064527245	62635.52616174202
8000.0	63121.38797678846	17918.641311264822	60524.638897514196
7692.3076923076915	61251.13122708331	17926.820753396616	58569.02060196131
7407.407407407407	59517.14348832569	17931.632644238653	56751.62482010558
7142.857142857142	57904.81761107273	17933.270641592513	55057.83964765594
6896.551724137931	56401.56331243749	17931.914284555587	53475.067032947656
6666.666666666666	54996.469889674816	17927.725544699035	51992.38749201516
6451.612903225807	53680.03622275234	17920.85656037757	50600.28842821328
6249.999999999999	52443.9495472688	17911.446039757186	49290.44476246225
5882.35294117647	50148.59465314127	17674.484670741836	46930.73765996845
5555.555555555556	48136.027054546044	17654.2302685703	44781.75135275847
5263.157894736842	46329.268629474296	17627.356856504135	42844.8062429444
5000.0	44697.19169354884	17592.607831465622	41089.40368243504
4761.9047619047615	43214.78880614144	17550.186946618822	39490.617995900466
4545.454545454545	41861.66344880445	17500.688356883344	38027.947272186786
4347.826086956522	40620.99296424504	17444.79030167362	36684.388515169216
4166.666666666666	39478.76840348665	17383.1387974614	35445.72809527726
4000.0	38423.22942655956	17316.33853237419	34299.98512242018
3846.1538461538457	37444.42793300478	17244.935892538437	33236.98796961344
3703.7037037037035	36533.89312841221	17169.43428079583	32248.03674017502
3571.428571428571	35684.365672956854	17090.28840953628	31325.644375817257
3448.2758620689656	34889.58949033141	17007.91737177212	30463.32551575445
3333.333333333333	34144.14323135171	16922.701379947015	29655.43280763577
3225.8064516129034	33443.30607604529	16834.991013338393	28897.02058823476
3124.9999999999995	32782.94743248321	16745.105584905756	28183.737887500225
2941.176470588235	31554.044185982682	16432.37522720299	26937.608447732568
2777.777777777778	30465.71313194818	16254.522565473279	25767.23060025427
2631.578947368421	29481.880301636887	16074.195824287908	24714.39853046176
2500.0	28586.966248056717	15890.547679121177	23763.525279829813
2380.9523809523807	27768.494668715975	15704.270344866369	22901.20497052193
2272.7272727272725	27016.297245302845	15516.412592105215	22116.085935764422
2173.913043478261	26321.978560889864	15327.981796748969	21398.587088835513
2083.333333333333	25678.54039073688	15139.877529669342	20740.577257765002
2000.0	25080.09500492894	14952.837221872627	20135.139047755347
1923.0769230769229	24521.655123441204	14767.491008198793	19576.33212110374
1851.8518518518517	23998.96240373093	14584.330152852606	19059.053241131496
1785.7142857142856	23508.362285971056	14403.774803732485	18578.86887762082
1724.1379310344828	23046.695210291	14226.134791722123	18131.940023169154
1666.6666666666665	22611.21942251391	14051.678297162312	17714.897143537917
1612.9032258064517	22199.538828054014	13880.585103838324	17324.805377070745
1562.4999999999998	21809.554281533834	13713.01465478083	16959.065040176505
1470.5882352941176	21084.417124382428	13350.31756481928	16319.364766847662
1388.888888888889	20429.849370051183	13047.13701107573	15721.035624194692
1315.7894736842104	19832.624546393552	12758.793474496446	15183.74741206396
1250.0	19284.73937982399	12484.12880861866	14698.561182563137
1190.4761904761904	18779.695506911925	12222.4922724468	14257.89767049498
1136.3636363636363	18312.16842938219	11973.5809205184	13855.28319904936
1086.9565217391305	17877.71362590124	11736.84556746358	13485.514473509915
1041.6666666666665	17472.613021932873	11511.881574729163	13144.154153981512
1000.0	17093.70162744642	11298.038429752272	12827.663971589103
961.5384615384614	16738.289970453796	11094.829140402742	12532.961241472993
925.9259259259259	16404.051796557378	10901.574744120424	12257.592889409121
892.8571428571428	16088.984970838437	10717.776636970262	11999.362539396812
862.0689655172414	15791.334202939353	10542.783991736675	11756.527617136924
833.3333333333333	15509.57264015207	10376.12763483947	11527.481025170862
806.4516129032259	15242.34611577556	10217.212397610881	11310.954245120294
781.2499999999999	14988.466122227892	10065.616346061577	11105.741050063756
735.2941176470588	14516.309822282014	9775.326162906902	10731.553907299216
694.4444444444445	14086.672586035915	9517.423415684936	10385.229707269256
657.8947368421052	13693.212989947566	9279.681035200942	10069.339693991891
625.0	13331.229804398497	9060.36932337619	9779.130627090859
595.2380952380952	12996.789297489659	8857.186939892343	9511.402186593848
568.1818181818181	12686.645763854536	8668.668684717595	9263.107684364077
543.4782608695652	12398.029224421853	8492.988570909698	9032.179902106443
520.8333333333333	12128.617788996638	8329.031800039647	8816.49583142271
500.0	11876.39800351202	8175.395395839336	8614.623593606007
480.7692307692307	11639.65989945245	8031.246953296253	8425.007712168048
462.96296296296293	11416.901037289983	7895.507951005395	8246.610424343064
446.4285714285714	11206.831173902608	7767.553312292344	8078.253555135017
431.0344827586207	11008.30410665768	7646.5451240978355	7919.16074908143
416.66666666666663	10820.325988641176	7532.007533743315	7768.417922080247
403.2258064516129	10642.00564211193	7423.280796244938	7625.43023749108
390.62499999999994	10472.563774519029	7319.996877517503	7489.475130107734
367.6470588235294	10157.639271069726	7124.357986466571	7240.245772199167
347.22222222222223	9870.867652219085	6949.79971117577	7009.587162035029
328.9473684210526	9608.159166196467	6788.765962299729	6799.219019276097
312.5	9366.426754556442	6640.703002944871	6605.377640615992
297.6190476190476	9143.059212950247	6503.809128808536	6426.196276767551
284.09090909090907	8935.900296488224	6377.052444679142	6259.673811516866
271.7391304347826	8743.102243320707	6258.971087470547	6104.679988612616
260.41666666666663	8563.116709721142	6148.816101641123	5959.784252177615
250.0	8394.599968591308	6045.535628169708	5824.157243859741
240.38461538461536	8236.410271104864	5948.604057101731	5696.715187350909
231.48148148148147	8087.545528625273	5857.24525162662	5576.833397178371
223.2142857142857	7947.143667184881	5771.074565582178	5463.679238879899
215.51724137931035	7814.440773320979	5689.501084446421	5356.777203676141
208.33333333333331	7688.772495461705	5612.23385190025	5255.478444304887
201.61290322580646	7569.545326988517	5538.8126698937895	5159.415729048954
195.31249999999997	7456.2381464143855	5469.012371996716	5068.0756674493205
183.8235294117647	7245.7930050526875	5337.382709765919	4900.394074108967
173.61111111111111	7053.998685618863	5218.646000142813	4746.012155684608
164.4736842105263	6878.228571085466	5108.791719495411	4605.4614799074725
156.25	6716.423227375046	5007.867268762747	4475.668261575893
148.8095238095238	6566.853792124705	4914.541112165134	4355.554428999976
142.04545454545453	6428.081644907665	4828.044866110489	4243.84453113247
135.8695652173913	6298.882636628485	4747.345473500564	4139.883262273649
130.20833333333331	6178.222031603016	4671.947866079067	4042.6885371524922
125.0	6065.209417606687	4601.143235741538	3951.739642690891
120.19230769230768	5959.081042606235	4534.59386905259	3866.2779666107404
115.74074074074073	5859.173006198378	4471.779028058183	3785.908165920398
111.60714285714285	5764.908261600469	4412.450180629509	3710.0472595550514
107.75862068965517	5675.780858816815	4356.2102988385295	3638.395276712589
104.16666666666666	5591.3458542255285	4302.870429774578	3570.497798085939
100.80645161290323	5511.21028609278	4252.12121551546	3506.123783624615
97.65624999999999	5435.0249566304465	4203.815918711434	3444.913351709173
91.91176470588235	5293.588956790124	4113.7421085210935	3331.5476745847086
86.80555555555556	5164.562409552957	4030.7436873010993	3228.902322686425
82.23684210526315	5046.22564871434	3953.9354667793314	3135.408685050001
78.125	4937.186907379935	3883.42942963129	3048.735873026301
74.4047619047619	4836.313009391989	3818.1867141171338	2968.395819454272
71.02272727272727	4742.647442047297	3757.621019098325	2893.6117632447226
67.93478260869566	4655.384029163247	3701.027260154226	2824.0038382735115
65.10416666666666	4573.83020635538	3648.0662889222526	2758.9010689399365
62.5	4497.397637494592	3598.263916612503	2697.977445448051
60.09615384615384	4425.573766476836	3551.387852644162	2640.709655115354
57.87037037037037	4357.919527178221	3507.0886385136714	2586.849799847215
55.80357142857142	4294.047068744384	3465.1940742137326	2535.9949244086174
53.87931034482759	4233.62163893565	3425.437366517401	2487.9572001404094
52.08333333333333	4176.343785379886	3387.686986803016	2442.4218090097984
50.403225806451616	4121.953430807158	3351.734790539557	2399.2444601644193
48.82812499999999	4070.215277568641	3317.4781151328843	2358.1754305749887
45.955882352941174	3974.12285632401	3254.5694872194003	2280.6643615441003
43.40277777777778	3886.4706561283956	3195.0954146867493	2212.695065298152
41.118421052631575	3805.9811091420243	3140.195602862316	2150.5031455243516
39.0625	3731.707601864168	3089.8399119392448	2092.493953252458
37.20238095238095	3662.9190168296227	3043.215592460086	2038.5815121451233
35.51136363636363	3598.9804138833783	2999.876656516721	1988.3158866745066
33.96739130434783	3539.360802571389	2959.341936257053	1941.486594104925
32.55208333333333	3483.5936214885264	2921.365541757972	1897.642719561482
31.25	3431.2887720230524	2885.6252439386353	1856.5854649209004
30.04807692307692	3382.0994144029282	2851.950744848724	1817.9585797980765
28.935185185185183	3335.733789835391	2820.1042839255024	1781.609313074729
27.90178571428571	3291.9287542761044	2789.9589136109644	1747.2619104165672
26.939655172413794	3250.4615734345425	2761.332991940856	1714.800439699478
26.041666666666664	3211.128631711819	2734.12910764742	1684.0086437172884
25.201612903225808	3173.7567068267444	2708.2054374287027	1654.7975534213695
24.414062499999996	3138.1854950771963	2683.4856022297668	1626.995151848478
22.977941176470587	3072.006833456539	2638.5936161700074	1573.229072166719
21.70138888888889	3011.781548479732	2595.327720793288	1528.1040924769784
20.559210526315788	2956.3766622233425	2555.5551278732464	1486.3717426470357
19.53125	2905.1585702041407	2519.0721246871444	1447.1426842764201
18.601190476190474	2857.665349962175	2485.2617537513725	1410.5762183289112
17.755681818181817	2813.4738246949246	2453.792801317518	1376.421392759433
16.983695652173914	2772.231864519408	2424.3372649593684	1344.5662261064285
16.276041666666664	2733.6214882984013	2396.711955827745	1314.7084247387752
15.625	2697.3816410276395	2370.6959493972254	1286.7278006107388
15.02403846153846	2663.274579096479	2346.160640903195	1260.3815814023292
14.467592592592592	2631.1044231365117	2322.943058117863	1235.5751835443064
13.950892857142856	2600.690223773395	2300.9467916078197	1212.1194257251182
13.469827586206897	2571.8821697962253	2280.0473672216845	1189.9419727622037
13.020833333333332	2544.5398899237366	2260.1704758646497	1168.893781078018
12.600806451612904	2518.546713319901	2241.218970549817	1148.919089066803
12.207031249999998	2493.7918931853937	2223.1343445439256	1129.8989745222536
11.488970588235293	2447.606647690345	2190.378109755941	1092.2554820736589
10.850694444444445	2405.7767994699816	2158.6022122827753	1062.1668880152204
10.279605263157894	2367.191359808594	2129.4895498442133	1033.8613016535387
9.765625	2331.4510395661355	2102.736943842965	1007.05575560242
9.300595238095237	2298.2709995184146	2077.906395524597	982.0155796449203
8.877840909090908	2267.3667236017827	2054.759977059598	958.5996536462566
8.491847826086957	2238.5019463617514	2033.0763333383616	936.7452090535571
8.138020833333332	2211.4572878223544	2012.7175029462253	916.2486503108834
7.8125	2186.0558372570295	1993.532146403765	897.0338370765783
7.51201923076923	2162.1325898755676	1975.4217280167945	878.9347715736201
7.233796296296296	2139.554279591279	1958.2744029631983	861.8897133720097
6.975446428571428	2118.1949632845817	1942.0157202254397	845.7687892571097
6.734913793103448	2097.952512117714	1926.5601700934621	830.5243248156411
6.510416666666666	2078.729005357739	1911.8500571103632	816.0536972789695
6.300403225806452	2060.4447810773786	1897.818616043759	802.319884127745
6.103515624999999	2043.022447545805	1884.4202164343012	789.2408815246165
5.744485294117647	2010.4001466192913	1860.0522817235878	762.8330477776525
5.425347222222222	1981.0539164843763	1836.5441770816767	742.7517119774769
5.139802631578947	1953.8813219893088	1815.021172910428	723.4295835155923
4.8828125	1928.6615289400331	1795.1814716129445	705.0239550475495
4.650297619047619	1905.222258760909	1776.7360417092145	687.8087622075573
4.438920454545454	1883.3701819861667	1759.516823654099	671.70215845477
4.2459239130434785	1862.9443792245984	1743.3743494472808	656.6640219882573
4.069010416666666	1843.792090455964	1728.2038413111984	642.5579784775781
3.90625	1825.7916413775968	1713.9008516780468	629.3321764708722
3.756009615384615	1808.8274723691602	1700.3891799076825	616.873943079365
3.616898148148148	1792.8075309832338	1687.591214897599	605.1402602295149
3.487723214285714	1777.6434282270277	1675.4489434875138	594.0429241101299
3.367456896551724	1763.2644693705502	1663.9028692493139	583.5484818320656
3.255208333333333	1749.6018036319663	1652.9078246957217	573.5871288059794
3.150201612903226	1736.600192174016	1642.4172727982473	564.1327232777736
3.0517578124999996	1724.205144964525	1632.3953695730277	555.1294797780758
2.8722426470588234	1700.902332570511	1614.0299430608734	536.6340353040595
2.712673611111111	1680.1051889072417	1596.552543225362	523.2336213525147
2.5699013157894735	1660.7567111311748	1580.5108893048232	509.9982179930762
2.44140625	1642.7647811374093	1565.6723065749743	497.3392751127146
2.3251488095238093	1626.0252895169633	1551.8564528826205	485.48922932985374
2.219460227272727	1610.4053864040316	1538.9446066735882	474.3996270544418
2.1229619565217392	1595.79359038269	1526.8341524228251	464.04165125745925
2.034505208333333	1582.082793615222	1515.4453343040861	454.3252189669001
1.953125	1569.187940183484	1504.7046800375208	445.21300238253036
1.8780048076923075	1557.0275656281096	1494.5532551081706	436.6296002006379
1.808449074074074	1545.5370459643875	1484.9360453119264	428.54369880060284
1.743861607142857	1534.6539817170021	1475.8079466396853	420.8963628198806
1.683728448275862	1524.3286327841558	1467.126643321255	413.6631397435855
1.6276041666666665	1514.51231436247	1458.8569088204893	406.7973327620179
1.575100806451613	1505.1660895301734	1450.9655662003645	400.2797556364915
1.5258789062499998	1496.2513858463815	1443.424608483961	394.07310142934216
1.4361213235294117	1479.422460761547	1429.4873971923814	381.12543692844974
1.3563368055555556	1464.524175391109	1416.4498119177886	372.15721224110314
1.2849506578947367	1450.5903972521132	1404.4232398770275	363.0535275869893
1.220703125	1437.612136516008	1393.2636320039833	354.32344939784923
1.1625744047619047	1425.524920479092	1382.8613401806276	346.14420801273036
1.1097301136363635	1414.2364381872442	1373.1318165839625	338.4873961927829
1.0614809782608696	1403.6681004531167	1364.0028565480286	331.3311690114276
1.0172526041666665	1393.7443483148436	1355.4139869713392	324.617054977132
0.9765625	1384.4046818029733	1347.3123241855783	318.31717530734454
0.9390024038461537	1375.59133023485	1339.6526121166937	312.3817963105454
0.904224537037037	1367.2582082816464	1332.3949378016234	306.7877732800739
0.8719308035714285	1359.3610102080513	1325.5045654406647	301.4962737245831
0.841864224137931	1351.864173249218	1318.950698644679	296.48911861905634
0.8138020833333333	1344.7330750976528	1312.7061561521446	291.7354809786619
0.7875504032258065	1337.9398248157745	1306.7467392097521	287.221054925897
0.7629394531249999	1331.4569635023845	1301.0508192759241	282.92121044636525
0.7180606617647058	1319.1706112501715	1290.4381330586295	273.82572255781616
0.6781684027777778	1308.3747824707445	1280.6799190289205	267.7751228203351
0.6424753289473684	1298.2249892231366	1271.6218361533574	261.4689818341312
0.6103515625	1288.7581507305567	1263.1954271940645	255.41120529540035
0.5812872023809523	1279.9325407051913	1255.3336509044698	249.72932079133315
0.5548650568181818	1271.6833094536676	1247.9757548827947	244.40735416053099
0.5307404891304348	1263.9541493926342	1241.0697077820805	239.4286369517207
0.5086263020833333	1256.6912997581248	1234.5699426480448	234.75536116938494
0.48828125	1249.851161457956	1228.4376073401145	230.36703468659908
0.46950120192307687	1243.3924440514004	1222.6382536868207	226.23101145898625
0.4521122685185185	1237.2817747682404	1217.1423691916477	222.33003236672707
0.43596540178571425	1231.4874628110158	1211.9234738799762	218.63866199600668
0.4209321120689655	1225.9837022288798	1206.958734450505	215.14332772471846
0.40690104166666663	1220.745749183782	1202.2274163324532	211.82403916663347
0.39377520161290325	1215.753218004025	1197.7115140022893	208.66963438288437
0.38146972656249994	1210.9864489166678	1193.3945193076736	205.66404825882347
0.3590303308823529	1201.9201259688025	1185.2937765824909	199.2251299502104
0.3390842013888889	1194.0047407590603	1177.9588218892397	195.0905812396518
0.3212376644736842	1186.5278047018535	1171.106382027208	190.6779308303484
0.30517578125	1179.5459125468733	1164.7193529140397	186.43333595024478
0.29064360119047616	1173.0307523769106	1158.7555557973428	182.4464522284068
0.2774325284090909	1166.9362812883055	1153.171001231209	178.70905546835164
0.2653702445652174	1161.2215856522503	1147.927485534771	175.2086154803593
0.25431315104166663	1155.848077128021	1142.9908162096624	171.92082904905214
0.244140625	1150.7838792250686	1138.3320254217706	168.830496603743
0.23475060096153844	1145.999218228778	1133.9250529185679	165.91619132740928
0.22605613425925924	1141.4696133634047	1129.7477749894563	163.1650794084742
0.21798270089285712	1137.1721875568162	1125.780139642584	160.56046007370267
0.21046605603448276	1133.0879659105117	1122.0049897821657	158.09219270774673
0.20345052083333331	1129.1990165385012	1118.406593859209	155.74694142666416
0.19688760080645162	1125.4904035550355	1114.971424668124	153.51667879423
0.19073486328124997	1121.9478735990551	1111.68695260269	151.39072126912302
0.17951516544117646	1115.1887755721098	1105.4866568185498	146.78302612416508
0.16954210069444445	1109.3188928329464	1099.9442029293546	143.913711779735
0.1606188322368421	1103.75195653471	1094.7360562914525	140.78831133882457
0.152587890625	1098.5484746986617	1089.8742942674155	137.77798792934684
0.14532180059523808	1093.688422028241	1085.3313227540073	134.94548650347917
0.13871626420454544	1089.138832860766	1081.0751150038889	132.28753896206365
0.1326851222826087	1084.8696372833185	1077.0772487137926	129.79495445650423
0.12715657552083331	1080.8528424899846	1073.3120905192027	127.4520437810955
0.1220703125	1077.064864040374	1069.757810910324	125.24754427397268
0.11737530048076922	1073.4840049373515	1066.394736250951	123.16726575109367
0.11302806712962962	1070.0920967643171	1063.2061199588939	121.20165856706346
0.10899135044642856	1066.872447222492	1060.1768101026594	119.33964120550493
0.10523302801724138	1063.8109431875512	1057.2937925706099	117.57363240643403
0.10172526041666666	1060.8944796671433	1054.5451652804456	115.89474264114044
0.09844380040322581	1058.1119295063006	1051.9206538706028	114.29695238277338
0.09536743164062499	1055.4528652367844	1049.4107739042504	112.77312778414866
0.08975758272058823	1050.3654701437788	1044.649036624746	109.4349631029845
0.08477105034722222	1045.9663381184296	1040.4366230926823	107.4114230627856
0.08030941611842105	1041.7805850068453	1036.458538362175	105.16884307316732
0.0762939453125	1037.86454157941	1032.7404164239722	103.0050433341943
0.07266090029761904	1034.2039950352314	1029.263735349513	100.96566961695889
0.06935813210227272	1030.7750047915729	1026.0049756693484	99.04998942355745
0.06634256114130435	1027.55521041905	1022.9427670196154	97.25125120835534
0.06357828776041666	1024.524074125376	1020.0578486596837	95.55921645888887
0.06103515625	1021.6639647793514	1017.333640098982	93.96553438159647
0.05868765024038461	1018.958893590462	1014.755266894115	92.460668058109
0.05651403356481481	1016.3952393467777	1012.3099609168731	91.03749554591266
0.05449567522321428	1013.96080636899	1009.9863385584829	89.68897801671002
0.05261651400862069	1011.6447301854494	1007.7742758942868	88.40853441685653
0.05086263020833333	1009.4374557419205	1005.6648457402111	87.19056770682884
0.049221900201612906	1007.3306331612434	1003.6502059047504	86.03062647908543
0.04768371582031249	1005.3165445563437	1001.7231621710051	84.92385488676994
0.044878791360294115	1001.4540189099139	998.0520758523691	82.47548652536196
0.04238552517361111	998.125446611426	994.8312559488035	81.02579441501945
0.04015470805921052	994.9501450871626	991.7772206584253	79.39606912193508
0.03814697265625	991.9770121256181	988.9197834895134	77.82065541180377
0.03633045014880952	989.1957889749137	986.2461849867393	76.33329237498216
0.03467906605113636	986.5890474589593	983.7391303523439	74.93511846651542
0.033171280570652176	984.1397572098218	981.3822406197925	73.62037433403123
0.03178914388020833	981.8328165182058	979.1610806543762	72.38271702434912
0.030517578125	979.6549356972762	977.0629855396814	71.21597660861367
0.029343825120192304	977.5941958618683	975.0766604363936	70.11360820142544
0.028257016782407406	975.6402910386769	973.1923115199859	69.07027071338923
0.02724783761160714	973.7840311523981	971.4012249804159	68.08083015035892
0.026308257004310345	972.0173818996324	969.6957642572518	67.1410120310997
0.025431315104166664	970.3331080737954	968.0690682614876	66.24665802504562
0.024610950100806453	968.724858416008	966.5150952774833	65.39435689623627
0.023841857910156247	967.186864907065	965.028371308015	64.58075734579843
0.022439395680147058	964.2314011139468	962.1864531066382	62.764833722653385
0.021192762586805556	961.6913837278584	959.7092950719598	61.71212594688952
0.02007735402960526	959.2632727404667	957.3526476925744	60.513918934148926
0.019073486328125	956.9880526710858	955.1457018356031	59.35335896282833
0.01816522507440476	954.858287459795	953.0795291155204	58.255989491127316
0.01733953302556818	952.8610974521301	951.1412767098293	57.22362079136261
0.016585640285326088	950.983506523593	949.3183696982604	56.25177893494143
0.015894571940104164	949.2142439692254	947.5998976636779	55.33637955139013
0.0152587890625	947.5431968235783	945.9761225600463	54.4727949797588
0.014671912560096152	945.9613892751348	944.4384234288937	53.656447427024574
0.014128508391203703	944.4609648145148	942.9792515442196	52.883316986244616
0.01362391880580357	943.0349956550232	941.5919504067078	52.14980306157876
0.013154128502155173	941.6773489074645	940.2706266065003	51.45267909847066
0.012715657552083332	940.382565181774	939.0100342720801	50.78901883478716
0.012305475050403226	939.1459598226428	937.8056462733563	50.15679085633035
0.011920928955078123	937.9627892105816	936.6529523641861	49.552404292302036
0.011219697840073529	935.685016266815	934.443156947062	48.19166007763258
0.010596381293402778	933.7318091249504	932.5269718063661	47.41875394189052
0.01003867701480263	931.8615023695721	930.6991389195094	46.529264049194865
0.0095367431640625	930.1077477445366	928.9860258056256	45.66602974076076
0.00908261253720238	928.4652472197591	927.3814053852076	44.84912753450051
0.00866976651278409	926.9239821909267	925.8753081334701	44.07927573630529
0.008292820142663044	925.4744412679207	924.4584021527519	43.35440149916714
0.007947285970052082	924.1079592404581	923.1222442850851	42.67133039444484
0.00762939453125	922.8167769021461	921.8593022960642	42.02654520988865
0.007335956280048076	921.5940763537899	920.6629625269985	41.41679612675981
0.007064254195601851	920.4339826093075	919.5275135852808	40.83954090954163
0.006811959402901785	919.330864766169	918.447531275012	40.29108098013867
0.006577064251077586	918.2802371446095	917.4186441520984	39.769652908790604
0.006357828776041666	917.2779413960732	916.43681770996	39.273157722030554
0.006152737525201613	916.320235920748	915.4984244124308	38.79960896983385
0.005960464477539062	915.4037980865334	914.6002395521673	38.34729928389983
0.005609848920036764	913.6365356792464	912.8740020405182	37.319910590768735
0.005298190646701389	912.1238156620068	911.3832379717544	36.74845087808565
0.005019338507401315	910.6731212517565	909.9579796100911	36.08336340112251
0.00476837158203125	909.3119553298019	908.6211908333216	35.436755979409035
0.00454130626860119	908.036460845688	907.3684357152357	34.82436062369045
0.004334883256392045	906.8389571264352	906.1920609481506	34.24679308641554
0.004146410071331522	905.7121976917198	905.0849195581369	33.7027214925721
0.003973642985026041	904.6495524214787	904.040509984642	33.18989308645496
0.003814697265625	903.6450359700697	903.0529841322541	32.70563992921172
0.003667978140024038	902.6935790433733	902.1173746565456	32.24810054742187
0.0035321270978009257	901.7901545445746	901.2288074404426	31.81382518663074
0.0034059797014508925	900.9309659460037	900.3835517487938	31.401674169163748
0.003288532125538793	900.1123611832995	899.5780442217633	31.009758288673495
0.003178914388020833	899.3311411114151	898.8091591885469	30.63652610100435
0.0030763687626008066	898.5844151403874	898.0740749491447	30.28047287329088
0.002980232238769531	897.8698273332485	897.3704729272156	29.94096113725963
0.002804924460018382	896.4889045173514	896.0145305335632	29.160195394396045
0.0026490953233506945	895.308597443468	894.8473255575412	28.735841708667294
0.0025096692537006577	894.1755521563246	893.7295844556304	28.237350138320792
0.002384185791015625	893.1115663104696	892.6803080910743	27.751349948516328
0.002270653134300595	892.1138841233209	891.6963683118133	27.290455934647614
0.0021674416281960225	891.1769917506418	890.772226536227	26.85649004274804
0.002073205035665761	890.2948015252748	889.9018983534095	26.44702119193001
0.0019868214925130205	889.4624327863213	889.0805577701332	26.061103839055843
0.0019073486328125	888.6752338767689	888.3036370678257	25.69668612881113
0.001833989070012019	887.9293244800866	887.567312948394	25.352519741251864
0.0017660635489004629	887.2207039404014	886.8676862352323	25.025679057062288
0.0017029898507254463	886.5465118125732	886.2019289181835	24.71555762534451
0.0016442660627693966	885.903899608103	885.5672473414648	24.420683383243016
0.0015894571940104165	885.2905790278329	884.9613813408951	24.140481574536334
0.0015381843813004033	884.7038458844686	884.3817059151664	23.872435262237786
0.0014901161193847654	884.1420365722414	883.8265669226552	23.61652886908064
0.001402462230009191	883.0546810775713	882.7545299923847	23.021936298563272
0.0013245476616753472	882.1263365301916	881.8340018042035	22.70829941146485
0.0012548346268503288	881.2341932380299	880.9511022689841	22.33514591273839
0.0011920928955078125	880.395778136098	880.1215939257847	21.97057271446569
0.0011353265671502975	879.609092728034	879.3432365473448	21.624716143239038
0.0010837208140980113	878.8699140595982	878.6117851798705	21.299220224380345
0.0010366025178328805	878.1734206436529	877.9224865944451	20.992004592236
0.0009934107462565103	877.5160407634894	877.2717848931533	20.70307290261677
0.00095367431640625	876.8937594652842	876.6557434582481	20.42970510864077
0.0009169945350060095	876.3037018288123	876.0715115421168	20.171378316580636
0.0008830317744502314	875.7430196332938	875.5162842243883	19.926677955938015
0.0008514949253627231	875.2094527450339	874.9878222042372	19.695105192606615
0.0008221330313846983	874.700348874735	874.4835352373256	19.47426302616955
0.0007947285970052083	874.2140932503739	874.0018144028104	19.26419627622027
0.0007690921906502017	873.7489019182789	873.5409030612047	19.063952434185268
0.0007450580596923827	873.3034331991223	873.0994671917281	18.873442370016136
0.0007012311150045955	872.4383201415432	872.2438492834035	18.41982189569058
0.0006622738308376736	871.7009674533692	871.5111140181274	18.19216320349291
0.0006274173134251644	870.9913999587222	870.8071224812321	17.915753905747756
0.0005960464477539062	870.3239495922433	870.1450613606798	17.64509630068127
0.0005676632835751488	869.6972885345646	869.5234346026172	17.388799879284395
0.0005418604070490056	869.1076906044206	868.938525528775	17.146915746796083
0.0005183012589164402	868.5520210148203	868.3872029505131	16.919780161487328
0.0004967053731282551	868.0267967871195	867.8660318532421	16.705409178299664
0.000476837158203125	867.5294326982423	867.3724433162972	16.503368542541672
0.00045849726750300476	867.0576134405073	866.9041391363351	16.31314112726935
0.0004415158872251157	866.6086995673936	866.4585287814751	16.132453865752705
0.00042574746268136157	866.1812653850901	866.0341798755692	15.961948232165325
0.00041106651569234915	865.7730835298249	865.6289114773763	15.79936008937756
0.00039736429850260413	865.3829645434812	865.2415328571157	15.644971752379906
0.00038454609532510083	865.0094882871822	864.8706415295017	15.498007846202634
0.00037252902984619135	864.6516461870771	864.5152306815124	15.358553763736888
0.0003506155575022978	863.9539982604107	863.8235111943613	15.015079686595186
0.0003311369154188368	863.3602764256768	863.2324486085596	14.856196656329756
0.0003137086567125822	862.7881543412819	862.663647147333	14.657119843181816
0.0002980232238769531	862.2494413931672	862.1281518741195	14.46198219277599
0.0002838316417875744	861.7427605620734	861.624491961153	14.276562395338749
0.0002709302035245028	861.2658218960576	861.1503498176928	14.10287116713925
0.0002591506294582201	860.8156179070687	860.7027441459021	13.939664717717303
0.00024835268656412757	860.3895847011319	860.2791320277478	13.785951536652405
0.0002384185791015625	859.9858844338738	859.8776750371588	13.642045235316665
0.00022924863375150238	859.6021310154264	859.4960229987306	13.505928166099796
0.00022075794361255786	859.236856349641	859.1327104001963	13.37763917984209
0.00021287373134068078	858.8887034590311	858.7863850236397	13.25706708002633
0.00020553325784617457	858.555826149086	858.4552340993388	13.142209174601797
0.00019868214925130207	858.2375607548684	858.1385798008787	13.034130112798904
0.00019227304766255041	857.9322744739039	857.8348227056897	12.930759353730103
0.00018626451492309568	857.6393639107238	857.5433516185419	12.832716938690046
0.0001753077787511489	857.0657455372532	856.97344182487	12.578242332048712
0.0001655684577094184	856.5782571106688	856.4873659179176	12.478083896901758
0.0001568543283562911	856.1077321785696	856.0187333096566	12.344120821850888
0.00014901161193847656	855.6639279171181	855.5767741767438	12.212330976038317
0.0001419158208937872	855.2457629444568	855.1603418319957	12.087381529116465
0.0001354651017622514	854.8515087774903	854.7676832816152	11.971201966887593
0.00012957531472911006	854.4787106822207	854.3963620950485	11.862691427199168
0.00012417634328206378	854.1254703107388	854.0444865526413	11.761548476969235
0.00011920928955078125	853.7898361207125	853.7101230141833	11.666624453594666
0.00011462431687575119	853.4706928969855	853.3921480255351	11.578658057986845
0.00011037897180627893	853.1663345224325	853.0888768598076	11.496196784824546
0.00010643686567034039	852.875414331658	852.798975742473	11.418377467327211
0.00010276662892308729	852.5973139540298	852.5218150424762	11.346128780712162
9.934107462565103e-5	852.330539613223	852.2559274116423	11.277541801709372
9.613652383127521e-5	852.0747663385193	852.0009727034268	11.213828215956354
9.313225746154784e-5	851.8286565641635	851.7556395774014	11.153053034900493
8.765388937557444e-5	851.3425136065811	851.27180118248	10.972510446927837
8.27842288547092e-5	850.9308891377652	850.8607069965675	10.928649417433125
7.842716417814555e-5	850.5324606101743	850.4631923231248	10.8547250152809
7.450580596923828e-5	850.1557420262673	850.0873747764589	10.781509444480466
7.09579104468936e-5	849.8000028756754	849.7324703885463	10.713246700984463
6.77325508811257e-5	849.4635874647687	849.3968137850674	10.650782144533208
6.478765736455503e-5	849.1447164277678	849.0786297359298	10.59386440115305
6.208817164103189e-5	848.8418397054704	848.7763719244458	10.542262439458217
5.9604644775390625e-5	848.553506271856	848.4885961648499	10.495484003275457
5.7312158437875595e-5	848.2784789173844	848.2140700174201	10.453191803204655
5.5189485903139464e-5	848.0156186364126	847.9516604602513	10.41493994222072
5.3218432835170196e-5	847.7639618137135	847.70040761496	10.380456613950157
5.138331446154364e-5	847.522610845959	847.4594186690949	10.349376995285061
4.9670537312825516e-5	847.2905945470956	847.2277329061247	10.320862498789682
4.8068261915637603e-5	847.067712869325	847.0051358830535	10.296114480675026
4.656612873077392e-5	846.8529709136261	846.7906481762419	10.27387495032173
4.382694468778722e-5	846.4224831426302	846.3614728976199	10.162537277048338
4.13921144273546e-5	846.0598392706844	845.9985917779189	10.180095113223755
3.9213582089072776e-5	845.7078287951099	845.6466686956168	10.170713315432607
3.725290298461914e-5	845.3736195252666	845.3125626313534	10.160120415837198
3.54789552234468e-5	845.0570331836424	844.9960378035372	10.153099500286759
3.386627544056285e-5	844.7564956302851	844.6955180844066	10.149809735952122
3.2393828682277515e-5	844.4704259721776	844.4094285625184	10.149743659436748
3.1044085820515946e-5	844.1977995676679	844.1367373709946	10.153492775630298
2.9802322387695312e-5	843.9375359148527	843.8763636780978	10.161070389679939
2.8656079218937797e-5	843.688182551128	843.6268726853104	10.170991083882445
2.7594742951569732e-5	843.4491124069154	843.3876303318755	10.18382164009177
2.6609216417585098e-5	843.2194869252032	843.1578014245791	10.199266016388428
2.569165723077182e-5	842.9985495938622	842.9366328816993	10.21702321708669
2.4835268656412758e-5	842.7856663663513	842.7234922997527	10.236940885022518
2.4034130957818802e-5	842.5802391619136	842.5177841174312	10.258794861044752
2.328306436538696e-5	842.381760112818	842.3190016903654	10.282468678073219
2.191347234389361e-5	841.975769304202	841.9133916277259	10.248760573954481
2.06960572136773e-5	841.6363375224115	841.5727187246264	10.348127201552476
1.9606791044536388e-5	841.3054522965815	841.2408998887651	10.421728181850085
1.862645149230957e-5	840.9896911719171	840.9242305527766	10.492813095497533
1.77394776117234e-5	840.6888878589367	840.6224943399303	10.565423759115925
1.6933137720281426e-5	840.402053914248	840.334686969657	10.640775295770444
1.6196914341138758e-5	840.1275720373052	840.0592051571244	10.71770162291238
1.5522042910257973e-5	839.8646675949838	839.7952631957328	10.79702683346185
1.4901161193847656e-5	839.6122782677236	839.5418028511403	10.878376872230334
1.4328039609468899e-5	839.3693693659708	839.2977972275901	10.961103901644071
1.3797371475784866e-5	839.1355787337944	839.0628699185895	11.046258229836274
1.3304608208792549e-5	838.9099015511266	838.8360290976997	11.13279875521056
1.284582861538591e-5	838.691749710496	838.6166870606304	11.220660225940742
1.2417634328206379e-5	838.4803965968564	838.4041255386951	11.309189047744045
1.2017065478909401e-5	838.2758541508128	838.1983377993024	11.399743977886022
1.164153218269348e-5	838.0770787284076	837.9983045201274	11.49049656601099
1.0956736171946805e-5	837.6586101203723	837.5788038770988	11.5626296577477
1.034802860683865e-5	837.312591998422	837.2295855599751	11.789732066010933
9.803395522268194e-6	836.973437571666	836.8875432962907	11.99062450544984
9.313225746154785e-6	836.6476809202459	836.5589011802695	12.187979540748243
8.8697388058617e-6	836.3350654314737	836.2433566290872	12.385078279313078
8.466568860140713e-6	836.0345316230096	835.9398425956061	12.58243328367344
8.098457170569379e-6	835.7452179790821	835.6474873228404	12.780700525657641
7.761021455128987e-6	835.466320067451	835.3654785581448	12.980338992882087
7.450580596923828e-6	835.1965151447175	835.092515147899	13.179910995017124
7.164019804734449e-6	834.9353826469121	834.8281622417431	13.380311050919813
6.898685737892433e-6	834.6819736874115	834.5714847293725	13.580650769511795
6.6523041043962745e-6	834.4361670532468	834.3223394071999	13.782265873613348
6.422914307692955e-6	834.1970294225637	834.0798121376996	13.983950864086271
6.2088171641031895e-6	833.9639551784782	833.8433049490766	14.185250386654571
6.0085327394547004e-6	833.7370140895982	833.6128635929842	14.387575033465792
5.82076609134674e-6	833.5152174098156	833.3875298871556	14.589128908795516
5.478368085973403e-6	833.0303445037616	832.8983889946943	14.826613709764276
5.174014303419325e-6	832.6346390951437	832.494611689728	15.26969969151845
4.901697761134097e-6	832.2439543607611	832.0961808693606	15.682644951056323
4.656612873077393e-6	831.8651407458658	831.7095429624527	16.088770410671582
4.43486940293085e-6	831.498256907853	831.3346898608979	16.491957879000715
4.2332844300703565e-6	831.1423259525554	830.9706393402099	16.892677240352615
4.049228585284689e-6	830.7965712465658	830.6166045667973	17.291587925197735
3.880510727564493e-6	830.4602909024737	830.2718745033285	17.689238947749484
3.725290298461914e-6	830.1322401523782	829.9352367964348	18.084215881581184
3.5820099023672247e-6	829.8119251441685	829.606190066468	18.477026678297683
3.4493428689462165e-6	829.4990778171391	829.2844464600547	18.868676660670552
3.3261520521981373e-6	829.1926445790562	828.9689894122198	19.257632691790512
3.2114571538464777e-6	828.8926476432009	828.6598099251141	19.64537431125359
3.1044085820515948e-6	828.5981079610021	828.3559698299479	20.030271182362586
3.0042663697273502e-6	828.3089967038476	828.0574187734882	20.413359221907417
2.91038304567337e-6	828.0249073201604	827.7637566934172	20.794476366606933
2.7391840429867014e-6	827.3822924094408	827.1083404166093	21.289692482129574
2.5870071517096626e-6	826.8609440328594	826.5660173666679	22.082565555584257
2.4508488805670485e-6	826.342159570122	826.0266348740502	22.8333782359418
2.3283064365386963e-6	825.8343074776349	825.4978849236256	23.570010472747423
2.217434701465425e-6	825.3375157792367	824.9798166035926	24.29644314183699
2.1166422150351783e-6	824.8514371203909	824.4720393942721	25.014987040253743
2.0246142926423447e-6	824.3747410434181	823.9732763332864	25.724571113864734
1.9402553637822466e-6	823.9068900453672	823.4829825838515	26.426139692222122
1.862645149230957e-6	823.4473308407009	823.0006040336385	27.120332389939424
1.7910049511836123e-6	822.9954163308357	822.5255082970264	27.807256288313496
1.7246714344731083e-6	822.5505522694713	822.0571178123075	28.48694600925357
1.6630760260990686e-6	822.11212124466	821.5948415259305	29.159154229428612
1.6057285769232388e-6	821.6799546651154	821.1384940451037	29.824846953592722
1.5522042910257974e-6	821.2536028661494	820.6876415715144	30.48401535914446
1.5021331848636751e-6	820.8326837618116	820.2419151087452	31.13672157367152
1.455191522836685e-6	820.4167026307719	819.8008509213448	31.782554714613877
1.3695920214933507e-6	819.4636455733817	818.8131244221734	32.64557688899635
1.2935035758548313e-6	818.6857089958546	817.981116413516	33.95855275100985
1.2254244402835243e-6	817.907467709678	817.1495500036135	35.20282182084322
1.1641532182693481e-6	817.1410717367712	816.3291032860865	36.41876229710613
1.1087173507327124e-6	816.3873151169696	815.5203884033948	37.61308791192795
1.0583211075175891e-6	815.6453687746252	814.7226040930186	38.78718839236481
1.0123071463211724e-6	814.9144968130195	813.9350394835401	39.94231611893302
9.701276818911233e-7	814.194180586855	813.1571755978	41.080061773431495
9.313225746154785e-7	813.4836495963043	812.3882890392358	42.20090037458747
8.955024755918062e-7	812.7821698880153	811.62770051425	43.30509722678768
8.623357172365541e-7	812.0894644818178	810.8751196608259	44.39412841138771
8.315380130495343e-7	811.4048021175224	810.1298851790391	45.46781322180191
8.028642884616194e-7	810.7280271460094	809.3918182195366	46.52761115007961
7.761021455128987e-7	810.0586324088508	808.6604536913777	47.57371727911115
7.510665924318376e-7	809.3960837778639	807.9353139420095	48.60605847391064
7.275957614183425e-7	808.7403453640844	807.216329670969	49.626034821936756
6.847960107466753e-7	807.2458347300332	805.6340283281748	50.98676385794091
6.467517879274156e-7	806.0087565094204	804.2617696306256	53.03886763946558
6.127122201417621e-7	804.7691813617645	802.8893324100349	54.974131842650046
5.820766091346741e-7	803.5466725459239	801.5324046711967	56.859996672838115
5.543586753663562e-7	802.3422142645381	800.1916225528522	58.70601321121779
5.291605537587946e-7	801.1545360355228	798.8658589542574	60.513882767265514
5.061535731605862e-7	799.9832916500151	797.5546939657542	62.28785637975851
4.850638409455617e-7	798.826877083256	796.2567862746896	64.02741492587876
4.6566128730773926e-7	797.685097308272	794.9718574470172	65.7362938942163
4.477512377959031e-7	796.5569120907975	793.6990166465365	67.4150218715928
4.3116785861827706e-7	795.4416161934552	792.4376387897356	69.06484924912647
4.1576900652476716e-7	794.3387118335486	791.1872573820402	70.68743080397283
4.014321442308097e-7	793.2475168797199	789.9472871244509	72.28351541369521
3.8805107275644935e-7	792.167633358155	788.7173515615417	73.85457796242373
3.755332962159188e-7	791.0986132837721	787.497044985323	75.40172464135941
3.6379788070917124e-7	790.0398617333722	786.2858735791509	76.92534132233165
3.4239800537333767e-7	787.6661190379679	783.7024473651857	78.92014365263569
3.233758939637078e-7	785.6627561797962	781.3751125551343	81.96889609775936
3.0635611007088106e-7	783.6569736201934	779.053428601495	84.81749635432404
2.9103830456733704e-7	781.6800978874635	776.7580243889295	87.5828007131638
2.771793376831781e-7	779.7324469435775	774.4887453985689	90.27664187135885
2.645802768793973e-7	777.8124916081389	772.2442745892291	92.90345777104511
2.530767865802931e-7	775.9191243217332	770.0235622933043	95.4683245968786
2.4253192047278083e-7	774.0504313794269	767.825161929288	97.97239931194682
2.3283064365386963e-7	772.205761254087	765.6483580871404	100.42076215837973
2.2387561889795154e-7	770.3836263908279	763.4920190641176	102.81472966690993
2.1558392930913853e-7	768.5834112614962	761.3554944767636	105.15831444256277
2.0788450326238358e-7	766.8035794112826	759.2377168412914	107.45147148167959
2.0071607211540486e-7	765.0439717822709	757.1383075963805	109.69896048040133
1.9402553637822467e-7	763.3032215545147	755.0563433006424	111.90052044992004
1.877666481079594e-7	761.5810734231608	752.9914317561842	114.05978738427352
1.8189894035458562e-7	759.8762463359816	750.9427628988262	116.17605861595804
1.7119900268666884e-7	756.146016841754	746.7497067007363	118.83465120920879
1.616879469818539e-7	752.9198405461937	742.797690973741	123.0442057643694
1.5317805503544053e-7	749.7011352624355	738.8798874819543	126.91849387870653
1.4551915228366852e-7	746.5347263215003	735.0135545565468	130.64904217814828
1.3858966884158905e-7	743.4209504172563	731.1974522288253	134.25719859050898
1.3229013843969864e-7	740.3557589121276	727.4291431738648	137.7442972165796
1.2653839329014654e-7	737.3385621952539	723.7070940495372	141.1247580070153
1.2126596023639041e-7	734.3654670145339	720.0292295037981	144.39718765835207
1.1641532182693481e-7	731.4359809154219	716.3941931999951	147.57355497186282
1.1193780944897577e-7	728.547088066275	712.8003598407777	150.6535978352543
1.0779196465456927e-7	725.6981438981268	709.2464722997408	153.64646949266097
1.0394225163119179e-7	722.8865377429498	705.7312291209679	156.55152089135763
1.0035803605770243e-7	720.1119462914179	702.2535038616218	159.377638035231
9.701276818911234e-8	717.3720628609939	698.8122209109189	162.12389237551255
9.38833240539797e-8	714.6665376789131	695.4063424966985	164.79769080096276
9.094947017729281e-8	711.9932910321686	692.035006540126	167.39771861595406
8.559950134333442e-8	706.3203224618653	685.4622524153768	170.38162587635924
8.084397349092696e-8	701.2777388435492	678.9612741210772	175.50514306254604
7.658902751772027e-8	696.2808691362455	672.5871584440301	180.0932064829504
7.275957614183426e-8	691.3846080012944	666.3291221755958	184.44017220172904
6.929483442079453e-8	686.588792765797	660.1811657275626	188.58684675817423
6.614506921984932e-8	681.8856336020193	654.1406790661979	192.53048928323227
6.326919664507327e-8	677.2739775222813	648.2021940648623	196.3006781403218
6.063298011819521e-8	672.7467932873386	642.3640914249359	199.89152539868635
5.820766091346741e-8	668.3034421807128	636.6210634225478	203.33005787962972
5.5968904724487885e-8	663.9377104189952	630.9722161492324	206.6091618591583
5.389598232728463e-8	659.6491790659114	625.412457967494	209.75294243797512
5.1971125815595895e-8	655.4323441764336	619.9414977015111	212.75360683246288
5.0179018028851214e-8	651.2871097869177	614.5542369589837	215.63392407123206
4.850638409455617e-8	647.2084333460837	609.2509918365695	218.38494714711544
4.694166202698985e-8	643.1963629120362	604.0267602367568	221.02767740977458
4.5474735088646405e-8	639.2464756346327	598.882116997263	223.55372184818503
4.279975067166721e-8	631.153913187295	589.3738121186052	225.81800574891818
4.042198674546348e-8	623.7650888477338	579.5237867289968	230.7272560416419
3.829451375886013e-8	616.5230368237521	570.0316339097087	234.87143563364518
3.637978807091713e-8	609.4775085957976	560.8083023747024	238.65640882185622
3.464741721039726e-8	602.6251103741585	551.8281974616119	242.16247467296606
3.307253460992466e-8	595.9509807890086	543.0928477835205	245.37263537274714
3.1634598322536636e-8	589.4512229404844	534.579699706391	248.34912701247296
3.0316490059097604e-8	583.1131010495183	526.2920555390959	251.0728198989665
2.9103830456733704e-8	576.9333336152014	518.2083564294862	253.59844392858528
2.7984452362243943e-8	570.900931672288	510.3333924495915	255.9056512372827
2.6947991163642316e-8	565.0131185585415	502.6464162177292	258.04341573991326
2.5985562907797947e-8	559.2604089795635	495.15316825329296	259.99143259098906
2.5089509014425607e-8	553.6403638645801	487.83374935989406	261.7935932859562
2.4253192047278084e-8	548.1447230991607	480.69475274184833	263.42967210986103
2.3470831013494924e-8	542.7713449890754	473.7168750560831	264.93971998994266
2.2737367544323203e-8	537.5130201480565	466.90719653726865	266.3041806851582
2.1399875335833604e-8	527.1278676242629	455.0078186169632	266.14220601688703
2.021099337273174e-8	517.4348323904128	442.17056042660215	268.745234865512
1.9147256879430066e-8	508.08093609220913	430.10143686166003	270.4791889034552
1.8189894035458565e-8	499.08189584487565	418.57428930581784	271.805634769121
1.732370860519863e-8	490.42087717685894	407.5045792763915	272.8601375058125
1.653626730496233e-8	482.07352058209864	396.91081551142565	273.59949520507917
1.5817299161268318e-8	474.024525581698	386.7199810975219	274.1293619313447
1.5158245029548802e-8	466.2540516956118	376.95358941694144	274.4063267278256
1.4551915228366852e-8	458.7486876218314	367.5444823980775	274.52033049208205
1.3992226181121971e-8	451.4922239299256	358.51580571683076	274.42967281327606
1.3473995581821158e-8	444.4727655081512	349.80579243909494	274.2115002229497
1.2992781453898974e-8	437.67701740122044	341.43816543566277	273.8268627164932
1.2544754507212804e-8	431.0943122512412	333.3557445350099	273.34274023811184
1.2126596023639042e-8	424.7136862967463	325.5827672235613	272.72252751619055
1.1735415506747462e-8	418.5254916810507	318.06612375803155	272.0248667023031
1.1368683772161601e-8	412.52066140965877	310.83006632196236	271.21571849755844
1.0699937667916802e-8	401.06460586856406	298.8862075104738	267.4319596467719
1.010549668636587e-8	390.2249044544061	285.5698855084637	265.9423180825746
9.573628439715033e-9	379.96332395872474	273.435904834905	263.82746919318237
9.094947017729282e-9	370.2375790342671	262.1334523330698	261.4611215785273
8.661854302599316e-9	360.99976482208353	251.46779332420772	259.0072955000557
8.268133652481165e-9	352.2186926115787	241.4959869299177	256.3936343237772
7.908649580634159e-9	343.8540479884124	232.0568268714319	253.74245884435598
7.579122514774401e-9	335.882434725824	223.20828984834617	250.98818557917045
7.275957614183426e-9	328.2694757138981	214.8099731745897	248.22877373545876
6.996113090560986e-9	320.9975738909595	206.9187040450933	245.4059745812662
6.736997790910579e-9	314.0370862987914	199.41113451626993	242.59944559287158
6.496390726949487e-9	307.37472393921155	192.34156057124866	239.75809682620354
6.272377253606402e-9	300.98469933399684	185.60127749984795	236.94715660585783
6.063298011819521e-9	294.85698676794624	179.24169590555545	234.1218851256183
5.867707753373731e-9	288.968963344979	173.16643962781907	231.33621844254458
5.684341886080801e-9	283.31309984043435	167.42393031642072	228.5509573346789
5.349968833958401e-9	272.8235798643405	158.44673613753267	222.097585618028
5.052748343182935e-9	262.8729742987658	148.21541087064966	217.10456604393218
4.786814219857517e-9	253.6385050952147	139.19821341268184	212.02912217347108
4.547473508864641e-9	245.03538523051907	131.0687583528319	207.0345879289638
4.330927151299658e-9	236.97825173148848	123.53865820115703	202.2297992966675
4.1340668262405825e-9	229.43727458411314	116.70549054938404	197.53807593528234
3.9543247903170795e-9	222.34485498032834	110.34415318354453	193.0321278814221
3.7895612573872004e-9	215.6805785633331	104.54425154182202	188.6494406007459
3.637978807091713e-9	209.38954848105124	99.12190099366681	184.44194684642704
3.498056545280493e-9	203.45772659729374	94.15758926757366	180.35907211853257
3.3684988954552896e-9	197.83993804131768	89.49925873983494	176.43844186914737
3.2481953634747434e-9	192.52647595657436	85.21819863495577	172.63922661339348
3.136188626803201e-9	187.4797885843231	81.18776174430052	168.98881167276483
3.0316490059097605e-9	182.6932097948223	77.4709992915185	165.45408176865416
2.9338538766868654e-9	178.13521407628411	73.9614792671207	162.05509581195787
2.8421709430404003e-9	173.80127249928913	70.71486492052522	158.7648897006011
2.6749844169792006e-9	165.90117786346036	65.84405319106494	152.2752818938639
2.5263741715914674e-9	158.48482158727703	60.29395805733238	146.56765432840794
2.3934071099287583e-9	151.71259058586887	55.52681124434506	141.18598859416022
2.2737367544323206e-9	145.50381836164578	51.3824220787996	136.12937911830383
2.165463575649829e-9	139.76335479308827	47.60757283280749	131.40515344531812
2.0670334131202913e-9	134.46491667165313	44.290068284209	126.96142590131352
1.9771623951585398e-9	129.53799072384558	41.24710806289648	122.79563150706478
1.8947806286936002e-9	124.9646179408335	38.551022085557065	118.86956899584257
1.8189894035458565e-9	120.69099488016231	36.063851533395045	115.17688508438054
1.7490282726402464e-9	116.70445639733553	33.844465319088506	111.68922199685431
1.6842494477276448e-9	112.96328586558508	31.787095849365564	108.39872919464112
1.6240976817373717e-9	109.45824908811605	29.939318807381216	105.28411790382273
1.5680943134016004e-9	106.15658685266796	28.219170312347963	102.33718463535497
1.5158245029548803e-9	103.05139923853557	26.665228572876813	99.54173230447762
1.4669269383434327e-9	100.11664918853927	25.213247350383167	96.88981165628013
1.4210854715202002e-9	97.3470439725881	23.894553709381302	94.36894231276779
1.3374922084896003e-9	92.32124680965212	21.93335206050237	89.67798325051004
1.2631870857957337e-9	87.69741332776667	19.791645139026492	85.43492896393136
1.1967035549643792e-9	83.515398592225	17.965405811792227	81.56019860223391
1.1368683772161603e-9	79.72066970333603	16.41776249798035	78.01180841711279
1.0827317878249145e-9	76.2472790400615	15.031628095355467	74.75090446152421
1.0335167065601456e-9	73.06817568112955	13.837503910912666	71.74595307669895
9.885811975792699e-10	70.13768069312921	12.75943499421796	68.96731886654487
9.473903143468001e-10	67.43615741121826	11.818800415725253	66.39240380588626
9.094947017729282e-10	64.93093860996254	10.964137561297962	63.998550579740936
8.745141363201232e-10	62.607289769263595	10.21023117376486	61.76911778251992
8.421247238638224e-10	60.44133713138643	9.521528121254997	59.68664621559886
8.120488408686859e-10	58.42172655585745	8.9081657537297	57.73857217382031
7.840471567008002e-10	56.53068438530659	8.345218166014018	55.911319165556954
7.579122514774401e-10	54.75928366983419	7.839628929323548	54.19519689311851
7.334634691717164e-10	53.094065125122825	7.37367240575571	52.57954646783652
7.105427357601001e-10	51.52789019491674	6.95208247505222	51.056752904972996
6.687461042448001e-10	48.68025162784499	6.311076453423066	48.26942316362765
6.315935428978668e-10	46.10679682429242	5.65993352535357	45.75807978800203
5.983517774821896e-10	43.79108681217723	5.103565924760326	43.49267638399904
5.684341886080801e-10	41.69804371995398	4.6310274103312965	41.44008247091159
5.413658939124572e-10	39.794726842380186	4.21737733132599	39.57062057770729
5.167583532800728e-10	38.05815570744448	3.8596707730113087	37.86193546790828
4.942905987896349e-10	36.46610905382665	3.5434933037546803	36.293536128790535
4.736951571734001e-10	35.002208338542175	3.266218627115594	34.84948212606027
4.547473508864641e-10	33.65090009605498	3.019078385383167	33.51519421064997
4.372570681600616e-10	32.40020401727704	2.799845314062468	32.279003803997696
4.210623619319112e-10	31.238905346810785	2.6029892458429003	31.130269100234738
4.0602442043434293e-10	30.1580490528813	2.4266841499659844	30.060258260904856
3.920235783504001e-10	29.14934069917077	2.2673254947569204	29.06102713768319
3.7895612573872006e-10	28.20596110497124	2.123446434979574	28.125917177808137
3.667317345858582e-10	27.321639430611608	1.9926234895835644	27.248879477973233
3.5527136788005004e-10	26.491097450919483	1.8736901554285614	26.424752209917937
3.3437305212240007e-10	24.979043296212883	1.6910566308834794	24.921736124620665
3.157967714489334e-10	23.624249010287237	1.511749201660966	23.57582990376659
2.991758887410948e-10	22.408804570845327	1.3594402686240068	22.367531031617727
2.842170943040401e-10	21.312319376289484	1.2291608934790046	21.276844707214135
2.706829469562286e-10	20.318098976885253	1.1166875263916687	20.28738906323105
2.583791766400364e-10	19.412503752191974	1.0190165514804388	19.385739789770117
2.4714529939481747e-10	18.584173270498454	0.933596928174733	18.56070830877992
2.3684757858670003e-10	17.82363575677053	0.8585008225645301	17.802948293125073
2.2737367544323206e-10	17.12288986272141	0.7921043793662871	17.10455868776147
2.186285340800308e-10	16.475156389817073	0.7331298479407734	16.458836492747253
2.105311809659556e-10	15.874636559390837	0.6805003672134756	15.860044298266335
2.0301221021717146e-10	15.316352158129783	0.6333443889434941	15.303251886995804
1.9601178917520005e-10	14.795997867179356	0.590923577143203	14.784192984791302
1.8947806286936003e-10	14.309836447024878	0.5526279886005846	14.299161564470024
1.833658672929291e-10	13.854604417757411	0.51793713665243	13.84491981540592
1.7763568394002502e-10	13.427441907785587	0.4864142441364896	13.418628744028123
1.6718652606120003e-10	12.649258800612298	0.43807347879777236	12.641670769009993
1.578983857244667e-10	11.954711164440928	0.3908541386200747	11.948320052104904
1.495879443705474e-10	11.332470947660255	0.35087892539899507	11.327037642705818
1.4210854715202004e-10	10.77180506881257	0.31673974311850533	10.767147271939091
1.353414734781143e-10	10.264003824170159	0.287351892907712	10.25998067211737
1.291895883200182e-10	9.801926953840676	0.26187383267896075	9.798428144564125
1.2357264969740873e-10	9.379664235236683	0.23964068024098947	9.376602450256266
1.1842378929335001e-10	8.992282377669968	0.22012443610651164	8.989587732058832
1.1368683772161603e-10	8.63563053373519	0.20289927540084124	8.633246585104663
1.093142670400154e-10	8.306191579191463	0.1876204363517606	8.30407232158381
1.052655904829778e-10	8.000965231374312	0.17400503664680114	7.999072876332741
1.0150610510858573e-10	7.71737677448425	0.1618202698764078	7.715680039996866
9.800589458760003e-11	7.453203949552621	0.15087229454660459	7.451676768645096
9.473903143468002e-11	7.206518827182193	0.1409993305766038	7.205139332123173
9.168293364646455e-11	6.9756404890268024	0.13206496717735736	6.974390229732957
8.881784197001251e-11	6.759096815498244	0.12395396142950164	6.757960134295291
8.359326303060002e-11	6.364434350059496	0.11152727161494021	6.363457100028519
7.894919286223336e-11	6.012894910941112	0.09941021135212735	6.012073088369805
7.47939721852737e-11	5.6981602514122764	0.08916650756883901	5.69746255667405
7.105427357601002e-11	5.414737540721547	0.0804289764378311	5.414140173162161
6.767073673905715e-11	5.158175179790544	0.07291599674130275	5.1576597835478095
6.45947941600091e-11	4.92482732542854	0.06640898396422727	4.924379558090183
6.178632484870437e-11	4.711679395220173	0.06073594022291388	4.711287920400066
5.921189464667501e-11	4.516217155026738	0.05576020009650017	4.515872915776417
5.6843418860808015e-11	4.3363270059057815	0.05137193800382073	4.336022696681088
5.46571335200077e-11	4.170219265031539	0.04748217529360909	4.169948939911564
5.26327952414889e-11	4.016368380870417	0.044018134311082535	4.016127161172493
5.0753052554292866e-11	3.8734659536300753	0.04091987768323615	3.873249805724095
4.9002947293800014e-11	3.7403834115257983	0.03813763874025093	3.7401889772749035
4.736951571734001e-11	3.616142151512033	0.0356298537742432	3.6159666167516122
4.584146682323227e-11	3.499889420533351	0.033361561726072436	3.499730412783315
4.4408920985006255e-11	3.3908787216213887	0.03130320927712047	3.3907342293128275
4.179663151530001e-11	3.1921501482394925	0.028151039127729503	3.1920260161692675
3.947459643111668e-11	3.0153175767891427	0.025079969723060484	3.0152132733875123
3.739698609263685e-11	2.8570492674463295	0.022485442704971444	2.856960784029415
3.552713678800501e-11	2.7145675153543447	0.020273723061045364	2.7144918072394884
3.383536836952858e-11	2.5856224611734526	0.018373009850209687	2.585557182549577
3.229739708000455e-11	2.4683724083105583	0.0167276147974389	2.468315727983771
3.0893162424352184e-11	2.3612952593954213	0.015293754204945895	2.361245731203258
2.9605947323337503e-11	2.2631220836247943	0.014036668515536898	2.2630785530615625
2.8421709430404007e-11	2.1727865681975915	0.012928435797603279	2.172748104702359
2.732856676000385e-11	2.0893861390280795	0.011946456465350551	2.0893519856980984
2.631639762074445e-11	2.0121516832432937	0.011072246969145504	2.012121219441283
2.5376526277146433e-11	1.9404237684120336	0.010290601496692973	1.940396481273658
2.4501473646900007e-11	1.873633756076961	0.009588891915605382	1.8736092188775364
2.3684757858670004e-11	1.8112887019671113	0.008956584066222139	1.8112665572674742
2.2920733411616136e-11	1.752959160355413	0.00838481355839275	1.7529391069787752
2.2204460492503128e-11	1.6982692837713789	0.007866096535905028	1.6982510664582666
2.0898315757650004e-11	1.5985549661633878	0.0070719099116176385	1.5985393232372582
1.973729821555834e-11	1.5098734215033678	0.006298571513006084	1.5098602839200659
1.8698493046318424e-11	1.4305143815832397	0.005645490596432131	1.430503241643445
1.7763568394002505e-11	1.3590812020060081	0.005088976996581754	1.3590716743274522
1.691768418476429e-11	1.294442951746609	0.004610876547056957	1.2944347396234162
1.6148698540002275e-11	1.2356741025386246	0.004197128734379152	1.2356669744696678
1.5446581212176092e-11	1.1820099112032783	0.0038366736080083564	1.1820036844775093
1.4802973661668752e-11	1.1328129652963548	0.0035207419887372682	1.1328074941133506
1.4210854715202004e-11	1.0875477342437738	0.0032422866174560585	1.0875429011474702
1.3664283380001925e-11	1.0457610009140845	0.002995609913634975	1.045756710403559
1.3158198810372225e-11	1.0070666273389586	0.0027760504005550544	1.0070628011420333
1.2688263138573216e-11	0.9711335907083826	0.0025797767427410945	0.9711301641665313
1.2250736823450003e-11	0.9376764856186086	0.0024036064636738827	0.9376734049540024
1.1842378929335002e-11	0.9064479300478264	0.002244886625046223	0.9064451502280929
1.1460366705808068e-11	0.8772324353188928	0.0021013847593902963	0.877229918412276
1.1102230246251564e-11	0.8498414283859254	0.0019712169182600197	0.8498391422527507
1.0449157878825002e-11	0.799896737641433	0.0017719431502806855	0.7998947750216148
9.86864910777917e-12	0.7554897679433812	0.0015779601090594882	0.7554881200317038
9.349246523159212e-12	0.7157541227184203	0.0014141768552166447	0.7157527256617593
8.881784197001252e-12	0.6799895346137896	0.0012746360349619415	0.6799883399641913
8.458842092382144e-12	0.647629043074055	0.0011547767783430393	0.6476280135414221
8.074349270001138e-12	0.6182087154210405	0.0010510650324491366	0.6182078219214237
7.723290606088046e-12	0.5913452596744411	0.0009607241780118543	0.591344479257637
7.401486830834376e-12	0.5667192336876957	0.000881551016207266	0.5667185480460075
7.105427357601002e-12	0.5440622806522014	0.0008117773305835007	0.5440616750388143
6.8321416900009626e-12	0.5231473100156343	0.0007499721441313936	0.5231467724438117
6.5790994051861124e-12	0.5037808586909446	0.0006949663810340782	0.5037803793371817
6.344131569286608e-12	0.48579708899511526	0.0006457980814196035	0.48579665974661246
6.125368411725002e-12	0.4690530274974826	0.0006016693765912426	0.4690526416070114
5.921189464667501e-12	0.45342475598636	0.0005619143636457417	0.453424407805246
5.730183352904034e-12	0.4388043391889465	0.000525973499303469	0.43880402395935936
5.551115123125782e-12	0.4250973284602028	0.0004933740252899321	0.42509704215163946
5.224578939412501e-12	0.4001031007797143	0.000443469636789723	0.4001028550113376
4.934324553889585e-12	0.37788308217674893	0.00039489654119156074	0.37788287583869334
4.674623261579606e-12	0.3580012401623583	0.000353889346580497	0.3580010652499751
4.440892098500626e-12	0.34010695580100325	0.00031895431616628687	0.3401068062423476
4.229421046191072e-12	0.323916375657088	0.0002889489764021422	0.32391624677887454
4.037174635000569e-12	0.3091972418681899	0.0002629874966715671	0.30919713002625454
3.861645303044023e-12	0.29575767858223695	0.000240374453531734	0.2957575809011087
3.700743415417188e-12	0.283437781126795	0.00022055775754762562	0.2834376953130203
3.552713678800501e-12	0.2721032233000568	0.00020309459682352378	0.2721031475063553
3.4160708450004813e-12	0.26164033957425303	0.0001876264743891746	0.2616402722992707
3.2895497025930562e-12	0.2519522999014221	0.00017386064735408567	0.2519522399148129
3.172065784643304e-12	0.24295610403098744	0.0001615561679654112	0.24295605031676118
3.062684205862501e-12	0.23458019756377757	0.0001505132615187434	0.23458014927699877
2.9605947323337505e-12	0.2267625647003259	0.0001405651634467387	0.22676252113368364
2.865091676452017e-12	0.2194491900623137	0.0001315717826402276	0.21944915062007303
2.775557561562891e-12	0.21259280886819867	0.00012341474101231989	0.21259277304572738
2.6122894697062505e-12	0.2000902242011967	0.00011092800113064958	0.20009019345251214
2.4671622769447924e-12	0.1889760831155618	9.877505720478467e-5	0.18897605730141528
2.337311630789803e-12	0.17903165849847874	8.851554503091511e-5	0.1790316366168678
2.220446049250313e-12	0.17008151975253963	7.977555426311621e-5	0.17008150104345407
2.114710523095536e-12	0.1619836468736013	7.226913078982742e-5	0.1619836307521359
2.0185873175002844e-12	0.15462183814151054	6.577456418951642e-5	0.15462182415159312
1.9308226515220115e-12	0.14790009816798202	6.011781241030289e-5	0.14790008594976323
1.850371707708594e-12	0.14173842876444157	5.5160710268132965e-5	0.14173841803092313
1.7763568394002505e-12	0.13606962988427876	5.0792446056385524e-5	0.13606962040430637
1.7080354225002406e-12	0.13083683872614463	4.692331067343603e-5	0.13083683031185867
1.6447748512965281e-12	0.12599161564347305	4.348005207347074e-5	0.12599160814093024
1.586032892321652e-12	0.12149244017280426	4.0402380621638507e-5	0.12149243345488667
1.5313421029312504e-12	0.1173035181966917	3.764031078002919e-5	0.11730351215768685
1.4802973661668753e-12	0.1133938276500743	3.515211745876041e-5	0.11339382220149118
1.4325458382260085e-12	0.10973634891081295	3.290275054420617e-5	0.10973634397812188
1.3877787807814455e-12	0.10630743947822152	3.086259304193076e-5	0.10630743499829201
1.3061447348531253e-12	0.10005477939216408	2.773957771929781e-5	0.10005477554684958
1.2335811384723962e-12	0.09449667610974581	2.4700132342162213e-5	0.09449667288160819
1.1686558153949015e-12	0.08952358805894842	2.2134289230380814e-5	0.08952358532264854
1.1102230246251565e-12	0.08504776967153868	1.99485120407398e-5	0.0850477673320115
1.057355261547768e-12	0.08099818763163821	1.8071269729693113e-5	0.08099818561572401
1.0092936587501422e-12	0.07731672288823903	1.6447103297676396e-5	0.07731672113889426
9.654113257610057e-13	0.07395536338584667	1.5032478781980665e-5	0.07395536185806416
9.25185853854297e-13	0.07087409857043253	1.379283710228599e-5	0.0708740972283177
8.881784197001252e-13	0.06803931918466058	1.270046169453072e-5	0.06803931799930386
8.540177112501203e-13	0.06542258632036722	1.1732914660505488e-5	0.06542258526827424
8.223874256482641e-13	0.06299967400004766	1.087187469937984e-5	0.06299967306196615
7.93016446160826e-13	0.060749816908565825	1.0102262849367913e-5	0.060749816068598556
7.656710514656252e-13	0.058655113758576745	9.41157742073397e-6	0.0586551130035037
7.401486830834376e-13	0.05670004997694457	8.789382964973708e-6	0.05670004929569955
7.162729191130043e-13	0.054871112769886106	8.226913483579537e-6	0.05487111215314897
6.938893903907227e-13	0.05315647836003854	7.716761939374394e-6	0.05315647779991476
