# z G G_prime G_double_prime
1.5999999999999998e6	9.60445927672662e6	6279.134797683984	9.604457224162448e6
1.0666666666666665e6	6.408132930605498e6	11933.523137652075	6.408121819015001e6
799999.9999999999	4.809963212989287e6	13882.49672829838	4.809943179144097e6
640000.0	3.8510784128469243e6	14843.977326838141	3.8510498046938716e6
533333.3333333333	3.211831747889343e6	15410.106391622285	3.2117947794606853e6
457142.8571428571	2.7552324412790095e6	15781.202690898672	2.755187245745363e6
399999.99999999994	2.4127860963529823e6	16042.714005707721	2.4127327614308205e6
355555.55555555556	2.1464408189752344e6	16236.881291727948	2.146379405661775e6
320000.0	1.9333657629011099e6	16386.856993592628	1.9332963156422924e6
290909.0909090909	1.759032366347778e6	16506.341870279153	1.7589549188473036e6
266666.6666666666	1.6137550119153308e6	16603.938682846692	1.6136695906232062e6
246153.84615384613	1.4908283260009482e6	16685.31059949883	1.4907349523027183e6
228571.42857142855	1.3854627893094742e6	16754.332343497877	1.3853614809532247e6
213333.3333333333	1.2941461089728205e6	16813.741491925186	1.294036881030264e6
199999.99999999997	1.2142440793622297e6	16865.525405223107	1.214126944894575e6
188235.29411764705	1.1441420042332339e6	18233.115800908527	1.1439967129931066e6
177777.77777777778	1.0816000214903853e6	18546.727229594642	1.0814409948753898e6
168421.05263157893	1.0255668739263004e6	18549.843634742407	1.0253991009339197e6
160000.0	975111.6328332596	18470.526270265746	974936.6831471905
152380.95238095237	929452.1009172861	18377.35402765773	929270.4023902295
145454.54545454544	887939.1577054907	18289.703247238474	887750.7727633157
139130.4347826087	850033.6275842878	18211.97814771815	849838.5092922364
133333.3333333333	815285.23417672	18144.217203709057	815083.3089007859
128000.0	783315.4202191461	18085.345685621327	783106.6133193673
123076.92307692306	753803.7508024408	18034.141699165975	753587.9938381468
118518.51851851851	726477.2149688278	17989.49719487594	726254.4470497513
114285.71428571428	701101.7797540898	17950.46709010865	700871.9471526872
110344.8275862069	677475.6784324949	17916.259177051987	677238.7337746342
106666.66666666666	655424.0366009382	17886.2110847135	655179.9380378653
103225.80645161291	634794.5367345249	17859.76749619246	634543.2472046188
99999.99999999999	615453.8949667426	17836.460753687352	615195.3815638707
94117.64705882352	580118.8753512277	17544.98458493405	579853.5013731379
88888.88888888889	548770.3634738517	17527.957345522213	548490.3668602731
84210.52631578947	520720.63922163064	17516.531082051588	520425.93637350085
80000.0	495474.9668717156	17509.308591147463	495165.4944654238
76190.47619047618	472632.84792976995	17505.328699965637	472308.5563583527
72727.27272727272	451866.59332163923	17503.88940796877	451527.4432586543
69565.21739130435	432905.4938257492	17504.460746029145	432551.4540936217
66666.66666666666	415523.95005417225	17506.634357951538	415154.9961425
64000.0	399532.451759915	17510.09141068032	399148.5647075264
61538.46153846153	384770.6386981802	17514.580231772354	384371.8042254275
59259.259259259255	371101.9034271627	17519.900565307886	370688.1112356382
57142.85714285714	358409.1504148329	17525.891741342926	357980.3936247809
55172.41379310345	346591.4325094398	17532.42409911307	346147.70719182066
53333.33333333333	335561.25994398573	17539.39224896856	335102.56473911385
51612.903225806454	325242.43016493967	17546.710165336935	324768.76595813414
49999.99999999999	315568.26444354124	17554.30716565164	315079.63409881433
47058.82352941176	297861.56592105096	17311.377610629308	297358.0815417042
44444.444444444445	282182.74121895107	17341.703473869577	281649.3649246628
42105.26315789473	268153.6626156958	17371.32086291031	267590.40338863095
40000.0	255526.82266245055	17399.904020097885	254933.71773866797
38095.23809523809	244101.8974601962	17427.397740854372	243478.99735223613
36363.63636363636	233714.99584463585	17453.830297517186	233062.35880253944
34782.608695652176	224230.73117207905	17479.25453734369	223548.42084609752
33333.33333333333	215536.2803996674	17503.727787250864	214824.36473099104
32000.0	207536.8710205868	17527.30617966672	206795.42154288598
30769.230769230766	200152.30967703968	17550.041989083376	199381.40107651716
29629.629629629628	193314.28260428118	17571.98372718915	192513.99234003562
28571.42857142857	186964.23428958637	17593.175567133425	186134.64233440094
27586.206896551725	181051.68527616226	17613.658127550323	180192.87385661036
26666.666666666664	175532.886134009	17633.468213765736	174644.93955820502
25806.451612903227	170369.73217636067	17652.639648093136	169452.73664151735
24999.999999999996	165528.88141967292	17671.203062898316	164582.9248930701
23529.41176470588	156639.63399212994	17448.18811900297	155664.81833912348
22222.222222222223	148794.19109179394	17495.52143706256	147762.03176833544
21052.631578947367	141773.45243278032	17540.329088712322	140684.21613731052
20000.0	135453.5737736371	17582.25441228129	134307.61325342642
19047.619047619046	129734.38135336341	17621.386680249318	128532.08329675926
18181.81818181818	124533.94018467753	17657.921177017808	123275.7075730132
17391.304347826088	119784.5733095099	17692.062469338638	118470.81889023293
16666.666666666664	115429.88559732412	17723.995333668554	114061.02962196786
16000.0	111422.50629519364	17753.88286060642	109998.9752337463
15384.615384615383	107722.35256994232	17781.86572708595	106244.57865918074
14814.814814814814	104295.2802479196	17808.067467225355	102763.70086307147
14285.714285714284	101112.02285692513	17832.595180358352	99527.08031160569
13793.103448275862	98147.35108750404	17855.54410565022	96509.4921247903
13333.333333333332	95379.3995295311	17876.997684514827	93689.07518169752
12903.225806451614	92789.12451520539	17897.03115875449	91046.78964137539
12499.999999999998	90359.8628539799	17915.71112465727	88565.97602853981
11764.70588235294	85875.7222554593	17700.905858246213	84031.6464475991
11111.111111111111	81935.97566271854	17743.77302392166	79991.64098002462
10526.315789473683	78408.2337511915	17782.48343340396	76365.13866236477
10000.0	75230.44977527871	17816.201966697998	73090.37912661665
9523.809523809523	72352.53473342667	17844.965432341625	70117.37652729347
9090.90909090909	69733.55207340104	17869.03879195877	67405.2352375185
8695.652173913044	67339.70212227118	17888.731878251005	64920.172163236435
8333.333333333332	65142.82455789072	17904.335688050414	62634.03511629867
8000.0	63119.2690847633	17916.118296717967	60523.1760152486
7692.3076923076915	61249.02566701836	17924.31712481813	58567.58489785989
7407.407407407407	59515.05132567446	17929.14934894913	56750.21531166857
7142.857142857142	57902.73889881106	17930.808556763553	55056.45535706583
6896.551724137931	56399.49809182134	17929.47421982555	53473.706989603495
6666.666666666666	54994.418191455625	17925.308247592224	51991.05073419374
6451.612903225807	53677.998067771165	17918.462718332597	50598.97400516506
6249.999999999999	52441.9249474468	17909.076284658226	49289.15173569064
5882.35294117647	50146.597296125015	17672.175925503787	46929.472812272004
5555.555555555556	48134.05659126532	17651.971146606975	44780.52387556992
5263.157894736842	46327.32492113776	17625.148565708576	42843.612970726135
5000.0	44695.274619009506	17590.451761430017	41088.24138482297
4761.9047619047615	43212.89822204807	17548.084322916915	39489.483528464676
4545.454545454545	41859.79918184786	17498.640157519196	38026.83763057727
4347.826086956522	40619.15481175154	17442.797247144626	36683.300857693306
4166.666666666666	39476.95613723393	17381.20137008423	35444.659750005696
4000.0	38421.44279657017	17314.45699804243	34298.933590318135
3846.1538461538457	37442.666671339524	17243.110324874582	33235.95092343896
3703.7037037037035	36532.15695254355	17167.66458297144	32247.012022385326
3571.428571428571	35682.65428861451	17088.57433398653	31324.629994823503
3448.2758620689656	34887.90259423301	17006.25853936752	30462.319641105463
3333.333333333333	34142.48051321332	16921.09729522968	29654.43376496206
3225.8064516129034	33441.66722076383	16833.441081224064	28896.02685265343
3124.9999999999995	32781.33212148616	16743.609122156187	28182.74807792221
2941.176470588235	31552.472498440606	16430.968532889507	26936.625509444304
2777.777777777778	30464.186467943753	16253.216377915629	25766.249523869446
2631.578947368421	29480.39737468928	16072.986404547242	24713.416142023467
2500.0	28585.52579724837	15889.431240443257	23762.539004920705
2380.9523809523807	27767.095463234895	15703.242998506701	22900.212876614274
2272.7272727272725	27014.938082722238	15515.470340659183	22115.08669938785
2173.913043478261	26320.65827247754	15327.120615349975	21397.579899116023
2083.333333333333	25677.257838473033	15139.09338209782	20739.56175215732
2000.0	25078.849085258797	14952.126135499811	20134.11521446347
1923.0769230769229	24520.444763077532	14766.849072355435	19575.300249380896
1851.8518518518517	23997.786562407495	14583.753577948108	19058.013838607407
1785.7142857142856	23507.21995183237	14403.259904759223	18577.822638290556
1724.1379310344828	23045.585402246365	14225.678035490699	18130.88775991921
1666.6666666666665	22610.14118572995	14051.276276474537	17713.83977123045
1612.9032258064517	22198.491236227794	13880.234576600185	17323.743858168615
1562.4999999999998	21808.53643270997	13712.7125128437	16958.000379671477
1470.5882352941176	21083.455011669208	13350.084823023164	16318.312120043727
1388.888888888889	20428.94086588849	13046.983312429988	15719.98254919967
1315.7894736842104	19831.766542558827	12758.70985120884	15182.69696500665
1250.0	19283.928923567655	12484.10679324388	14697.5165352549
1190.4761904761904	18778.929823437986	12222.524320618677	14256.861665369894
1136.3636363636363	18311.44489700043	11973.660224204672	13854.258372470971
1086.9565217391305	17877.029789402295	11736.966202492718	13484.502899726069
1041.6666666666665	17471.96656896531	11512.03825140129	13143.157576675207
1000.0	17093.090399025314	11298.22659215503	12826.683720337549
961.5384615384614	16737.711938983364	11095.044734922902	12531.99837545656
925.9259259259259	16403.505073600427	10901.814303035046	12256.648138939758
892.8571428571428	16088.467786576046	10718.037076306104	11998.436437745662
862.0689655172414	15790.844911691842	10543.062686477535	11755.6204521118
833.3333333333333	15509.109701444346	10376.4222464937	11526.592952555658
806.4516129032259	15241.9080982549	10217.520943337868	11310.085244952857
781.2499999999999	14988.051686528095	10065.937053256188	11104.891021433836
735.2941176470588	14515.9387568405	9775.662736054457	10730.745363825403
694.4444444444445	14086.340625179555	9517.776069225494	10384.45621612718
657.8947368421052	13692.916413374845	9280.046620908863	10068.59943673539
625.0	13330.965306791364	9060.744845547391	9778.422104550475
595.2380952380952	12996.553987602969	8857.570153173257	9510.72376500826
568.1818181818181	12686.437074796446	8669.057670809007	9262.457813828752
543.4782608695652	12397.844903044821	8493.381972707068	9031.556948037756
520.8333333333333	12128.455825045581	8329.428446852104	8815.898278045921
500.0	11876.256621223394	8175.794474244803	8614.049921381968
480.7692307692307	11639.537504545297	8031.647736000623	8424.456538229193
462.96296296296293	11416.796211780436	7895.909938890386	8246.080400909037
446.4285714285714	11206.742636737039	7767.956040514953	8077.7434645256635
431.0344827586207	11008.230710922873	7646.9482788703635	7918.6694213855835
416.66666666666663	10820.26669211513	7532.4108108826995	7767.944301074354
403.2258064516129	10641.959506014317	7423.6839953566	7624.973315673619
390.62499999999994	10472.529941215413	7320.399796559085	7489.0339956626585
367.6470588235294	10157.627833334813	7124.759974829018	7239.834148764218
347.22222222222223	9870.875903161384	6950.20042344073	7009.201464476276
328.9473684210526	9608.184957756941	6789.165375277095	6798.8566457607685
312.5	9366.468211521693	6641.100795857824	6605.0364856451
297.6190476190476	9143.114736672691	6504.2051674369695	6425.874432934987
284.09090909090907	8935.968497255339	6377.446594297956	6259.36961049731
271.7391304347826	8743.18192733301	6259.363351219247	6104.391914994967
260.41666666666663	8563.206828549191	6149.206459178005	5959.51097917564
250.0	8394.699610820344	6045.9241298101	5823.897575720852
240.38461538461536	8236.51862790836	5948.990723488251	5696.4680706322
231.48148148148147	8087.661889558423	5857.6301446665675	5576.5978811556115
223.2142857142857	7947.267396225281	5771.457722318277	5463.454477397801
215.51724137931035	7814.571306954645	5689.882568598392	5356.562430051477
208.33333333333331	7688.909325431541	5612.613707484379	5255.272969624563
201.61290322580646	7569.687999628733	5539.190958772478	5159.218926734598
195.31249999999997	7456.386249874768	5469.389140293062	5067.886969868785
183.8235294117647	7245.950918053741	5337.756530985575	4900.220395325569
173.61111111111111	7054.165142727535	5219.017210082739	4745.851369536593
164.4736842105263	6878.402578612224	5109.160544645653	4605.312211185624
156.25	6716.603911957457	5008.233786002084	4475.529293264591
148.8095238095238	6567.040419850489	4914.905460668489	4355.424685222001
142.04545454545453	6428.273585051014	4828.407171502087	4243.723067125355
135.8695652173913	6299.079354601338	4747.705874790231	4139.76927401119
130.20833333333331	6178.423060725566	4672.306473267624	4042.58132103325
125.0	6065.414356356647	4601.500161666777	3951.6385938592534
120.19230769230768	5959.2895359031745	4534.949205434126	3866.1825457235536
115.74074074074073	5859.3847451551	4472.132868609068	3785.8179033417227
111.60714285714285	5765.12297035279	4412.802603487532	3709.9617310617946
107.75862068965517	5675.998295272303	4356.561383113577	3638.314110009965
104.16666666666666	5591.5658003708795	4303.220242391237	3570.4206538378003
100.80645161290323	5511.4325491681675	4252.469823705564	3506.0503622315377
97.65624999999999	5435.249361786044	4204.163379983411	3444.843378036519
91.91176470588235	5293.817192793129	4114.086983406867	3331.4844684726218
86.80555555555556	5164.793972235338	4031.0867106142023	3228.8444848193058
82.23684210526315	5046.46012965007	3954.276818663415	3135.3555909224933
78.125	4937.423936452055	3883.7692153036705	3048.686899389509
74.4047619047619	4836.552284038074	3818.525050914343	2968.3504563601514
71.02272727272727	4742.888705026608	3757.958004207969	2893.569578717302
67.93478260869566	4655.62706715097	3701.3629880163003	2823.964486202295
65.10416666666666	4574.074833038197	3648.4008378174	2758.864241829724
62.5	4497.643695359131	3598.597364008787	2697.9428871183973
60.09615384615384	4425.821115766849	3551.7202638996914	2640.6771320576136
57.87037037037037	4358.16804845257	3507.42007813107	2586.819115066981
55.80357142857142	4294.296654865394	3465.524596839192	2535.965896594564
53.87931034482759	4233.872197583735	3425.767025990381	2487.9296752741116
52.08333333333333	4176.595232970679	3388.0158289634073	2442.3956441917417
50.403225806451616	4122.205694817437	3352.0628606346213	2399.2195332522924
48.82812499999999	4070.4682917973864	3317.805451897105	2358.151627417071
45.955882352941174	3974.3772003227095	3254.8948663037986	2280.6432293881826
43.40277777777778	3886.726173487958	3195.4196594577143	2212.6756535080985
41.118421052631575	3806.2376444778524	3140.518848713972	2150.4851469174528
39.0625	3731.9650058616726	3090.162218631339	2092.477064992482
37.20238095238095	3663.177177233949	3043.537022555697	2038.565530989986
35.51136363636363	3599.2392375290347	3000.1972607114644	1988.3006527655748
33.96739130434783	3539.6202159404306	2959.661770636699	1941.4719870566814
32.55208333333333	3483.853559696727	2921.684652641817	1897.6286296135027
31.25	3431.5491824348874	2885.9436804997217	1856.5718042815533
30.04807692307692	3382.360249539204	2852.268547154587	1817.9452666611191
28.935185185185183	3335.9950108355138	2820.4214936274307	1781.5962815980092
27.90178571428571	3292.190325604418	2790.275564606465	1747.249098887561
26.939655172413794	3250.723465846277	2761.649119349043	1714.7877982427704
26.041666666666664	3211.3908181356296	2734.444740167892	1683.9961252253454
25.201612903225808	3174.0191648954433	2708.520604838788	1654.7851196718236
24.414062499999996	3138.4482038553087	2683.8003289833723	1626.9827664825943
22.977941176470587	3072.2699972669607	2638.906992249	1573.2173474653996
21.70138888888889	3012.0451650787977	2595.6404872291814	1528.0924505838052
20.559210526315788	2956.640665508562	2555.86736605274	1486.3599941082714
19.53125	2905.4228967682066	2519.3838518465154	1447.130683843022
18.601190476190474	2857.9299628351546	2485.5730023743017	1410.5639022529072
17.755681818181817	2813.7386956732144	2454.103598733852	1376.4087235303177
16.983695652173914	2772.496974430976	2424.6476484294503	1344.5531801287939
16.276041666666664	2733.8868195938358	2397.02195409324	1314.6949813336641
15.625	2697.647181276695	2371.005596244477	1286.7139453769314
15.02403846153846	2663.540316324718	2346.469961852046	1260.367301548734
14.467592592592592	2631.370348904912	2323.2520820409463	1235.5604705510643
13.950892857142856	2600.9563296882243	2301.255540364276	1212.1042722835205
13.469827586206897	2572.1484500298084	2280.3558652936476	1189.9263744499508
13.020833333333332	2544.8063384829475	2260.4787419091654	1168.8777343074605
12.600806451612904	2518.813326125623	2241.5270253865892	1148.9025921850698
12.207031249999998	2494.0586658948696	2223.4422041423118	1129.882026480674
11.488970588235293	2447.873745410778	2190.68518138601	1092.2382109810737
10.850694444444445	2406.04428387272	2158.90914885024	1062.1489457544646
10.279605263157894	2367.459181307375	2129.7963728434765	1033.8425341314587
9.765625	2331.7191623534914	2103.0436401593365	1007.0360965088763
9.300595238095237	2298.539410935824	2078.2129806710095	981.9950257489713
8.877840909090908	2267.6354163880687	2055.0664652308064	958.5782206691576
8.491847826086957	2238.770917689505	2033.3827492746334	936.7229135900551
8.138020833333332	2211.7265345936667	2013.0238637476136	916.2255114371892
7.8125	2186.3253584389886	1993.838474639404	897.0098717411009
7.51201923076923	2162.402383721843	1975.7280389835	878.9099982935236
7.233796296296296	2139.824345667936	1958.5807157306083	861.8641483907943
6.975446428571428	2118.4653004780535	1942.3220477826176	845.7424501744657
6.734913793103448	2098.223120233387	1926.866528384003	830.4972270124147
6.510416666666666	2078.999883590746	1912.1564570561209	816.0258572550985
6.300403225806452	2060.7159292899564	1898.1250709694925	802.2913162850683
6.103515624999999	2043.2938650753433	1884.7267355054385	789.2116012360358
5.744485294117647	2010.6721364459318	1860.358576484443	762.8029936889502
5.425347222222222	1981.3265440397647	1836.8508549060514	742.7205470077324
5.139802631578947	1954.154525454127	1815.32818853192	723.3971780939308
4.8828125	1928.9352762193273	1795.4887864278285	704.9902961426181
4.650297619047619	1905.4965388679311	1777.043655277464	687.7738777212862
4.438920454545454	1883.644988664103	1759.824737389336	671.6660903990492
4.2459239130434785	1863.2197086121516	1743.6825745185602	656.62680563702
4.069010416666666	1844.0679387070102	1728.5123831322103	642.5196525599264
3.90625	1826.068005428655	1714.2097207643994	629.2927726321237
3.756009615384615	1809.1043488158923	1700.6983812041328	616.8334954217512
3.616898148148148	1793.0849167967374	1687.9007568730183	605.0987967195558
3.487723214285714	1777.921320106076	1675.7588300052448	594.0004748711781
3.367456896551724	1763.5428642388404	1664.2131069263437	583.5050717365696
3.255208333333333	1749.880698204227	1653.2184163662541	573.5427845724915
3.150201612903226	1736.8795833059855	1642.7282235216287	564.0874671100643
3.0517578124999996	1724.4850293701888	1632.7066813004062	555.0833355082054
2.8722426470588234	1701.1832659892325	1614.3416575973592	536.5869147003143
2.712673611111111	1680.387190594435	1596.8652227058478	523.1850254226133
2.5699013157894735	1661.0396988727407	1580.8244225750868	509.9480622782954
2.44140625	1643.0487159161453	1565.9866331654896	497.2875904551693
2.3251488095238093	1626.310150751688	1552.171554498673	485.43606359967885
2.219460227272727	1610.6911587031675	1539.26046971315	474.34503802928566
2.1229619565217392	1596.0802599853857	1527.1507719636872	463.9856851301888
2.034505208333333	1582.3703479868934	1515.762702269902	454.267926003593
1.953125	1569.4763672047834	1505.022792896461	445.1544227304276
1.8780048076923075	1557.3168538929087	1494.872105932297	436.569777154176
1.808449074074074	1545.8271842029214	1485.2556302877808	428.4826672330863
1.743861607142857	1534.9449592960925	1476.1282591752035	420.8341603682697
1.683728448275862	1524.6204391327647	1467.447679251778	413.59979700183015
1.6276041666666665	1514.8049394778463	1459.178661710113	406.73288270849895
1.575100806451613	1505.4595234374103	1451.2880315679135	400.2142253045552
1.5258789062499998	1496.5456190974	1443.7477800075033	394.00651994989454
1.4361213235294117	1479.7183934168816	1429.8117028163927	381.0577624265442
1.3563368055555556	1464.8217370672492	1416.7757360991616	372.08767110103514
1.2849506578947367	1450.8894862133068	1404.7506153874954	362.9821066840155
1.220703125	1437.912700639804	1393.5923786391868	354.25021786870934
1.1625744047619047	1425.826922866734	1383.19141921326	346.0692297596358
1.1097301136363635	1414.539848136711	1373.4631965724966	338.4107410049049
1.0614809782608696	1403.9728889495195	1364.3355138878405	331.2528919868654
1.0172526041666665	1394.0504892693955	1355.747897766847	324.53721563638277
0.9765625	1384.7121495960957	1347.6474686790857	318.23582042550277
0.9390024038461537	1375.900101351674	1339.98896950945	312.2989761311249
0.904224537037037	1367.568259628559	1332.7324901625686	306.7035285231731
0.8719308035714285	1359.672320449302	1325.8432940029459	301.4106480259242
0.841864224137931	1352.1767213266446	1319.2905868703995	296.402147584715
0.8138020833333333	1345.0468414530392	1313.0471868283	291.6472027383168
0.7875504032258065	1338.2547901067182	1307.0888969185164	287.1315008770588
0.7629394531249999	1331.7731096975274	1301.3940880882117	282.83041421048443
0.7180606617647058	1319.4892715322237	1290.7834024346143	273.73371310081455
0.6781684027777778	1308.6957569540975	1281.0275514168904	267.68077402104285
0.6424753289473684	1298.5481605254686	1271.9716218785904	261.3723748593686
0.6103515625	1289.0834485731802	1263.547265887792	255.31244437513925
0.5812872023809523	1280.259906856157	1255.6874802781917	249.628485906439
0.5548650568181818	1272.012693173121	1248.3315223502698	244.30452697441837
0.5307404891304348	1264.2855023399754	1241.4273682835064	239.3238824349368
0.5086263020833333	1257.0245781582023	1234.9294536553793	234.648747254769
0.48828125	1250.1863229515689	1228.7989305227165	230.25861643246353
0.46950120192307687	1243.7294498097701	1223.0013519997087	226.1208467412906
0.4521122685185185	1237.620586991738	1217.5072085332777	222.21816873352262
0.43596540178571425	1231.8280466522995	1212.2900212228901	218.52514949685815
0.4209321120689655	1226.3260236558854	1207.3269590737314	215.0282078924338
0.40690104166666663	1221.0897768822695	1202.5972885176536	211.70735664208257
0.39377520161290325	1216.0989209062886	1198.083005686501	208.55142510814736
0.38146972656249994	1211.3337982199319	1193.767603282188	205.54435060061135
0.3590303308823529	1202.2709881207118	1185.6698983274985	199.10404585746699
0.3390842013888889	1194.3587463527538	1178.3381747564956	194.96656354578406
0.3212376644736842	1186.8848244467974	1171.4887265838233	190.55117420031112
0.30517578125	1179.9058528244134	1165.1045655605124	186.30397966591002
0.29064360119047616	1173.3935289033623	1159.1435467783976	182.3145952311069
0.2774325284090909	1167.3018187323905	1153.5616928049237	178.57479359916755
0.2653702445652174	1161.5898123834945	1148.3208078705275	175.07202644826296
0.25431315104166663	1156.2189279045472	1143.3867047328224	171.78199173649736
0.244140625	1151.1572914446901	1138.730420325719	168.68947646811438
0.23475060096153844	1146.3751343661168	1134.325897943772	165.77305555182284
0.22605613425925924	1141.8479779452402	1130.1510173353188	163.0198845343039
0.21798270089285712	1137.552949313693	1126.1857294191045	160.4132642428331
0.21046605603448276	1133.47107523118	1122.4128798353772	157.9430453213508
0.20345052083333331	1129.5844273442683	1118.816739439533	155.59589341808132
0.19688760080645162	1125.8780711340617	1115.3837832532263	153.36377380683763
0.19073486328124997	1122.337756244304	1112.1014837142684	151.2360043508872
0.17951516544117646	1115.5833958592143	1105.9054814017425	146.62666647767992
0.16954210069444445	1109.7176673642407	1100.3672957595045	143.75366319940034
0.1606188322368421	1104.1547463402073	1095.1631573710517	140.62490036503652
0.152587890625	1098.9551573015165	1090.3052517620886	137.61139393091491
0.14532180059523808	1094.0988813992865	1085.7660142056159	134.77583119840295
0.13871626420454544	1089.5529638322294	1081.513432466018	132.11493629097004
0.1326851222826087	1085.2873403356664	1077.5190933497984	129.61949914844212
0.12715657552083331	1081.2740264196043	1073.7573713930922	127.27382915847332
0.1220703125	1077.4894419635075	1070.2064430099442	125.06664976257075
0.11737530048076922	1073.9118966976948	1066.8466403296416	122.98377082443436
0.11302806712962962	1070.5232256601475	1063.661221220741	121.01563183741607
0.10899135044642856	1067.306742090992	1060.6350384581735	119.1511515165334
0.10523302801724138	1064.2483356841424	1057.755081490689	117.38273973243629
0.10172526041666666	1061.3349060854687	1055.0094521196863	115.70150739540932
0.09844380040322581	1058.5553284725002	1052.3878789010316	114.10142759716007
0.09536743164062499	1055.8991793078435	1049.8808806748116	112.57536700566249
0.08975758272058823	1050.8180335090303	1045.124974321112	109.23519395360086
0.08477105034722222	1046.424301121474	1040.9180930314606	107.20700339675916
0.08030941611842105	1042.2437989999307	1036.945264819102	104.96025115752255
0.0762939453125	1038.332847505561	1033.2322117714102	102.79250345704328
0.07266090029761904	1034.677239417672	1029.760438666666	100.7493361070436
0.06935813210227272	1031.2530463672927	1026.5064425618507	98.83000061133049
0.06634256114130435	1028.0379159017277	1023.4488640230514	97.02772419001376
0.06357828776041666	1025.0113206758906	1020.5684528903223	95.3322635773816
0.06103515625	1022.1556360664396	1017.8486363856215	93.73525350858411
0.05868765024038461	1019.4548818555135	1015.2745481093641	92.22715489683864
0.05651403356481481	1016.895442106593	1012.8334258914709	90.80083465535677
0.05449567522321428	1014.4650065471028	1010.513808933094	89.44882036194603
0.05261651400862069	1012.153101006268	1008.305847079473	88.16585859589215
0.05086263020833333	1009.9497807055351	1006.2003396558827	86.94501724391621
0.049221900201612906	1007.8468089345637	1004.1895267035676	85.78219359778477
0.04768371582031249	1005.8364987561079	1002.2662371351864	84.67261734953043
0.044878791360294115	1001.9820948670153	998.602878054406	82.22171474464444
0.04238552517361111	998.6604693744825	995.3891517397614	80.76614197830733
0.04015470805921052	995.4919555849377	992.3419207642228	79.1311944071148
0.03814697265625	992.5254068144278	989.4910561580122	77.55084110083504
0.03633045014880952	989.7505682490442	986.823822384657	76.05873338046682
0.03467906605113636	987.1500269821737	984.3229445205138	74.65598878436772
0.033171280570652176	984.7067609480712	981.9720548468956	73.33681583357104
0.03178914388020833	982.405682797251	979.75673294051	72.09486701611426
0.030517578125	980.2335122292598	977.6643241719806	70.92395743791191
0.029343825120192304	978.1783410093299	975.6835441566843	69.81753706352187
0.028257016782407406	976.2298710822887	973.8046073556819	68.77025437053608
0.02724783761160714	974.3789202701548	972.0188078369307	67.7769686405686
0.026308257004310345	972.6174610954386	970.3185160279172	66.83339794681646
0.025431315104166664	970.9382653635367	968.6968776648677	65.93538010423639
0.024610950100806453	969.3349872920569	967.147856661992	65.07949709860414
0.023841857910156247	967.8018649374796	965.6659848770928	64.2623951297967
0.022439395680147058	964.8568868649468	962.8341742502595	62.44329448818083
0.021192762586805556	962.325753703209	960.366059155861	61.38313010828486
0.02007735402960526	959.9063568562527	958.0181524148406	60.17834807219941
0.019073486328125	957.6395920777915	955.8196602788327	59.01156953831849
0.01816522507440476	955.5180253048278	953.7616755999456	57.9082277333836
0.01733953302556818	953.5286734415591	951.831271499759	56.86969026090643
0.016585640285326088	951.6589755918686	950.0162121176718	55.892777155510714
0.015894571940104164	949.8972280526912	948.3052399563732	54.971954062704114
0.0152587890625	948.2334929035751	946.6887630243268	54.1030778014004
0.014671912560096152	946.6588202635693	945.1581840025171	53.281602790051345
0.014128508391203703	945.1653600303888	943.705961558684	52.5034848364778
0.01362391880580357	943.7461938308387	942.325448822566	51.76511249427111
0.013154128502155173	942.3951967670845	941.0107606429309	51.06324748666585
0.012715657552083332	941.1069182906926	939.7566599277869	50.3949578427668
0.012305475050403226	939.8766836289197	938.5586293564724	49.75821228497212
0.011920928955078123	938.6997501076211	937.412160004337	49.149396009652584
0.011219697840073529	936.4354243551492	935.2154503105678	47.78457374101265
0.010596381293402778	934.4935423775247	933.3107598845899	47.00219387373387
0.01003867701480263	932.6343749279253	931.4941027583799	46.10437965706307
0.0095367431640625	930.8914317416846	929.7918094452687	45.23327070394932
0.00908261253720238	929.259417509783	928.1976740948362	44.40881484072224
0.00866976651278409	927.728325791196	926.7017452470503	43.63166088296857
0.008292820142663044	926.2886688568329	925.2947164841794	42.89971677092629
0.007947285970052082	924.9318008560506	923.9681650818509	42.20978737324349
0.00762939453125	923.6499796163752	922.7145763856694	41.55833695836486
0.007335956280048076	922.436403662313	921.5273533724109	40.942102875909065
0.007064254195601851	921.2852157231173	920.4008023269475	40.358540433247555
0.006811959402901785	920.1907897173064	919.3295044739799	39.80391543788863
0.006577064251077586	919.1486568642499	918.3091050492752	39.27646876889546
0.006357828776041666	918.1546700948167	917.3355808349063	38.77409381541693
0.006152737525201613	917.205097235498	916.4053137672674	38.29479460573621
0.005960464477539062	916.296625086457	915.5150885519922	37.83685740741195
0.005609848920036764	914.5465640859708	913.8057054351679	36.804219806835626
0.005298190646701389	913.0482591493151	912.3295376517002	36.220688340088664
0.005019338507401315	911.6117706012104	910.9185326594848	35.545001845057165
0.00476837158203125	910.2643970270946	909.5955554199525	34.88836561617768
0.00454130626860119	909.0021535959552	908.3560761298556	34.2659335208649
0.004334883256392045	907.8178129054089	907.192848828607	33.67961494133195
0.004146410071331522	906.7036406710552	906.0982998316645	33.12647050793338
0.003973642985026041	905.6532459128647	905.0661440708446	32.60485683515411
0.003814697265625	904.6606650140934	904.0905556652297	32.112084651701174
0.003667978140024038	903.7206890487366	903.1664459576056	31.64576924378353
0.0035321270978009257	902.8288421599507	902.2894340186292	31.204094190008636
0.0034059797014508925	901.9807105311722	901.4552391151083	30.78399003120654
0.003288532125538793	901.172922345841	900.6605509953337	30.384335604472803
0.003178914388020833	900.4022911398642	899.9022568515653	30.003566510937315
0.0030763687626008066	899.6659323673935	899.1775416599359	29.64014906989469
0.002980232238769531	898.961305790669	898.4839227833454	29.292828622654294
0.002804924460018382	897.6025865942204	897.1498286775233	28.50593560165256
0.0026490953233506945	896.4405975052008	896.0011388949885	28.06606410534037
0.0025096692537006577	895.3255320580046	894.9014511530081	27.55360374232777
0.002384185791015625	894.2792936341355	893.869939436741	27.05524707196808
0.002270653134300595	893.2986325526149	892.9030454741381	26.581916849256636
0.0021674416281960225	892.3781415512225	891.9953365649042	26.135551742347143
0.002073205035665761	891.5122231198849	891.1412783972584	25.715091068465767
0.0019868214925130205	890.6954556542036	890.3355556855018	25.317839663724726
0.0019073486328125	889.9234643602889	889.5738569345378	24.94244329709658
0.001833989070012019	889.1922289540496	888.8522338846517	24.587117572732655
0.0017660635489004629	888.4983184399927	888.1673103342716	24.25058193693829
0.0017029898507254463	887.8382213964846	887.5156631451612	23.930211960573192
0.0016442660627693966	887.2094038953877	886.8947896602207	23.625376906246448
0.0015894571940104165	886.6093989172507	886.3022674454509	23.334887389078638
0.0015381843813004033	886.0359667096263	885.7358993100024	23.057557905451016
0.0014901161193847654	885.4873499868145	885.1939464161853	22.793073834192036
0.001402462230009191	884.4278620819392	884.1494752896541	22.188929038126812
0.0013245476616753472	883.5229938571815	883.2526297082635	21.85572665903506
0.0012548346268503288	882.6537726559168	882.3927444837443	21.464549055789305
0.0011920928955078125	881.8378184163862	881.5857453771225	21.083442252978156
0.0011353265671502975	881.0730307436647	880.8293153325878	20.722035482821585
0.0010837208140980113	880.3547743924938	880.1188351430951	20.380501024752313
0.0010366025178328805	879.6788344912364	879.4501197988875	20.058380731819252
0.0009934107462565103	879.0414209580886	878.8194149807972	19.75488832731881
0.00095367431640625	878.4385788170807	878.2228415515923	19.46734011670249
0.0009169945350060095	877.8674642203504	877.6575812724876	19.195175737538865
0.0008830317744502314	877.325434178389	877.1210229449653	18.9374909709939
0.0008514949253627231	876.8096562268954	876.610394413973	18.691967742993576
0.0008221330313846983	876.3182357549825	876.1238154260938	18.458341202531162
0.0007947285970052083	875.8492493580121	875.6593900333563	18.235686096322997
0.0007690921906502017	875.4011501681624	875.2155851850808	18.023683443682962
0.0007450580596923827	874.9719277796821	874.7904408545584	17.820184959219585
0.0007012311150045955	874.1428162273986	873.9705215546636	17.35484414902421
0.0006622738308376736	873.4352532690876	873.2678239370546	17.10114994603115
0.0006274173134251644	872.7550433879951	872.5933066995435	16.80139465454027
0.0005960464477539062	872.1164219192178	871.9601431633039	16.50945534564633
0.0005676632835751488	871.5173864629722	871.3662198171933	16.231631733890605
0.0005418604070490056	870.9549612350467	870.8085354107272	15.96994539019549
0.0005183012589164402	870.4253210952593	870.283312401334	15.722460352863711
0.0004967053731282551	869.9258165182166	869.787906930189	15.489454570346801
0.000476837158203125	869.4532447906722	869.3191688892279	15.268512657451613
0.00045849726750300476	869.0054614390791	868.8749656739493	15.059416855914007
0.0004415158872251157	868.5804318479491	868.453280677958	14.861556744220373
0.00042574746268136157	868.1758447231301	868.0518446238757	14.672845865996972
0.00041106651569234915	867.7902989433645	867.6692613584871	14.49330306835997
0.00039736429850260413	867.4224820025709	867.3042258323752	14.322783835717912
0.00038454609532510083	867.0705392910887	866.9549232034809	14.159139796815897
0.00037252902984619135	866.7336338669196	866.6205126460524	14.002826045083092
0.0003506155575022978	866.0822682035842	865.9747988610021	13.643424581536905
0.0003311369154188368	865.5266645648514	865.4221553315783	13.449912044407075
0.0003137086567125822	864.992314720247	864.8912833067892	13.220158282950692
0.0002980232238769531	864.4901940854709	864.3925123132836	12.995396364283211
0.0002838316417875744	864.0193607501641	863.9248041693739	12.782350802224473
0.0002709302035245028	863.5768537706361	863.4852098602425	12.580728158715699
0.0002591506294582201	863.1603598762745	863.0714161946624	12.391021325117988
0.00024835268656412757	862.7671010299805	862.6806782801079	12.211385746488284
0.0002384185791015625	862.3953194720921	862.3112396549527	12.04213486515027
0.00022924863375150238	862.0426902702656	861.9608089536416	11.881232107018446
0.00022075794361255786	861.7079749357522	861.6281445796602	11.729217198398276
0.00021287373134068078	861.3892291062762	861.311333384839	11.584084043862218
0.00020553325784617457	861.0854299511359	861.0093526422481	11.446062061221664
0.00019868214925130207	860.7955829717887	860.7212110637234	11.315144220850769
0.00019227304766255041	860.5181156793637	860.4453652835595	11.18931518926986
0.00018626451492309568	860.252461851699	860.1812432683142	11.069184761585868
0.0001753077787511489	859.7383310177586	859.6706058415235	10.791073777378804
0.0001655684577094184	859.3000008447272	859.2340770017965	10.643888886066367
0.0001568543283562911	858.8781956615699	858.8144033514192	10.467835450549197
0.00014901161193847656	858.4817743503448	858.4200336833196	10.295759459356493
0.0001419158208937872	858.1096237648695	858.0498082155432	10.131782624768734
0.0001354651017622514	857.7600761004838	857.7020436145423	9.97760148260672
0.00012957531472911006	857.4307648794677	857.3743919448237	9.832019072028285
0.00012417634328206378	857.1197020655588	857.0648793244487	9.694137275717884
0.00011920928955078125	856.8255866308688	856.7722027451551	9.564439792645809
0.00011462431687575119	856.5464813920223	856.4944494358848	9.441020632042855
0.00011037897180627893	856.281521755689	856.2307492724384	9.324617986665686
0.00010643686567034039	856.029069920058	855.9794873185582	9.213351076441219
0.00010276662892308729	855.7885903125956	855.7401195563071	9.108188128094971
9.934107462565103e-5	855.5586441119164	855.5112293583927	9.00721690159306
9.613652383127521e-5	855.3389540597736	855.2925285029114	8.911622700950726
9.313225746154784e-5	855.1282175979261	855.0827363551698	8.819439866637953
8.765388937557444e-5	854.7199257313016	854.6766163513413	8.604237580628233
8.27842288547092e-5	854.3720248660147	854.3298079852839	8.49329508978276
7.842716417814555e-5	854.0370381304202	853.9961275626414	8.35922284626785
7.450580596923828e-5	853.7220487264572	853.6823974404814	8.228048491058775
7.09579104468936e-5	853.4263040128703	853.3878318790698	8.103380887548685
6.77325508811257e-5	853.1480760580912	853.1107045437482	7.98532870281903
6.478765736455503e-5	852.8860727856197	852.8497192594095	7.874611788759062
6.208817164103189e-5	852.638561915021	852.6031567725612	7.770091761268327
5.9604644775390625e-5	852.4042301279646	852.36970999751	7.6713114138873335
5.7312158437875595e-5	852.1817490786245	852.1480607840261	7.577332296235105
5.5189485903139464e-5	851.970513855415	851.9375985757162	7.488966023547857
5.3218432835170196e-5	851.7693005064118	851.7371119849377	7.404954607539936
5.138331446154364e-5	851.5771213018352	851.5456220570918	7.3244167085919
4.9670537312825516e-5	851.3937818831026	851.3629251391911	7.248553486880304
4.8068261915637603e-5	851.2180405273386	851.1877974281844	7.175376544686753
4.656612873077392e-5	851.0499194173067	851.0202495902149	7.106344180559721
4.382694468778722e-5	850.7227885038878	850.6944803109586	6.940032298109664
4.13921144273546e-5	850.4443556130025	850.4167024947058	6.8581420258078145
3.9213582089072776e-5	850.1760638158746	850.1492075782846	6.757539453742444
3.725290298461914e-5	849.9236040472592	849.8975177792827	6.65897809699442
3.54789552234468e-5	849.686535567441	849.6611673594278	6.565775355162581
3.386627544056285e-5	849.4632562354964	849.438560235411	6.477351264560422
3.2393828682277515e-5	849.2527166229148	849.2286448189859	6.394177844687479
3.1044085820515946e-5	849.0537295655668	849.0302381300932	6.315887107596256
2.9802322387695312e-5	848.8650470136798	848.8421004572408	6.2415168730267085
2.8656079218937797e-5	848.686186007037	848.6637430937482	6.171991354469465
2.7594742951569732e-5	848.5159885607254	848.4940184071991	6.106027381937627
2.6609216417585098e-5	848.3537887140396	848.3322622208797	6.043484149902272
2.569165723077182e-5	848.1987376992314	848.1776326745169	5.983482700052693
2.4835268656412758e-5	848.0507841093251	848.0300701433079	5.927272659289085
2.4034130957818802e-5	847.9090322561732	847.8886886166251	5.8735591918234356
2.328306436538696e-5	847.7728584256207	847.7528695867351	5.821648443845824
2.191347234389361e-5	847.5076964436735	847.4885621590145	5.694957498353194
2.06960572136773e-5	847.2822353192684	847.2634798423162	5.637553822817679
1.9606791044536388e-5	847.0645925642657	847.0463169943807	5.564246788246455
1.862645149230957e-5	846.8597486724949	846.8419350742174	5.492806331566774
1.77394776117234e-5	846.6668777621451	846.6495005933374	5.424485648570219
1.6933137720281426e-5	846.4853949577529	846.4684195680031	5.360834900440112
1.6196914341138758e-5	846.3138346850737	846.2972362574769	5.300441709006364
1.5522042910257973e-5	846.151560169945	846.135310939731	5.243887771194401
1.4901161193847656e-5	845.9976778788833	845.9817535376504	5.190728063085884
1.4328039609468899e-5	845.8514513479762	845.8358298181308	5.14069483160725
1.3797371475784866e-5	845.7122118396125	845.6968733762118	5.093487641020888
1.3304608208792549e-5	845.5793934006144	845.5643198874608	5.048908496587486
1.284582861538591e-5	845.4524721160268	845.4376472516742	5.006717153449589
1.2417634328206379e-5	845.331000297073	845.316409070133	4.96675145601768
1.2017065478909401e-5	845.2145615845225	845.200190402368	4.928819160566852
1.164153218269348e-5	845.1027965742148	845.0886328762829	4.892786614394206
1.0956736171946805e-5	844.8833639722317	844.8697439945752	4.797332547946062
1.034802860683865e-5	844.6974722002252	844.6840512733168	4.761624297125107
9.803395522268194e-6	844.5176679277868	844.5045210314219	4.7122605696508
9.313225746154785e-6	844.3480442593267	844.3351642563567	4.6637157654654136
8.8697388058617e-6	844.1880870726699	844.1754591059141	4.617423386785592
8.466568860140713e-6	844.0373759285147	844.0249778616345	4.574790701238022
8.098457170569379e-6	843.8947977309107	843.8826128570365	4.53490406466487
7.761021455128987e-6	843.7594950824819	843.7475098452305	4.497240466907988
7.450580596923828e-6	843.631216479808	843.619412365688	4.46279049161069
7.164019804734449e-6	843.5088828547467	843.4972500949096	4.429959050416162
6.898685737892433e-6	843.3922793765208	843.3808048714194	4.399418866196343
6.6523041043962745e-6	843.2810963264014	843.2697656992705	4.37146187848727
6.422914307692955e-6	843.1744011999642	843.163208778765	4.344444822409398
6.2088171641031895e-6	843.0722071584331	843.0611426440516	4.3192877535684095
6.0085327394547004e-6	842.974121058417	842.9631758489021	4.295688180460373
5.82076609134674e-6	842.8798426180855	842.8690088840568	4.273517836190363
5.478368085973403e-6	842.6932295426019	842.6827334379695	4.2059341949568445
5.174014303419325e-6	842.5354727308037	842.5250503996266	4.190734878934776
4.901697761134097e-6	842.3827019591912	842.3724098821995	4.164088054218085
4.656612873077393e-6	842.2381917492107	842.2280284519821	4.137599650452203
4.43486940293085e-6	842.101544414195	842.0915024370404	4.112496577555466
4.2332844300703565e-6	841.9723544741831	841.962421812063	4.089737786860744
4.049228585284689e-6	841.8498926567227	841.8400585702769	4.069097262073577
3.880510727564493e-6	841.7335578715482	841.7238122872118	4.050466118578884
3.725290298461914e-6	841.6227913943467	841.6131252963622	4.033648881807353
3.5820099023672247e-6	841.5171204523359	841.5075255226308	4.01852002237113
3.4493428689462165e-6	841.4161075931171	841.4065764178011	4.0049067438535895
3.3261520521981373e-6	841.3193862372989	841.3099119258949	3.9927126052738635
3.2114571538464777e-6	841.2264067639154	841.216985985817	3.981196537008059
3.1044085820515948e-6	841.1373993007232	841.128022107417	3.97176636383656
3.0042663697273502e-6	841.051474002987	841.0421392391324	3.9625681900787892
2.91038304567337e-6	840.9690169511541	840.9597155186681	3.9552934848572607
2.7391840429867014e-6	840.8030978526975	840.7939889783827	3.913752229273584
2.5870071517096626e-6	840.6636122114011	840.6544634004032	3.9219971062092855
2.4508488805670485e-6	840.5281320380509	840.5189916902198	3.919866761936428
2.3283064365386963e-6	840.3993876841168	840.3902593202248	3.9169962374027807
2.217434701465425e-6	840.2775391513035	840.2684147945997	3.9158524922247824
2.1166422150351783e-6	840.1616638865885	840.1525395724362	3.9155733509824
2.0246142926423447e-6	840.0514716255395	840.042340086495	3.9168663801951387
1.9402553637822466e-6	839.9464322903648	839.9372869692322	3.9195760074141317
1.862645149230957e-6	839.8459012947903	839.8367387794592	3.923024081115085
1.7910049511836123e-6	839.7499337446603	839.7407450068866	3.928409276062816
1.7246714344731083e-6	839.6576362263881	839.6484198515864	3.9340963409340444
1.6630760260990686e-6	839.5692424102765	839.5599900950709	3.941552096585001
1.6057285769232388e-6	839.4839010570677	839.4746124722657	3.9490693247994906
1.5522042910257974e-6	839.4017432997828	839.3924134603664	3.957635644644985
1.5021331848636751e-6	839.3224743254381	839.3130994389577	3.96699104434962
1.455191522836685e-6	839.2461138738466	839.2366873495192	3.977720321862532
1.3695920214933507e-6	839.088970342091	839.0795984386612	3.9658080848222146
1.2935035758548313e-6	838.9580323757315	838.9484684039934	4.005926903056074
1.2254244402835243e-6	838.8301895218841	838.8204812453974	4.035727513100251
1.1641532182693481e-6	838.7082816545943	838.698431112633	4.064894243450997
1.1087173507327124e-6	838.5921255026931	838.5821289451677	4.094626834599624
1.0583211075175891e-6	838.4812959467702	838.4711479700395	4.125248402139232
1.0123071463211724e-6	838.375154875709	838.364852454	4.156258251334195
9.701276818911233e-7	838.2737052847846	838.2632393995216	4.188847490919196
9.313225746154785e-7	838.1760641772587	838.1654331592811	4.221518280756876
8.955024755918062e-7	838.0822229982032	838.0714208206208	4.255127414757718
8.623357172365541e-7	837.9916231249516	837.9806477853712	4.288865211282059
8.315380130495343e-7	837.9044846586315	837.8933272355906	4.32407043401992
8.028642884616194e-7	837.8201814811509	837.8088387748362	4.359606389239465
7.761021455128987e-7	837.7383561400048	837.7268274543238	4.394987084300671
7.510665924318376e-7	837.6591476341946	837.6474276308545	4.431094521417006
7.275957614183425e-7	837.5823102474266	837.5703947583634	4.467691096726479
6.847960107466753e-7	837.420024361689	837.4079445533158	4.497955193472414
6.467517879274156e-7	837.2862590757477	837.273685922592	4.588518133000004
6.127122201417621e-7	837.1550888555205	837.1420685833932	4.66902608815424
5.820766091346741e-7	837.0289574042034	837.0154919353275	4.747819860681642
5.543586753663562e-7	836.907835388718	836.8939189665505	4.826316591197465
5.291605537587946e-7	836.791690962543	836.7773102496429	4.905824632520259
5.061535731605862e-7	836.67964264366	836.6647918792115	4.9850219696817515
4.850638409455617e-7	836.5716347094238	836.556302911187	5.064786270333017
4.6566128730773926e-7	836.4670858246615	836.4512664610199	5.1443662153293
4.477512377959031e-7	836.3659730701468	836.3496550498004	5.2245007085237365
4.3116785861827706e-7	836.2679421497611	836.2511160217423	5.304905257081195
4.1576900652476716e-7	836.1727565670465	836.1554130424108	5.385542201906518
4.014321442308097e-7	836.0801893853193	836.0623196350483	5.466330492543334
3.8805107275644935e-7	835.9898484754883	835.9714478007709	5.546640059787534
3.755332962159188e-7	835.9018856216696	835.8829435625324	5.6273481409180715
3.6379788070917124e-7	835.8162920535539	835.7967952092578	5.70886854689456
3.4239800537333767e-7	835.6275545067439	835.6073914979572	5.804922471560324
3.233758939637078e-7	835.4744060521386	835.4529920981053	5.98173574283654
3.0635611007088106e-7	835.3230749777994	835.3004586693924	6.146815197237782
2.9103830456733704e-7	835.1764902053081	835.15265454038	6.309786510957741
2.771793376831781e-7	835.0343908812537	835.0093151063942	6.471293531970821
2.645802768793973e-7	834.8966927656583	834.8703488298662	6.632362756331052
2.530767865802931e-7	834.7627826147411	834.7351480503272	6.792337455094927
2.4253192047278083e-7	834.6325926451364	834.6036391327668	6.951996251755369
2.3283064365386963e-7	834.5055517111158	834.4752578353966	7.1105483067118005
2.2387561889795154e-7	834.3816730184258	834.3500111230506	7.2687831163477465
2.1558392930913853e-7	834.26061510317	834.2275603593722	7.426402168592739
2.0788450326238358e-7	834.1419737377828	834.1075069365312	7.582824229037581
2.0071607211540486e-7	834.0258519952722	833.9899470004679	7.738869335792398
1.9402553637822467e-7	833.9120001481936	833.8746331722165	7.894310803499319
1.877666481079594e-7	833.8000178875327	833.7611725480493	8.048414785029733
1.8189894035458562e-7	833.6901275771806	833.6497782442759	8.202198054501466
1.7119900268666884e-7	833.4396942739216	833.3973145620572	8.404764848547517
1.616879469818539e-7	833.2382512549052	833.1925744811077	8.724516254572086
1.5317805503544053e-7	833.0378019311538	832.9888739870078	9.028580184346495
1.4551915228366852e-7	832.841421051957	832.7891940602191	9.326889962568618
1.3858966884158905e-7	832.6494084261737	832.5938152320639	9.621652133230088
1.3229013843969864e-7	832.4614732873365	832.4024456772944	9.913270811483303
1.2653839329014654e-7	832.2772519301516	832.2147244632843	10.201787436755044
1.2126596023639041e-7	832.096649251422	832.0305507566859	10.487912231228835
1.1641532182693481e-7	831.919099662381	831.8493715061153	10.770863844074542
1.1193780944897577e-7	831.7446562855457	831.6712308787077	11.05156044438109
1.0779196465456927e-7	831.5726201159925	831.4954507061717	11.32863546580766
1.0394225163119179e-7	831.4036160403758	831.322625575606	11.604523734014352
1.0035803605770243e-7	831.2365351556634	831.1516857080242	11.876561888958266
9.701276818911234e-8	831.0721893853424	830.9834052355784	12.147600290963036
9.38833240539797e-8	830.9096570677378	830.8168962388575	12.415439277662012
9.094947017729281e-8	830.7490515805852	830.6522643901143	12.680787263311613
8.559950134333442e-8	830.3764915539666	830.2740744667965	13.04143373173341
8.084397349092696e-8	830.0768516383955	829.9657249095717	13.582161140260695
7.658902751772027e-8	829.7765362386284	829.6567970384008	14.096071089405203
7.275957614183426e-8	829.4810657941292	829.3525586378203	14.600410674547073
6.929483442079453e-8	829.1904425582385	829.0530002463474	15.096781526450922
6.614506921984932e-8	828.9043127063535	828.7577746132503	15.585590822469262
6.326919664507327e-8	828.622575779238	828.4667748851842	16.06785618433346
6.063298011819521e-8	828.3449096161917	828.1796854149179	16.543819181322956
5.820766091346741e-8	828.0710096397518	827.8962091089846	17.01364007995051
5.5968904724487885e-8	827.8006734950608	827.6161465246121	17.47767291798466
5.389598232728463e-8	827.5336648642528	827.3392674797982	17.936080108332064
5.1971125815595895e-8	827.2698231762544	827.0654138803882	18.389168032661956
5.0179018028851214e-8	827.00914761084	826.7945770339375	18.83766491051466
4.850638409455617e-8	826.7511661038242	826.5263094117497	19.280832560490435
4.694166202698985e-8	826.4960532628853	826.2607675916893	19.719786964334265
4.5474735088646405e-8	826.2433435854599	825.9975126915103	20.153705533189818
4.279975067166721e-8	825.6556611372328	825.3949631953589	20.746698525141376
4.042198674546348e-8	825.1799172564723	824.8965793758147	21.622423025156625
3.829451375886013e-8	824.7022790660315	824.3965439184449	22.454119266405215
3.637978807091713e-8	824.2312084778937	823.9027018072454	23.26849766638031
3.464741721039726e-8	823.7670385795756	823.4153409548392	24.06886225790303
3.307253460992466e-8	823.3092670205397	822.9339808465036	24.85583090594207
3.1634598322536636e-8	822.8575688889695	822.4583057934169	25.630331821642145
3.0316490059097604e-8	822.4117966739483	821.9881613447928	26.393671921097628
2.9103830456733704e-8	821.9716384271018	821.5232443309949	27.146517316418997
2.7984452362243943e-8	821.5363648974022	821.0628809792967	27.888067821469388
2.6947991163642316e-8	821.1060982718036	820.6071665298376	28.619973078533935
2.5985562907797947e-8	820.680674225405	820.155936433616	29.34295451660862
2.5089509014425607e-8	820.2595289429973	819.7086727618503	30.056390681415827
2.4253192047278084e-8	819.8425943049622	819.2653030571353	30.76105725411722
2.3470831013494924e-8	819.4296875973153	818.8256530049589	31.457318653001494
2.2737367544323203e-8	819.0208384248792	818.3897357681915	32.14613761343375
2.1399875335833604e-8	818.0762183301553	817.4069582204537	33.08419033546576
2.021099337273174e-8	817.3035023975882	816.5763589681555	34.46831886928069
1.9147256879430066e-8	816.5272170145583	815.7429948473797	35.77796085535756
1.8189894035458565e-8	815.7614886146525	814.919282422355	37.05899948768184
1.732370860519863e-8	815.0064121964542	814.1052626163395	38.31544468902478
1.653626730496233e-8	814.2615975929493	813.3005492580672	39.54953717995221
1.5817299161268318e-8	813.526365883448	812.5045139008279	40.76227273238076
1.5158245029548802e-8	812.8001921670658	811.7166662969944	41.954809527788875
1.4551915228366852e-8	812.0826046265579	810.9365662525331	43.12820714573452
1.3992226181121971e-8	811.3731438422445	810.1637891979578	44.28332892697464
1.3473995581821158e-8	810.6715914991388	809.398113214549	45.421620275753014
1.2992781453898974e-8	809.9771036416081	808.638807483014	46.542318980658
1.2544754507212804e-8	809.2899747933877	807.8860793797762	47.648148394832184
1.2126596023639042e-8	808.6095883924872	807.139389057117	48.738825106598554
1.1735415506747462e-8	807.9353326436542	806.3982138645695	49.81387768528147
1.1368683772161601e-8	807.2677464669484	805.6629567685555	50.876463878436276
1.0699937667916802e-8	805.7444157842541	804.0448892270131	52.30563712860465
1.010549668636587e-8	804.4802372616103	802.6365036973046	54.43431892715873
9.573628439715033e-9	803.2110446489429	801.2258324117957	56.43711298490699
9.094947017729282e-9	801.9596184125378	799.8309784190493	58.39208444309433
8.661854302599316e-9	800.7257364987976	798.4516458839058	60.30484455517274
8.268133652481165e-9	799.508241164889	797.0868259190535	62.17732413720415
7.908649580634159e-9	798.306705735468	795.7360643702104	64.01337581180458
7.579122514774401e-9	797.1198454703231	794.3982866725197	65.81344979863094
7.275957614183426e-9	795.9471647393036	793.0730156980146	67.58018073513004
6.996113090560986e-9	794.7879414520003	791.7596171064049	69.3150820314554
6.736997790910579e-9	793.6414784035659	790.457489274751	71.01939095806631
6.496390726949487e-9	792.507135432063	789.1660856623761	72.6942153892427
6.272377253606402e-9	791.3847140805831	787.8851691983434	74.34195207084633
6.063298011819521e-9	790.2734196485683	786.6141012450502	75.9627114147727
5.867707753373731e-9	789.1728278646298	785.3525110457873	77.55762782559188
5.684341886080801e-9	788.0824694872056	784.1000062140437	79.12748554193385
5.349968833958401e-9	785.6415988838153	781.4350126473461	81.1913967459597
5.052748343182935e-9	783.5759862728634	779.0251082406159	84.3279727859466
4.786814219857517e-9	781.5066812373252	776.6206126432971	87.25317665350732
4.547473508864641e-9	779.4679465800451	774.2435731949766	90.09533346398672
4.330927151299658e-9	777.4591411140514	771.8932101316633	92.86327721136215
4.1340668262405825e-9	775.4785189762338	769.5681007852454	95.56082694997639
3.9543247903170795e-9	773.5249495720867	767.2672042051374	98.19310037742618
3.7895612573872004e-9	771.5967260347633	764.9892123402115	100.76215872374114
3.637978807091713e-9	769.6930246865353	762.7333229058343	103.27260227248954
3.498056545280493e-9	767.812251079994	760.4983826098432	105.72541301096938
3.3684988954552896e-9	765.9541930878199	758.2839373420516	108.12629780885442
3.2481953634747434e-9	764.116823449466	756.0887134106692	110.473423643432
3.136188626803201e-9	762.3004880959115	753.9125541386721	112.77364436502296
3.0316490059097605e-9	760.5033042269441	751.754331421078	115.02478398044528
2.9338538766868654e-9	758.7254157044543	749.6138210341952	117.2321446976497
2.8421709430404003e-9	756.9653688968068	747.4901577092522	119.39444642392681
2.6749844169792006e-9	753.1223005673439	743.157338179096	122.1080272644246
2.5263741715914674e-9	749.7902143337669	739.0586320141684	126.40294282975391
2.3934071099287583e-9	746.4664712638787	734.9975019664133	130.3490115968635
2.2737367544323206e-9	743.1977190812577	730.9905524636799	134.14791036921903
2.165463575649829e-9	739.9837963042935	727.0362267886834	137.81996854515768
2.0670334131202913e-9	736.820314312893	723.13203070974	141.3656314164022
1.9771623951585398e-9	733.7067623692813	719.2763556582972	144.80033610918034
1.8947806286936002e-9	730.6390498515838	715.4671354238657	148.1222444347675
1.8189894035458565e-9	727.6168483986312	711.7029368217168	151.34466555812304
1.7490282726402464e-9	724.63666271808	707.9821287938471	154.4655245151126
1.6842494477276448e-9	721.6983681803946	704.30340127431	157.49683675452906
1.6240976817373717e-9	718.7989040784869	700.665445742308	160.4362728536372
1.5680943134016004e-9	715.9381679782299	697.0670405428501	163.29421715681377
1.5158245029548803e-9	713.1133852555798	693.5071633248691	166.06780135765754
1.4669269383434327e-9	710.3248206144772	689.9846284435255	168.7677791897473
1.4210854715202002e-9	707.5697127693498	686.4986617732571	171.38986496297647
1.3374922084896003e-9	701.7375371982979	679.7270166603613	174.3753249033174
1.2631870857957337e-9	696.5418522055274	673.0061539435073	179.5362599256062
1.1967035549643792e-9	691.3962545603271	666.4230921912485	184.1440822136385
1.1368683772161603e-9	686.3564620236835	659.963204433338	188.50400991954612
1.0827317878249145e-9	681.422033175121	653.619806574939	192.6580798966265
1.0335167065601456e-9	676.5844935512172	647.390558482583	196.6012250764639
9.885811975792699e-10	671.8428041089444	641.2693504455323	200.36559987216998
9.473903143468001e-10	667.1897082857089	635.2546302512526	203.94524163783208
9.094947017729282e-10	662.624312296997	629.3406748539004	207.36753415495266
8.745141363201232e-10	658.1402576356405	623.5266932964101	210.62540556056337
8.421247238638224e-10	653.7370377550121	617.8070726057596	213.74408897323892
8.120488408686859e-10	649.4090489658645	612.1815722893319	216.716024853055
7.840471567008002e-10	645.1558920379885	606.6448201478684	219.56362908982237
7.579122514774401e-10	640.9726183448502	601.197020559636	222.27919366883955
7.334634691717164e-10	636.8589726534026	595.8329299374208	224.88323781761954
7.105427357601001e-10	632.8104914670016	590.553201950912	227.36761813467086
6.687461042448001e-10	624.5379216163632	580.8333680518576	229.5217072401255
6.315935428978668e-10	616.970619068332	570.7329564481668	234.34299054483319
5.983517774821896e-10	609.5606970057597	561.0145883210134	238.3838816387371
5.684341886080801e-10	602.3567663490013	551.5805406326391	242.05904478418273
5.413658939124572e-10	595.3547862072323	542.40285814086	245.45154499510787
5.167583532800728e-10	588.5392368128161	533.4838327316994	248.54261904572462
4.942905987896349e-10	581.905815430232	524.798586762184	251.39773539938196
4.736951571734001e-10	575.4412656064519	516.3512499091943	253.99613556109048
4.547473508864641e-10	569.1419326549624	508.11808675824375	256.39529912884046
4.372570681600616e-10	562.9964142497317	500.10476225268474	258.5733730109139
4.210623619319112e-10	557.0015849719179	492.28848721507774	260.5816782061219
4.0602442043434293e-10	551.1476298528352	484.67589001157614	262.3985356931024
3.920235783504001e-10	545.4317701609931	477.24524174934237	264.0696785482312
3.7895612573872006e-10	539.8455380057211	470.00373527599754	265.57427159138825
3.667317345858582e-10	534.3864013724004	462.9306976854852	266.95317026057995
3.5527136788005004e-10	529.0469974794506	456.03383667880604	268.1862512248342
3.3437305212240007e-10	518.5293787435991	444.03118722569315	267.7854017514104
3.157967714489334e-10	508.6997270755748	431.04853626384835	270.134358628365
2.991758887410948e-10	499.2262011696964	418.8683999173313	271.6174948066137
2.842170943040401e-10	490.1209028419907	407.2529105904505	272.6968393990928
2.706829469562286e-10	481.3653302243154	396.111297463388	273.51128160248817
2.583791766400364e-10	472.93443960790853	385.4643044849771	274.0150618764584
2.4714529939481747e-10	464.81158876183184	375.2332785677276	274.31696940330255
2.3684757858670003e-10	456.9764785368927	365.44201999129314	274.37133953943237
2.2737367544323206e-10	449.41452584756223	356.0185020570139	274.2703816234432
2.186285340800308e-10	442.109233085311	346.98818194683616	273.97039177347466
2.105311809659556e-10	435.04768318769516	338.28477240614814	273.55054268836994
2.0301221021717146e-10	428.21640519491154	329.9342000500197	272.9701692775353
1.9601178917520005e-10	421.6038246831668	321.8755348892682	272.29749361171497
1.8947806286936003e-10	415.1988968805506	314.1349017945407	271.4947282091502
1.833658672929291e-10	408.9911655865638	306.65592184846025	270.62135747779973
1.7763568394002502e-10	402.97154681756206	299.4646173010579	269.6423752477892
1.6718652606120003e-10	391.5138852233065	287.6430022696488	265.6023824591023
1.578983857244667e-10	380.6662385496712	274.43635732745054	263.8019540268705
1.495879443705474e-10	370.4122186109458	262.43187860197395	261.40910617214905
1.4210854715202004e-10	360.7053039549789	251.2736961730318	258.7853278545687
1.353414734781143e-10	351.49475557593706	240.75834238633917	256.093701150126
1.291895883200182e-10	342.7492051078403	230.9464348874057	253.26026497430198
1.2357264969740873e-10	334.42613973425034	221.669980409227	250.40619545635298
1.1842378929335001e-10	326.50219273975904	212.99007578974735	247.46496616480567
1.1368683772161603e-10	318.94121939994494	204.76102458704256	244.533073923321
1.093142670400154e-10	311.7257706569905	197.04233278427483	241.55180641557152
1.052655904829778e-10	304.824767857462	189.70651151734154	238.59920072639883
1.0150610510858573e-10	298.225133516011	182.8101379424991	235.62403045124034
9.800589458760003e-11	291.8998962590027	176.2411636258067	232.68992603857637
9.473903143468002e-11	285.8392819553113	170.05303097484688	229.7521746686976
9.168293364646455e-11	280.01969693035767	164.14676160130225	226.86311142355117
8.881784197001251e-11	274.4338567760776	158.5723294897101	223.98383438364363
8.359326303060002e-11	264.0915644346417	149.8893653912021	217.43397284729733
7.894919286223336e-11	254.28367664926742	139.98399268194848	212.2844082901271
7.47939721852737e-11	245.19399268597255	131.27407712188113	207.09227587017136
7.105427357601002e-11	236.73640416494766	123.44207932202625	202.0053912884605
6.767073673905715e-11	228.82348111484853	116.1969349478119	197.12548749020613
6.45947941600091e-11	221.42573037033492	109.63780840285611	192.37698676987034
6.178632484870437e-11	214.47422892696846	103.53861419274592	187.8269156560459
5.921189464667501e-11	207.94889433123413	97.98975659231793	183.4141495538473
5.6843418860808015e-11	201.79396935938456	92.80739967563579	179.18591639764279
5.46571335200077e-11	195.9957112948608	88.0723053840607	175.0930834451069
5.26327952414889e-11	190.50841094870083	83.63315464662236	171.16936082737828
5.0753052554292866e-11	185.32259611128856	79.56106349121372	167.37533212984178
4.9002947293800014e-11	180.40041284476422	75.73057186647074	163.73511974936434
4.736951571734001e-11	175.73537046700173	72.2042365353251	160.21694248588435
4.584146682323227e-11	171.29580514430364	68.87708455228385	156.83813338475048
4.4408920985006255e-11	167.0773036093567	65.80402408219507	153.57296570673842
4.179663151530001e-11	159.3933001783592	61.202669596621554	147.17492101576036
3.947459643111668e-11	152.1887189471621	55.967063203705884	141.52418171864016
3.739698609263685e-11	145.61595297366884	51.475627966869	136.21404290984916
3.552713678800501e-11	139.59602147667107	47.58062490513201	131.2369359050734
3.383536836952858e-11	134.03480724579146	44.03695658388837	126.59413891742857
3.229739708000455e-11	128.9060872834518	40.92916880138078	122.23576596052798
3.0893162424352184e-11	124.14046776350823	38.08148399514291	118.15522126960916
2.9605947323337503e-11	119.7199402331674	35.5629279999017	114.315975443098
2.8421709430404007e-11	115.59181394104166	33.24171515263246	110.70887870397586
2.732856676000385e-11	111.74330557754881	31.17357127526505	107.30691867416296
2.631639762074445e-11	108.13374825181181	29.25809275048757	104.10029548272225
2.5376526277146433e-11	104.75374842790183	27.53995436640568	101.06878213965199
2.4501473646900007e-11	101.57151398828869	25.941841604369724	98.20281721033729
2.3684757858670004e-11	98.57996140314563	24.499684938722275	95.48703696392
2.2920733411616136e-11	95.7539277241155	23.153247578932547	92.91254921238459
2.2204460492503128e-11	93.08793184607154	21.931493286745763	90.46752266748706
2.0898315757650004e-11	88.2499172755701	20.112715646597042	85.92744944698461
1.973729821555834e-11	83.80572334219427	18.136316202588407	81.81976105751065
1.8698493046318424e-11	79.78807783780238	16.450764087827555	78.07374543326236
1.7763568394002505e-11	76.14416809516284	15.023507310299092	74.64736139343309
1.691768418476429e-11	72.81083206912183	13.747056779028549	71.50129856521507
1.6148698540002275e-11	69.76101531838553	12.647930816851613	68.60487668019057
1.5446581212176092e-11	66.95114535731736	11.657037131421358	65.92851697083213
1.4802973661668752e-11	64.3615578105289	10.792614214613241	63.450213571055706
1.4210854715202004e-11	61.961207322537845	10.008276255288546	61.14757247237494
1.3664283380001925e-11	59.73533459374621	9.316378393025847	59.00436672539393
1.3158198810372225e-11	57.66132086952159	8.685153792988991	57.003473824057906
1.2688263138573216e-11	55.72780016485744	8.122879681048465	55.13262679123402
1.2250736823450003e-11	53.91797423448021	7.607467881638773	53.37859475463837
1.1842378929335002e-11	52.2229181064216	7.144442528161195	51.73190617512387
1.1460366705808068e-11	50.62993518549062	6.71821806170431	50.18222676368967
1.1102230246251564e-11	49.13190127406482	6.332448496261536	48.72210811168424
1.0449157878825002e-11	46.40775803663442	5.744998759289974	46.05078712945701
9.86864910777917e-12	43.94815764826784	5.150855655883804	43.64526602839365
9.349246523159212e-12	41.73553223967906	4.643302372574637	41.476431794528
8.881784197001252e-12	39.73598480090875	4.211857686756533	39.51213412262822
8.458842092382144e-12	37.91827046638707	3.834782354571299	37.723860876839616
8.074349270001138e-12	36.26003897492759	3.5084891308999615	36.08990067154002
7.723290606088046e-12	34.74020163089982	3.220461527838497	34.59060908546258
7.401486830834376e-12	33.34287327334357	2.967740493842038	33.21053619686769
7.105427357601002e-12	32.05328408230136	2.7427288308292823	31.93572386875318
6.8321416900009626e-12	30.859845241540228	2.543045942705663	30.754885232513896
6.5790994051861124e-12	29.751898785812255	2.3638998892645144	29.657839750641852
6.344131569286608e-12	28.720802889769036	2.2034100850256806	28.636157260187208
6.125368411725002e-12	27.758668516372246	2.058446680092804	27.682241149644128
5.921189464667501e-12	26.858928497527195	1.9275393061483472	26.789673985670888
5.730183352904034e-12	26.015613987121945	1.8085761686414767	25.952672759643793
5.551115123125782e-12	25.223650754023065	1.7004119784642675	25.166270213609796
5.224578939412501e-12	23.781752039737423	1.5343172103587692	23.73220598211536
4.934324553889585e-12	22.490308670085895	1.3713715330960108	22.44845928329948
4.674623261579606e-12	21.331864668043174	1.233013958777022	21.296199820464913
4.440892098500626e-12	20.286920856822196	1.1146674161801353	20.256274938948515
4.229421046191072e-12	19.33954551318952	1.012535117434105	19.31302134034682
4.037174635000569e-12	18.476702994550113	0.9238511776377325	18.453591860404696
3.861645303044023e-12	17.68755200312206	0.846312335997228	17.667293264478467
3.700743415417188e-12	16.96304666317532	0.7781518357722809	16.94518904637973
3.552713678800501e-12	16.29555224117218	0.7178996830831164	16.279731044762407
3.4160708450004813e-12	15.678597709629924	0.6643886317205705	15.664514479754972
3.2895497025930562e-12	15.106650949356741	0.6166423432367495	15.094060259791876
3.172065784643304e-12	14.574961879443666	0.5738663166294221	14.56365995338652
3.062684205862501e-12	14.07942393797543	0.5353905895500246	14.069240752146394
2.9605947323337505e-12	13.61647220798654	0.5006598825019841	13.607264790284745
2.865091676452017e-12	13.182994450680988	0.4692017480625882	13.174642021941269
2.775557561562891e-12	12.776263320535648	0.4406189249284469	12.768663179779606
2.6122894697062505e-12	12.035271872985534	0.3967909272175867	12.028729193757524
2.4671622769447924e-12	11.374047362453718	0.35398733530476756	11.36853756513054
2.337311630789803e-12	10.781699974480775	0.3177555946850151	10.777016550129499
2.220446049250313e-12	10.248000211027607	0.2868171800225177	10.243985758993704
2.114710523095536e-12	9.764648138460167	0.2601876910940964	9.76118105729715
2.0185873175002844e-12	9.32484007483443	0.23710333075457696	9.321825166338579
1.9308226515220115e-12	8.922945015848374	0.21696089962206738	8.920306929914942
1.850371707708594e-12	8.554263108139212	0.19928135057589721	8.551941549530387
1.7763568394002505e-12	8.21484027871341	0.18367847924496455	8.212786556403039
1.7080354225002406e-12	7.901326358119686	0.16983957924895063	7.89950079022956
1.6447748512965281e-12	7.610863705129314	0.15750815483780603	7.609233701182683
1.586032892321652e-12	7.341000150739223	0.14647309683855816	7.339538735169658
1.5313421029312504e-12	7.089619347481143	0.13655868402875462	7.088304043845417
1.4802973661668753e-12	6.854885337913948	0.12761824311079348	6.853697292700702
1.4325458382260085e-12	6.635197484260188	0.11952813812026727	6.63412079173497
1.3877787807814455e-12	6.429154033981703	0.11218390751365921	6.42817519701806
1.3061447348531253e-12	6.053619766763581	0.10093247573360724	6.052778280747861
1.2335811384723962e-12	5.719151988208562	0.0899622845307905	5.718444390880438
1.1686558153949015e-12	5.419711135373099	0.08068875200716957	5.419110454326124
1.1102230246251565e-12	5.150068365997756	0.07277919785139089	5.149554093590134
1.057355261547768e-12	4.9059862779559955	0.06597851640457433	4.905542599434396
1.0092936587501422e-12	4.683994624381418	0.060088702176755375	4.683609184069987
9.654113257610057e-13	4.481224154291296	0.05495397690225459	4.480887186866722
9.25185853854297e-13	4.295281941119283	0.05045056292146902	4.294985645424946
8.881784197001252e-13	4.124156444126349	0.04647900430248892	4.123894527966003
8.540177112501203e-13	3.966144456939649	0.042958724714745766	3.9659117994836937
8.223874256482641e-13	3.819794190688724	0.03982382510656999	3.819586590479813
7.93016446160826e-13	3.683860545777811	0.0370200345596673	3.6836745292953874
7.656710514656252e-13	3.5572695813384154	0.03450229409356213	3.5571022568964565
7.401486830834376e-13	3.4390900898713337	0.03223297325102476	3.4389390343079094
7.162729191130043e-13	3.328510638736565	0.030180420492535904	3.3283738092950723
6.938893903907227e-13	3.224820918921414	0.028317881511074408	3.2246965836648687
