# k	S
0.11780972450961723	0.008467586931862163
0.35342917352885167	0.007894356987300642
0.5890486225480861	0.00782106770590272
0.8246680715673206	0.007910830001649785
1.060287520586555	0.008052260258627915
1.2959069696057894	0.008247808979177982
1.531526418625024	0.008507904218425478
1.7671458676442584	0.008844271856372467
2.002765316663493	0.009270192798189785
2.2383847656827274	0.00980121832266215
2.474004214701962	0.010456235980786386
2.7096236637211963	0.011258904130605525
2.945243112740431	0.01223954089721704
3.1808625617596653	0.013437647670845116
3.4164820107789	0.01490537428693128
3.6521014597981343	0.016712415038808163
3.8877209088173683	0.018953106019815695
4.123340357836603	0.02175695411417988
4.358959806855838	0.0253046085909491
4.594579255875072	0.02985265373166214
4.830198704894307	0.03577307404751504
5.065818153913541	0.04361787846142285
5.301437602932776	0.05422841434230383
5.53705705195201	0.06892737941432764
5.772676500971244	0.08987128987821268
6.008295949990479	0.12073181555079085
6.243915399009713	0.16809517139562197
6.479534848028948	0.24454714812750883
6.715154297048182	0.3760467819595989
6.950773746067417	0.6211142749439849
7.186393195086651	1.1237507218443321
7.422012644105886	2.2314286255561275
7.65763209312512	4.194544349316555
7.8932515421443545	4.762488258147801
8.12887099116359	3.133175991767572
8.364490440182824	1.8777242691903606
8.600109889202058	1.2284966226800786
8.835729338221292	0.8841454118095442
9.071348787240527	0.686849592058569
9.306968236259761	0.5665858996621007
9.542587685278995	0.490482052216918
9.77820713429823	0.4419224034116844
10.013826583317464	0.4119972631470815
10.2494460323367	0.39576957216699965
10.485065481355933	0.3905351573129252
10.720684930375167	0.39497327596164655
10.956304379394401	0.4087280959428204
11.191923828413637	0.4322175017302311
11.427543277432871	0.46657237072282337
11.663162726452105	0.5136520465350263
11.89878217547134	0.5760876923856393
12.134401624490575	0.6572751698186032
12.37002107350981	0.7611548808465484
12.605640522529043	0.8914490800996089
12.841259971548277	1.049786965471922
13.076879420567513	1.2320608925477028
13.312498869586747	1.4232282879348916
13.548118318605981	1.5938556967435118
13.783737767625215	1.7057062747548553
14.01935721664445	1.73008393728933
14.254976665663685	1.6663249883556093
14.49059611468292	1.5408966242020687
14.726215563702153	1.3889728692178835
14.961835012721387	1.2380355655220405
15.197454461740623	1.1031916726707633
15.433073910759857	0.990000149859122
15.668693359779091	0.8987097337507817
15.904312808798325	0.8273102851929548
16.13993225781756	0.7731973372157643
16.375551706836795	0.7339255602447465
16.61117115585603	0.7074826540941884
16.846790604875263	0.6923434355616713
17.0824100538945	0.6874353850451296
17.31802950291373	0.6920739088347257
17.553648951932967	0.7058882068479068
17.789268400952203	0.7287397933782565
18.024887849971435	0.7606253998608313
18.26050729899067	0.8015494844535654
18.496126748009903	0.8513479305688237
18.73174619702914	0.9094463083079898
18.967365646048375	0.9745499214523771
19.202985095067607	1.0442987517188915
19.438604544086843	1.1149854451809187
19.67422399310608	1.1815157696324747
19.90984344212531	1.2378316392306221
20.145462891144547	1.2779181806953481
20.38108234016378	1.2972214188612632
20.616701789183015	1.2939417874839876
20.85232123820225	1.2695628018064344
21.087940687221483	1.2283298608673678
21.32356013624072	1.1759795729578162
21.55917958525995	1.1183545328279545
21.794799034279187	1.0604183229487871
22.030418483298423	1.0058308412634076
22.266037932317655	0.9569643041530863
22.50165738133689	0.9151499044777945
22.737276830356127	0.8809846889722592
22.97289627937536	0.8546043835577998
23.208515728394595	0.8358883043925933
23.444135177413827	0.8245956517197247
23.679754626433063	0.8204451411555753
23.9153740754523	0.8231515093951495
24.15099352447153	0.8324295774869005
24.386612973490767	0.847972848303256
24.62223242251	0.8694107428972004
24.857851871529235	0.8962473933953821
25.09347132054847	0.9277860335275561
25.329090769567703	0.9630470176075769
25.56471021858694	1.0006945168995867
25.800329667606174	1.0389959155875224
26.035949116625407	1.0758453908934327
26.271568565644642	1.1088826721551839
26.507188014663875	1.1357218706782894
26.74280746368311	1.1542702648800334
26.978426912702346	1.163071717235488
27.21404636172158	1.1615769631636697
27.449665810740814	1.150249254402762
27.68528525976005	1.1304659563733763
27.920904708779283	1.1042508511332687
28.15652415779852	1.0739273670738305
28.39214360681775	1.041792803748233
28.627763055836986	1.0098822481200878
28.863382504856222	0.9798441668865068
29.099001953875455	0.9529124667688658
29.33462140289469	0.9299424532900221
29.570240851913923	0.9114776298029255
29.80586030093316	0.8978224976341677
30.041479749952394	0.8891064506526861
30.277099198971626	0.8853318323485352
30.512718647990862	0.8864043098061126
30.748338097010098	0.8921464163142186
30.98395754602933	0.9022963565181614
31.219576995048566	0.9164948271054237
31.4551964440678	0.934263330089075
31.690815893087034	0.9549786369374198
31.92643534210627	0.9778498017086819
32.162054791125506	1.0019061419847934
32.39767424014474	1.0260061376079856
32.63329368916397	1.0488769659680917
32.86891313818321	1.069190917618883
33.10453258720244	1.0856772940025181
33.340152036221674	1.09725732756573
33.57577148524091	1.103178401480703
33.811390934260146	1.1031175192359461
34.04701038327938	1.0972271994020613
34.28262983229861	1.0861105536773021
34.51824928131785	1.070731628810161
34.75386873033708	1.0522841045281919
34.989488179356314	1.0320492938810073
35.225107628375554	1.0112712678012419
35.460727077394786	0.9910662566123101
35.69634652641402	0.9723710103982698
35.93196597543326	0.9559251601211612
36.16758542445249	0.9422776806026123
36.40320487347172	0.9318067848011493
36.638824322490954	0.9247443440199549
36.874443771510194	0.9211986297938657
37.110063220529426	0.9211717741768004
37.34568266954866	0.924570411259299
37.5813021185679	0.9312094699105293
37.81692156758713	0.9408102060912077
38.05254101660636	0.9529944966379043
38.2881604656256	0.9672783025770109
38.523779914644834	0.9830680570091817
38.759399363664066	0.9996643812864074
38.995018812683305	1.0162776532289899
39.23063826170254	1.0320591039240758
39.46625771072177	1.046148924304967
39.701877159741	1.0577392627412046
39.93749660876024	1.0661455357464271
40.173116057779474	1.0708754002295946
40.408735506798706	1.0716827006454575
40.644354955817946	1.0685950563887878
40.87997440483718	1.0619087013476163
41.11559385385641	1.0521513902137394
41.35121330287565	1.0400212018461834
41.58683275189488	1.026313495784591
41.822452200914114	1.0118489029550655
42.05807164993335	0.9974124692915226
42.293691098952586	0.983709490709638
42.52931054797182	0.9713389722682585
42.76492999699106	0.9607822582285388
43.00054944601029	0.9524026415627563
43.23616889502952	0.9464514573686
43.471788344048754	0.9430767885966135
43.70740779306799	0.9423319621898621
43.943027242087226	0.9441821398985705
44.17864669110646	0.9485083360752722
44.4142661401257	0.9551090775571046
44.64988558914493	0.9637006724328642
44.88550503816416	0.9739176915351998
45.1211244871834	0.9853157652564355
45.35674393620263	0.9973790726795672
45.592363385221866	1.009534805082294
45.827982834241105	1.021176256035146
46.06360228326034	1.0316949168798963
46.29922173227957	1.0405200913227066
46.5348411812988	1.0471623872668723
46.77046063031804	1.0512555551742866
47.00608007933727	1.05259020255442
