# τ	Fs	F	Δζ	ΔG	Δr²
0.0	1.0	1.0	2423.10286435075	276.8766355989359	0.0
3.125e-7	0.9999838611727643	0.9999875615893544	2421.943364013901	276.745181191927	3.125e-7
6.25e-7	0.9999677260617763	0.9999751259968435	2420.7848224405852	276.6138397932853	6.248816844304518e-7
9.375000000000001e-7	0.9999515981186592	0.9999626958827006	2419.6272821576035	276.48261505352065	9.370268957496982e-7
1.25e-6	0.9999354773376627	0.9999502712425345	2418.4707421296343	276.35150684879545	1.2489358813801734e-6
1.5625e-6	0.9999193637123035	0.9999378520713893	2417.315201316872	276.22051505514867	1.5606089332028096e-6
1.8750000000000003e-6	0.999903257236105	0.9999254383643137	2416.1606586807106	276.0896395487651	1.8720463427111847e-6
2.1875000000000002e-6	0.9998871579025977	0.9999130301163626	2415.007113183734	275.9588802059749	2.183248400995119e-6
2.5e-6	0.9998710657053197	0.9999006273225958	2413.8545637897237	275.82823690325307	2.4942153987412537e-6
2.8125e-6	0.999854980637816	0.9998882299780791	2412.703009463651	275.6977095172202	2.8049476262336394e-6
3.125e-6	0.9998389026936387	0.9998758380778835	2411.5524491716733	275.56729792464114	3.1154453733543177e-6
3.4375e-6	0.9998228318663474	0.9998634516170855	2410.4028818811435	275.43700200242597	3.425708929583908e-6
3.7500000000000005e-6	0.9998067681495083	0.9998510705907668	2409.2543065605996	275.3068216276288	3.7357385840021894e-6
4.0625000000000005e-6	0.9997907115366954	0.9998386949940155	2408.1067221797593	275.1767566774485	4.045534625288684e-6
4.3750000000000005e-6	0.9997746620214893	0.9998263248219238	2406.9601277095335	275.0468070292275	4.355097341723238e-6
4.6875000000000004e-6	0.999758619597478	0.9998139600695906	2405.814522122005	274.91697256045273	4.664427021186601e-6
5.0e-6	0.9997425842582565	0.9998016007321192	2404.669904390452	274.7872531487544	4.973523951161007e-6
5.3125e-6	0.9997265606207827	0.9997892503528987	2403.526481562523	274.6576714948034	5.282233874631247e-6
5.625e-6	0.9997105455903926	0.999776906556909	2402.384113473121	274.52821221303384	5.590660402103634e-6
5.9375e-6	0.9996945381311343	0.999764568549116	2401.242752730069	274.3988700951815	5.898838269273371e-6
6.25e-6	0.9996785378933997	0.9997522360612284	2400.102382859229	274.2696433245622	6.2067792475001435e-6
6.5625e-6	0.9996625447564008	0.9997399090005654	2398.962997690901	274.1405312147965	6.514487451168026e-6
6.875e-6	0.9996465586756392	0.9997275873329956	2397.8245944902183	274.01153345626335	6.821964441428727e-6
7.1875e-6	0.9996305796320542	0.99971527104391	2396.6871716677488	273.88264986498734	7.1292109278796655e-6
7.500000000000001e-6	0.9996146076150709	0.999702960125212	2395.550728016587	273.75388029895777	7.436227335933728e-6
7.8125e-6	0.9995986426169476	0.9996906545709786	2394.415262458073	273.62522463024305	7.743013995990715e-6
8.125000000000001e-6	0.9995826846308924	0.9996783543760168	2393.280773957063	273.4966827356978	8.04957120651079e-6
8.4375e-6	0.9995667336504342	0.9996660595353793	2392.1472614936933	273.3682544938658	8.355899255044649e-6
8.750000000000001e-6	0.9995507896692133	0.9996537700442046	2391.014724053969	273.2399397839481	8.661998425245746e-6
9.0625e-6	0.9995348526809124	0.9996414858976634	2389.883160626614	273.1117384854588	8.967868999208656e-6
9.375000000000001e-6	0.9995189226792338	0.9996292070909404	2388.752570202046	272.98365047811035	9.273511258249106e-6
9.6875e-6	0.9995029996578889	0.9996169336192291	2387.6229517720058	272.85567564177506	9.578925483164424e-6
1.0e-5	0.9994870836105979	0.9996046654777289	2386.4943043294525	272.7278138564727	9.884111954320752e-6
1.0625e-5	0.9994552724047673	0.9995801451598221	2384.2399179635413	272.4724289134973	1.0493803126326888e-5
1.125e-5	0.9994234890172273	0.9995556461031899	2381.9894033538017	272.2174947232252	1.1102586760055479e-5
1.1875e-5	0.9993917333998532	0.9995311682710447	2379.7427525797307	271.9630103412276	1.1710465001240622e-5
1.25e-5	0.9993600055033939	0.9995067116257358	2377.499957676437	271.70897481841394	1.2317440044861055e-5
1.3125e-5	0.9993283052782935	0.9994822761293809	2375.261010676436	271.4553872056225	1.292351409825054e-5
1.375e-5	0.9992966326749698	0.9994578617440764	2373.0259036235734	271.2022465551511	1.3528689368777955e-5
1.4375e-5	0.9992649876439019	0.9994334684319677	2370.7946285775774	270.9495519212586	1.4132968059781286e-5
1.5000000000000002e-5	0.999233370135666	0.9994090961552716	2368.567177615622	270.6973023603328	1.473635236919121e-5
1.5625e-5	0.9992017801009397	0.9993847448762845	2366.3435428327452	270.4454969309381	1.533884448911615e-5
1.6250000000000002e-5	0.9991702174905103	0.999360414557385	2364.123716342016	270.19413469383227	1.594044660568305e-5
1.6875e-5	0.9991386822552708	0.9993361051610347	2361.907690274509	269.9432147119641	1.6541160899028506e-5
1.7500000000000002e-5	0.9991071743462249	0.9993118166497773	2359.6954567793236	269.6927360504726	1.7140989543274827e-5
1.8125e-5	0.9990756937144817	0.9992875489862385	2357.4870080235005	269.4426977766801	1.7739934706566244e-5
1.8750000000000002e-5	0.9990442403112598	0.9992633021331291	2355.2823361920255	269.1930989600893	1.8337998551059904e-5
1.9375e-5	0.9990128140878858	0.9992390760532393	2353.081433487736	268.9439386723747	1.8935183232967032e-5
2.0e-5	0.9989814149957923	0.999214870709442	2350.8842921313294	268.69521598738123	1.9531490902545505e-5
2.125e-5	0.9989186979476521	0.9991665220330574	2346.501259196156	268.19907937604506	2.0721486608002062e-5
2.25e-5	0.9988560888235675	0.999118255841561	2342.133177694549	267.7046820004201	2.1908000839106553e-5
2.375e-5	0.9987935872532087	0.9990700718518536	2337.779986757579	267.2120166087691	2.3091049948094803e-5
2.5e-5	0.9987311928583761	0.9990219697748209	2333.441625311927	266.7210759301546	2.427065061879139e-5
2.625e-5	0.9986689052593366	0.9989739493201766	2329.1180324020393	266.23185270984214	2.5446819584213122e-5
2.75e-5	0.998606724076988	0.9989260101981164	2324.8091472971532	265.74433972103856	2.6619573532175782e-5
2.875e-5	0.9985446489335205	0.9988781521198228	2320.5149095254064	265.2585297686227	2.778892907467457e-5
3.0000000000000004e-5	0.9984826794526855	0.9988303747976737	2316.235258884913	264.77441569034085	2.8954902737496956e-5
3.125e-5	0.9984208152598278	0.998782677945264	2311.9701354459366	264.2919903570287	3.0117510957629848e-5
3.2500000000000004e-5	0.9983590559819435	0.9987350612774507	2307.7194795513424	263.8112466726393	3.127677008221961e-5
3.375e-5	0.9982974012476401	0.9986875245103222	2303.48323181524	263.33217757407846	3.2432696369094316e-5
3.5000000000000004e-5	0.9982358506871728	0.9986400673612269	2299.2613331222637	262.85477603110377	3.3585305986758715e-5
3.625e-5	0.9981744039323971	0.9985926895487357	2295.053724625845	262.37903504611944	3.4734615015258064e-5
3.7500000000000003e-5	0.9981130606168008	0.9985453907926679	2290.860347747365	261.9049476540626	3.58806394462826e-5
3.875e-5	0.9980518203754564	0.9984981708140542	2286.681144174409	261.4325069221951	3.7023395184064286e-5
4.0e-5	0.9979906828450549	0.9984510293351607	2282.5160558599055	260.9617059499893	3.816289804548793e-5
4.25e-5	0.9978687139976656	0.9983569804092501	2274.2279701856482	260.024993212476	4.043222854568117e-5
4.5e-5	0.9977471515219101	0.9982632420634823	2265.995647994413	259.09475667654556	4.268874169194653e-5
4.75e-5	0.9976259926751826	0.9981698122012513	2257.8186397662216	258.1709428785787	4.493255624286885e-5
5.0e-5	0.9975052346684031	0.998076688690432	2249.696496464753	257.2534984551166	4.7163792737597255e-5
5.25e-5	0.9973848747128558	0.9979838693991732	2241.6287719186466	256.3423704042072	4.9382571432571863e-5
5.5e-5	0.997264910036526	0.9978913522083929	2233.615023596933	255.43750617002814	5.158901161412465e-5
5.75e-5	0.9971453378885387	0.9977991350151652	2225.6548128319455	254.53885366683951	5.3783231387250983e-5
6.000000000000001e-5	0.9970261555413404	0.9977072157343942	2217.7477048766877	253.64636128472182	5.596534760657535e-5
6.25e-5	0.9969073602904278	0.9976155922985994	2209.893268889512	252.7599778873805	5.813547587143484e-5
6.500000000000001e-5	0.9967889494549497	0.9975242626583833	2202.0910779126293	251.87965280924084	6.029373052551916e-5
6.75e-5	0.9966709203769214	0.9974332247818235	2194.3407088311887	251.0053358504568	6.244022467466668e-5
7.000000000000001e-5	0.9965532704216499	0.9973424766548066	2186.6417423436696	250.13697727312868	6.45750701938611e-5
7.25e-5	0.996435996976898	0.9972520162803794	2178.9937629189	249.27452779609737	6.669837774726308e-5
7.500000000000001e-5	0.9963190974532924	0.9971618416790697	2171.396358766116	248.41793859113977	6.881025679573099e-5
7.75e-5	0.9962025692834885	0.9970719508882399	2163.8491217925075	247.56716127783238	7.091081561680987e-5
8.0e-5	0.9960864099225745	0.9969823419624047	2156.351647573839	246.722147919818	7.300016131202171e-5
8.5e-5	0.9958551843078537	0.996803959523624	2141.5042237621096	245.04920551865027	7.714577172619198e-5
9.0e-5	0.995625402932038	0.9966266808490071	2126.8510390311076	243.39874925519626	8.124782678025113e-5
9.5e-5	0.9953970469560598	0.9964504915366326	2112.38902438404	241.77041534717353	8.530711076359848e-5
0.0001	0.9951700973794212	0.996275377061282	2098.115140657663	240.1638438999611	8.932441162280111e-5
0.000105	0.9949445353577215	0.9961013230170112	2084.0263944331355	238.57868064350413	9.330050733496121e-5
0.00011	0.9947203423171874	0.9959283152048152	2070.119842765614	237.0145774373587	9.72361614695515e-5
0.000115	0.9944974999765454	0.9957563396492213	2056.392593957465	235.47119234212565	0.00010113212208488954
0.00012000000000000002	0.9942759903626905	0.9955853826103904	2042.8418072796997	233.94818957508545	0.00010498912146998391
0.000125	0.9940557957999153	0.995415430575758	2029.4646921122528	232.4452394031146	0.00010880787642830588
0.00013000000000000002	0.9938368989146005	0.995246470263746	2016.258507146229	230.9620180420323	0.00011258908847301532
0.000135	0.9936192826211482	0.9950784886128875	2003.2205593807005	229.49820753442626	0.00011633344425118795
0.00014000000000000001	0.9934029301255018	0.9949114727846374	1990.3482032993397	228.05349564679668	0.00012004161577567783
0.000145	0.9931878249110505	0.9947454101524811	1977.6388398864592	226.6275757500845	0.00012371426085076867
0.00015000000000000001	0.9929739507420652	0.9945802883046785	1965.0899158311481	225.22014672039188	0.00012735202329470604
0.000155	0.9927612916499291	0.994416095033624	1952.6989225790378	223.83091282398917	0.00013095553335182043
0.00016	0.9925498319366081	0.9942528183386137	1940.4633955685013	222.4595836220842	0.00013452540790126084
0.00017	0.9921304299941655	0.9939289530230261	1916.4481289713156	219.7693974021458	0.00014156739438146785
0.00018	0.9917156381822747	0.9936086107606737	1893.0259584828923	217.1474446091685	0.0001484821192347037
0.00019	0.9913053445028183	0.9932917059301134	1870.1788982526607	214.59160740061978	0.0001552738888926135
0.0002	0.9908994377654251	0.9929781535290465	1847.8894325459007	212.09982599461253	0.00016194694516032994
0.00021	0.9904978093623015	0.9926678705289081	1826.1405970753656	209.67010734560947	0.0001685053937440218
0.00022	0.990100353940888	0.9923607763906132	1804.9159928481424	207.30052637342033	0.00017495318330835758
0.00023	0.9897069693826026	0.992056793046585	1784.1997751200342	204.9892244845731	0.00018129410530683997
0.00024000000000000003	0.9893175568745943	0.9917558449572416	1763.9766376568912	202.7344075801279	0.00018753179657462216
0.00025	0.9889320206994141	0.9914578589485948	1744.2317930566455	200.5343436562922	0.0001936697466111172
0.00026000000000000003	0.9885502682438733	0.9911627642206262	1724.9509551184958	198.3873606291236	0.0001997113022888947
0.00027	0.9881722097791207	0.9908704921776053	1706.1203196042825	196.2918440061526	0.00020565967542660298
0.00028000000000000003	0.9877977584664728	0.9905809764341003	1687.7265476383407	194.24623484547357	0.00021151794724585406
0.00029	0.9874268301472588	0.9902941526528153	1669.7567477918562	192.24902759271674	0.00021728907547267798
0.00030000000000000003	0.9870593433518732	0.9900099585530141	1652.1984607335169	190.2987681965232	0.00022297589832240912
0.00031	0.9866952191008539	0.9897283337569831	1635.0396426330608	188.39405210849958	0.0002285811410868229
0.00032	0.9863343809174321	0.989449219801089	1618.268650995314	186.53352254591653	0.00023410741966511258
0.00034	0.9856221837141848	0.9888982346803012	1585.8411838960092	182.9393534018444	0.00024493581973306566
0.00036	0.9849222501813194	0.9883566197360257	1554.833824976928	179.50667094506278	0.00025547780968711954
0.00038	0.9842340686185792	0.9878239837780983	1525.16752009623	176.22628427322226	0.00026575015938603034
0.0004	0.9835571451517633	0.9872999492654164	1496.7676102922057	173.0895298757396	0.0002757687985498997
0.00042	0.9828910098677135	0.9867841569700686	1469.563976694017	170.0882839356932	0.00028554861012412147
0.00044	0.9822352194286718	0.9862762679935226	1443.4908883531386	167.21494184970706	0.0002951033979186471
0.00046	0.9815893549963999	0.985775962159856	1418.486738195176	164.4623859914218	0.00030444596094352395
0.00048000000000000007	0.9809530221388961	0.9852829379626658	1394.4937849242356	161.8239542606808	0.0003135881466271153
0.0005	0.9803258481294802	0.9847969104822271	1371.4578836866465	159.29340785634074	0.00032254094328912206
0.0005200000000000001	0.9797074816826812	0.9843176112009445	1349.3282510857687	156.8649028917799	0.00033131453164052694
0.00054	0.9790975904488667	0.9838447860710927	1328.0572286566637	154.53296223850754	0.0003399183674641212
0.0005600000000000001	0.9784958608414779	0.9833781953990997	1307.6000797949787	152.2924510735753	0.00034836122344212943
0.00058	0.9779019957863619	0.9829176121089649	1287.9147852839205	150.13855262466686	0.0003566512607410947
0.0006000000000000001	0.9773157146487146	0.9824628217018107	1268.961868740491	148.06674720186962	0.00036479606198181695
0.00062	0.9767367512146831	0.9820136206977599	1250.7042199789096	146.07279131455584	0.0003728026931650737
0.00064	0.9761648537012934	0.9815698166580373	1233.1069449253548	144.1526996830548	0.00038067772929644214
0.00068	0.9750410885598351	0.9806975071515048	1199.7523497188254	140.51807501525488	0.0003960622142139566
0.00072	0.9739428394578753	0.9798446855774344	1168.668373719638	137.1366616093925	0.00041098920603928557
0.00076	0.9728685637237393	0.9790101728268261	1139.6447693690102	133.98455935227489	0.0004254961969049182
0.0008	0.9718168339231171	0.9781928780763763	1112.4926845138164	131.04035497296235	0.00043961687911656957
0.00084	0.9707863378654162	0.9773917985590119	1087.0432946370552	128.2849514105621	0.00045338128582570554
0.00088	0.9697758836505995	0.976606023572986	1063.1458649955907	125.70133427965898	0.00046681593307022924
0.00092	0.9687843793525727	0.9758347187790626	1040.6656432661532	123.27432502394788	0.0004799444157962055
0.0009600000000000001	0.967810831673756	0.9750771253212102	1019.4820497552781	120.99036783418464	0.0004927876312214168
0.001	0.9668543270802229	0.9743325452564475	999.4869612701852	118.83733080952057	0.0005053642934176058
0.0010400000000000001	0.9659140311296203	0.9736003411769132	980.5833062810837	116.8043416188541	0.0005176910805535918
0.00108	0.9649891727388904	0.9728799240503195	962.683742135824	114.88163521889865	0.0005297830411679972
0.0011200000000000001	0.9640790445309588	0.9721707536075165	945.7095845479586	113.06042915450965	0.0005416536749793042
0.00116	0.9631829897932443	0.971472328253424	929.5897903960024	111.33280712268885	0.0005533152539307786
0.0012000000000000001	0.96230040354804	0.9707841859958976	914.2601405967124	109.69162413554174	0.000564778857267728
0.00124	0.961430721667096	0.9701058960167585	899.6624541992427	108.13041705238373	0.0005760546287214359
0.00128	0.9605734223987379	0.9694370599392285	885.7439618679557	106.6433321034173	0.0005871517815657258
0.00136	0.9588937900522285	0.9681260854746904	859.7408927776215	103.86900572720684	0.0006088447727626494
0.00144	0.9572582431777522	0.9668487699874441	835.9322968618543	101.33338877284635	0.0006299156860654922
0.00152	0.9556637371697185	0.9656027886207562	814.0427846134622	99.00609966573782	0.0006504158374074578
0.0016	0.9541075613756542	0.9643860726819226	793.8384869654255	96.8613997886725	0.0006703893048318956
0.00168	0.952587268194953	0.9631967540863229	775.1210370820398	94.87750735450581	0.0006898750024453378
0.00176	0.9511006896965655	0.9620331789144901	757.721933558691	93.03595411587655	0.00070890659858967
0.00184	0.9496458589466411	0.9608938463568293	741.4972082949167	91.32099072910597	0.0007275142238951976
0.0019200000000000003	0.9482210198164075	0.959777417004671	726.323393696512	89.71913128522887	0.0007457242875357659
0.002	0.9468245649006165	0.9586826646542568	712.0939134642022	88.21875423906506	0.0007635607490080553
0.0020800000000000003	0.9454550465370792	0.9576084854106675	698.7164403050717	86.80980519573104	0.0007810448533484429
0.00216	0.9441111289360301	0.9565538604742233	686.1104907759141	85.48353270520506	0.0007981960916519247
0.0022400000000000002	0.9427915997510009	0.9555178655652595	674.2056868455414	84.23229313773797	0.0008150319123663064
0.00232	0.9414953326501109	0.9544996417862611	662.94012642032	83.0493727090343	0.0008315684664931958
0.0024000000000000002	0.9402212985550528	0.9534984047095131	652.2592193547862	81.928856974663	0.0008478203265788679
0.00248	0.9389685358730049	0.9525134211712668	642.1145603800057	80.86550836745464	0.0008638010785199084
0.00256	0.9377361609495751	0.9515440176896202	632.4631349350959	79.85467717971427	0.0008795230617739754
0.00272	0.9353293291211031	0.9496494842201951	614.4782185959092	77.97304810965532	0.000910227257002128
0.00288	0.932994903551776	0.9478103026527696	598.055350734353	76.25716482615448	0.0009400224874525956
0.00304	0.9307275981534674	0.946022441381804	582.9842899139454	74.6844267856106	0.0009689833387423065
0.0032	0.9285228147665303	0.944282396990913	569.0904607649497	73.23608912166608	0.0009971717424620342
0.00336	0.9263764080915303	0.9425870098868765	556.2283609445619	71.89655853871714	0.0010246430088241575
0.00352	0.924284731359698	0.9409335022443398	544.2763620031262	70.65282027689085	0.0010514448776612567
0.00368	0.9222444636231105	0.9393193430606114	533.1317578186982	69.49390668057777	0.0010776209189121914
0.0038400000000000005	0.9202526503084016	0.9377422818276832	522.7074286770459	68.41052896395986	0.001103209325014189
0.004	0.9183065772007184	0.9362002499446486	512.9287398012058	67.3947453246367	0.0011282453001505099
0.0041600000000000005	0.9164038065648586	0.9346913905097063	503.7315155588562	66.4397371428388	0.0011527600140648511
0.00432	0.9145420829700898	0.9332139844946077	495.06007896150624	65.53960005603284	0.00117678240340098
0.0044800000000000005	0.9127193646422083	0.9317664764949963	486.8659927488836	64.6892047975804	0.0012003383022597138
0.00464	0.9109337513448014	0.930347418082027	479.10677867900137	63.88406130003692	0.0012234518384366007
0.0048000000000000004	0.9091835112366182	0.9289554898111405	471.7451099986158	63.12022938862343	0.001246144709584864
0.00496	0.907467024491944	0.9275894568519668	464.7479473249182	62.39422746903933	0.0012684372856761425
0.00512	0.9057828062230153	0.9262481877504964	458.0860053980245	61.70297353059276	0.001290348002333716
0.00544	0.902506663519726	0.9236365255426491	445.6615773642729	60.41336212946863	0.0013330613041350494
0.00576	0.8993442830578956	0.9211122517204229	434.29932019668377	59.233510881208645	0.0013744386598564214
0.00608	0.8962866071498449	0.9186684513662602	423.8557833799233	58.14845847011004	0.001414594836216352
0.0064	0.893325969106176	0.9162992792367374	414.21271131908856	57.14585752273816	0.0014536211923842973
0.00672	0.8904555177108697	0.9139995072782992	405.2717018191119	56.21545189029781	0.0014915994953079302
0.00704	0.8876692531383954	0.9117645601026859	396.95061979419563	55.34869893148219	0.0015286003586691388
0.00736	0.8849617203882156	0.909590273232773	389.1800689757191	54.53839908624802	0.0015646887984510293
0.007680000000000001	0.8823280792655873	0.9074729535578809	381.9012103864752	53.778460616968054	0.0015999217189312227
0.008	0.8797638924177966	0.9054092116145152	375.063588203303	53.06367082252229	0.001634351796661784
0.008320000000000001	0.8772651868229441	0.9033960141526824	368.6238212429898	52.38955560428674	0.0016680255015270064
0.00864	0.8748282965184946	0.9014305593099993	362.54423098829085	51.752235801945226	0.001700986080990514
0.008960000000000001	0.8724499139363643	0.899510320339051	356.79203389186404	51.1483411444606	0.001733271989969084
0.00928	0.8701269700783325	0.8976329502239359	351.3384449574325	50.57491672272229	0.0017649192109644074
0.009600000000000001	0.8678566774890295	0.8957963182047013	346.1581626062054	50.02936849211533	0.0017959599724051713
0.00992	0.8656364371813428	0.8939984354764853	341.22876341119826	49.509400258267966	0.0018264245783257626
0.01024	0.8634638748028721	0.8922374858879295	336.5303636081336	49.012978127817476	0.0018563403467989233
0.01088	0.859256579837303	0.8888224761254114	327.76230994239745	48.083901640475645	0.0019145485888300451
0.01152	0.8552154837009446	0.8855364437694193	319.7277985141424	47.22965510003527	0.0019708529413201446
0.01216	0.8513260105726954	0.8823681972995061	312.32775903190253	46.440164286420845	0.002025423536909666
0.0128	0.847576258821813	0.8793086134500393	305.481811781194	45.707210182723664	0.002078390590301753
0.01344	0.8439556963280317	0.8763496064218128	299.1231071493725	45.02396463222429	0.002129871860766184
0.01408	0.8404551251430877	0.8734841185042563	293.1956979650279	44.38472923625037	0.0021799695493579696
0.01472	0.8370662062501851	0.8707057393209812	287.6521395769458	43.7846797585426	0.0022287782872272665
0.015360000000000002	0.8337815644714807	0.8680088018121387	282.4520909077101	43.219721624777605	0.0022763806546190002
0.016	0.8305944677825308	0.8653881238289427	277.56085534856544	42.686335067253374	0.0023228531767817413
0.016640000000000002	0.8274989142382949	0.8628390870473938	272.9485323310698	42.18149025490203	0.002368263066407352
0.01728	0.8244893920476036	0.8603574428886346	268.5890867140461	41.702549043698596	0.0024126729160402756
0.017920000000000002	0.8215609500216402	0.8579393763202013	264.45981988645576	41.24721333185939	0.002456138142442005
0.01856	0.8187090152525385	0.8555813577649026	260.54075818130764	40.81346027796815	0.0024987106376655847
0.019200000000000002	0.8159294519385437	0.8532801961511379	256.814313743472	40.39950987356876	0.0025404366860686044
0.01984	0.8132184206371145	0.8510329241131415	253.26486971877645	40.00378072553179	0.0025813598451613273
0.02048	0.8105724279200323	0.8488368426123984	249.8785563974951	39.62486912942963	0.002621519222248829
0.02176	0.8054714981209944	0.8445953132075175	243.55977692757173	38.91360866700944	0.0026995251368146086
0.02304	0.8005941383697334	0.840530261595333	237.7578355000905	38.256050897694074	0.00277491082735078
0.02432	0.7959190545473002	0.8366251286063131	232.40277038496276	37.64505272984058	0.0028479142341846916
0.0256	0.7914295180860675	0.8328669336283849	227.43910662121	37.07491794970927	0.0029187126849197203
0.02688	0.7871107721127788	0.8292441996117355	222.82050954069896	36.54090255581856	0.002987470155325293
0.02816	0.7829499108224434	0.8257468932227349	218.50792742583184	36.03902531905881	0.003054329896705565
0.02944	0.7789352483270696	0.8223659046094997	214.4680777732195	35.56589047506432	0.003119425231779032
0.030720000000000004	0.7750564780383787	0.819093201194984	210.67256612176368	35.11860290752561	0.003182872127464577
0.032	0.7713042307498184	0.8159214615521017	207.09691607027113	34.69465988497697	0.003244778234295688
0.033280000000000004	0.7676701873769369	0.812844186422673	203.71999884628912	34.29190050691154	0.0033052377298699157
0.03456	0.764146741964089	0.809855418430294	200.5233940018273	33.90843450894543	0.003364338460894826
0.035840000000000004	0.7607270901619457	0.8069498293230364	197.4910253503084	33.54261140158522	0.00342215789958879
0.03712	0.7574049738481248	0.8041225063902857	194.60873521420314	33.19297235422946	0.0034787687094528464
0.038400000000000004	0.7541747554070962	0.8013690250610626	191.8640489464615	32.85823111282276	0.003534235449570336
0.03968	0.7510312217993017	0.7986852840943081	189.2458836778889	32.537240511550195	0.0035886189750599135
0.04096	0.7479696476921387	0.7960675667971312	186.7443922570538	32.2289804805331	0.00364197371247889
0.04352	0.742091656670088	0.7910300861410848	182.07388772761547	31.648676991871735	0.0037454948880415685
0.04608	0.7364904995156474	0.7862165235846309	177.7704940629633	31.109126986732072	0.0038455383830851768
0.04864	0.7311382184096429	0.7816046700627272	173.78530765353287	30.605067947525203	0.003942418630943107
0.0512	0.7260134529655795	0.7771776088730759	170.0800809544812	30.132400526888457	0.0040363699677763544
0.05376	0.7210972028854179	0.7729202447949353	166.62242230339206	29.687667682217338	0.0041276159202254725
0.05632	0.7163727705751997	0.7688193154659078	163.38477960839018	29.26793586650629	0.00421635254758966
0.05888	0.7118250558539356	0.7648627816148635	160.34356586642127	28.870675851398442	0.004302762943929253
0.06144000000000001	0.7074407866678022	0.761040062103018	157.4786118279586	28.49371923801366	0.004387005623425958
0.064	0.7032079556456952	0.7573415491789116	154.77250346170402	28.135178187848258	0.004469227967344901
0.06656000000000001	0.6991159500637896	0.7537587517856402	152.21019175136757	27.793416774090225	0.004549558277222015
0.06912	0.6951551149769424	0.7502839183347434	149.7785420749194	27.4669954545749	0.00462811640049579
0.07168000000000001	0.6913168520265903	0.7469101464222206	147.46608152991277	27.154653531670533	0.0047050075038805065
0.07424	0.6875932904384144	0.7436310966520546	145.26269607992145	26.855270685949883	0.004780330362221322
0.07680000000000001	0.6839773708353111	0.7404410840695421	143.15946722443363	26.567856557915693	0.0048541722902060245
0.07936	0.6804625947346205	0.7373348585996776	141.1484635277933	26.29152346760748	0.004926615705835616
0.08192	0.6770430964320734	0.7343076822812871	139.2226327701758	26.02548026460595	0.00499773394540414
0.08704	0.6704939352935325	0.7284944986759201	135.6192400632518	25.52342030987427	0.005135784039612781
0.09216	0.6642600836017758	0.722944219726802	132.28218171899627	25.05427183853651	0.005269436160739267
0.09728	0.6583089468145832	0.7176301628059365	129.17778866029045	24.613993557102525	0.00539908055924077
0.1024	0.652615731363968	0.7125321218833851	126.2794036635523	24.19945534151639	0.0055250177392186725
0.10752	0.6471579693798962	0.7076317126959107	123.56393223988594	23.807951868923467	0.005647543418757991
0.11264	0.6419158312014965	0.7029127137350747	121.01155196615385	23.43715754920818	0.00576691623819317
0.11776	0.6368714483105357	0.698360436334858	118.60522029384866	23.085047659346383	0.005883378118149364
0.12288000000000002	0.6320091951585979	0.6939620366538183	116.33032809194725	22.74987930719869	0.005997136883137847
0.128	0.6273150137971948	0.689705906472346	114.17422830096874	22.430126081641724	0.00610838613242941
0.13312000000000002	0.622776544515324	0.6855818421222788	112.1259706918391	22.124461995312608	0.006217293098360855
0.13824	0.6183826003097667	0.6815805682285335	110.17597476626246	21.831714438400446	0.006324014337849355
0.14336000000000002	0.6141232676094315	0.6776938679961281	108.31585754961208	21.550854551401393	0.006428686148261298
0.14848	0.6099895128744368	0.6739142232457603	106.53821144659175	21.280963994693046	0.006531436875045994
0.15360000000000001	0.605973271819794	0.670234925315714	104.83649407711357	21.02122979659095	0.00663237905691224
0.15872	0.6020671509964276	0.6666497993645911	103.20487366227727	20.770920372360926	0.006731619236963583
0.16384	0.5982645066746857	0.6631532995059929	101.63815721081649	20.529382991534987	0.006829251435534255
0.17408	0.5909792166419681	0.6564352815470244	98.69750369773428	20.072402372525698	0.007019350570401341
0.18432	0.5840299853468981	0.6500065496121381	95.95922863959908	19.64338204735286	0.007204226346674865
0.19456	0.5773831206783169	0.6438385181858828	93.39987583465735	19.239121945533515	0.0073843315900944005
0.2048	0.5710122924824463	0.6379090085369052	91.00009939138361	18.857091264809547	0.007560035403835774
0.21504	0.5648929976311495	0.6321972791223326	88.742726080725	18.495039691662893	0.007731711889751238
0.22528	0.5590035815490488	0.6266850143196208	86.61291581263258	18.151017487106635	0.007899684044669805
0.23552	0.553324598371216	0.621355669546364	84.59786350428773	17.82331732053263	0.008064255674499766
0.24576000000000003	0.5478391414786243	0.6161948726854505	82.68655144583583	17.510468219382226	0.008225684034270717
0.256	0.5425320490122565	0.6111896650027291	80.86940485875697	17.211176239768083	0.008384210556341004
0.26624000000000003	0.5373900623060404	0.606328727166895	79.13811409823656	16.92431686986147	0.008540040701490958
0.27648	0.5324012089650931	0.6016017858666134	77.48537947254356	16.648891550938146	0.008693368427389053
0.28672000000000003	0.5275549330877246	0.5969997953535718	75.90480006040505	16.3840240080627	0.008844359980400621
0.29696	0.5228416311251548	0.5925144858392205	74.39069727921853	16.128928959842355	0.008993173388574081
0.30720000000000003	0.5182527721029427	0.5881385222026481	72.93804620790338	15.882911309857604	0.009139944966224339
0.31744	0.5137805421446351	0.5838651543109903	71.54235026501266	15.64534309670323	0.00928480511888355
0.32768	0.5094179534695298	0.5796883556818317	70.19959841521195	15.41566422318122	0.009427866964173767
0.34816	0.5010381753336972	0.5716401196206669	67.67346341583867	14.98008448305741	0.009708105628127543
0.36864	0.49301058168314527	0.5639033670067125	65.31293995837909	14.569676259035973	0.00998266384114906
0.38912	0.4853036700668741	0.5564504215153524	63.10104114746621	14.181853926043964	0.010252034032325264
0.4096	0.47789121567339504	0.549258536271349	61.022817131618815	13.814472116931034	0.010516641749519265
0.43008	0.47074795021888577	0.5423056494374179	59.06469462332608	13.465570293460928	0.010776935165835637
0.45056	0.46385159746132804	0.5355723650230907	57.214898463113535	13.133446159687033	0.01103328863338627
0.47104	0.4571821142268556	0.5290411061903586	55.46318955692656	12.816599665480087	0.01128606205506762
0.49152000000000007	0.450722191563225	0.5226967435636775	53.80074015202317	12.513739019439884	0.011535549894984435
0.512	0.44445625620258533	0.5165255752815718	52.219821555883065	12.223719994106036	0.011782035539553098
0.5324800000000001	0.43837078024001863	0.5105157440960636	50.71370643512507	11.945548543593047	0.01202575133610631
0.55296	0.4324534962465271	0.5046564295969703	49.276443380866375	11.678335552401805	0.012266922834704552
0.5734400000000001	0.4266936595634263	0.4989381941255246	47.90279874552859	11.421301065265508	0.012505735741339622
0.59392	0.4210814429965134	0.49335235239919234	46.58809331880632	11.17374080434903	0.012742372159786302
0.6144000000000001	0.41560817640242204	0.4878912763642108	45.32818405195186	10.935031686452954	0.012976982469372279
0.63488	0.41026586949003635	0.4825478930301275	44.119328472966544	10.704606387197604	0.013209715547427829
0.65536	0.4050474249544556	0.4773159504676119	42.95818162331191	10.481959089145953	0.013440694614410168
0.69632	0.3950096139255831	0.46721300259693316	40.78032636525769	10.06026600546367	0.013896715647070618
0.73728	0.3853720213538112	0.45747146739336686	38.75317780117366	9.66366840071148	0.014347452802749038
0.77824	0.3761076551975408	0.4480671261574097	36.86337641427231	9.289956125297003	0.014793395421643245
0.8192	0.3671911545084354	0.43897777955998485	35.09810244056638	8.937159515984208	0.01523496937211895
0.86016	0.35859663874000713	0.4301804923435248	33.44545890434034	8.603427698854194	0.015672668406470552
0.90112	0.3503013703947561	0.4216552820385414	31.895072373165924	8.287151651538412	0.016106865818154088
0.94208	0.34228452260071746	0.41338365530223536	30.4378083996348	7.986892850449791	0.01653795099987887
0.9830400000000001	0.33452823091428646	0.40534990620990324	29.06574144162868	7.701409188032167	0.01696620932356892
1.024	0.3270161070092262	0.39753948407928913	27.771840678907676	7.429582844626372	0.0173919421793183
1.0649600000000001	0.31973400678695235	0.3899399665199664	26.54994453441056	7.170439527418777	0.01781536783934627
1.10592	0.31266883314924004	0.3825397352663781	25.394536872768764	6.923093651482179	0.018236721952262495
1.1468800000000001	0.3058091797128743	0.3753287878635849	24.300730157369205	6.686765538018062	0.018656173323038507
1.18784	0.29914437598765664	0.3682976699617146	23.26410411380647	6.460739718781241	0.01907390891106868
1.2288000000000001	0.2926650534051019	0.36143818031711894	22.28071246028276	6.244380751905221	0.01949006082255021
1.26976	0.28636236867194426	0.35474249386736534	21.34695556718725	6.037100766797436	0.0199047792888714
1.31072	0.28022849906168673	0.34820377458927837	20.459595133122768	5.838373586594614	0.020318168782008622
1.39264	0.26851390375294903	0.33564523939924773	18.824048489430982	5.466739982685534	0.021139951501909806
1.47456	0.25735476854044637	0.32360753492954275	17.334358302578163	5.122838800220384	0.021958129414707806
1.55648	0.2467279446766242	0.31207073271374275	15.977676311146034	4.804379930248112	0.022773087143445496
1.6384	0.23660482771618666	0.3010107154465064	14.74072127807641	4.509157973885743	0.02358507654988111
1.72032	0.22695340268130498	0.2903994580982387	13.611077735901326	4.235058967735929	0.024394569429362967
1.80224	0.21774519363660508	0.2802124038121172	12.577900241928452	3.9802366939085627	0.02520179675284836
1.88416	0.2089529444092628	0.2704255399654135	11.63155403392822	3.743012048978208	0.026007125600428636
1.9660800000000003	0.2005529906693977	0.26101837262135447	10.763655986821409	3.52192471693882	0.026810717140104738
2.048	0.1925227187821104	0.2519709163199099	9.96671779039455	3.3156408512781654	0.02761285100256575
2.1299200000000003	0.18484234856919612	0.24326597765599292	9.23417270729199	3.122990877599053	0.028413636944165214
2.21184	0.1774928684507231	0.23488669292830403	8.56011871470268	2.942899581552921	0.029213290387843024
2.2937600000000002	0.1704574789425072	0.22681838975073654	7.93933939775574	2.774416257348678	0.030011885458319548
2.37568	0.16371993874649202	0.21904659221468945	7.367116753783189	2.6166618703940774	0.030809591091674537
2.4576000000000002	0.15726577518839996	0.21155858402457905	6.8392593993627555	2.4688537714878467	0.03160645674063331
2.53952	0.15108093477032583	0.20434176584332187	6.351954343785321	2.3302649707818675	0.032402616891549836
2.62144	0.14515279721058935	0.1973849704092785	5.901793840618965	2.2002442637400965	0.033198103826268165
2.78528	0.1341241535949511	0.1843207200534893	5.108596286355234	1.9652975922873486	0.03478544881090512
2.94912	0.12392221562549588	0.17210960230052075	4.4245608465373385	1.7568805148735038	0.03637154196886224
3.11296	0.11450967110194464	0.16072043179148923	3.836138116957324	1.5721177320272726	0.037956555044976546
3.2768	0.10583172848687442	0.15010509567533278	3.329755874756849	1.408226794641901	0.03954027618704671
3.44064	0.09782842496528286	0.14020813896736553	2.8933596203572316	1.2626387617783879	0.04112315187572963
3.60448	0.09044598363373836	0.13097996741503104	2.516804796996583	1.133156223770886	0.042705076911773686
3.76832	0.08363314639673808	0.12237196067603306	2.1914242950393357	1.0178339586299945	0.044286411232083434
3.9321600000000005	0.07734477675788021	0.1143414757825285	1.9099408441201606	0.9150120165028373	0.04586705443983992
4.096	0.07153820639549963	0.1068471890424085	1.6661253368873028	0.8232197807200876	0.04744728622802409
4.2598400000000005	0.0661757204563198	0.09985266442104142	1.4547246466330988	0.74119517301179	0.04902700979260507
4.42368	0.06122173013622472	0.09332272401123934	1.271224859792745	0.6678169827241915	0.05060644384322447
4.5875200000000005	0.056644586543751284	0.0872261102032001	1.111799658047256	0.6021171886265481	0.05218549822550257
4.75136	0.052414454154825395	0.08153271943844131	0.9731523195216468	0.5432335779170869	0.05376434669090521
4.9152000000000005	0.048504675693361685	0.07621563981743183	0.8524763067930078	0.49041792362806763	0.05534290727603991
5.07904	0.044890142508411716	0.071249009215523	0.7473464215012742	0.4430022766694646	0.056921319715262104
5.24288	0.04154832901814868	0.06660958498032205	0.6556921085160522	0.4004043598546833	0.05849951068522086
5.57056	0.03569263211101579	0.05834327266591189	0.508107506432011	0.3284348494889969	0.061653422489616486
5.89824	0.030628877066183197	0.05106020495121359	0.3939404664294755	0.26964337860539095	0.06480751874493451
6.22592	0.026279329868135574	0.04467906457382962	0.3061715484202851	0.22172040356253322	0.06796189479771127
6.5536	0.022550296429804054	0.039097732005849935	0.23867055568489778	0.18262913091389776	0.07111584589825369
6.88128	0.0193531712342	0.034215986357394645	0.18663968607435127	0.1506765989282319	0.07426987582964227
7.20896	0.016612486984797812	0.029947041262259055	0.14644641742848744	0.12451424715641482	0.07742356974141074
7.53664	0.014262271759256645	0.026212955568015502	0.11531762290335644	0.10304881209466214	0.08057731739943798
7.864320000000001	0.012246925114514255	0.022946986115027924	0.09115254406129576	0.08540828153051144	0.08373081898122318
8.192	0.010518142960965012	0.020089682914088414	0.07234305844961073	0.0708841851598794	0.08688436219913379
8.519680000000001	0.00903516446836142	0.017590042207645904	0.05766589032301097	0.058908083787103334	0.09003772440222636
8.84736	0.007762653910916996	0.01540278654459107	0.04618066043075129	0.04901653950333836	0.09319111744341022
9.175040000000001	0.006670711115936076	0.01348893900033536	0.03716917848328634	0.040835510347772115	0.09634437495375599
9.50272	0.005733454599576922	0.01181398141311077	0.030076772725424653	0.03405902934416939	0.09949765408865835
9.830400000000001	0.004928939015517103	0.010348123444390105	0.024477801511713932	0.02843887335730025	0.10265083001326943
10.15808	0.0042381889141411165	0.009065029469556616	0.020042753400405122	0.02377136096941	0.10580401997012784
10.48576	0.003645085462150825	0.007941921046433043	0.01651754714778894	0.01989048778897301	0.10895713000991916
11.14112	0.0027231244822496776	0.006142717657861542	0.011566446676353304	0.014066446971160145	0.11526235833564856
11.79648	0.0020271174383336833	0.00473728155044604	0.008282548095207523	0.009954553427578167	0.12156770254884462
12.45184	0.0015090585330016233	0.0036521303804977466	0.006101517625802166	0.007063226552682253	0.12787332285329076
13.1072	0.0011245971339812308	0.0028165585901505307	0.004627927129093703	0.005026770799580403	0.13417876129887082
13.76256	0.0008392381670405551	0.002173250424052791	0.0036101598420921	0.003587804236493021	0.14048429837849422
14.41792	0.0006273831889492055	0.0016780144136734	0.002890172008631991	0.0025679196535977546	0.14678970286613144
15.07328	0.00046995731587479167	0.0012966111490432745	0.0023677507022749457	0.0018427700788620582	0.15309514795231713
15.728640000000002	0.00035289240811908155	0.0010028162372316394	0.00197892889477456	0.001325707424133908	0.15940050085543886
16.384	0.00026573666480432924	0.0007763860978530622	0.0016822169931065651	0.0009559661175874938	0.16570586583921154
17.039360000000002	0.0002007783259791195	0.0006018124263207181	0.0014504276883811975	0.0006908873398465819	0.17201116519949095
17.69472	0.00015229040291797193	0.0004671359114792097	0.0012654023510521779	0.0005003597646702117	0.1783164620382567
18.350080000000002	0.00011604075063301003	0.0003631837905308125	0.0011147969561257614	0.00036309676219338597	0.18462171060523275
19.00544	8.888669433518477e-5	0.000282886587086792	0.000990205776506173	0.0002639824473077742	0.19092694956758124
19.660800000000002	6.85025393464658e-5	0.00022081695428893887	0.0008855831149613748	0.00019226426434948107	0.1972321518793535
20.31616	5.3160187060120255e-5	0.00017279234857050694	0.0007966223537353652	0.00014026438301652453	0.20353734156056105
20.97152	4.157882780195282e-5	0.0001355988372841914	0.0007201689965804495	0.00010249058598244557	0.20984250260018403
22.28224	2.6773853495011847e-5	8.64778701366221e-5	0.0005989972861060731	5.6252523098680247e-5	0.2224526814012384
23.59296	1.771391131183562e-5	5.5501826487724263e-5	0.0005037189405251459	3.083838471535796e-5	0.23506280148956188
24.90368	1.2202278336184727e-5	3.625495990715709e-5	0.0004278937114076775	1.6963269989426124e-5	0.24767289687380067
26.2144	8.780192632829566e-6	2.4244269054063368e-5	0.0003666148384930839	9.368507845988399e-6	0.2602829327143918
27.52512	6.590628859761672e-6	1.6671806508770582e-5	0.00031643026984727715	5.194930566726622e-6	0.2728929363050108
28.83584	5.138880979421294e-6	1.183099879396007e-5	0.0002748744719195656	2.892637855175639e-6	0.28550289661298
30.14656	4.137918838890669e-6	8.681434107780193e-6	0.0002401419777575785	1.6180382291433778e-6	0.29811282773441317
31.457280000000004	3.4196182090269167e-6	6.587802333407052e-6	0.00021088248051948845	9.100147969944269e-7	0.3107227263118668
32.768	2.884129314562678e-6	5.160615463214549e-6	0.00018606682402556765	5.154405021070236e-7	0.32333260029187694
34.078720000000004	2.471072647315967e-6	4.159890652870609e-6	0.00016489797657959473	2.948413608999972e-7	0.3359424490635799
35.38944	2.143123657169369e-6	3.4367627256742353e-6	0.00014674963607258233	1.710952182785776e-7	0.34855227753421514
36.700160000000004	1.8765735755988336e-6	2.898073996153286e-6	0.0001311233505902512	1.0142328605288457e-7	0.3611620860289101
38.01088	1.6559028020736424e-6	2.4849072017429325e-6	0.00011761777712500475	6.202639568923326e-8	0.373771877812852
39.321600000000004	1.470597363555446e-6	2.1594751336282627e-6	0.00010590639482788597	3.962789792270602e-8	0.386381653466466
40.63232	1.3132865149615287e-6	1.8971477146098956e-6	9.57210419075744e-5	2.6801529798337396e-8	0.3989914152809865
41.94304	1.178618717937625e-6	1.6815399620625896e-6	8.683963113409645e-5	1.9382589189042938e-8	0.4116011638502212
44.56448	9.692429698301786e-7	1.3609105110258894e-6	7.277271748257192e-5	1.2696516909554314e-8	0.4368206112808834
47.18592	8.084121384953942e-7	1.1223116402619196e-6	6.178235002670056e-5	9.961612864771851e-9	0.4620400197249122
49.80736	6.84258269641297e-7	9.419058336030908e-7	5.3168006219547484e-5	8.673034230801806e-9	0.48725939640201993
52.4288	5.875115393820344e-7	8.032006418546392e-7	4.637002048637061e-5	7.923055810687773e-9	0.5124787430646083
55.05024	5.114989407679435e-7	6.951831696215351e-7	4.097563112945595e-5	7.386462758867946e-9	0.5376980648144161
57.67168	4.51302323273777e-7	6.101772586033113e-7	3.66612430198405e-5	6.944510901908979e-9	0.5629173629149224
60.29312	4.0325255300123154e-7	5.426563262245467e-7	3.318354607667137e-5	6.5523458338815296e-9	0.5881366406330862
62.91456000000001	3.645818131502867e-7	4.885439510324475e-7	3.0356032956116303e-5	6.192078034308185e-9	0.6133558988266284
65.536	3.3318356914932804e-7	4.44781982216698e-7	2.8035217500075068e-5	5.8559335117055635e-9	0.6385751396694148
68.15744000000001	3.074444251317651e-7	4.090492115275407e-7	2.611040165716632e-5	5.540078862106535e-9	0.6637943637566889
70.77888	2.86123244914444e-7	3.7957027577661846e-7	2.449599471172843e-5	5.242298179747019e-9	0.6890135725943088
73.40032000000001	2.6826220853709296e-7	3.5498008827255834e-7	2.3125701203450318e-5	4.961088227105764e-9	0.71423276661708
76.02176	2.5312039167006857e-7	3.3422526325448466e-7	2.1948094512706327e-5	4.6952905659704696e-9	0.7394519469125576
78.64320000000001	2.401235731749922e-7	3.16490768719616e-7	2.0923229683534673e-5	4.4439337168642294e-9	0.7646711138206882
81.26464	2.28826035783907e-7	3.011447296394247e-7	2.002004182979265e-5	4.2061610388569075e-9	0.7898902681606138
83.88608	2.1888132541432582e-7	2.876964415272226e-7	1.921434252347174e-5	3.9811952756895626e-9	0.8151094102173528
89.12896	2.0251264628521041e-7	2.65705066234814e-7	1.7861729380633162e-5	3.5714563187813588e-9	0.8655476464774176
94.37184	1.8872875797720035e-7	2.473149182284448e-7	1.6699606784330695e-5	3.203968534494176e-9	0.9159858393157245
99.61472	1.767620141665547e-7	2.314442367304183e-7	1.5674427632317133e-5	2.8743464191978833e-9	0.9664239925722561
104.8576	1.66112843074545e-7	2.173827223011497e-7	1.4751454952715237e-5	2.5786658708632752e-9	1.0168621075141142
110.10048	1.564610389567539e-7	2.046776654944677e-7	1.3907906809648771e-5	2.3134191322594402e-9	1.0673001870470038
115.34336	1.4759677951839016e-7	1.9303467686091383e-7	1.312859338166657e-5	2.0754665433141384e-9	1.1177382325160001
120.58624	1.3937929621082233e-7	1.8225755491986784e-7	1.2403157560268716e-5	1.8619953909939385e-9	1.1681762462294965
125.82912000000002	1.3171161964852376e-7	1.7221199273481594e-7	1.172433341716717e-5	1.6704845343597565e-9	1.218614229537564
131.072	1.2452481983018746e-7	1.628031575802148e-7	1.108684601298491e-5	1.4986734390559323e-9	1.2690521843512312
136.31488000000002	1.177680818367064e-7	1.539616478078594e-7	1.048671536335782e-5	1.3445348360110648e-9	1.3194901119753961
141.55776	1.114024299037303e-7	1.45634635375602e-7	9.920815193946551e-6	1.2062504120666355e-9	1.3699280140355004
146.80064000000002	1.0539674633118665e-7	1.3778025506679393e-7	9.38659244314343e-6	1.0821891397797459e-9	1.4203658917612443
152.04352	9.972523747877595e-8	1.3036403697459088e-7	8.881888247156358e-6	9.70887904933751e-10	1.4708037465597505
157.28640000000001	9.436581336698971e-8	1.2335662775506725e-7	8.404823059190453e-6	8.710341744879171e-10	1.521241579570397
162.52928	8.929904487805487e-8	1.1673232627877552e-7	7.953722345889477e-6	7.814504697037901e-10	1.5716793920254553
167.77216	8.450748659329645e-8	1.104681345743799e-7	7.527068004217909e-6	7.010804536487631e-10	1.6221171849687241
178.25792	7.589231999816691e-8	9.920342245178249e-8	6.759973698513772e-6	5.673512744378381e-10	1.7229926985164272
188.74368	6.816115276886019e-8	8.909654347896192e-8	6.071440235680527e-6	4.591432982130243e-10	1.8238681472242202
199.22944	6.122015956005052e-8	8.00233309942429e-8	5.4532237698520625e-6	3.715735786703156e-10	1.9247435380331523
209.7152	5.4987540795520197e-8	7.187626305970537e-8	4.898081340181749e-6	3.007057574909104e-10	2.0256188766066896
220.20096	4.939050423903188e-8	6.456006454944211e-8	4.399540585256907e-6	2.4335429347266854e-10	2.126494168423645
230.68672	4.436393653090089e-8	5.798958815760609e-8	3.951806647566824e-6	1.9694122522689934e-10	2.227369418097369
241.17248	3.984949705768794e-8	5.208855929463657e-8	3.549685682230805e-6	1.593802892265795e-10	2.328244630033978
251.65824000000003	3.5794871790060094e-8	4.678858764025363e-8	3.1885195470452315e-6	1.289831375006035e-10	2.42911980796785
262.144	3.2153128744045015e-8	4.202832116627794e-8	2.864128883217986e-6	1.0438344180909691e-10	2.5299949554527297
272.62976000000003	2.8882151652203215e-8	3.7752704480037797e-8	2.572762920462135e-6	8.4475473792213e-11	2.630870075501812
283.11552	2.5944138111311735e-8	3.391232213753572e-8	2.3110549117276168e-6	6.836439995040918e-11	2.731745170985979
293.60128000000003	2.3305152757676336e-8	3.046281418955793e-8	2.0759824121480875e-6	5.5326057188543396e-11	2.832620244332323
304.08704	2.0934728333408468e-8	2.7364354484260703e-8	1.864831792892751e-6	4.4774400561459424e-11	2.93349529786233
314.57280000000003	1.8805508909266114e-8	2.4581184159580887e-8	1.6751664928164202e-6	3.623515988111713e-11	3.034370333528985
325.05856	1.6892930463614843e-8	2.208119401573062e-8	1.5047985871868032e-6	2.932452089320453e-11	3.1352453532107676
335.54432	1.5174934699683282e-8	1.983555036548436e-8	1.351763310693531e-6	2.3731872667994185e-11	3.236120358478051
356.51584	1.2368499352561396e-8	1.616712806767259e-8	1.101742687677827e-6	1.585592715427907e-11	3.4378703171057365
377.48736	1.0081536289737203e-8	1.3177782047818056e-8	8.980286642537373e-7	1.059504416776276e-11	3.6396202352484908
398.45888	8.217518962628839e-9	1.0741282665115228e-8	7.319893253602651e-7	7.079704091991211e-12	3.841370121095295
419.4304	6.69820669779764e-9	8.755356451602295e-9	5.966546819835005e-7	4.73073261812789e-12	4.043119980100079
440.40192	5.459837162213222e-9	7.136657497784542e-9	4.863451652618103e-7	3.1611322585592134e-12	4.2448698177377215
461.37344	4.450447935118472e-9	5.8172641390016104e-9	3.964322579547299e-7	2.112311190081667e-12	4.446619637541626
482.34496	3.6276911251838552e-9	4.741822252563645e-9	3.231438291227533e-7	1.4114779595180704e-12	4.64836944322166
503.31648000000007	2.957053209177657e-9	3.865218301770478e-9	2.634055788236346e-7	9.431728035176982e-13	4.850119237052803
524.288	2.4104048823202363e-9	3.150683770953814e-9	2.1471187373316224e-7	6.302449919113573e-13	5.0518690215584225
545.2595200000001	1.96481959886889e-9	2.5682508273334545e-9	1.7502051314592736e-7	4.2114194753910766e-13	5.253618798191431
566.23104	1.6016109215714858e-9	2.0934940027640166e-9	1.4266698341152332e-7	2.814158542538794e-13	5.4553685686756515
587.2025600000001	1.3055480992965726e-9	1.7065048474815404e-9	1.1629458692220832e-7	1.880483730796127e-13	5.657118333929126
608.17408	1.0642168376272633e-9	1.3910563726880646e-9	9.479750346008495e-8	1.256584093395075e-13	5.858868095135355
629.1456000000001	8.674983647430689e-10	1.1339221219294133e-9	7.727438830031889e-8	8.396813185779264e-14	6.060617852866139
650.11712	7.071448841534417e-10	9.243212334880763e-10	6.299055571941589e-8	5.6109755680481994e-14	6.262367607938631
671.08864	5.764335699885437e-10	7.534661684705225e-10	5.134715855602429e-8	3.749412436074408e-14	6.46411736070195
713.03168	3.9603827596503525e-10	5.176782065624463e-10	3.5275573912127764e-8	1.789590854819206e-14	6.867616855759473
754.97472	2.72144410768634e-10	3.5573176663177095e-10	2.424019721587575e-8	8.545734865699285e-15	7.271116345970929
796.91776	1.8700967421110106e-10	2.444484481954024e-10	1.665715949773649e-8	4.08082172634784e-15	7.6746158341149835
838.8608	1.2850812320075866e-10	1.6797852283528358e-10	1.1446364410232602e-8	1.9487093747185634e-15	8.078115319989687
880.80384	8.830774028812287e-11	1.1543085651246398e-10	7.865672515977631e-9	9.305674009361311e-16	8.48161480512715
922.74688	6.068320631341004e-11	7.932163162819414e-11	5.405124466937622e-9	4.443753525192466e-16	8.885114289194146
964.68992	4.1700352078257075e-11	5.4508322529813785e-11	3.7143000380037816e-9	2.1220397109875873e-16	9.288613773071761
1006.6329600000001	2.8655783921781407e-11	3.7457204932881397e-11	2.552405245125944e-9	1.0133477478706115e-16	9.692113256444642
1048.576	1.9691833800441108e-11	2.5740039858034992e-11	1.753975664588058e-9	4.839104356681439e-17	10.095612739833564
1090.5190400000001	1.3531977342469454e-11	1.7688226756320162e-11	1.2053099044867666e-9	2.3108564549001525e-17	10.499112222984646
1132.46208	9.29902767355437e-12	1.2155156601988066e-11	8.282759672942697e-10	1.1035257297207076e-17	10.902611706213388
1174.4051200000001	6.3902073399807435e-12	8.352912893110762e-12	5.691837893104687e-10	5.2697921094938316e-18	11.306111189330148
1216.34816	4.391303459336287e-12	5.740060080214681e-12	3.911389557298236e-10	2.5165527252979903e-18	11.709610672530147
1258.2912000000001	3.0176787522772725e-12	3.944536504746005e-12	2.68788493435788e-10	1.2017665770593872e-18	12.113110155677491
1300.23424	2.073736553229882e-12	2.7106693477035813e-12	1.8471037683378344e-10	5.738993685323452e-19	12.516609638895087
1342.17728	1.4250665792539606e-12	1.862765152959449e-12	1.269325215037922e-10	2.7406457898051246e-19	12.92010912208796
1426.06336	7.426441603716082e-13	9.707811384676273e-13	6.613885639992176e-11	7.608524247236409e-20	13.727108087686965
1509.94944	3.87321340679301e-13	5.063053782260351e-13	3.4494337428085856e-11	2.1162221170386283e-20	14.534107053249695
1593.83552	2.0200613573363782e-13	2.6406185970900164e-13	1.7990406111015153e-11	5.886066597730957e-21	15.34110601917974
1677.7216	1.0535536169307784e-13	1.377202380467762e-13	9.382812283464571e-12	1.6371410963301589e-21	16.148104985102727
1761.60768	5.494750678477189e-14	7.182722993569773e-14	4.8935537403574005e-12	4.553495894246911e-22	16.955103951202585
1845.49376	2.865753955569108e-14	3.7461057225717394e-14	2.5522032773709325e-12	1.2664918038007462e-22	17.762102917300886
1929.37984	1.494615858250523e-14	1.9537577642419706e-14	1.3310854672999838e-12	3.52256432905834e-23	18.56910188348364
2013.2659200000003	7.795073306504812e-15	1.018969853956122e-14	6.942190975053232e-13	9.797493475237071e-24	19.376100849666148
2097.152	4.065470874263365e-15	5.314372431509338e-15	3.6206555078665093e-13	2.7250269003758184e-24	20.18309981588878
2181.0380800000003	2.1203209489692486e-15	2.771677759903224e-15	1.8883302678454016e-13	7.579255568612611e-25	20.99009878211143
2264.92416	1.1058405334071018e-15	1.4455517290770985e-15	9.848471991224393e-14	2.10805724313816e-25	21.7970977483531
2348.8102400000002	5.767446736943659e-16	7.539190646482578e-16	5.136413061973576e-14	5.863250518570564e-26	22.604096714594803
2432.69632	3.0079796492595347e-16	3.932022796098257e-16	2.6788675565416424e-14	1.6307777845844184e-26	23.41109568084551
2516.5824000000002	1.5687958249663072e-16	2.0507256259374298e-16	1.397149157810313e-14	4.535774633475446e-27	24.218094647096244
2600.46848	8.181975867575333e-17	1.0695456557427875e-16	7.286761279407333e-15	1.2615618104401113e-27	25.025093613351235
2684.35456	4.2672707993391264e-17	5.57816476514886e-17	3.80037585710424e-15	3.5088597385999423e-28	25.832092579606254
2852.12672	1.485225694635906e-17	1.941643751885497e-17	1.322340475115922e-15	4.4405963906124165e-29	27.446090512109247
3019.89888	5.1873509802127815e-18	6.781456648000022e-18	4.618486552765363e-16	5.66232939553741e-30	29.060088444612205
3187.67104	1.8118370761449036e-18	2.368625779507659e-18	1.613144641382669e-16	7.220768537824354e-31	30.67408637712028
3355.4432	6.328344963201755e-19	8.273084629411825e-19	5.6343557210083e-17	9.208023775465657e-32	32.288084309628374
3523.21536	2.2103410558771736e-19	2.889592645206817e-19	1.967946883075924e-17	1.1742102284062287e-32	33.90208224213786
3690.98752	7.720175975573203e-20	1.0092634375474356e-19	6.873552514458011e-18	1.497348766824958e-33	35.51608017464734
3858.75968	2.696461577923107e-20	3.5251011497126557e-20	2.4007573679791246e-18	1.9094069778662129e-34	37.13007810715722
4026.5318400000006	9.418041728461035e-21	1.2312265233025452e-20	8.385223179148089e-19	2.4348538663406594e-35	38.74407603966709
4194.304	3.289473854653302e-21	4.3003499243689305e-21	2.9287374335976907e-19	3.1048913016744396e-36	40.35807397217706
4362.0761600000005	1.148925299548061e-21	1.5019973090061423e-21	1.022929672388265e-19	3.959306772771773e-37	41.97207190468703
4529.84832	4.012885054720519e-22	5.246070060007247e-22	3.5728163136385124e-20	5.048835931968181e-38	43.58606983719702
4697.6204800000005	1.4015908494624979e-22	1.8323086169254985e-22	1.2478868488165399e-20	6.438175107767643e-39	45.20006776970702
4865.39264	4.8953688024935226e-23	6.399746780517042e-23	4.3585231403515805e-21	8.209822696015806e-40	46.814065702217015
5033.1648000000005	1.7098153935796524e-23	2.2352525632664196e-23	1.522310171622607e-21	1.0468977542969948e-40	48.428063634727025
5200.93696	5.9719021782003195e-24	7.80710585818578e-24	5.316999238616778e-22	1.334978510576866e-41	50.042061567237035
5368.70912	2.0858151202631927e-24	2.726799453136406e-24	1.8570761433107387e-22	1.7023302269165975e-42	51.65605949974702
5704.25344	4.243952046765513e-25	5.549070734139039e-25	3.7763401173410765e-23	7.684274313407662e-44	54.88405536476705
6039.79776	8.763650666983475e-26	1.1458666481914445e-25	7.798247805735116e-24	3.5770865867153646e-45	58.11205122978708
6375.34208	1.8103429180353547e-26	2.3670618514326517e-26	1.610918291341987e-24	1.6663177750413375e-46	61.34004709480711
6710.8864	3.7397271282242265e-27	4.88977269893727e-27	3.3277644024165843e-25	7.762328273597309e-48	64.56804295982714
7046.43072	7.725354772468385e-28	1.010106567793537e-27	6.874340997200225e-26	3.6159770589281905e-49	67.79603882484717
7381.97504	1.5958658862712704e-28	2.0866286139301643e-28	1.4200675795970945e-26	1.6844524960695687e-50	71.0240346898672
7717.51936	3.2966574934001144e-29	4.310449889664906e-29	2.9335023017598987e-27	7.846777567968823e-52	74.25203055488723
8053.063680000001	6.810057381396953e-30	8.904295172614066e-30	6.059870739188542e-28	3.6553031619252156e-53	77.48002641990726
8388.608	1.406783422988337e-30	1.839399328072389e-30	1.251814034533777e-28	1.7027659427346145e-54	80.70802228492728
8724.152320000001	2.906051197530791e-31	3.7997239557964366e-31	2.5859243817534233e-29	7.932060291625023e-56	83.93601814994732
9059.69664	6.003145200024411e-32	7.849240530313453e-32	5.341846371881054e-30	3.69501803230013e-57	87.16401401496735
9395.240960000001	1.2400923273626966e-32	1.621447211637899e-32	1.1034853026339612e-30	1.721260602194249e-58	90.39200987998738
9730.78528	2.5617031156188157e-33	3.3494815815987477e-33	2.2795090275919084e-31	8.01818758592993e-60	93.62000574500742
10066.329600000001	5.29179720771263e-34	6.919138022013604e-34	4.708859155606151e-32	3.735126563231714e-61	96.84800161002745
10401.87392	1.0931436229217246e-34	1.4293086768638311e-34	9.72724202638019e-33	1.739938775627558e-62	100.07599747504749
10737.41824	2.2581402419148127e-35	2.9525667060622735e-35	2.0093861080171467e-33	8.105170498335217e-64	103.30399334006749
11408.50688	2.308788015087378e-36	3.019747793790498e-36	2.052136196142397e-34	1.0037696165156016e-65	109.75998507010755
12079.59552	2.5140354432513902e-37	3.288211399682651e-37	2.2346599953723168e-35	1.413264013106785e-67	116.21597680014757
12750.68416	2.7452346766039485e-38	3.5906013190789177e-38	2.4401784914276647e-36	2.0008882534982886e-69	122.67196853018764
13421.7728	2.9980535899357813e-39	3.921273013105678e-39	2.664903911691611e-37	2.8334953999676147e-71	129.1279602602277
14092.86144	3.274168074192866e-40	4.282414129797682e-40	2.910335911725237e-38	4.0125995841847193e-73	135.58395199026776
14763.95008	3.5757090920789593e-41	4.676811615672093e-41	3.1783689865949285e-39	5.6823601846772065e-75	142.0399437203078
15435.03872	3.9050173942778764e-42	5.10752703610213e-42	3.471083779876442e-40	8.046947480724198e-77	148.49593545034787
16106.127360000002	4.2646498800769695e-43	5.577904661927949e-43	3.7907530622922223e-41	1.1395491528108158e-78	154.9519271803879
16777.216	4.657398926164053e-44	6.091596753643354e-44	4.139858915101172e-42	1.6137433607327557e-80	161.40791891042795
17448.304640000002	5.086314044256185e-45	6.65259188886772e-45	4.5211119811235165e-43	2.2852588986077613e-82	167.863910640468
18119.39328	5.5547255579556884e-46	7.265245930251468e-46	4.937472510587626e-44	3.236204131133726e-84	174.31990237050803
18790.481920000002	6.06627046102606e-47	7.934315846541867e-47	5.3921733459749115e-45	4.5828536750299245e-86	180.77589410054807
19461.57056	6.624920656860583e-48	8.664996648106765e-48	5.8887450234524885e-46	6.489865291938223e-88	187.2318858305881
20132.659200000002	7.23501379836274e-49	9.462961723640325e-49	6.431043185753723e-47	9.190412535634435e-90	193.68787756062818
20803.74784	7.901286967692595e-50	1.033440689124241e-49	7.023278519352165e-48	1.3014694734725623e-91	200.14386929066822
21474.83648	8.628913457385678e-51	1.1286098505906355e-50	7.670049448376206e-49	1.8430310168428285e-93	206.59986102070823
22817.01376	3.210614370303751e-52	4.200528149946577e-52	2.8502495828544695e-50	3.5404293379003462e-96	219.51184448078834
24159.19104	1.6038497540158778e-53	2.098926150508274e-53	1.422834983131695e-51	1.2272138528116015e-98	232.42382794086845
25501.36832	8.256434400795548e-55	1.0805320933615026e-54	7.32416661212074e-53	4.523228750848567e-101	245.33581140094853
26843.5456	4.261398834543709e-56	5.576963243784743e-56	3.780214017346521e-54	1.6760459188121395e-103	258.2477948610286
28185.72288	2.199928114644527e-57	2.879082514767638e-57	1.951518048307413e-55	6.213257464886956e-106	271.15977832110866
29527.90016	1.1357241446752035e-58	1.486341096137322e-58	1.0074811388996876e-56	2.3033989438043073e-108	284.07176178118874
30870.07744	5.863241441942501e-60	7.673321717508988e-60	5.201179463017615e-58	8.53925787894032e-111	296.9837452412688
32212.254720000004	3.0269317786112454e-61	3.961396036627192e-61	2.6851384908139376e-59	3.165708978251135e-113	309.8957287013489
33554.432	1.5626704044133538e-62	2.0450927908460397e-62	1.3862177050399015e-60	1.1736042180139182e-115	322.807712161429
34896.609280000004	8.067371422412946e-64	1.0557903392819638e-63	7.156424671776957e-62	4.350830546436232e-118	335.71969562150906
36238.78656	4.164823889651065e-65	5.450574423181593e-65	3.694542712218458e-63	1.612956046940084e-120	348.6316790815891
37580.963840000004	2.1501124168126242e-66	2.8138879507571576e-66	1.907327257611109e-64	5.979608831146565e-123	361.5436625416692
38923.14112	1.1100067968440121e-67	1.4526843943852144e-67	9.846676833938968e-66	2.2167816188112618e-125	374.4556460017493
40265.318400000004	5.730467618302486e-69	7.49955848242706e-69	5.083397934252625e-67	8.218129104784954e-128	387.3676294618294
41607.49568	2.9583833411764936e-70	3.8716855891423335e-70	2.624330286796182e-68	3.046652570665346e-130	400.27961292190946
42949.67296	1.5272804781850464e-71	1.9987774198610883e-71	1.3548238834280234e-69	1.1294651600818585e-132	413.1915963819896
45634.02752	-1.1396685485855565e-73	-1.509998470952135e-73	-9.713956371163925e-72	1.0728527819356256e-136	439.01556330214976
48318.38208	-4.1266344577730934e-75	-5.413466562830309e-75	-3.6342978202801554e-73	2.773943539600153e-139	464.83953022231
51002.73664	-9.364127623658353e-77	-1.2267879811539594e-76	-8.2762851587843875e-75	2.657268131996163e-142	490.66349714247013
53687.0912	-1.989707587693677e-78	-2.6063219643322404e-78	-1.7594415153883014e-76	2.2183090476830158e-145	516.4874640626302
56371.44576	-4.174673083179768e-80	-5.46829036600409e-80	-3.691894656337746e-78	1.8041758853323382e-148	542.3114309827904
59055.80032	-8.736964118658264e-82	-1.1444245877700065e-81	-7.726737291417766e-80	1.4597566378503704e-151	568.1353979029506
61740.15488	-1.8275911006501533e-83	-2.393895093344613e-83	-1.616279323115226e-81	1.1798556944833868e-154	593.9593648231107
64424.50944000001	-3.822551389244843e-85	-5.0070197856653076e-85	-3.380578861360117e-83	9.534240328064203e-158	619.7833317432709
67108.864	-7.995004731670766e-87	-1.0472362808219722e-86	-7.070604338291251e-85	7.704153296999149e-161	645.607298663431
69793.21856000001	-1.6721772880051474e-88	-2.1903235409079077e-88	-1.478836445253975e-86	6.225296317535919e-164	671.4312655835913
72477.57312	-3.4974019783705986e-90	-4.581118237664098e-90	-3.093024633337976e-88	5.030305819136842e-167	697.2552325037516
75161.92768000001	-7.314905284595426e-92	-9.581525429831332e-92	-6.4691397796072935e-90	4.064700909664085e-170	723.0791994239117
77846.28224	-1.529931006630857e-93	-2.004000362933016e-93	-1.3530370048258307e-91	3.284450844863454e-173	748.903166344072
80530.63680000001	-3.1998895007477944e-95	-4.1914175822783566e-95	-2.829911209755741e-93	2.653975624449777e-176	774.7271332642322
83214.99136	-6.692650018401068e-97	-8.766456139473581e-97	-5.918831042419266e-95	2.144524882901188e-179	800.5511001843923
85899.34592	-1.3997847166585596e-98	-1.8335265238243764e-98	-1.2379385162240398e-96	1.7328670667177046e-182	826.3750671045525
91268.05504	7.217636295696404e-100	9.572226022798495e-100	6.120796239430165e-98	1.2540155563352554e-184	878.0230009448729
96636.76416	7.473249765604071e-102	9.827246746579735e-102	6.529806387676646e-100	4.219674550925181e-188	929.6709347851933
102005.47328	5.5303696876286245e-104	7.245135834430434e-104	4.883023841918971e-102	6.976585743361102e-192	981.3188686255137
107374.1824	3.4985163934719886e-106	4.576226076404622e-106	3.104860953694642e-104	8.3394310205762385e-196	1032.966802465834
112742.89152	1.986050422601677e-108	2.5949478639869145e-108	1.7695438949868028e-106	8.00869310887341e-200	1084.6147363061543
118111.60064	1.0268330639442463e-110	1.3401197995931024e-110	9.183896089142244e-109	6.3779301200612976e-204	1136.2626701464746
123480.30976	4.8130675742743543e-113	6.273176646446992e-113	4.3237113519679406e-111	4.179516869650776e-208	1187.9106039867952
128849.01888000002	1.987520423124587e-115	2.58549418358062e-115	1.7967527938070575e-113	2.1339105788532733e-212	1239.5585378271155
134217.728	6.603497700100018e-118	8.556605675960007e-118	6.046339371541698e-116	7.144493751842165e-217	1291.2064716674358
139586.43712000002	1.1066194827591776e-120	1.4055633677943706e-120	1.0778531992490053e-118	6.712626974386951e-222	1342.8544055077562
144955.14624	-7.30840361152202e-123	-9.756508998468693e-123	-6.039126507448249e-121	6.230291985055287e-226	1394.5023393480765
150323.85536000002	-1.0481448583246154e-124	-1.379157510601916e-124	-9.118638774920544e-123	4.199591346799968e-229	1446.1502731883968
155692.56448	-8.542620959432763e-127	-1.1201239114194772e-126	-7.521219049870612e-125	8.44715270744081e-233	1497.7982070287171
161061.27360000001	-5.6955808315484835e-129	-7.454679165138653e-129	-5.045268806420972e-127	1.123800841413914e-236	1549.4461408690377
166429.98272	-3.3622069986761135e-131	-4.3949792896480855e-131	-2.991199899312431e-129	1.1678806704576965e-240	1601.094074709358
171798.69184	-1.802032161555262e-133	-2.3528815593862987e-133	-1.6092951680328217e-131	9.994610466464065e-245	1652.742008549678
182536.11008	3.63035892510383e-134	4.914373857073972e-134	2.850260868359706e-132	1.8819528364363716e-245	1756.0378762303187
193273.52832	1.2053955947171937e-136	1.5955478779359107e-136	1.0329397350933794e-134	1.4764225316374778e-249	1859.3337439109596
204010.94656	1.7976638383775927e-139	2.283871812502501e-139	1.7107121461068282e-137	2.418859800875369e-254	1962.6296115916007
214748.3648	-1.881458237139286e-142	-2.7514585148210778e-142	-1.0872210896419845e-140	5.835638535640382e-260	2065.9254792722413
225485.78304	-1.9311173207710475e-144	-2.579527513108392e-144	-1.5854414524531372e-142	7.412230045067472e-263	2169.221346952882
236223.20128	-5.61653226329946e-147	-7.34838700700741e-147	-4.923512843698732e-145	4.269671342209898e-267	2272.5172146335226
246960.61952	-6.637208998900389e-150	-8.319726939821578e-150	-6.568189224395143e-148	4.5386995293335874e-272	2375.8130823141632
257698.03776000004	1.547187089327131e-152	2.156489988483208e-152	1.0867430523747069e-150	7.421465789828094e-277	2479.108949994804
268435.456	1.0185515795699019e-154	1.3546772434547009e-154	8.486534254843925e-153	2.7032891828372334e-280	2582.4048176754445
279172.87424000003	2.569786952686083e-157	3.348608743726082e-157	2.2826401793659334e-155	1.1681604785120766e-284	2685.700685356085
289910.29248	2.0928953949897854e-160	2.5352752088699487e-160	2.2510656865529026e-158	6.785779672020971e-290	2788.9965530367263
300647.71072000003	-1.0458892375755097e-162	-1.431635642159245e-162	-7.884944411308674e-161	4.972977733655896e-294	2892.292420717367
311385.12896	-5.212082438250764e-165	-6.904066698792746e-165	-4.399939856638374e-163	9.249293218141429e-298	2995.588288398008
322122.54720000003	-1.1373836578070144e-167	-1.4743053515014725e-167	-1.0261552760599258e-165	3.0049486618275205e-302	3098.884156078649
332859.96544	-4.342703620796477e-171	-4.59447212374357e-171	-6.031887476748711e-169	6.20173462753125e-308	3202.1800237592897
343597.38368	6.392967751232363e-173	8.657625785776084e-173	5.010007113151875e-171	2.5555196555666e-311	3305.475891439931
365072.22016	1.518448039382596e-173	2.167477242572291e-173	9.178641413722351e-172	1.3370665121075e-311	3512.0676268012126
386547.05664	1.2570295104347126e-176	1.696133924389024e-176	1.0261911656668885e-174	2.55424454e-316	3718.6593621624943
408021.89312	-6.703108870372912e-180	-1.1951633799677876e-179	-1.0425670464972115e-178	4.0e-323	3925.251097523776
429496.7296	-2.2797737376381044e-182	-3.254100766459121e-182	-1.5256468467230975e-180	0.0	4131.842832885058
450971.56608	-1.6348255058536745e-185	-1.917315596133568e-185	-1.5742695091130537e-183	0.0	4338.434568246339
472446.40256	1.1989385084870532e-188	2.0699348645617742e-188	3.216457891341918e-187	0.0	4545.02630360762
493921.23904	3.583099042273695e-191	4.8828180367304666e-191	2.5225127538222323e-189	0.0	4751.618038968902
515396.0755200001	2.4277432787021052e-194	2.789126346986562e-194	2.3980586035729324e-192	0.0	4958.209774330184
536870.912	-2.177792095151613e-197	-3.506078534551171e-197	-7.623973281697746e-196	0.0	5164.801509691466
558345.7484800001	-5.800726645559825e-200	-7.848450119388587e-200	-4.149173831993978e-198	0.0	5371.393245052747
579820.58496	-3.544867887972896e-203	-4.0606054321425776e-203	-3.624245583700035e-201	0.0	5577.9849804140285
601295.4214400001	3.978060019639641e-206	6.240743952119351e-206	1.6144897505733894e-204	0.0	5784.576715775311
622770.25792	9.344922616017299e-209	1.2622321000280705e-208	6.791092820237591e-207	0.0	5991.168451136592
644245.0944000001	5.056471745075513e-212	5.621759229850571e-212	5.428754529508764e-210	0.0	6197.760186497873
665719.93088	-7.133875688076997e-215	-1.1010210007145749e-214	-3.208884407064966e-213	0.0	6404.351921859155
687194.76736	-1.4968066858252375e-217	-2.0096909757802945e-217	-1.1062246544948527e-215	0.0	6610.943657220436
730144.44032	-1.7119796580793202e-218	-2.3869035612915275e-218	-5.218539638566849e-217	0.0	7024.127127942999
773094.11328	-2.380737735316357e-222	-3.370815655591771e-222	-1.6408044398680143e-220	0.0	7437.310598665563
816043.78624	4.4303400892563075e-225	7.66879493260817e-225	6.246661311300975e-224	0.0	7850.494069388127
858993.4592	1.2897548843928948e-228	2.0841593458330444e-228	5.611769367253918e-227	0.0	8263.67754011069
901943.13216	-9.017314221948964e-232	-2.0827953794236154e-231	4.1514428289236027e-231	0.0	8676.861010833252
944892.80512	-4.349403771362486e-235	-8.378033883301296e-235	-1.1044918300807364e-233	0.0	9090.044481555817
987842.47808	1.3956865656331784e-238	5.110715258574282e-238	-4.4424525233269534e-237	0.0	9503.22795227838
1.0307921510400001e6	1.11654604989178e-241	2.7527945686727048e-241	1.0160298144551682e-240	0.0	9916.411423000942
1.073741824e6	-1.3854067963891183e-245	-1.2074966243253914e-244	1.3037837293119597e-243	0.0	10329.594893723504
1.1166914969600001e6	-2.3055535159988786e-248	-8.138754326046362e-248	1.923994824640498e-247	0.0	10742.778364446067
1.15964116992e6	7.882336624241897e-254	2.933287326033056e-251	-2.259646846152298e-250	0.0	11155.961835168631
1.2025908428800001e6	3.8782401283851098e-255	2.309725247375748e-254	-1.1457695445825521e-253	0.0	11569.145305891194
1.24554051584e6	1.9873738149946665e-259	-7.633991018675804e-258	1.3220980265075184e-257	0.0	11982.328776613758
1.2884901888000001e6	-5.421094774057804e-262	-6.598781689971513e-261	2.9479867473471684e-260	0.0	12395.51224733632
1.33143986176e6	2.0301792762692133e-266	2.1071504234354918e-264	6.500207277866961e-264	0.0	12808.695718058885
1.37438953472e6	7.622210375121309e-269	1.9445379079114354e-267	-4.422711678808656e-267	0.0	13221.87918878145
1.46028888064e6	5.886881335743206e-269	9.62125036273877e-268	-2.0375621235673528e-268	0.0	14048.246130226576
1.54618822656e6	5.778377634172144e-274	1.6374904952402803e-272	-1.6700847564880885e-272	0.0	14874.6130716717
1.63208757248e6	-6.578384120705661e-276	-1.403477196249596e-274	4.6724665845033975e-276	0.0	15700.980013116825
1.7179869184e6	-1.4393840953634595e-280	-4.852820156180395e-279	8.956067435500192e-280	0.0	16527.346954561952
1.80388626432e6	7.388829857639003e-283	2.043785025210364e-281	-6.635309531722607e-284	0.0	17353.71389600708
1.88978561024e6	2.5886369035533946e-287	1.069173850192938e-285	-3.2640311493058557e-287	0.0	18180.080837452206
1.97568495616e6	-8.293886715368993e-290	-2.9699587876630663e-288	-7.248817550772011e-292	0.0	19006.44777889733
2.0615843020800003e6	-4.033470358816001e-294	-2.0865267291440665e-292	9.265271962090856e-295	0.0	19832.81472034246
2.147483648e6	9.294291440484251e-297	4.3064472879687745e-295	9.946586911601562e-299	0.0	20659.181661787585
2.2333829939200003e6	5.805741606179976e-301	3.809787359282171e-299	-1.969804005745538e-302	0.0	21485.54860323271
2.31928233984e6	-1.0397076005623251e-303	-6.230527124005042e-302	-4.6568572814761363e-306	0.0	22311.915544677835
2.4051816857600003e6	-7.954783150315031e-308	-6.668764837723529e-306	2.06021841604615e-310	0.0	23138.28248612296
2.49108103168e6	1.16104588672073e-310	8.993883779832935e-309	1.5808701771e-313	0.0	23964.649427568085
2.5769803776000002e6	1.054188994e-314	1.13363914576e-312	6.999433e-318	0.0	24791.01636901321
2.66287972352e6	-1.294278e-317	-1.295272047e-315	-4.195e-321	0.0	25617.383310458335
2.74877906944e6	-1.364e-321	-1.88595e-319	0.0	0.0	26443.750251903464
2.92057776128e6	-5.93e-322	-8.2894e-320	0.0	0.0	28096.484134793718
3.09237645312e6	0.0	-0.0	0.0	0.0	29749.218017683972
3.26417514496e6	0.0	0.0	0.0	0.0	31401.951900574226
3.4359738368e6	0.0	0.0	0.0	0.0	33054.68578346448
3.60777252864e6	0.0	0.0	0.0	0.0	34707.41966635473
3.77957122048e6	0.0	0.0	0.0	0.0	36360.153549244984
3.95136991232e6	0.0	0.0	0.0	0.0	38012.887432135234
4.1231686041600006e6	0.0	0.0	0.0	0.0	39665.621315025484
4.294967296e6	0.0	0.0	0.0	0.0	41318.355197915735
4.466765987840001e6	0.0	0.0	0.0	0.0	42971.089080805985
4.63856467968e6	0.0	0.0	0.0	0.0	44623.82296369624
4.8103633715200005e6	0.0	0.0	0.0	0.0	46276.5568465865
4.98216206336e6	0.0	0.0	0.0	0.0	47929.29072947676
5.1539607552000005e6	0.0	0.0	0.0	0.0	49582.024612367015
5.32575944704e6	0.0	0.0	0.0	0.0	51234.758495257265
5.49755813888e6	0.0	0.0	0.0	0.0	52887.492378147515
5.84115552256e6	0.0	0.0	0.0	0.0	56192.96014392802
6.18475290624e6	0.0	0.0	0.0	0.0	59498.427909708524
6.52835028992e6	0.0	0.0	0.0	0.0	62803.89567548903
6.8719476736e6	0.0	0.0	0.0	0.0	66109.36344126954
7.21554505728e6	0.0	0.0	0.0	0.0	69414.83120705005
7.55914244096e6	0.0	0.0	0.0	0.0	72720.29897283055
7.90273982464e6	0.0	0.0	0.0	0.0	76025.76673861106
8.246337208320001e6	0.0	0.0	0.0	0.0	79331.23450439156
8.589934592e6	0.0	0.0	0.0	0.0	82636.70227017207
8.933531975680001e6	0.0	0.0	0.0	0.0	85942.17003595257
9.27712935936e6	0.0	0.0	0.0	0.0	89247.63780173307
9.620726743040001e6	0.0	0.0	0.0	0.0	92553.10556751357
9.96432412672e6	0.0	0.0	0.0	0.0	95858.57333329407
1.0307921510400001e7	0.0	0.0	0.0	0.0	99164.04109907457
1.065151889408e7	0.0	0.0	0.0	0.0	102469.50886485507
1.099511627776e7	0.0	0.0	0.0	0.0	105774.97663063559
1.168231104512e7	0.0	0.0	0.0	0.0	112385.9121621966
1.236950581248e7	0.0	0.0	0.0	0.0	118996.8476937576
1.305670057984e7	0.0	0.0	0.0	0.0	125607.78322531862
1.37438953472e7	0.0	0.0	0.0	0.0	132218.71875687962
1.443109011456e7	0.0	0.0	0.0	0.0	138829.65428844062
1.511828488192e7	0.0	0.0	0.0	0.0	145440.58982000165
1.580547964928e7	0.0	0.0	0.0	0.0	152051.52535156268
1.6492674416640002e7	0.0	0.0	0.0	0.0	158662.46088312368
1.7179869184e7	0.0	0.0	0.0	0.0	165273.3964146847
1.7867063951360002e7	0.0	0.0	0.0	0.0	171884.33194624571
1.855425871872e7	0.0	0.0	0.0	0.0	178495.26747780672
1.9241453486080002e7	0.0	0.0	0.0	0.0	185106.20300936772
1.992864825344e7	0.0	0.0	0.0	0.0	191717.13854092872
2.0615843020800002e7	0.0	0.0	0.0	0.0	198328.07407248972
2.130303778816e7	0.0	0.0	0.0	0.0	204939.00960405072
2.199023255552e7	0.0	0.0	0.0	0.0	211549.94513561175
2.336462209024e7	0.0	0.0	0.0	0.0	224771.81619873378
2.473901162496e7	0.0	0.0	0.0	0.0	237993.6872618558
2.611340115968e7	0.0	0.0	0.0	0.0	251215.55832497787
2.74877906944e7	0.0	0.0	0.0	0.0	264437.4293880999
2.886218022912e7	0.0	0.0	0.0	0.0	277659.3004512219
3.023656976384e7	0.0	0.0	0.0	0.0	290881.1715143439
3.161095929856e7	0.0	0.0	0.0	0.0	304103.04257746594
3.2985348833280005e7	0.0	0.0	0.0	0.0	317324.91364058794
3.4359738368e7	0.0	0.0	0.0	0.0	330546.78470370994
3.5734127902720004e7	0.0	0.0	0.0	0.0	343768.65576683194
3.710851743744e7	0.0	0.0	0.0	0.0	356990.52682995395
3.8482906972160004e7	0.0	0.0	0.0	0.0	370212.397893076
3.985729650688e7	0.0	0.0	0.0	0.0	383434.26895619807
4.1231686041600004e7	0.0	0.0	0.0	0.0	396656.14001932007
4.260607557632e7	0.0	0.0	0.0	0.0	409878.01108244207
4.398046511104e7	0.0	0.0	0.0	0.0	423099.8821455641
4.672924418048e7	0.0	0.0	0.0	0.0	449543.62427180813
4.947802324992e7	0.0	0.0	0.0	0.0	475987.36639805214
5.222680231936e7	0.0	0.0	0.0	0.0	502431.1085242962
5.49755813888e7	0.0	0.0	0.0	0.0	528874.8506505403
5.772436045824e7	0.0	0.0	0.0	0.0	555318.5927767843
6.047313952768e7	0.0	0.0	0.0	0.0	581762.3349030284
6.322191859712e7	0.0	0.0	0.0	0.0	608206.0770292724
6.597069766656001e7	0.0	0.0	0.0	0.0	634649.8191555165
6.8719476736e7	0.0	0.0	0.0	0.0	661093.5612817605
7.146825580544001e7	0.0	0.0	0.0	0.0	687537.3034080045
7.421703487488e7	0.0	0.0	0.0	0.0	713981.0455342486
7.696581394432001e7	0.0	0.0	0.0	0.0	740424.7876604926
7.971459301376e7	0.0	0.0	0.0	0.0	766868.5297867366
8.246337208320001e7	0.0	0.0	0.0	0.0	793312.2719129806
8.521215115264e7	0.0	0.0	0.0	0.0	819756.0140392246
8.796093022208e7	0.0	0.0	0.0	0.0	846199.7561654686
9.345848836096e7	0.0	0.0	0.0	0.0	899087.2404179567
9.895604649984e7	0.0	0.0	0.0	0.0	951974.724670445
1.0445360463872e8	0.0	0.0	0.0	0.0	1.0048622089229331e6
1.099511627776e8	0.0	0.0	0.0	0.0	1.0577496931754213e6
1.1544872091648e8	0.0	0.0	0.0	0.0	1.1106371774279093e6
1.2094627905536e8	0.0	0.0	0.0	0.0	1.1635246616803973e6
1.2644383719424e8	0.0	0.0	0.0	0.0	1.2164121459328856e6
1.3194139533312002e8	0.0	0.0	0.0	0.0	1.2692996301853736e6
1.37438953472e8	0.0	0.0	0.0	0.0	1.3221871144378616e6
1.4293651161088002e8	0.0	0.0	0.0	0.0	1.3750745986903496e6
1.4843406974976e8	0.0	0.0	0.0	0.0	1.4279620829428376e6
1.5393162788864002e8	0.0	0.0	0.0	0.0	1.4808495671953259e6
1.5942918602752e8	0.0	0.0	0.0	0.0	1.533737051447814e6
1.6492674416640002e8	0.0	0.0	0.0	0.0	1.586624535700302e6
1.7042430230528e8	0.0	0.0	0.0	0.0	1.63951201995279e6
1.7592186044416e8	0.0	0.0	0.0	0.0	1.6923995042052784e6
1.8691697672192e8	0.0	0.0	0.0	0.0	1.7981744727102546e6
1.9791209299968e8	0.0	0.0	0.0	0.0	1.9039494412152306e6
2.0890720927744e8	0.0	0.0	0.0	0.0	2.0097244097202069e6
2.199023255552e8	0.0	0.0	0.0	0.0	2.115499378225183e6
2.3089744183296e8	0.0	0.0	0.0	0.0	2.2212743467301596e6
2.4189255811072e8	0.0	0.0	0.0	0.0	2.3270493152351356e6
2.5288767438848e8	0.0	0.0	0.0	0.0	2.4328242837401116e6
2.6388279066624004e8	0.0	0.0	0.0	0.0	2.538599252245088e6
2.74877906944e8	0.0	0.0	0.0	0.0	2.644374220750064e6
2.8587302322176003e8	0.0	0.0	0.0	0.0	2.75014918925504e6
2.9686813949952e8	0.0	0.0	0.0	0.0	2.855924157760016e6
3.0786325577728003e8	0.0	0.0	0.0	0.0	2.961699126264992e6
3.1885837205504e8	0.0	0.0	0.0	0.0	3.067474094769968e6
3.2985348833280003e8	0.0	0.0	0.0	0.0	3.173249063274944e6
3.4084860461056e8	0.0	0.0	0.0	0.0	3.27902403177992e6
3.5184372088832e8	0.0	0.0	0.0	0.0	3.3847990002848967e6
3.7383395344384e8	0.0	0.0	0.0	0.0	3.596348937294849e6
3.9582418599936e8	0.0	0.0	0.0	0.0	3.8078988743048017e6
4.1781441855488e8	0.0	0.0	0.0	0.0	4.019448811314754e6
4.398046511104e8	0.0	0.0	0.0	0.0	4.230998748324707e6
4.6179488366592e8	0.0	0.0	0.0	0.0	4.442548685334659e6
4.8378511622144e8	0.0	0.0	0.0	0.0	4.654098622344611e6
5.0577534877696e8	0.0	0.0	0.0	0.0	4.865648559354563e6
5.277655813324801e8	0.0	0.0	0.0	0.0	5.077198496364515e6
5.49755813888e8	0.0	0.0	0.0	0.0	5.288748433374467e6
5.717460464435201e8	0.0	0.0	0.0	0.0	5.500298370384419e6
5.9373627899904e8	0.0	0.0	0.0	0.0	5.711848307394371e6
6.157265115545601e8	0.0	0.0	0.0	0.0	5.923398244404324e6
6.3771674411008e8	0.0	0.0	0.0	0.0	6.134948181414276e6
6.597069766656001e8	0.0	0.0	0.0	0.0	6.346498118424229e6
6.8169720922112e8	0.0	0.0	0.0	0.0	6.558048055434182e6
7.0368744177664e8	0.0	0.0	0.0	0.0	6.769597992444134e6
7.4766790688768e8	0.0	0.0	0.0	0.0	7.192697866464038e6
7.9164837199872e8	0.0	0.0	0.0	0.0	7.6157977404839415e6
8.3562883710976e8	0.0	0.0	0.0	0.0	8.038897614503846e6
8.796093022208e8	0.0	0.0	0.0	0.0	8.461997488523751e6
9.2358976733184e8	0.0	0.0	0.0	0.0	8.885097362543656e6
9.6757023244288e8	0.0	0.0	0.0	0.0	9.308197236563561e6
1.01155069755392e9	0.0	0.0	0.0	0.0	9.731297110583466e6
1.0555311626649601e9	0.0	0.0	0.0	0.0	1.015439698460337e7
1.099511627776e9	0.0	0.0	0.0	0.0	1.0577496858623274e7
1.1434920928870401e9	0.0	0.0	0.0	0.0	1.1000596732643178e7
1.18747255799808e9	0.0	0.0	0.0	0.0	1.1423696606663084e7
1.2314530231091201e9	0.0	0.0	0.0	0.0	1.1846796480682988e7
1.27543348822016e9	0.0	0.0	0.0	0.0	1.2269896354702892e7
1.3194139533312001e9	0.0	0.0	0.0	0.0	1.2692996228722796e7
1.36339441844224e9	0.0	0.0	0.0	0.0	1.31160961027427e7
1.40737488355328e9	0.0	0.0	0.0	0.0	1.3539195976762604e7
1.49533581377536e9	0.0	0.0	0.0	0.0	1.4385395724802414e7
1.58329674399744e9	0.0	0.0	0.0	0.0	1.5231595472842222e7
1.67125767421952e9	0.0	0.0	0.0	0.0	1.607779522088203e7
1.7592186044416e9	0.0	0.0	0.0	0.0	1.6923994968921836e7
1.84717953466368e9	0.0	0.0	0.0	0.0	1.7770194716961645e7
1.93514046488576e9	0.0	0.0	0.0	0.0	1.8616394465001456e7
2.02310139510784e9	0.0	0.0	0.0	0.0	1.946259421304127e7
2.1110623253299203e9	0.0	0.0	0.0	0.0	2.030879396108108e7
2.199023255552e9	0.0	0.0	0.0	0.0	2.115499370912089e7
2.2869841857740803e9	0.0	0.0	0.0	0.0	2.2001193457160696e7
2.37494511599616e9	0.0	0.0	0.0	0.0	2.284739320520051e7
2.4629060462182403e9	0.0	0.0	0.0	0.0	2.3693592953240316e7
2.55086697644032e9	0.0	0.0	0.0	0.0	2.4539792701280124e7
2.6388279066624002e9	0.0	0.0	0.0	0.0	2.5385992449319933e7
2.72678883688448e9	0.0	0.0	0.0	0.0	2.623219219735974e7
2.81474976710656e9	0.0	0.0	0.0	0.0	2.7078391945399553e7
2.99067162755072e9	0.0	0.0	0.0	0.0	2.8770791441479173e7
3.16659348799488e9	0.0	0.0	0.0	0.0	3.0463190937558796e7
3.34251534843904e9	0.0	0.0	0.0	0.0	3.2155590433638416e7
3.5184372088832e9	0.0	0.0	0.0	0.0	3.384798992971804e7
3.69435906932736e9	0.0	0.0	0.0	0.0	3.5540389425797656e7
3.87028092977152e9	0.0	0.0	0.0	0.0	3.723278892187727e7
4.04620279021568e9	0.0	0.0	0.0	0.0	3.8925188417956896e7
4.2221246506598406e9	0.0	0.0	0.0	0.0	4.061758791403651e7
4.398046511104e9	0.0	0.0	0.0	0.0	4.230998741011613e7
4.573968371548161e9	0.0	0.0	0.0	0.0	4.4002386906195745e7
4.74989023199232e9	0.0	0.0	0.0	0.0	4.569478640227536e7
4.9258120924364805e9	0.0	0.0	0.0	0.0	4.738718589835498e7
5.10173395288064e9	0.0	0.0	0.0	0.0	4.90795853944346e7
5.2776558133248005e9	0.0	0.0	0.0	0.0	5.077198489051422e7
5.45357767376896e9	0.0	0.0	0.0	0.0	5.246438438659383e7
5.62949953421312e9	0.0	0.0	0.0	0.0	5.415678388267345e7
5.98134325510144e9	0.0	0.0	0.0	0.0	5.754158287483269e7
6.33318697598976e9	0.0	0.0	0.0	0.0	6.092638186699194e7
6.68503069687808e9	0.0	0.0	0.0	0.0	6.431118085915118e7
7.0368744177664e9	0.0	0.0	0.0	0.0	6.769597985131042e7
7.38871813865472e9	0.0	0.0	0.0	0.0	7.108077884346966e7
7.74056185954304e9	0.0	0.0	0.0	0.0	7.44655778356289e7
8.09240558043136e9	0.0	0.0	0.0	0.0	7.785037682778813e7
8.444249301319681e9	0.0	0.0	0.0	0.0	8.123517581994736e7
8.796093022208e9	0.0	0.0	0.0	0.0	8.46199748121066e7
9.147936743096321e9	0.0	0.0	0.0	0.0	8.800477380426584e7
9.49978046398464e9	0.0	0.0	0.0	0.0	9.138957279642509e7
9.851624184872961e9	0.0	0.0	0.0	0.0	9.477437178858432e7
1.020346790576128e10	0.0	0.0	0.0	0.0	9.815917078074355e7
1.0555311626649601e10	0.0	0.0	0.0	0.0	1.015439697729028e8
1.090715534753792e10	0.0	0.0	0.0	0.0	1.0492876876506203e8
1.125899906842624e10	0.0	0.0	0.0	0.0	1.0831356775722127e8
1.196268651020288e10	0.0	0.0	0.0	0.0	1.1508316574153973e8
1.266637395197952e10	0.0	0.0	0.0	0.0	1.2185276372585821e8
1.337006139375616e10	0.0	0.0	0.0	0.0	1.2862236171017669e8
1.40737488355328e10	0.0	0.0	0.0	0.0	1.3539195969449517e8
1.477743627730944e10	0.0	0.0	0.0	0.0	1.4216155767881367e8
1.548112371908608e10	0.0	0.0	0.0	0.0	1.4893115566313213e8
1.618481116086272e10	0.0	0.0	0.0	0.0	1.557007536474506e8
1.6888498602639362e10	0.0	0.0	0.0	0.0	1.6247035163176906e8
1.7592186044416e10	0.0	0.0	0.0	0.0	1.6923994961608753e8
1.8295873486192642e10	0.0	0.0	0.0	0.0	1.7600954760040602e8
1.899956092796928e10	0.0	0.0	0.0	0.0	1.827791455847245e8
1.9703248369745922e10	0.0	0.0	0.0	0.0	1.8954874356904295e8
2.040693581152256e10	0.0	0.0	0.0	0.0	1.9631834155336142e8
2.1110623253299202e10	0.0	0.0	0.0	0.0	2.0308793953767988e8
2.181431069507584e10	0.0	0.0	0.0	0.0	2.0985753752199838e8
2.251799813685248e10	0.0	0.0	0.0	0.0	2.1662713550631684e8
2.392537302040576e10	0.0	0.0	0.0	0.0	2.301663314749538e8
2.533274790395904e10	0.0	0.0	0.0	0.0	2.4370552744359076e8
2.674012278751232e10	0.0	0.0	0.0	0.0	2.5724472341222772e8
2.81474976710656e10	0.0	0.0	0.0	0.0	2.707839193808647e8
2.955487255461888e10	0.0	0.0	0.0	0.0	2.843231153495016e8
3.096224743817216e10	0.0	0.0	0.0	0.0	2.9786231131813854e8
3.236962232172544e10	0.0	0.0	0.0	0.0	3.1140150728677547e8
3.3776997205278725e10	0.0	0.0	0.0	0.0	3.249407032554124e8
3.5184372088832e10	0.0	0.0	0.0	0.0	3.384798992240493e8
3.6591746972385284e10	0.0	0.0	0.0	0.0	3.520190951926863e8
3.799912185593856e10	0.0	0.0	0.0	0.0	3.6555829116132325e8
3.9406496739491844e10	0.0	0.0	0.0	0.0	3.790974871299602e8
4.081387162304512e10	0.0	0.0	0.0	0.0	3.9263668309859717e8
4.2221246506598404e10	0.0	0.0	0.0	0.0	4.061758790672341e8
4.362862139015168e10	0.0	0.0	0.0	0.0	4.19715075035871e8
4.503599627370496e10	0.0	0.0	0.0	0.0	4.332542710045079e8
4.785074604081152e10	0.0	0.0	0.0	0.0	4.6033266294178176e8
5.066549580791808e10	0.0	0.0	0.0	0.0	4.874110548790557e8
5.348024557502464e10	0.0	0.0	0.0	0.0	5.144894468163296e8
5.62949953421312e10	0.0	0.0	0.0	0.0	5.415678387536035e8
5.910974510923776e10	0.0	0.0	0.0	0.0	5.686462306908773e8
6.192449487634432e10	0.0	0.0	0.0	0.0	5.957246226281512e8
6.473924464345088e10	0.0	0.0	0.0	0.0	6.22803014565425e8
6.755399441055745e10	0.0	0.0	0.0	0.0	6.498814065026989e8
7.0368744177664e10	0.0	0.0	0.0	0.0	6.769597984399728e8
7.318349394477057e10	0.0	0.0	0.0	0.0	7.040381903772466e8
7.599824371187712e10	0.0	0.0	0.0	0.0	7.311165823145205e8
7.881299347898369e10	0.0	0.0	0.0	0.0	7.581949742517945e8
8.162774324609024e10	0.0	0.0	0.0	0.0	7.852733661890684e8
8.444249301319681e10	0.0	0.0	0.0	0.0	8.123517581263423e8
8.725724278030336e10	0.0	0.0	0.0	0.0	8.394301500636162e8
9.007199254740993e10	0.0	0.0	0.0	0.0	8.665085420008901e8
9.570149208162305e10	0.0	0.0	0.0	0.0	9.20665325875438e8
1.0133099161583617e11	0.0	0.0	0.0	0.0	9.748221097499858e8
1.0696049115004929e11	0.0	0.0	0.0	0.0	1.0289788936245337e9
1.125899906842624e11	0.0	0.0	0.0	0.0	1.0831356774990816e9
1.1821949021847552e11	0.0	0.0	0.0	0.0	1.1372924613736293e9
1.2384898975268864e11	0.0	0.0	0.0	0.0	1.191449245248177e9
1.2947848928690176e11	0.0	0.0	0.0	0.0	1.245606029122725e9
1.351079888211149e11	0.0	0.0	0.0	0.0	1.2997628129972727e9
1.40737488355328e11	0.0	0.0	0.0	0.0	1.3539195968718204e9
1.4636698788954114e11	0.0	0.0	0.0	0.0	1.4080763807463682e9
1.5199648742375424e11	0.0	0.0	0.0	0.0	1.462233164620916e9
1.5762598695796738e11	0.0	0.0	0.0	0.0	1.5163899484954636e9
1.6325548649218048e11	0.0	0.0	0.0	0.0	1.5705467323700113e9
1.6888498602639362e11	0.0	0.0	0.0	0.0	1.624703516244559e9
1.7451448556060672e11	0.0	0.0	0.0	0.0	1.678860300119107e9
1.8014398509481985e11	0.0	0.0	0.0	0.0	1.7330170839936547e9
1.914029841632461e11	0.0	0.0	0.0	0.0	1.8413306517427506e9
2.0266198323167233e11	0.0	0.0	0.0	0.0	1.9496442194918463e9
2.1392098230009857e11	0.0	0.0	0.0	0.0	2.057957787240942e9
2.251799813685248e11	0.0	0.0	0.0	0.0	2.166271354990038e9
2.3643898043695105e11	0.0	0.0	0.0	0.0	2.2745849227391334e9
2.476979795053773e11	0.0	0.0	0.0	0.0	2.382898490488229e9
2.5895697857380353e11	0.0	0.0	0.0	0.0	2.491212058237324e9
2.702159776422298e11	0.0	0.0	0.0	0.0	2.5995256259864197e9
2.81474976710656e11	0.0	0.0	0.0	0.0	2.707839193735515e9
2.927339757790823e11	0.0	0.0	0.0	0.0	2.816152761484611e9
3.039929748475085e11	0.0	0.0	0.0	0.0	2.924466329233707e9
3.1525197391593475e11	0.0	0.0	0.0	0.0	3.032779896982803e9
3.2651097298436096e11	0.0	0.0	0.0	0.0	3.141093464731899e9
3.3776997205278723e11	0.0	0.0	0.0	0.0	3.249407032480994e9
3.4902897112121344e11	0.0	0.0	0.0	0.0	3.35772060023009e9
3.602879701896397e11	0.0	0.0	0.0	0.0	3.466034167979186e9
3.828059683264922e11	0.0	0.0	0.0	0.0	3.682661303477377e9
4.0532396646334467e11	0.0	0.0	0.0	0.0	3.8992884389755683e9
4.2784196460019714e11	0.0	0.0	0.0	0.0	4.1159155744737597e9
4.503599627370496e11	0.0	0.0	0.0	0.0	4.3325427099719515e9
4.728779608739021e11	0.0	0.0	0.0	0.0	4.549169845470142e9
4.953959590107546e11	0.0	0.0	0.0	0.0	4.765796980968333e9
5.1791395714760706e11	0.0	0.0	0.0	0.0	4.982424116466525e9
5.404319552844596e11	0.0	0.0	0.0	0.0	5.199051251964716e9
5.62949953421312e11	0.0	0.0	0.0	0.0	5.415678387462907e9
5.854679515581646e11	0.0	0.0	0.0	0.0	5.632305522961098e9
6.07985949695017e11	0.0	0.0	0.0	0.0	5.848932658459289e9
6.305039478318695e11	0.0	0.0	0.0	0.0	6.0655597939574795e9
6.530219459687219e11	0.0	0.0	0.0	0.0	6.28218692945567e9
6.755399441055745e11	0.0	0.0	0.0	0.0	6.498814064953861e9
6.980579422424269e11	0.0	0.0	0.0	0.0	6.715441200452053e9
7.205759403792794e11	0.0	0.0	0.0	0.0	6.932068335950244e9
7.656119366529844e11	0.0	0.0	0.0	0.0	7.365322606946628e9
8.106479329266893e11	0.0	0.0	0.0	0.0	7.79857687794301e9
8.556839292003943e11	0.0	0.0	0.0	0.0	8.231831148939391e9
9.007199254740992e11	0.0	0.0	0.0	0.0	8.665085419935774e9
9.457559217478042e11	0.0	0.0	0.0	0.0	9.098339690932158e9
9.907919180215092e11	0.0	0.0	0.0	0.0	9.531593961928541e9
1.0358279142952141e12	0.0	0.0	0.0	0.0	9.964848232924923e9
1.0808639105689192e12	0.0	0.0	0.0	0.0	1.0398102503921307e10
1.125899906842624e12	0.0	0.0	0.0	0.0	1.0831356774917688e10
1.170935903116329e12	0.0	0.0	0.0	0.0	1.126461104591407e10
1.215971899390034e12	0.0	0.0	0.0	0.0	1.1697865316910452e10
1.261007895663739e12	0.0	0.0	0.0	0.0	1.2131119587906834e10
1.3060438919374438e12	0.0	0.0	0.0	0.0	1.2564373858903215e10
1.351079888211149e12	0.0	0.0	0.0	0.0	1.2997628129899597e10
1.3961158844848538e12	0.0	0.0	0.0	0.0	1.3430882400895979e10
1.4411518807585588e12	0.0	0.0	0.0	0.0	1.386413667189236e10
