# τ	Fs	F	Δζ	ΔG	Δr²
0.0	1.0	1.0	944.6752208952877	93.62429637013022	0.0
3.125e-7	0.9999838611727643	0.9999883907108581	944.2364401907209	93.57956633488925	3.125e-7
6.25e-7	0.9999677239532692	0.9999767825256421	943.7980163324789	93.53487389681798	6.249538732802299e-7
9.375000000000001e-7	0.999951589687382	0.9999651764124974	943.3599543060812	93.49021950511296	9.373155427791549e-7
1.25e-6	0.9999354583734238	0.9999535723702351	942.9222537533602	93.44560312106601	1.2495850717236234e-6
1.5625e-6	0.9999193300096049	0.9999419703975866	942.4849143163398	93.40102470599925	1.5617625300844062e-6
1.8750000000000003e-6	0.999903204594137	0.9999303704932848	942.047935637432	93.35648422127785	1.8738479877646944e-6
2.1875000000000002e-6	0.9998870821252335	0.9999187726560633	941.6113173594429	93.31198162830998	2.185841514599169e-6
2.5e-6	0.9998709626011093	0.9999071768846572	941.1750591255594	93.26751688854685	2.4977431803540756e-6
2.8125e-6	0.999854846019981	0.9998955831778024	940.7391605793631	93.22308996348251	2.8095530547273e-6
3.125e-6	0.9998387323800667	0.999883991534236	940.303621364816	93.17870081465391	3.121271207348443e-6
3.4375e-6	0.999822621679586	0.9998724019526964	939.8684411262707	93.13434940364078	3.432897707778895e-6
3.7500000000000005e-6	0.9998065139167603	0.999860814431923	939.4336195084657	93.09003569206573	3.7444326255119113e-6
4.0625000000000005e-6	0.9997904090898124	0.9998492289706562	938.9991561565234	93.04575964159392	4.055876029972687e-6
4.3750000000000005e-6	0.9997743071969667	0.9998376455676377	938.5650507159537	93.00152121393337	4.367227990518429e-6
4.6875000000000004e-6	0.9997582082364492	0.9998260642216101	938.1313028326496	92.9573203708345	4.678488576438434e-6
5.0e-6	0.9997421122064876	0.9998144849313176	937.69791215289	92.91315707409045	4.9896578569541626e-6
5.3125e-6	0.9997260209687702	0.9998029090185927	937.2649430430912	92.86903800498645	5.300675176616531e-6
5.625e-6	0.9997099332777576	0.999791335599087	936.832351873344	92.82495863176817	5.611581149456958e-6
5.9375e-6	0.9996938487170671	0.9997797643771661	936.4001238698985	92.7809174189664	5.922389360728539e-6
6.25e-6	0.9996777671467215	0.999768195253447	935.9682538751289	92.73691382959136	6.233104385159181e-6
6.5625e-6	0.9996616885188843	0.9997566281939673	935.5367399360891	92.69294765940414	6.543727793627674e-6
6.875e-6	0.9996456128164364	0.9997450631865749	935.1055811679964	92.64901881507667	6.854260155586336e-6
7.1875e-6	0.999629540032499	0.9997335002263874	934.6747770422736	92.6051272402676	7.164701706601014e-6
7.500000000000001e-6	0.9996134701636076	0.9997219393109477	934.2443271492957	92.56127289098877	7.475052570886419e-6
7.8125e-6	0.9995974032074371	0.9997103804386069	933.8142311193276	92.5174557273966	7.785312835491892e-6
8.125000000000001e-6	0.9995813391620427	0.999698823607988	933.3844885961863	92.47367571105643	8.095482575032504e-6
8.4375e-6	0.9995652780256099	0.9996872688178036	932.9550992284485	92.4299328040312	8.405561859933603e-6
8.750000000000001e-6	0.9995492197963655	0.9996757160667968	932.526062666538	92.38622696857753	8.715550759179315e-6
9.0625e-6	0.9995331644725528	0.9996641653537238	932.0973785617405	92.34255816704449	9.02544934122886e-6
9.375000000000001e-6	0.9995171120524211	0.9996526166773436	931.6690465658811	92.29892636183988	9.335257674322053e-6
9.6875e-6	0.9995010625342231	0.9996410700364172	931.2410663312218	92.25533151541873	9.64497582658122e-6
1.0e-5	0.9994850159162137	0.9996295254297086	930.8134375104117	92.21177359027988	9.9546038660452e-6
1.0625e-5	0.9994529313714718	0.9996064423123615	929.9592325992265	92.12476834086362	1.057358996864519e-5
1.125e-5	0.9994208584058146	0.9995833673165276	929.1064291441157	92.03791032327482	1.1192216464625312e-5
1.1875e-5	0.9993887970058517	0.999560300432719	928.2550244075378	91.9511992419567	1.1810483875714027e-5
1.25e-5	0.9993567471578753	0.9995372416512208	927.405015639507	91.86463480004859	1.2428392735985565e-5
1.3125e-5	0.9993247088480863	0.999514190962254	926.5564000898779	91.77821670069568	1.3045943582957233e-5
1.375e-5	0.999292682062672	0.9994911483560308	925.7091750124188	91.69194464748485	1.3663136954564e-5
1.4375e-5	0.9992606667878309	0.9994681138227705	924.8633376661647	91.60581834458824	1.4279973388210302e-5
1.5000000000000002e-5	0.9992286630097817	0.999445087352707	924.0188853158619	91.51983749681061	1.4896453420396397e-5
1.5625e-5	0.9991966707147665	0.9994220689360909	923.1758152320949	91.43400180960344	1.5512577586654296e-5
1.6250000000000002e-5	0.9991646898890505	0.9993990585631894	922.3341246913392	91.34831098906935	1.6128346421469014e-5
1.6875e-5	0.9991327205189233	0.9993760562242869	921.4938109759482	91.26276474196187	1.6743760458312673e-5
1.7500000000000002e-5	0.9991007625906987	0.9993530619096853	920.6548713741594	91.1773627756848	1.735882022959862e-5
1.8125e-5	0.9990688160907137	0.9993300756097024	919.8173031800686	91.09210479829069	1.7973526266726316e-5
1.8750000000000002e-5	0.9990368810053308	0.9993070973146738	918.9811036936322	91.00699051847958	1.8587879100039204e-5
1.9375e-5	0.9990049573209345	0.9992841270149521	918.1462702206389	90.92201964559727	1.9201879258870737e-5
2.0e-5	0.9989730450239352	0.9992611647009078	917.3128000727114	90.8371918896341	1.981552727150268e-5
2.125e-5	0.9989092545199337	0.9992152639786948	915.6499380740087	90.66796446999336	2.1041769663595942e-5
2.25e-5	0.9988455093971329	0.9991693950798721	913.9924969506466	90.49930602099936	2.2266610013378606e-5
2.375e-5	0.998781809551676	0.999123557930847	912.3404556183225	90.33121426847472	2.349005235428401e-5
2.5e-5	0.9987181548774187	0.9990777524564076	910.6937929416542	90.16368693315566	2.471210080729552e-5
2.625e-5	0.9986545452676893	0.9990319785809683	909.0524878291251	89.99672174081486	2.5932759512286754e-5
2.75e-5	0.9985909806159046	0.998986236229009	907.4165192645063	89.83031642560869	2.715203260424632e-5
2.875e-5	0.9985274608157444	0.9989405253251942	905.7858663169425	89.66446873115092	2.836992420632073e-5
3.0000000000000004e-5	0.9984639857612388	0.9988948457944405	904.1605081441367	89.49917641084804	2.958643842661849e-5
3.125e-5	0.9984005553467652	0.9988491975619096	902.5404239930245	89.33443722797057	3.080157935811099e-5
3.2500000000000004e-5	0.9983371694670797	0.9988035805530319	900.9255931998362	89.17024895565505	3.2015351077727177e-5
3.375e-5	0.998273828017291	0.9987579946934895	899.3159951897402	89.00660937686494	3.3227757647013635e-5
3.5000000000000004e-5	0.9982105308928872	0.9987124399092342	897.7116094765502	88.84351628435572	3.4438803111486274e-5
3.625e-5	0.9981472779897069	0.9986669161264672	896.1124156622642	88.680967480624	3.564849150137148e-5
3.7500000000000003e-5	0.9980840692039652	0.9986214232716567	894.5183934367371	88.51896077786917	3.685682683098847e-5
3.875e-5	0.9980209044322251	0.998575961271518	892.9295225772076	88.35749399794139	3.806381309949628e-5
4.0e-5	0.9979577835714238	0.9985305300530326	891.3457829479723	88.19656497230328	3.9269454290281635e-5
4.25e-5	0.9978316730372928	0.9984397595746707	888.1936101778173	87.8763108028893	4.1676722502179164e-5
4.5e-5	0.9977057368753474	0.9983491113220628	885.0617206188015	87.55818162853879	4.407865950124164e-5
4.75e-5	0.9975799743041126	0.9982585847415729	881.9499578889911	87.24216061387979	4.647529543445352e-5
5.0e-5	0.9974543845276728	0.9981681792693512	878.8581658842426	86.92823095835149	4.886666098674335e-5
5.25e-5	0.9973289667487444	0.9980778943405908	875.786189483927	86.61637597129906	5.125278687134458e-5
5.5e-5	0.9972037201735113	0.9979877293929565	872.7338747789678	86.30657909615759	5.3633703646986624e-5
5.75e-5	0.997078644012704	0.9978976838673452	869.7010691381133	85.99882391744833	5.600944167236306e-5
6.000000000000001e-5	0.9969537374824295	0.9978077572084785	866.6876212234932	85.69309416234064	5.838003107824848e-5
6.25e-5	0.9968289998039254	0.9977179488647211	863.6933809864187	85.38937370014733	6.074550177349996e-5
6.500000000000001e-5	0.996704430203938	0.9976282582883577	860.7181996596426	85.08764654140874	6.310588343446467e-5
6.75e-5	0.9965800279143305	0.9975386849353072	857.7619297455838	84.78789683658331	6.546120551660198e-5
7.000000000000001e-5	0.9964557921724144	0.9974492282653621	854.8244250061904	84.49010887487934	6.781149724586446e-5
7.25e-5	0.9963317222205419	0.9973598877418973	851.9055404505413	84.19426708288019	7.01567876308323e-5
7.500000000000001e-5	0.9962078173064303	0.9972706628321023	849.0051323246262	83.90035602336953	7.249710545436316e-5
7.75e-5	0.9960840766827548	0.9971815530066881	846.1230580990768	83.60836039397216	7.48324792856718e-5
8.0e-5	0.9959604996074718	0.997092557740122	843.2591764591185	83.31826502599932	7.716293747205877e-5
8.5e-5	0.9957138322060666	0.996914908124509	837.5853825826324	82.74370985540764	8.180925554068859e-5
9.0e-5	0.9954678099186528	0.9967377103142884	831.982678474813	82.176575443607	8.643625720200229e-5
9.5e-5	0.9952224272032838	0.9965609603848943	826.4499875823951	81.61674633376784	9.104415336185603e-5
0.0001	0.9949776784535361	0.9963846543663648	820.9862441107315	81.0641082803965	9.563315710684711e-5
0.000105	0.9947335580883471	0.9962087883068522	815.5903977863447	80.51854875328084	0.00010020348021632683
0.00011	0.9944900605885317	0.996033358298566	810.261415242623	79.9799570823053	0.0001047553318273294
0.000115	0.9942471805008923	0.9958583604805861	804.9982802474466	79.44822447986918	0.00010928891822962683
0.00012000000000000002	0.9940049124460298	0.9956837910444819	799.7999935922608	78.92324402692351	0.0001138044426290587
0.000125	0.9937632511130311	0.9955096462304533	794.6655728317717	78.40491064369678	0.00011830210530444583
0.00013000000000000002	0.9935221912640406	0.9953359223306549	789.594052018392	77.89312105942764	0.0001227821034940108
0.000135	0.9932817277280115	0.9951626156846776	784.5844813987153	77.38777377859775	0.00012724463158864376
0.00014000000000000001	0.9930418554048704	0.9949897226825831	779.6359271405329	76.88876904997623	0.00013168988103271615
0.000145	0.9928025692592802	0.9948172397603939	774.747471034602	76.39600883350165	0.00013611804051752143
0.00015000000000000001	0.9925638643247149	0.9946451634030659	769.9182102300474	75.90939677031126	0.0001405292958843842
0.000155	0.9923257356973293	0.9944734901400532	765.1472569463704	75.42883815079254	0.00014492383031434604
0.00016	0.992088178539982	0.9943022165482419	760.4337382186197	74.95423988573955	0.00014930182423223738
0.00017	0.9916147536183715	0.9939608506774862	751.1752896039811	74.02252889354808	0.00015800912090767227
0.00018	0.9911435563028925	0.993621042257734	742.1363837714088	73.11357324981488	0.00016665242037172058
0.00019	0.990674551467353	0.9932827664361846	733.3106143028251	72.22669104356041	0.00017523302265474368
0.0002	0.9902077040246252	0.9929459983913068	724.6917394833388	71.36121850256225	0.00018375222286993052
0.00021	0.9897429794448958	0.9926107136978967	716.2737069650159	70.51651255606234	0.00019221129129447549
0.00022	0.989280344009151	0.9922768885075891	708.0506574376489	69.69195117563157	0.0002006114647488699
0.00023	0.9888197647793219	0.9919444995262907	700.0169210245222	68.88693295655328	0.00020895394721303452
0.00024000000000000003	0.9883612096666063	0.991613524063709	692.1670119506698	68.10087651299894	0.00021723990811073866
0.00025	0.9879046473441658	0.9912839399702005	684.4956223080982	67.33321978592645	0.00022547048508857404
0.00026000000000000003	0.987450047294211	0.9909557256712543	676.997616159619	66.58341938282682	0.00023364678306203728
0.00027	0.9869973797178028	0.990628860102336	669.6680234329282	65.85094990288508	0.00024176987711023673
0.00028000000000000003	0.9865466155789562	0.9903033227412336	662.502034347767	65.13530331453985	0.00024984081159943483
0.00029	0.9860977265174548	0.9899790935450766	655.4949937086052	64.43598832599041	0.000257860602971618
0.00030000000000000003	0.9856506848919879	0.9896561529819703	648.6423957230496	63.752529807380164	0.00026583023887159904
0.00031	0.9852054636964712	0.9893344819705345	641.939878694115	63.08446820643155	0.0002737506808112697
0.00032	0.9847620366024169	0.9890140619109707	635.3832202107311	62.43135901292085	0.00028162286329432625
0.00034	0.9838804323238168	0.9883768811555663	622.6898947945135	61.16815053316664	0.00029722711713565307
0.00036	0.9830056956978459	0.9877444861508239	610.5323274746869	59.95974201115906	0.00031264920032942104
0.00038	0.9821376443607748	0.9871167481241058	598.8816203475354	58.803102079273195	0.00032789548338065633
0.0004	0.9812761001225643	0.9864935412932915	587.7104438769722	57.69536865538519	0.00034297215542415383
0.00042	0.980420890898715	0.9858747442087487	576.9930779639436	56.63385259504141	0.0003578851520697558
0.00044	0.9795718521794826	0.9852602408050614	566.7053551143961	55.61603111429983	0.000372640112674897
0.00046	0.9787288261589384	0.9846499197668049	556.8245715985527	54.639537994972976	0.0003872424080995373
0.00048000000000000007	0.9778916622313976	0.9840436748933986	547.3293977163023	53.702153695825956	0.00040169713187340495
0.0005	0.9770602158973517	0.9834414043087233	538.1997875272372	52.80179551536939	0.00041600913585829527
0.0005200000000000001	0.976234349150819	0.9828430107484656	529.4168968990092	51.93650861532355	0.00043018302451649257
0.00054	0.9754139294420484	0.9822484008109272	520.9630038181169	51.10445737374367	0.00044422318849229745
0.0005600000000000001	0.974598830049976	0.9816574852333041	512.8214369910265	50.30391759122402	0.0004581337986895076
0.00058	0.9737889291249704	0.9810701782000146	504.9765065330106	49.53326899703455	0.00047191883697297296
0.0006000000000000001	0.9729841100548665	0.9804863976138943	497.41344206494125	48.79098851295949	0.00048558208983120804
0.00062	0.972184260583187	0.9799060644587417	490.11833248419504	48.075643764149554	0.0004991271763935185
0.00064	0.9713892731680861	0.9793291030649702	483.0780722848418	47.385887255726516	0.0005125575417729448
0.00068	0.9698133685935884	0.978184932924257	469.7094832023489	46.07774463813267	0.0005390903565142612
0.00072	0.9682556982541183	0.9770533961968197	457.2205498734008	44.85763084102996	0.0005652025272410839
0.00076	0.9667155618701959	0.9759340006301566	445.53157703218625	43.71740104723522	0.0005909158181166764
0.0008	0.9651922962733436	0.974826280452336	434.57083813624376	42.649744330792906	0.0006162505928750285
0.00084	0.9636852755501959	0.9737297962226079	424.2740645899207	41.64812694357798	0.0006412258175401388
0.00088	0.9621939177172294	0.9726441396678559	414.5837196663757	40.706714016005755	0.0006658589111512383
0.00092	0.9607176756791386	0.9715689271221665	405.44824285185194	39.82028939668999	0.0006901660346671185
0.0009600000000000001	0.9592560403147672	0.9705038018371537	396.8213790232028	38.98418443665402	0.0007141620443774475
0.001	0.9578085317271576	0.9694484276521499	388.6615616614503	38.19421314903644	0.0007378607667755985
0.0010400000000000001	0.9563747019355701	0.9684024910184756	380.9313877123342	37.44661684036031	0.0007612749549654953
0.00108	0.9549541272532406	0.9673656954824034	373.59713925099345	36.738014159533954	0.0007844165242931926
0.0011200000000000001	0.9535464108865415	0.9663377636345905	366.62837906702987	36.06535870315303	0.000807296504159663
0.00116	0.9521511763470972	0.9653184323371234	359.99758067732967	35.42590061959968	0.0008299252386295974
0.0012000000000000001	0.950768069953261	0.9643074545951166	353.67981641529593	34.81715408823893	0.0008523123354433913
0.00124	0.9493967551152774	0.9633045954120961	347.6524701678348	34.23686768735389	0.0008744668376597456
0.00128	0.9480369147153668	0.9623096335676457	341.8949958524785	33.68299934123783	0.0008963971718776525
0.00136	0.9453502252210273	0.9603424053410032	331.1108216744882	32.64670623040211	0.0009396218265254833
0.00144	0.9427059667094047	0.958404351086111	321.2022369216196	31.695883137617468	0.0009820394919985657
0.00152	0.9401021544635402	0.9564940883690204	312.061267066246	30.819862868206066	0.001023700786399473
0.0016	0.9375369600682012	0.9546103459041374	303.59611672278487	30.009597950705245	0.0010646513535801985
0.00168	0.935008680228852	0.9527519399259308	295.72882812476894	29.257421522022184	0.0011049329601585218
0.00176	0.9325157623159427	0.950917793055599	288.3930381344926	28.556819016741166	0.0011445829607310155
0.00184	0.9300567596790338	0.9491069017580833	281.5319580397458	27.902225255487174	0.0011836356173589664
0.0019200000000000003	0.9276303472304148	0.9473183481904496	275.0967768374029	27.2888636469374	0.0012221217596532507
0.002	0.9252352838623416	0.9455512728720735	269.0452975631473	26.71261039867177	0.0012600698625357906
0.0020800000000000003	0.922870425814367	0.9438048848706166	263.3408840724665	26.16988911304095	0.001297505732580972
0.00216	0.9205346963506563	0.9420784397210896	257.9515530696498	25.657580977795213	0.0013344533632165458
0.0022400000000000002	0.9182270976753041	0.9403712484909359	252.84927526357637	25.17295514540634	0.0013709346410471731
0.00232	0.9159466863247759	0.9386826598293642	248.0093611377359	24.713608313509813	0.001406970031172011
0.0024000000000000002	0.9136925837361181	0.9370120679988612	243.40998900833586	24.27741786501927	0.0014425783082874697
0.00248	0.9114639560540252	0.9353588981187009	239.03178116742865	23.862500366338647	0.0014777771134736795
0.00256	0.9092600234520783	0.9337226132460984	234.8574791151848	23.467179394410877	0.0015125827118061747
0.00272	0.9049229318658092	0.9304984283003785	227.05557586910703	22.72902745891077	0.0015810777380536479
0.00288	0.9006762195312067	0.927336007506855	219.90370746739742	22.053198428877884	0.0016481700459237403
0.00304	0.8965150306373176	0.9242320109411928	213.3168685486638	21.431454692295446	0.0017139576750318227
0.0032	0.8924349596215896	0.9211834165753842	207.22420278221358	20.856938520338208	0.0017785267744373505
0.00336	0.8884319285341766	0.9181874273925912	201.56648128737766	20.323924922086114	0.0018419557413397638
0.00352	0.8845022512722412	0.9152415204805512	196.29397160878548	19.82761163772335	0.001904313757262708
0.00368	0.8806425084688166	0.912343355141253	191.36454672463404	19.363935636871567	0.001965664199723308
0.0038400000000000005	0.8768495883558064	0.9094908053333255	186.74231462765962	18.929438590758565	0.002026063514133152
0.004	0.8731205884457308	0.9066818875134648	182.3964354411621	18.521152485744892	0.002085563807411372
0.0041600000000000005	0.8694528487410571	0.9039147871191359	178.30027981336005	18.13651703553455	0.0021442118835886324
0.00432	0.865843875547282	0.9011878025056819	174.43068108866714	17.77330754366874	0.0022020512355322144
0.0044800000000000005	0.8622913694963565	0.8984993672833831	170.7674051699957	17.42958285733682	0.0022591212151910674
0.00464	0.85879316562339	0.8958480060861647	167.2926618249274	17.103638333459276	0.0023154585948981397
0.0048000000000000004	0.8553472571541962	0.8932323535310233	163.99075982576443	16.793971961622354	0.0023710968542395242
0.00496	0.8519517475801877	0.8906511187329692	160.8477771343303	16.49925269266311	0.002426067427522332
0.00512	0.8486048709337279	0.8881031014749918	157.85132991636596	16.21829773419109	0.0024803990898038517
0.00544	0.8420501493256224	0.8831020893882747	152.25160229889389	15.693252896540471	0.002587241154902465
0.00576	0.8356712304629618	0.8782212357247554	147.1194285553625	15.211962885899407	0.0026918244648776253
0.00608	0.8294571756074245	0.8734531018198458	142.39379627543184	14.768629435838152	0.002794324343227533
0.0064	0.8233982233352629	0.8687910721508092	138.0238725925582	14.358431924362794	0.002894890183541257
0.00672	0.8174854453674884	0.8642290923228354	133.96713355200689	13.977346955029509	0.0029936567175648967
0.00704	0.8117108384105804	0.8597617477968439	130.18788071629018	13.622003657341958	0.0030907413299267154
0.00736	0.8060670408207371	0.85538405318034	126.65584478669012	13.289550157136173	0.0031862513559127435
0.007680000000000001	0.8005473985415519	0.8510915114566974	123.34523379708887	12.977561243353723	0.0032802814409077
0.008	0.7951457517808137	0.8468799550475081	120.23385936116053	12.683955123467126	0.0033729188839330924
0.008320000000000001	0.7898564907054092	0.8427455955961599	117.30255617574123	12.406937231429296	0.00346424136439423
0.00864	0.7846743932868014	0.8386849025145164	114.53462905563971	12.144947685085327	0.003554321032346574
0.008960000000000001	0.7795946729830951	0.8346946452970944	111.91548980713961	11.896626198678904	0.003643222578767075
0.00928	0.7746128529579657	0.8307717987817349	109.43229515520945	11.660777754707258	0.0037310064470362676
0.009600000000000001	0.7697248068696031	0.8269135791895021	107.07371197830773	11.436349964872258	0.0038177271902279674
0.00992	0.7649266594764311	0.8231173688442879	104.8296722932474	11.22240988208049	0.0039034360426477843
0.01024	0.7602148215828782	0.8193807469809682	102.69121686762045	11.018128954430637	0.003988179513693179
0.01088	0.7510380373032091	0.8120782964977169	98.69881906196484	10.635541765183678	0.004154883954564317
0.01152	0.7421690801693991	0.8049889920317269	95.04296461965849	10.28368873749512	0.004318203074438962
0.01216	0.7335858119410993	0.798097839307449	91.67902639962122	9.958484924440038	0.004478425906361425
0.0128	0.7252689633414057	0.7913918408062515	88.5700551084001	9.656554875399184	0.004635788278162793
0.01344	0.7172011708182857	0.7848592621899053	85.68519304300136	9.375087424712687	0.0047905017852676165
0.01408	0.7093670151765226	0.7784897053938995	82.99857549078811	9.11173361191995	0.004942748557568157
0.01472	0.7017524349222993	0.7722736630391015	80.48828016679226	8.86450792512706	0.0050926960124392006
0.015360000000000002	0.6943448082521327	0.7662026159155929	78.13565500794721	8.63172562440632	0.005240490365736644
0.016	0.687132536370141	0.7602687138237179	75.92466795222549	8.411941569328333	0.0053862672391216705
0.016640000000000002	0.6801051222096816	0.7544648631000829	73.84149903251077	8.20391257498773	0.0055301461646297895
0.01728	0.6732528598907055	0.7487844864409249	71.87412693720457	8.006558624640434	0.005672238787847782
0.017920000000000002	0.6665669046548843	0.7432215982798623	70.01207336727016	7.8189396091986305	0.005812644282879035
0.01856	0.6600390355181278	0.7377706194646836	68.24613057711528	7.640229836915696	0.005951455846460363
0.019200000000000002	0.653661716308122	0.7324264418281946	66.56819576681643	7.46970320632726	0.006088756834708765
0.01984	0.6474279107145997	0.727184282431872	64.97108572051481	7.3067158993497525	0.006224625995751585
0.02048	0.6413311352126723	0.7220397388992775	63.44842643085411	7.150696673055414	0.006359134186834674
0.02176	0.6295313938548834	0.712032311318313	60.606030244373514	6.857676005283883	0.0066241617819849065
0.02304	0.6182129346739584	0.7023699604217313	58.000508254351374	6.587072953848512	0.006884477242895783
0.02432	0.6073357916271511	0.6930252377038477	55.59997299054104	6.336022588630238	0.007140533333738179
0.0256	0.5968662750016018	0.6839751123682435	53.37859970291422	6.102186888092899	0.00739268113315102
0.02688	0.5867744972035128	0.6751990665347657	51.31497735009981	5.8836170603961016	0.007641237521198376
0.02816	0.5770341442648741	0.6666790561435774	49.39121444428421	5.678679327999658	0.007886472317806087
0.02944	0.5676214193436256	0.6583986765915149	47.59215644207189	5.485982698511012	0.008128636729620041
0.030720000000000004	0.5585151123432862	0.650343316268427	45.904919040576495	5.304339574529626	0.008367947436438511
0.032	0.5496958954444849	0.6424995899565188	44.31842424525983	5.132722508793512	0.008604607367842073
0.033280000000000004	0.5411464050051314	0.6348554792083917	42.82312228160468	4.97024136923896	0.008838792823741842
0.03456	0.5328507236032574	0.6273999095906225	41.41069802545644	4.816115877514441	0.009070669835220587
0.035840000000000004	0.5247944537463062	0.6201228686916392	40.073897868782055	4.669661758402356	0.009300383647983678
0.03712	0.5169643271746291	0.6130150826265509	38.80633719650469	4.530272563349805	0.009528071804265239
0.038400000000000004	0.5093482702963403	0.606068115799013	37.60238922804368	4.397410974630752	0.009753855381758493
0.03968	0.5019351041498877	0.5992741188986627	36.45705476218077	4.270596347499283	0.009977849615700512
0.04096	0.49471460211800894	0.5926259137578029	35.3658887700345	4.149399087024479	0.010200156504202085
0.04352	0.48083235487925613	0.5797550608585191	33.33428949668663	3.922625331383832	0.010639730279955465
0.04608	0.46761590399804526	0.5673936745763014	31.47603676929529	3.7141227002546104	0.011073623950226756
0.04864	0.4550031688856644	0.5554972491147401	29.768424202471696	3.5216371387205982	0.011502489945267362
0.0512	0.4429439101935468	0.5440299811938121	28.193394288515872	3.3433432302048836	0.011926803909601756
0.05376	0.43139431029464836	0.532960436370892	26.73587484986406	3.177703891048369	0.012347002797413052
0.05632	0.42031613606490686	0.5222611978136356	25.38313384386424	3.023414824836321	0.012763449137554927
0.05888	0.40967513653535453	0.5119075047903296	24.124277020983392	2.8793516331731333	0.013176486428929407
0.06144000000000001	0.3994410455599285	0.5018774790287273	22.949963232399433	2.744544855891283	0.013586401331282916
0.064	0.38958654797892694	0.4921512206023843	21.852099397853053	2.6181479249375843	0.013993466429824047
0.06656000000000001	0.3800873174951696	0.48271101052924076	20.823661446681136	2.4994221179814073	0.014397910029762123
0.06912	0.3709212529161876	0.4735406296567661	19.85849333724311	2.387715332801936	0.01479995066442716
0.07168000000000001	0.3620685232512681	0.46462552950202046	18.95119258554047	2.2824525957864505	0.015199772185703984
0.07424	0.3535109950049924	0.4559523107466251	18.09697557371077	2.183121566276099	0.015597551880138342
0.07680000000000001	0.34523228419455937	0.44750887202407086	17.29160339200572	2.0892664210993477	0.015993439467492217
0.07936	0.33721732036352603	0.4392840044218131	16.531289179724986	2.0004776808473164	0.016387580355045384
0.08192	0.32945240140735776	0.4312675220537921	15.812648973107313	1.916388182268201	0.016780097698966056
0.08704	0.3146603711939593	0.41585533948773473	14.492983215898933	1.7613734800697145	0.017560129132811957
0.09216	0.3007258321914322	0.4011704365879856	13.305892326842676	1.6214952344456948	0.01833498045652955
0.09728	0.28756659623334035	0.3871496881486844	12.233957652476748	1.4948085350125293	0.01910542894916585
0.1024	0.275118731070211	0.37374458138035876	11.263358470746073	1.3797509364874658	0.019871977853491662
0.10752	0.26332649106287187	0.3609124645519397	10.38235175438878	1.2749982169853291	0.02063512101539078
0.11264	0.2521410331443882	0.3486160071514507	9.58088400877036	1.1794201114702412	0.021395231166659923
0.11776	0.24151840470850905	0.3368212340118727	8.850271570692598	1.0920380851535796	0.022152684861316357
0.12288000000000002	0.23141969230007486	0.3254980701925147	8.183022794625664	1.0120066787550746	0.022907762791024532
0.128	0.22180965858163085	0.31461897788735865	7.572611906944944	0.9385865712264705	0.023660751309724
0.13312000000000002	0.21265685352446562	0.30415937818725697	7.0133537646113995	0.871132489853114	0.024411861664341943
0.13824	0.20393257785942617	0.29409659677140454	6.500248126201479	0.8090748966263054	0.025161313339241025
0.14336000000000002	0.19561098966524182	0.28441021016685625	6.028897550573158	0.7519121200778287	0.025909266600736062
0.14848	0.1876683248090456	0.27508123389604455	5.5954010847803115	0.6991977477994086	0.0266558915508411
0.15360000000000001	0.180083009698686	0.2660924212107593	5.196299075865983	0.6505354532293839	0.02740131087330848
0.15872	0.17283506903816104	0.25742763127083834	4.828504057704053	0.6055701270870993	0.02814565779335274
0.16384	0.16590623811060146	0.249072088495606	4.489256541255388	0.5639843934811536	0.028889026974647607
0.17408	0.1530017103995246	0.2332982775416833	3.8903616822857106	0.4901451128323615	0.030372388614046147
0.18432	0.14117218694724742	0.2185965559930092	3.377420355111142	0.4266437812297054	0.03185291354016259
0.19456	0.13030747398009324	0.20487262213718205	2.93689840294622	0.37186457982105814	0.03333125250500795
0.2048	0.12032166096355344	0.1920540515549287	2.557998746537018	0.32452006084426466	0.034807654775601334
0.21504	0.11113749615003869	0.18007466435365446	2.231564469344925	0.28352913781324085	0.03628249326123924
0.22528	0.10268571068240154	0.16887465869517504	1.9498701798650866	0.2479827862982437	0.03775593565479639
0.23552	0.09490305495563464	0.15839829437579828	1.706380538083106	0.2171098260311302	0.03922825335909268
0.24576000000000003	0.0877329032407455	0.14859518970581947	1.4955917391736453	0.19025876750562198	0.04069955450212853
0.256	0.08112363359875277	0.13941849047687604	1.3128367132843621	0.16687444978249152	0.042170033805954986
0.26624000000000003	0.07502887675082213	0.1308256737191388	1.154166319301043	0.14648519510102795	0.043639758359740016
0.27648	0.0694062368954847	0.12277710022160607	1.016215729838944	0.12868698646473276	0.04510886970612904
0.28672000000000003	0.06421744365509555	0.11523659223992881	0.8961227559701683	0.11313467652370164	0.04657740870675311
0.29696	0.05942739376349586	0.1081703327555395	0.7914406938408538	0.09953127697224243	0.048045480295048695
0.30720000000000003	0.05500426580119948	0.10154730901892416	0.700077824165987	0.08762189576030997	0.0495131088189868
0.31744	0.050918798537565965	0.095338471722869	0.6202388155440971	0.07718637150489427	0.05098037360819705
0.32768	0.04714437682339503	0.08951707775746232	0.5503852582316834	0.06803501360037612	0.052447288657263356
0.34816	0.040495702853183733	0.07902298548458879	0.4367649321161192	0.05306183867251885	0.05537931235658389
0.36864	0.03479860603189981	0.06977381541140812	0.34863283801810446	0.041463312990046755	0.05831040545249149
0.38912	0.029910420691980424	0.061612693956753055	0.2800083624521775	0.03245130373939177	0.06124097391709323
0.4096	0.025718340314794974	0.05441453312362496	0.22641444049686119	0.02543923121663668	0.06417088151293622
0.43008	0.02212349867276898	0.04806639166018399	0.1843795617479955	0.019974309210905733	0.06710035697176485
0.45056	0.01904051845472593	0.04246808156291575	0.1512511755927253	0.015708122571607634	0.07002932081191232
0.47104	0.016395510838367666	0.03753005286439064	0.1250014970143344	0.012371721288314545	0.07295794908728054
0.49152000000000007	0.014125516620379941	0.03317385917968263	0.10408739738081685	0.009758145273002642	0.07588618517897927
0.512	0.012176468166514139	0.029329989908400002	0.08732708424393314	0.007707339050335929	0.07881415788607013
0.5324800000000001	0.010502368320760928	0.025937649826850533	0.07381604417123691	0.006095666010607567	0.08174182445407824
0.55296	0.009063758788088086	0.022943072258367534	0.06285722540070711	0.004827149418449827	0.08466927941696016
0.5734400000000001	0.007827034075084144	0.02029918151488557	0.053913333411480586	0.0038273290464322565	0.08759649055843656
0.59392	0.006763362145850933	0.017964365830921786	0.046567351223392894	0.003038184882205127	0.09052352810071479
0.6144000000000001	0.005848156240480178	0.01590214680931763	0.04049538726485184	0.0024145238179041862	0.09345036800294484
0.63488	0.005060315806689723	0.014080288075310282	0.03544412043404383	0.0019210094395924154	0.09637706300538922
0.65536	0.004381825282428757	0.012470498147401983	0.031215192319472642	0.0015300176594089314	0.09930359532784261
0.69632	0.0033114455819944436	0.009830387705787468	0.024741361440412835	0.0009805524928412626	0.10515575246079309
0.73728	0.0025087165041168752	0.007754789532928347	0.019982101366984126	0.0006304313620504286	0.11100746500942643
0.77824	0.0019055137806685293	0.006120898267493826	0.016415018397848494	0.0004063948571298876	0.1168589697082667
0.8192	0.0014525008356208926	0.004836071473572285	0.013692522291983363	0.00026278082594665054	0.12271012258042499
0.86016	0.001111966020054195	0.0038258858875350053	0.0115757864912695	0.00017047956318838562	0.12856106070406867
0.90112	0.000855511149471007	0.003031355842561628	0.009901303183837182	0.00011097876381454443	0.1344117204520968
0.94208	0.0006618774116089008	0.0024059578074697337	0.008555518433428633	7.249583319650782e-5	0.14026219524628142
0.9830400000000001	0.0005152531668924554	0.0019132685060403263	0.007458813666829235	4.752516270488682e-5	0.14611245330299596
1.024	0.00040385350846718136	0.001524721459617111	0.006553742510712476	3.126804042532765e-5	0.15196255567417202
1.0649600000000001	0.0003189076569476313	0.001217972299498863	0.005798506610224635	2.0648906232147165e-5	0.15781248638480969
1.10592	0.00025386785938449636	0.0009755004250309715	0.005162044311324654	1.3689036853103825e-5	0.16366228597482438
1.1468800000000001	0.0002038463308894016	0.0007835862152875597	0.004620943322222178	9.111974888402107e-6	0.16951194696509747
1.18784	0.000165183836797224	0.0006314641581920642	0.004157269042995827	6.091347032015046e-6	0.1753614969969744
1.2288000000000001	0.00013513906175739203	0.0005106930726525239	0.0037571145910460695	4.090707283084456e-6	0.18121093318889334
1.26976	0.00011165261122616553	0.0004146428219434079	0.003409549470849366	2.7606378670178615e-6	0.18706027491555666
1.31072	9.317526041742973e-5	0.0003381072499480482	0.0031058939167573477	1.8729072968556808e-6	0.19290952173708162
1.39264	6.74632533266183e-5	0.00023071061636388028	0.00261355616285181	8.959883443060342e-7	0.20460764901364714
1.47456	5.0571699167071075e-5	0.00016052602821566028	0.0022233892531247925	4.3938749294305803e-7	0.2163054887264236
1.55648	3.9143122635297406e-5	0.0001141259722699256	0.0019098424772361088	2.2167416435156882e-7	0.2280031126953483
1.6384	3.1188686468460425e-5	8.314912906625874e-5	0.0016548401696117301	1.158665811514665e-7	0.23970051846191193
1.72032	2.5479260518939437e-5	6.218927598491549e-5	0.0014450793507329032	6.318493747554546e-8	0.25139774895136663
1.80224	2.1253026919399877e-5	4.7768552787915405e-5	0.0012707345775955648	3.617351027388842e-8	0.26309481031737403
1.88416	1.803343244176125e-5	3.765418633283297e-5	0.0011244626366812259	2.1841758067252458e-8	0.2747917311258915
1.9660800000000003	1.5516719216105537e-5	3.0407852282971745e-5	0.0010007001368560115	1.3936671443068782e-8	0.2864885183861442
2.048	1.3505024410889783e-5	2.5097573269965736e-5	0.0008951746808034294	9.386097456709839e-9	0.2981851916701196
2.1299200000000003	1.1866104242985425e-5	2.1114427008289918e-5	0.0008045652651849632	6.64482658875257e-9	0.3098817573630568
2.21184	1.0509328242282126e-5	1.805694016456063e-5	0.0007262610594605005	4.915089874606856e-9	0.32157822942459185
2.2937600000000002	9.370885903432524e-6	1.565731152494318e-5	0.0006581886451636914	3.772895770436017e-9	0.3332746133158194
2.37568	8.404743174716221e-6	1.3734722588702306e-5	0.0005986858030274357	2.9857790830588577e-9	0.34497091932793766
2.4576000000000002	7.576866309621673e-6	1.2165235346358693e-5	0.0005464085458704082	2.4219627363872415e-9	0.3566671520327524
2.53952	6.861563210737021e-6	1.0862595433592027e-5	0.0005002614963278844	2.004141582157443e-9	0.36836331922365223
2.62144	6.239046896627942e-6	9.765686541700582e-6	0.00045934537952929287	1.685343893928021e-9	0.38005942470652415
2.78528	5.2368258902427496e-6	8.064238152865414e-6	0.00039195074299806234	1.2455898488606838e-9	0.4034514166269006
2.94912	4.445282295119382e-6	6.766192957563918e-6	0.0003373594100379843	9.528929638411643e-10	0.42684321518275575
3.11296	3.809975705957099e-6	5.748864026447497e-6	0.0002925550034294029	7.479922759963499e-10	0.4502348559029885
3.2768	3.2930236392593568e-6	4.935444903027679e-6	0.0002553933865668478	5.993591926646316e-10	0.47362635228276884
3.44064	2.8670561907556234e-6	4.274031205883964e-6	0.00022427229904349588	4.885899313858927e-10	0.4970177265646752
3.60448	2.512129393615201e-6	3.7285581514595053e-6	0.00019797681215385243	4.0429699433981536e-10	0.5204089891665773
3.76832	2.2135262964699277e-6	3.273354772065516e-6	0.00017559103367148488	3.3909011576680533e-10	0.5438001557159468
3.9321600000000005	1.9601488287140274e-6	2.889632492300649e-6	0.0001563938318110697	2.8797144477774723e-10	0.5671912342207094
4.096	1.7434994138562247e-6	2.563329083766796e-6	0.00013982591820730682	2.4744930032089396e-10	0.5905822359984134
4.2598400000000005	1.5569912108821824e-6	2.2837267295086557e-6	0.0001254455122873769	2.1501896992324427e-10	0.6139731672751461
4.42368	1.3954573899817812e-6	2.0425297771696398e-6	0.0001129001865996616	1.888443961868337e-10	0.6373640364677561
4.5875200000000005	1.254799785239622e-6	1.8332287450086076e-6	0.00010190613175972624	1.6755537488345448e-10	0.6607548484725263
4.75136	1.1317344020505208e-6	1.650654482076631e-6	9.223271972273152e-5	1.5011415964184895e-10	0.6841456096838309
4.9152000000000005	1.023604159873148e-6	1.4906570089752814e-6	8.369090874851076e-5	1.357250748235527e-10	0.707536323990084
5.07904	9.282395701406559e-7	1.3498712277766306e-6	7.612445322201696e-5	1.2377176627753686e-10	0.7309269963323334
5.24288	8.438538503572138e-7	1.2255427772677704e-6	6.940318877751165e-5	1.137726642118223e-10	0.7543176298232243
5.57056	7.063832854388561e-7	1.023301699639063e-6	5.84072678964056e-5	9.852739322049039e-11	0.8010987588570823
5.89824	5.963842945111526e-7	8.619590453272715e-7	4.956211554206742e-5	8.72814925746238e-11	0.8478797686607582
6.22592	5.075668420349219e-7	7.320405885022983e-7	4.238557448543807e-5	7.872260269201173e-11	0.8946606826723829
6.5536	4.3540824323877047e-7	6.267126394516646e-7	3.653365983741157e-5	7.200703369587275e-11	0.9414415113842559
6.88128	3.7649146351322385e-7	5.408469870132263e-7	3.1741590783840285e-5	6.657542099781467e-11	0.9882222685590097
7.20896	3.281815671862062e-7	4.705260485622085e-7	2.7802169300391996e-5	6.20530116053593e-11	1.0350029612850233
7.53664	2.884148122508529e-7	4.1270203685053295e-7	2.4551653066757064e-5	5.8186575941563305e-11	1.081783598833044
7.864320000000001	2.5555754214698946e-7	3.6497221768007626e-7	2.185964880948123e-5	5.480363975435687e-11	1.128564186077544
8.192	2.283066931954447e-7	3.2542506837414734e-7	1.9621692464599778e-5	5.178577388524409e-11	1.1753447293819135
8.519680000000001	2.0561691021928283e-7	2.925298698494659e-7	1.7753697946817685e-5	4.9050921949245817e-11	1.2221252321239349
8.84736	1.86645855867025e-7	2.6505481958488903e-7	1.618773337494785e-5	4.6541625722797414e-11	1.268905698752935
9.175040000000001	1.707124471114813e-7	2.420049291063798e-7	1.4868761373369025e-5	4.4217140747187776e-11	1.3156861316369675
9.50272	1.5726451680808467e-7	2.2257416522706725e-7	1.3752092801562158e-5	4.2048134454541196e-11	1.3624665339494495
9.830400000000001	1.4585348366466766e-7	2.0610809599960175e-7	1.2801378387760484e-5	4.00131086417224e-11	1.4092469073791134
10.15808	1.3611432764838196e-7	1.9207444375155883e-7	1.1987011963386235e-5	3.809597701547033e-11	1.456027254239721
10.48576	1.2774964120857759e-7	1.8003968284517427e-7	1.1284853132025239e-5	3.628441977202822e-11	1.5028075757639712
11.14112	1.1468838883124749e-7	1.612882919432929e-7	1.0180198166924031e-5	3.297245135967655e-11	1.596368122959916
11.79648	1.0449056703169806e-7	1.467066101510675e-7	9.310886431824655e-6	2.9982396544853785e-11	1.6899285829538535
12.45184	9.627950714397212e-8	1.350088590966393e-7	8.604844774021968e-6	2.727317481348497e-11	1.7834889670471215
13.1072	8.948500551362522e-8	1.253618358420658e-7	8.015733558179303e-6	2.4814138367328557e-11	1.877049278503817
13.76256	8.371652469394383e-8	1.1719680323955394e-7	7.511762332440265e-6	2.2579912511852118e-11	1.9706095237039631
14.41792	7.870414762845965e-8	1.1012130835187888e-7	7.070914689430615e-6	2.0548678759229175e-11	2.064169705152377
15.07328	7.426036065493931e-8	1.038629394884097e-7	6.677870081657754e-6	1.8701269401939176e-11	2.157729827539372
15.728640000000002	7.025420240830509e-8	9.823158666330472e-8	6.321907654806676e-6	1.7020623968058777e-11	2.251289893074025
16.384	6.659359113059446e-8	9.309370522250305e-8	5.995470323560584e-6	1.5491434773525313e-11	2.3448499054324445
17.039360000000002	6.321321212303192e-8	8.835468575130207e-8	5.69318022153698e-6	1.4099898077443094e-11	2.4384098666578864
17.69472	6.006620996755231e-8	8.394676323273536e-8	5.411163295537654e-6	1.2833526972611302e-11	2.531969779768153
18.350080000000002	5.7118487778738496e-8	7.982072085570103e-8	5.146585776401748e-6	1.168100294494748e-11	2.625529646682487
19.00544	5.4344793446327234e-8	7.594019480503772e-8	4.897335888546089e-6	1.063205294918783e-11	2.71908946995937
19.660800000000002	5.1726031119793953e-8	7.22777623123562e-8	4.661805157319355e-6	9.67734466968025e-12	2.8126492514028074
20.31616	4.9247412955922854e-8	6.88122526370042e-8	4.4387380212273726e-6	8.808395321470889e-12	2.9062089932295345
20.97152	4.689718726855385e-8	6.552689690385076e-8	4.22712830726411e-6	8.017491196260456e-12	2.999768697127313
22.28224	4.261947131522258e-8	5.9548606583150195e-8	3.841688652476886e-6	6.664614144812928e-12	3.18688796869381
23.59296	3.874652830782805e-8	5.413649686206202e-8	3.4927081905467965e-6	5.541400921634706e-12	3.3740071091792516
24.90368	3.523128549179819e-8	4.9224599015073084e-8	3.175899356480512e-6	4.607580366702926e-12	3.5611261332508968
26.2144	3.2037836755022e-8	4.476254823811849e-8	2.8880611370657e-6	3.831135699765785e-12	3.748245050779179
27.52512	2.9135374928399312e-8	4.070717960504739e-8	2.626435422703239e-6	3.1855375906866002e-12	3.9353638718887862
28.83584	2.6496696326892144e-8	3.7020424830987813e-8	2.388578999768199e-6	2.648734255783432e-12	4.122482604875396
30.14656	2.409746520204173e-8	3.36682525572491e-8	2.172302718186628e-6	2.2023910886326042e-12	4.309601257993225
31.457280000000004	2.1915758593047598e-8	3.062001704772323e-8	1.9756327118394376e-6	1.8312635934897134e-12	4.4967198382165385
32.768	1.993174841764696e-8	2.784800688919965e-8	1.7967828173854975e-6	1.522676447015134e-12	4.683838352325097
34.078720000000004	1.812746033864701e-8	2.5327104511225914e-8	1.6341333871365085e-6	1.2660904557651627e-12	4.870956806136687
35.38944	1.6486579080676347e-8	2.3034512342205838e-8	1.4862140222672909e-6	1.0527425294252073e-12	5.058075205241028
36.700160000000004	1.4994284084502157e-8	2.094952223974528e-8	1.3516889041004542e-6	8.753463487350882e-13	5.245193554469343
38.01088	1.3637106633763338e-8	1.905331537958859e-8	1.229343990539742e-6	7.278434866491062e-13	5.432311858440369
39.321600000000004	1.2402803361848358e-8	1.7328785265418373e-8	1.1180756529453774e-6	6.051964771406875e-13	5.619430121155499
40.63232	1.1280243026897226e-8	1.5760379398555606e-8	1.0168804902727257e-6	5.032167588745756e-13	5.80654834643624
41.94304	1.0259304509878435e-8	1.433395669114576e-8	9.24846145234667e-7	4.1842161598065583e-13	5.993666537591441
44.56448	8.53878940986905e-9	1.1930329658881776e-8	7.697070613805892e-7	2.9284460024544477e-13	6.3679028032159595
47.18592	7.109958501182356e-9	9.933971994396901e-9	6.40912103002347e-7	2.0515880692854473e-13	6.742138966865051
49.80736	5.920504963193232e-9	8.272072307327521e-9	5.336920806304208e-7	1.437403310283071e-13	7.116375048119303
52.4288	4.93008054229187e-9	6.888259751887918e-9	4.4441240383241356e-7	1.0070960193672912e-13	7.4906110601421085
55.05024	4.105357318519462e-9	5.73596409826887e-9	3.7006943916942793e-7	7.056093514697487e-14	7.864847015250724
57.67168	3.418607856409243e-9	4.776444256118262e-9	3.0816380873251226e-7	4.9437759297553804e-14	8.239082922368238
60.29312	2.8467467448256913e-9	3.9774454292309676e-9	2.566145377409662e-7	3.4638111835787884e-14	8.61331879012384
62.91456000000001	2.3705519858585977e-9	3.3121107796749323e-9	2.1368890597954125e-7	2.4268929199740617e-14	8.987554624608507
65.536	1.974018151936827e-9	2.7580776461302656e-9	1.7794414165852812e-7	1.7003878222077354e-14	9.361790431884456
68.15744000000001	1.643817975456252e-9	2.2967252778892715e-9	1.481788884598472e-7	1.1913690610265041e-14	9.736026216095286
70.77888	1.368854111197654e-9	1.912548557944015e-9	1.2339280068456386e-7	8.347291946071208e-15	10.11026198150988
73.40032000000001	1.1398859516500415e-9	1.592636590375348e-9	1.0275290369228531e-7	5.848518077141209e-15	10.48449773093519
76.02176	9.492189168699873e-10	1.3262385774651634e-9	8.556558583343479e-8	4.0977646505858315e-15	10.858733467385386
78.64320000000001	7.904457544162929e-10	1.104402365288217e-9	7.125327864427408e-8	2.8711053103511096e-15	11.232969192751986
81.26464	6.582311380673817e-10	9.196734863579823e-10	5.9335040055247977e-8	2.0116488016744398e-15	11.607204909169806
83.88608	5.481323160262063e-10	7.658445704861855e-10	4.9410387173154146e-8	1.4094709429618164e-15	11.981440617905088
89.12896	3.88057799894825e-10	5.422120284444575e-10	3.497695695507293e-8	7.210151086980388e-16	12.729912005805708
94.37184	2.752461215906796e-10	3.84585067220677e-10	2.4809207136678627e-8	3.703091130542482e-16	13.478383375637867
99.61472	1.952697656114898e-10	2.728385113000507e-10	1.760061155088184e-8	1.902619255787995e-16	14.226854735555035
104.8576	1.3853479235990818e-10	1.935661764933968e-10	1.2486816193408025e-8	9.775910753162133e-17	14.97532608696768
110.10048	9.828441460255165e-11	1.3732678612667816e-10	8.858854139587825e-9	5.0230342383792757e-17	15.723797433874733
115.34336	6.97287036479189e-11	9.74276397267489e-11	6.2849888997902265e-9	2.5809361191560163e-17	16.47226877653356
120.58624	4.9469730980961616e-11	6.912101855153792e-11	4.458948925139962e-9	1.3261432659564101e-17	17.22074011723575
125.82912000000002	3.509687759724198e-11	4.903871173107221e-11	3.163453488094305e-9	6.814055797412665e-18	17.96921145582041
131.072	2.4899942949221546e-11	3.4791160481153095e-11	2.2443539334621458e-9	3.5012487367572e-18	18.717682793635873
136.31488000000002	1.766563000450431e-11	2.468309902225568e-11	1.592289914163211e-9	1.7990459999162584e-18	19.466154130399882
141.55776	1.2533165871996013e-11	1.7511822053469547e-11	1.1296757866887847e-9	9.244077471691705e-19	20.214625466926247
146.80064000000002	8.891873985749814e-12	1.2424068595740537e-11	8.014683001778682e-10	4.7499263187616185e-19	20.963096802933332
152.04352	6.308507785990513e-12	8.814489773390867e-12	5.68616830687321e-10	2.440687278295983e-19	21.711568138924495
157.28640000000001	4.475698258180059e-12	6.25361770408129e-12	4.03416709078733e-10	1.2541207414830653e-19	22.460039474661187
162.52928	3.175380323297999e-12	4.436763427935793e-12	2.862126644180275e-10	6.444192287785209e-20	23.208510810461775
167.77216	2.2528458438105125e-12	3.147762758109533e-12	2.030600956618906e-10	3.311307683724039e-20	23.956982146139048
178.25792	1.204895521275825e-12	1.6836734530663834e-12	1.0857779951613558e-10	9.86460979056429e-21	25.453924814973274
188.74368	6.494654901897714e-13	9.075265733400531e-13	5.852812317523405e-11	2.986553965067876e-21	26.950867483457085
199.22944	3.5045060761573283e-13	4.896983831548899e-13	3.1581907203930883e-11	9.060715593379955e-22	28.447810152918937
209.7152	1.8912863290900227e-13	2.642767847680082e-13	1.7043905384172e-11	2.7496042090974935e-22	29.944752822395216
220.20096	1.0206924763501765e-13	1.426253224786568e-13	9.198283024909548e-12	8.344363078627584e-23	31.441695492396256
230.68672	5.508498265133154e-14	7.69723853227165e-14	4.9641519516129625e-12	2.5323224804689545e-23	32.93863816241747
241.17248	2.972839692553025e-14	4.154064373254149e-14	2.679065507225867e-12	7.685042203304213e-24	34.43558083270948
251.65824000000003	1.6043892392167602e-14	2.2418754160833155e-14	1.4458444601254599e-12	2.332249006708179e-24	35.93252350301523
262.144	8.658607037360875e-15	1.2099008080785536e-14	7.802968583266162e-13	7.077910780593067e-25	37.42946617345919
272.62976000000003	4.67289921480707e-15	6.5296236946976595e-15	4.2111260041683137e-13	2.148012622934954e-25	38.926408843911126
283.11552	2.5218829989360125e-15	3.5239251513363258e-15	2.2726719420897432e-13	6.51883808753129e-26	40.423351514433186
293.60128000000003	1.3610172250275793e-15	1.9018022871625958e-15	1.2265222539112737e-13	1.9783594594316692e-26	41.92029418495955
304.08704	7.345180973592452e-16	1.0263707019483908e-15	6.619334158468447e-14	6.0040162969932116e-27	43.417236855521374
314.57280000000003	3.964072491666363e-16	5.539152678457066e-16	3.572344944546806e-14	1.8221333748663944e-27	44.91417952608544
325.05856	2.1393453306051425e-16	2.9893904572764634e-16	1.9279363317684607e-14	5.529935727209003e-28	46.41112219666739
335.54432	1.1545704107033552e-16	1.6133261593788144e-16	1.0404763465028375e-14	1.678269087291397e-28	47.9080648672505
356.51584	3.860696624582658e-17	5.39578788458583e-17	3.477310820773292e-15	2.033882407410855e-29	50.9019502083802
377.48736	1.3329890588071135e-17	1.862941440430152e-17	1.2007552677789192e-15	2.6313135196708615e-30	53.8958355495075
398.45888	4.635133159837447e-18	6.477825748576401e-18	4.175447460347279e-16	3.45220744176626e-31	56.88972089066063
419.4304	1.6141367690613351e-18	2.2558307340782505e-18	1.4540637419438763e-16	4.5424313240718716e-32	59.88360623181543
440.40192	5.622756460448133e-19	7.858059326750803e-19	5.065156031672936e-17	5.98054802644945e-33	62.87749157297791
461.37344	1.9587703746913724e-19	2.737471033575896e-19	1.7645223135099248e-17	7.874925322722638e-34	65.8713769141409
482.34496	6.823726873728971e-20	9.536469893990585e-20	6.147028996018212e-18	1.0369604766742408e-34	68.86526225530613
503.31648000000007	2.3771656798619868e-20	3.322197629004493e-20	2.141425960108222e-18	1.3654628170536176e-35	71.85914759647152
524.288	8.281258005607218e-21	1.1573436523294662e-20	7.460018618635387e-19	1.798034320971671e-36	74.85303293763754
545.2595200000001	2.884909731498809e-21	4.0317932463723836e-21	2.598817662399226e-19	2.3676435911317575e-37	77.8469182788036
566.23104	1.0050028453486227e-21	1.4045374420608073e-21	9.053382271319476e-20	3.117704585421657e-38	80.84080361996986
587.2025600000001	3.5010765003030604e-22	4.892914594389674e-22	3.153879923573349e-20	4.10538527469728e-39	83.83468896113614
608.17408	1.2196500365623973e-22	1.704516747641041e-22	1.0986991158784517e-20	5.405964809071547e-40	86.82857430230247
629.1456000000001	4.248819190402914e-23	5.937919342634147e-23	3.827469866732841e-21	7.118571196309588e-41	89.82245964346882
650.11712	1.4801328492983657e-23	2.068553442589169e-23	1.3333501569334669e-21	9.373736634824319e-42	92.81634498463515
671.08864	5.156233920550674e-24	7.206073113154699e-24	4.644897342537858e-22	1.2343346442101547e-42	95.81023032580148
713.03168	6.909735547308237e-25	9.662486584753839e-25	6.214282165125206e-23	2.594631428975255e-44	101.79800100813418
754.97472	1.0008422872134653e-25	1.3994676590715368e-25	9.003218552668404e-24	6.394779213062054e-46	107.78577169046689
796.91776	1.5336466914397597e-26	2.1442975036677046e-26	1.3798993126495938e-24	1.7638377208400158e-47	113.7735423727996
838.8608	2.4353009989692846e-27	3.404822751182253e-27	2.1914089675581363e-25	5.223325528886991e-49	119.7613130551323
880.80384	3.9485914439708965e-28	5.520447825393362e-28	3.5533703385392505e-26	1.6125754242984597e-50	125.74908373746501
922.74688	6.477570921443855e-29	9.056050649798717e-29	5.8294240734088476e-27	5.096023048729712e-52	131.73685441979774
964.68992	1.0694463795233786e-29	1.4951429799860232e-29	9.62455638021712e-28	1.6311140398341777e-53	137.72462510213046
1006.6329600000001	1.7717495382346857e-30	2.4769911635610213e-30	1.5945144011939903e-28	5.256832219051597e-55	143.71239578446315
1048.576	2.9406667959122537e-31	4.111185796268108e-31	2.646514544414965e-29	1.700440515738528e-56	149.70016646679588
1090.5190400000001	4.885570054691167e-32	6.830241896334489e-32	4.396883496726862e-30	5.511242951720953e-58	155.68793714912857
1132.46208	8.121022941639514e-33	1.1353541221637307e-32	7.3087163756916585e-31	1.7880908177855002e-59	161.6757078314613
1174.4051200000001	1.3502864689647715e-33	1.8877583309271854e-33	1.215224825449432e-31	5.804557877303252e-61	167.663478513794
1216.34816	2.245454576976923e-34	3.1392412295981803e-34	2.0208550863259566e-32	1.8848441105824025e-62	173.6512491961267
1258.2912000000001	3.734357040805891e-35	5.220789953589633e-35	3.360832192362861e-33	6.121368870073413e-64	179.6390198784594
1300.23424	6.210759697293681e-36	8.682905852165591e-36	5.589536063897533e-34	1.9881846597255014e-65	185.62679056079207
1342.17728	1.0329576927341694e-36	1.444118702504419e-36	9.29637411437557e-35	6.457777897366579e-67	191.61456124312474
1426.06336	-1.2912200087032231e-37	-1.8046047707745929e-37	-1.1634291398503355e-35	1.3815324664739687e-68	203.59010260779013
1509.94944	-2.500899907752649e-38	-3.496261710371486e-38	-2.2511482296032013e-36	7.059822198039577e-70	215.56564397245552
1593.83552	-2.4549237699719e-39	-3.432492208094808e-39	-2.208751049002987e-37	9.27595966341362e-72	227.54118533712094
1677.7216	-1.5152884836549858e-40	-2.1190456647064105e-40	-1.3626020538357516e-38	4.818165002590506e-74	239.51672670178633
1761.60768	-2.746031646634902e-42	-3.8443430501226507e-42	-2.4606889903012466e-40	2.1445469630218894e-77	251.49226806645171
1845.49376	7.263256422495029e-43	1.0151596198513727e-42	6.543099562156141e-41	2.069511976796295e-78	263.4678094311171
1929.37984	1.1839025484788007e-43	1.655156221482405e-43	1.0655700536349787e-41	7.491070773564e-80	275.44335079578246
2013.2659200000003	1.0785988404085942e-44	1.5081397994674078e-44	9.703700016566368e-43	8.478787772726785e-82	287.41889216044785
2097.152	6.040568461351357e-46	8.447782932576703e-46	5.431090273896799e-44	3.6250362264191617e-84	299.39443352511324
2181.0380800000003	3.698975961655391e-48	5.194018239336077e-48	3.2823230997548696e-46	1.8070922455629726e-88	311.3699748897786
2264.92416	-3.878148124482845e-48	-5.420777552318767e-48	-3.4927419753497926e-46	2.792737235391024e-88	323.34551625444396
2348.8102400000002	-5.526451303490984e-49	-7.726451262963994e-49	-4.973682020729144e-47	7.72916461845441e-90	335.3210576191094
2432.69632	-4.681311158621591e-50	-6.54574678204216e-50	-4.2112653112477787e-48	7.562775681450658e-92	347.2965989837748
2516.5824000000002	-2.3403188842548925e-51	-3.273150413603612e-51	-2.1037808872674956e-49	2.57594470408603e-94	359.2721403484402
2600.46848	2.209943276211769e-53	3.0799626793788405e-53	2.0090457844526396e-51	3.20623036437361e-98	371.2476817131056
2684.35456	1.9964740847949255e-53	2.790781449995289e-53	1.7977344972566482e-51	3.503851591644374e-98	383.22322307777097
2852.12672	8.120970666805553e-54	1.137188140077919e-53	7.279685911022278e-52	1.0362256289921456e-98	407.1743058071018
3019.89888	4.57657605053532e-55	6.4033077504294044e-55	4.1108499802915895e-53	5.941976997803984e-101	431.1253885364326
3187.67104	5.067047623430115e-57	7.062764000299797e-57	4.590568452886465e-55	1.3320506664828085e-104	455.07647126576336
3355.4432	-1.037259059976062e-57	-1.4528918907886227e-57	-9.29273033603717e-56	9.812592013781889e-106	479.0275539950942
3523.21536	-8.125168356452866e-59	-1.1370668496916278e-58	-7.294413204927959e-57	1.086891196388693e-107	502.97863672442503
3690.98752	-2.1006709167394041e-60	-2.93586805278262e-60	-1.8916269230394793e-58	1.3139671550853505e-110	526.9297194537559
3858.75968	1.0753065023035822e-61	1.5073073418988331e-61	9.61700344638901e-60	6.105219176525956e-113	550.8808021830866
4026.5318400000006	1.3106971527060777e-62	1.8346668627135088e-62	1.1760548768278203e-60	1.641289043952976e-114	574.8318849124174
4194.304	5.1663731021367616e-64	7.225365424431383e-64	4.645003000084592e-62	4.6026724979071864e-117	598.7829676417483
4362.0761600000005	-6.002741835181246e-66	-8.442866991193516e-66	-5.326450091413113e-64	1.0879826771750102e-120	622.7340503710791
4529.84832	-1.91905815584158e-66	-2.6869250039312753e-66	-1.7208946300775127e-64	2.0415639843537684e-121	646.6851331004099
4697.6204800000005	-1.046058436951249e-67	-1.4634768747164569e-67	-9.397197255782423e-66	1.0943577141272492e-123	670.6362158297406
4865.39264	-9.691610106716752e-70	-1.3496888208770126e-69	-8.797926830632505e-68	1.7243740922887385e-127	694.5872985590715
5033.1648000000005	2.4916589226839718e-70	3.4898884568606414e-70	2.232524844385209e-68	1.9960507507209597e-128	718.5383812884023
5200.93696	1.8780417090470166e-71	2.628135813184193e-71	1.6861210110002176e-69	2.0467492458290997e-130	742.4894640177331
5368.70912	4.575528524105744e-73	6.393921070356432e-73	4.121345333189281e-71	2.1982311179236798e-133	766.4405467470639
5704.25344	-2.1627875547994695e-73	-3.044625606707597e-73	-1.9126792097209627e-71	1.3870658916821767e-133	814.3427122057254
6039.79776	-6.048586172024892e-75	-8.481151175950949e-75	-5.4039887518714974e-73	3.2049095714884803e-136	862.244877664387
6375.34208	4.931094246614375e-77	7.020264697113361e-77	4.2446622089578204e-75	5.715070351046256e-140	910.1470431230485
6710.8864	7.117240831290904e-78	1.0005084649797678e-77	6.318328171110156e-76	3.6594321032149167e-141	958.0492085817101
7046.43072	1.390854062856716e-79	1.9467854748734245e-79	1.2474190693188144e-77	4.1219173436867395e-144	1005.9513740403719
7381.97504	-3.2105082284917364e-81	-4.535095289279387e-81	-2.8169344266355244e-79	6.074242576045404e-147	1053.8535394990336
7717.51936	-2.1815763432474158e-82	-3.064403665374741e-82	-1.9402132879060617e-80	8.327250257551505e-149	1101.7557049576953
8053.063680000001	-2.6260012211143855e-84	-3.6642343130597166e-84	-2.3724341072506666e-82	3.5979488214681757e-152	1149.657870416357
8388.608	1.4133144579151716e-85	1.991653671906695e-85	1.2472589660199064e-83	2.8737165347884848e-154	1197.5600358750185
8724.152320000001	6.234866902906278e-87	8.751206609998283e-87	5.555268609563572e-85	1.6474216818276445e-156	1245.46220133368
9059.69664	2.7288591817865412e-89	3.753735023071221e-89	2.5470672570923378e-87	1.0007819678765924e-160	1293.3643667923416
9395.240960000001	-5.291267605529452e-90	-7.446824817774655e-90	-4.684203025677885e-88	9.781243266184909e-162	1341.2665322510031
9730.78528	-1.649998125624857e-91	-2.3138116034487372e-91	-1.4733429233044745e-89	2.7963679544902355e-164	1389.1686977096647
10066.329600000001	7.721212387777339e-94	1.1085914838118818e-93	6.503787640498961e-92	1.5746474436016606e-168	1437.0708631683265
10401.87392	1.792009860305708e-94	2.5197294283066616e-94	1.5899065431308935e-92	2.7193043348144935e-169	1484.9730286269883
10737.41824	3.953881555498527e-96	5.537438755797893e-96	3.5413554207879294e-94	3.8986805165800696e-172	1532.87519408565
11408.50688	-1.1223576516726529e-97	-1.6214695032579336e-97	-9.335422757724741e-96	1.7813467943180506e-174	1628.6795250029734
12079.59552	-1.876238649498947e-99	-2.6576249014031598e-99	-1.6338156113056568e-97	3.4158022215775224e-177	1724.4838559202967
12750.68416	8.072689756388436e-102	1.192946806971995e-101	6.369215165725693e-100	3.2200390689114256e-181	1820.2881868376198
13421.7728	5.032961264779416e-103	7.165775065217257e-103	4.330272826261284e-101	9.216855496387834e-183	1916.0925177549432
14092.86144	2.757238541743566e-105	3.834171079710248e-105	2.498183672439043e-103	1.899012039330746e-186	2011.8968486722665
14763.95008	-9.034691103651375e-107	-1.2943913362111274e-106	-7.660031770185598e-105	1.105202304062065e-188	2107.70117958959
15435.03872	-1.4597538675236953e-108	-2.064935020224854e-108	-1.2744114328722919e-106	1.893638156182297e-191	2203.5055105069137
16106.127360000002	7.397719330425019e-111	1.083959502261672e-110	5.936193872551941e-109	2.543255659565548e-195	2299.3098414242368
16777.216	4.0293354617818635e-112	5.734154384679951e-112	3.46995615420745e-110	5.37920225668961e-197	2395.11417234156
17448.304640000002	1.9865148313406846e-114	2.7554029840010234e-114	1.810526797900701e-112	9.065167185799572e-201	2490.918503258883
18119.39328	-7.43727750390765e-116	-1.0649513722402027e-115	-6.3135040912170835e-114	6.82343147663732e-203	2586.722834176206
18790.481920000002	-1.136525141767481e-117	-1.6069367888395214e-117	-9.933155775218182e-116	1.0455201139154143e-205	2682.527165093529
19461.57056	6.685832712566294e-120	9.760706107806427e-120	5.414739253669258e-118	1.9231315520977494e-209	2778.3314960108523
20132.659200000002	3.221837173888577e-121	4.583500964955807e-121	2.776658166302108e-119	3.1303631957086043e-211	2874.1358269281754
20803.74784	1.4114043448527857e-123	1.950679509272245e-123	1.2961426477036963e-121	4.222323391910228e-215	2969.940157845499
21474.83648	-6.1087118444108e-125	-8.742824095570628e-125	-5.1916824385208705e-123	4.193321194745847e-217	3065.744488762822
22817.01376	-9.08397807497605e-126	-1.3997771621142905e-125	-6.1661374757923876e-124	1.6765178353737857e-217	3257.353150597469
24159.19104	-1.5000655836887528e-128	-2.1353017763191208e-128	-1.306432819137138e-126	1.801120595479211e-221	3448.961812432116
25501.36832	2.393499958584628e-130	3.808090634482917e-130	1.6064833474735822e-128	6.02143408464986e-224	3640.5704742667626
26843.5456	1.0484605147740715e-132	1.542535489745999e-132	8.314849511834021e-131	3.4475656912812824e-227	3832.1791361014093
28185.72288	-5.261059308997788e-135	-8.646896416528091e-135	-3.3554636320010203e-133	1.1833530044780846e-230	4023.787797936056
29527.90016	-4.856081118906825e-137	-7.295149820665951e-137	-3.68551924383784e-135	2.992036287021539e-233	4215.396459770703
30870.07744	5.6205710587189745e-140	1.080487549386674e-139	2.2469231777560638e-138	2.3255451613663288e-238	4407.00512160535
32212.254720000004	1.8053545329844095e-141	2.760641099174108e-141	1.3234623744579563e-139	1.6856118043704521e-239	4598.613783439997
33554.432	2.628029054376295e-144	3.286778900473683e-144	2.5578785170960867e-142	1.3149922330335712e-243	4790.222445274643
34896.609280000004	-5.544976616772168e-146	-8.649120197168794e-146	-3.9097427171943874e-144	6.415432674208508e-246	4981.831107109289
36238.78656	-2.301198439413484e-148	-3.3133080397367984e-148	-1.8642241796621525e-146	3.0455590534541833e-249	5173.439768943936
37580.963840000004	1.3284374249254502e-150	2.1399098942796118e-150	8.761614448521968e-149	1.404656614202911e-252	5365.048430778582
38923.14112	1.126328911619064e-152	1.6792824314614526e-152	8.62039736103392e-151	2.8391190273888965e-255	5556.657092613228
40265.318400000004	-1.7360732203367927e-155	-3.134553891497988e-155	-8.452759442713479e-154	5.699694621051508e-260	5748.265754447874
41607.49568	-4.312937087761921e-157	-6.568171922590225e-157	-3.179202470759827e-155	1.6835105527341372e-261	5939.8744162825205
42949.67296	-4.8817882727781685e-160	-5.74810479811176e-160	-5.0933133432130285e-158	9.022043219117899e-266	6131.483078117166
45634.02752	5.403560005371361e-161	1.45217991178768e-160	-7.798906272514163e-160	7.139779926084577e-267	6514.700401786458
48318.38208	-1.9581533314653734e-164	-2.200014400063471e-164	-2.1162629205657308e-162	3.564584302124073e-271	6897.917725455751
51002.73664	-3.907256045906261e-167	-5.1200588585372616e-166	1.4365479077275643e-164	7.327156479121603e-274	7281.135049125043
53687.0912	2.994638384010231e-169	4.0554630827537557e-169	2.058037176981542e-167	1.3850307427841185e-277	7664.352372794336
56371.44576	-1.7092490568164407e-172	2.1431428534377555e-171	-3.0195945025503796e-170	5.814915937257084e-281	8047.569696463629
59055.80032	-1.2737557893318947e-174	-2.183060122091023e-174	-1.6123801375766278e-173	3.1867668290255055e-284	8430.78702013292
61740.15488	3.1626274674823915e-179	-1.1610178263668016e-176	-4.83666007001983e-176	2.9661025921498547e-288	8814.004343802213
64424.50944000001	-3.3742841793580325e-181	3.450875985545539e-180	-4.489043161516635e-178	5.5410168419896456e-291	9197.221667471505
67108.864	1.3216193178522063e-183	6.032516736581755e-182	1.4657022509349192e-181	3.6745617425633217e-296	9580.438991140798
69793.21856000001	2.2581236834866315e-185	1.561792882386704e-185	1.941641213062521e-183	7.837540457243579e-298	9963.65631481009
72477.57312	7.033303709403431e-190	-2.9485468774185397e-187	3.5754846266043975e-187	8.579555407529794e-303	10346.873638479385
75161.92768000001	-7.242597612176657e-191	-8.16958289689751e-191	8.093517903408616e-190	9.171070039803494e-305	10730.090962148677
77846.28224	5.1568093170105465e-194	1.5531592736576536e-192	5.1725822833890385e-192	7.890202991346904e-309	11113.30828581797
80530.63680000001	-4.03856421911651e-197	7.256516069123532e-197	-2.7889362195763744e-194	8.676040210436e-312	11496.525609487264
83214.99136	-7.579783624533596e-199	-8.58128926955096e-198	-5.120513038356415e-197	2.41228232e-315	11879.742933156556
85899.34592	7.871608499917022e-202	9.497779137403819e-203	6.290399175374022e-200	6.08333e-319	12262.960256825849
91268.05504	-2.1958197851142287e-202	-5.88417647598716e-202	-2.6704502725234084e-200	2.86943e-319	13029.394904164434
96636.76416	-9.313709025106856e-206	-1.4024172292347563e-205	-7.560916478339012e-204	0.0	13795.829551503019
102005.47328	6.154670327061534e-208	1.7782313442294985e-207	2.0329131061115436e-206	0.0	14562.264198841604
107374.1824	1.1848627368740425e-211	3.1618028388339875e-211	-5.934136303630161e-210	0.0	15328.698846180188
112742.89152	-7.001842016653184e-214	-3.883493378367719e-213	3.7295888933694736e-212	0.0	16095.133493518775
118111.60064	3.707400514377275e-218	-5.266579391046451e-217	2.354890312923122e-215	0.0	16861.568140857362
123480.30976	1.2253388198138546e-219	9.6705656750745e-219	-3.8471267364450534e-219	0.0	17628.002788195947
128849.01888000002	2.626305388534028e-223	2.0064240357016838e-222	2.797130681050338e-221	0.0	18394.43743553453
134217.728	-2.548508919798273e-225	-2.4664184679839936e-224	-3.1853347702943534e-224	0.0	19160.87208287312
139586.43712000002	-8.224713537910306e-229	-6.116189635094733e-228	-2.6822379035935705e-227	0.0	19927.30673021171
144955.14624	4.488210774955905e-231	6.153494163567122e-230	-7.932647760645468e-231	0.0	20693.741377550294
150323.85536000002	9.353261254310537e-235	1.6113616594058655e-233	-5.787816660946332e-233	0.0	21460.17602488888
155692.56448	-7.968926275318243e-237	-1.5368228505029956e-235	1.0645575190028446e-236	0.0	22226.610672227464
161061.27360000001	-1.7500555517515265e-240	-4.442426537691018e-239	8.206194096093129e-240	0.0	22993.04531956605
166429.98272	1.4321572865333953e-242	3.8404161846992055e-241	-1.4833757537746967e-243	0.0	23759.479966904633
171798.69184	4.277517611155087e-246	1.2292815762514272e-244	7.69951940349348e-245	0.0	24525.914614243222
182536.11008	1.6258927690003783e-246	5.575211705561741e-245	4.372545428601739e-246	0.0	26058.783908920395
193273.52832	1.3728262882820043e-251	6.027628902307777e-250	1.2632029712360157e-250	0.0	27591.65320359757
204010.94656	-1.4572167622366414e-252	-6.986264745170736e-251	7.895490365692217e-253	0.0	29124.522498274742
214748.3648	-2.4425513610920447e-257	-1.6976050846912972e-255	1.884892749106917e-256	0.0	30657.391792951912
225485.78304	1.312764394157748e-258	8.754554576751815e-257	-8.520323755304543e-260	0.0	32190.261087629082
236223.20128	3.548361420579372e-263	3.3130995664512626e-261	6.328395196103457e-263	0.0	33723.13038230625
246960.61952	-1.1842630611249772e-264	-1.0969099736327992e-262	-8.606512020748727e-266	0.0	35255.99967698342
257698.03776000004	-4.355638624054573e-269	-5.636732998838107e-267	-2.7989159393060263e-270	0.0	36788.86897166059
268435.456	1.067157047799043e-270	1.3741630687800264e-268	-2.057309566599556e-272	0.0	38321.73826633776
279172.87424000003	4.955043927358185e-275	8.924154404904965e-273	-9.623868500385544e-276	0.0	39854.60756101493
289910.29248	-9.617399147381837e-277	-1.721246222500153e-274	-4.567376530884364e-280	0.0	41387.476855692104
300647.71072000003	-5.4074468389658555e-281	-1.351451480032805e-278	-3.469844522916392e-282	0.0	42920.346150369274
311385.12896	8.666511359593491e-283	2.1556789021289447e-280	1.1081533341469619e-285	0.0	44453.215445046444
322122.54720000003	5.718726136277239e-287	1.9855954870732022e-284	-2.8435102654289185e-289	0.0	45986.084739723614
332859.96544	-7.808675405374983e-289	-2.699363229770633e-286	3.1438990815887523e-292	0.0	47518.954034400784
343597.38368	-5.915952935418462e-293	-2.854014493486687e-290	2.4281413064633313e-295	0.0	49051.82332907795
365072.22016	-2.5782425505929475e-293	-1.2444555554101895e-290	-1.8178834147730588e-296	0.0	52117.5619184323
386547.05664	-9.877826405630324e-299	-6.628567264393607e-296	-4.157922565900916e-301	0.0	55183.30050778664
408021.89312	1.162309683150161e-299	7.798952794416223e-297	-5.580627793330171e-304	0.0	58249.03909714098
429496.7296	1.0108360490287952e-304	9.429403406054708e-302	-8.605369313631687e-308	0.0	61314.77768649533
450971.56608	-5.2395903455670876e-306	-4.887215466863682e-303	3.295183413738e-311	0.0	64380.51627584967
472446.40256	-7.1065121983074e-311	-9.215331561639545e-308	-7.893520195e-315	0.0	67446.25486520403
493921.23904	2.361837655143e-312	3.06235099851989e-309	6.641986e-318	0.0	70511.99345455837
515396.0755200001	4.353003e-317	7.8468610845e-314	-2.7e-322	0.0	73577.73204391272
536870.912	-1.064583e-318	-1.918742606e-315	0.0	0.0	76643.47063326706
558345.7484800001	-2.5e-323	-6.216e-320	0.0	0.0	79709.20922262142
579820.58496	0.0	1.2e-321	0.0	0.0	82774.94781197576
601295.4214400001	0.0	0.0	0.0	0.0	85840.6864013301
622770.25792	0.0	0.0	0.0	0.0	88906.42499068443
644245.0944000001	0.0	0.0	0.0	0.0	91972.16358003877
665719.93088	0.0	0.0	0.0	0.0	95037.90216939311
687194.76736	0.0	0.0	0.0	0.0	98103.64075874745
730144.44032	0.0	0.0	0.0	0.0	104235.11793745616
773094.11328	0.0	0.0	0.0	0.0	110366.59511616484
816043.78624	0.0	0.0	0.0	0.0	116498.07229487353
858993.4592	0.0	0.0	0.0	0.0	122629.54947358221
901943.13216	0.0	0.0	0.0	0.0	128761.0266522909
944892.80512	0.0	0.0	0.0	0.0	134892.50383099957
987842.47808	0.0	0.0	0.0	0.0	141023.98100970825
1.0307921510400001e6	0.0	0.0	0.0	0.0	147155.45818841696
1.073741824e6	0.0	0.0	0.0	0.0	153286.93536712564
1.1166914969600001e6	0.0	0.0	0.0	0.0	159418.41254583432
1.15964116992e6	0.0	0.0	0.0	0.0	165549.889724543
1.2025908428800001e6	0.0	0.0	0.0	0.0	171681.36690325168
1.24554051584e6	0.0	0.0	0.0	0.0	177812.84408196036
1.2884901888000001e6	0.0	0.0	0.0	0.0	183944.32126066904
1.33143986176e6	0.0	0.0	0.0	0.0	190075.79843937772
1.37438953472e6	0.0	0.0	0.0	0.0	196207.2756180864
1.46028888064e6	0.0	0.0	0.0	0.0	208470.22997550375
1.54618822656e6	0.0	0.0	0.0	0.0	220733.18433292114
1.63208757248e6	0.0	0.0	0.0	0.0	232996.13869033853
1.7179869184e6	0.0	0.0	0.0	0.0	245259.0930477559
1.80388626432e6	0.0	0.0	0.0	0.0	257522.04740517325
1.88978561024e6	0.0	0.0	0.0	0.0	269785.0017625906
1.97568495616e6	0.0	0.0	0.0	0.0	282047.95612000796
2.0615843020800003e6	0.0	0.0	0.0	0.0	294310.9104774254
2.147483648e6	0.0	0.0	0.0	0.0	306573.8648348428
2.2333829939200003e6	0.0	0.0	0.0	0.0	318836.81919226015
2.31928233984e6	0.0	0.0	0.0	0.0	331099.7735496775
2.4051816857600003e6	0.0	0.0	0.0	0.0	343362.7279070949
2.49108103168e6	0.0	0.0	0.0	0.0	355625.6822645123
2.5769803776000002e6	0.0	0.0	0.0	0.0	367888.6366219297
2.66287972352e6	0.0	0.0	0.0	0.0	380151.59097934706
2.74877906944e6	0.0	0.0	0.0	0.0	392414.5453367644
2.92057776128e6	0.0	0.0	0.0	0.0	416940.45405159914
3.09237645312e6	0.0	0.0	0.0	0.0	441466.36276643386
3.26417514496e6	0.0	0.0	0.0	0.0	465992.2714812686
3.4359738368e6	0.0	0.0	0.0	0.0	490518.1801961033
3.60777252864e6	0.0	0.0	0.0	0.0	515044.088910938
3.77957122048e6	0.0	0.0	0.0	0.0	539569.9976257727
3.95136991232e6	0.0	0.0	0.0	0.0	564095.9063406074
4.1231686041600006e6	0.0	0.0	0.0	0.0	588621.8150554422
4.294967296e6	0.0	0.0	0.0	0.0	613147.7237702769
4.466765987840001e6	0.0	0.0	0.0	0.0	637673.6324851116
4.63856467968e6	0.0	0.0	0.0	0.0	662199.5411999463
4.8103633715200005e6	0.0	0.0	0.0	0.0	686725.4499147811
4.98216206336e6	0.0	0.0	0.0	0.0	711251.358629616
5.1539607552000005e6	0.0	0.0	0.0	0.0	735777.2673444507
5.32575944704e6	0.0	0.0	0.0	0.0	760303.1760592854
5.49755813888e6	0.0	0.0	0.0	0.0	784829.0847741201
5.84115552256e6	0.0	0.0	0.0	0.0	833880.9022037896
6.18475290624e6	0.0	0.0	0.0	0.0	882932.7196334592
6.52835028992e6	0.0	0.0	0.0	0.0	931984.5370631288
6.8719476736e6	0.0	0.0	0.0	0.0	981036.3544927982
7.21554505728e6	0.0	0.0	0.0	0.0	1.0300881719224676e6
7.55914244096e6	0.0	0.0	0.0	0.0	1.0791399893521373e6
7.90273982464e6	0.0	0.0	0.0	0.0	1.128191806781807e6
8.246337208320001e6	0.0	0.0	0.0	0.0	1.1772436242114764e6
8.589934592e6	0.0	0.0	0.0	0.0	1.2262954416411459e6
8.933531975680001e6	0.0	0.0	0.0	0.0	1.2753472590708153e6
9.27712935936e6	0.0	0.0	0.0	0.0	1.3243990765004847e6
9.620726743040001e6	0.0	0.0	0.0	0.0	1.3734508939301544e6
9.96432412672e6	0.0	0.0	0.0	0.0	1.4225027113598238e6
1.0307921510400001e7	0.0	0.0	0.0	0.0	1.4715545287894933e6
1.065151889408e7	0.0	0.0	0.0	0.0	1.5206063462191627e6
1.099511627776e7	0.0	0.0	0.0	0.0	1.5696581636488321e6
1.168231104512e7	0.0	0.0	0.0	0.0	1.6677617985081712e6
1.236950581248e7	0.0	0.0	0.0	0.0	1.76586543336751e6
1.305670057984e7	0.0	0.0	0.0	0.0	1.863969068226849e6
1.37438953472e7	0.0	0.0	0.0	0.0	1.9620727030861878e6
1.443109011456e7	0.0	0.0	0.0	0.0	2.060176337945527e6
1.511828488192e7	0.0	0.0	0.0	0.0	2.158279972804866e6
1.580547964928e7	0.0	0.0	0.0	0.0	2.256383607664205e6
1.6492674416640002e7	0.0	0.0	0.0	0.0	2.354487242523544e6
1.7179869184e7	0.0	0.0	0.0	0.0	2.452590877382883e6
1.7867063951360002e7	0.0	0.0	0.0	0.0	2.5506945122422217e6
1.855425871872e7	0.0	0.0	0.0	0.0	2.6487981471015606e6
1.9241453486080002e7	0.0	0.0	0.0	0.0	2.7469017819608995e6
1.992864825344e7	0.0	0.0	0.0	0.0	2.8450054168202383e6
2.0615843020800002e7	0.0	0.0	0.0	0.0	2.9431090516795777e6
2.130303778816e7	0.0	0.0	0.0	0.0	3.0412126865389165e6
2.199023255552e7	0.0	0.0	0.0	0.0	3.1393163213982554e6
2.336462209024e7	0.0	0.0	0.0	0.0	3.3355235911169336e6
2.473901162496e7	0.0	0.0	0.0	0.0	3.5317308608356114e6
2.611340115968e7	0.0	0.0	0.0	0.0	3.727938130554289e6
2.74877906944e7	0.0	0.0	0.0	0.0	3.924145400272967e6
2.886218022912e7	0.0	0.0	0.0	0.0	4.1203526699916446e6
3.023656976384e7	0.0	0.0	0.0	0.0	4.316559939710323e6
3.161095929856e7	0.0	0.0	0.0	0.0	4.5127672094290005e6
3.2985348833280005e7	0.0	0.0	0.0	0.0	4.708974479147678e6
3.4359738368e7	0.0	0.0	0.0	0.0	4.905181748866356e6
3.5734127902720004e7	0.0	0.0	0.0	0.0	5.101389018585035e6
3.710851743744e7	0.0	0.0	0.0	0.0	5.297596288303712e6
3.8482906972160004e7	0.0	0.0	0.0	0.0	5.49380355802239e6
3.985729650688e7	0.0	0.0	0.0	0.0	5.690010827741068e6
4.1231686041600004e7	0.0	0.0	0.0	0.0	5.886218097459746e6
4.260607557632e7	0.0	0.0	0.0	0.0	6.082425367178424e6
4.398046511104e7	0.0	0.0	0.0	0.0	6.278632636897103e6
4.672924418048e7	0.0	0.0	0.0	0.0	6.671047176334458e6
4.947802324992e7	0.0	0.0	0.0	0.0	7.063461715771814e6
5.222680231936e7	0.0	0.0	0.0	0.0	7.455876255209169e6
5.49755813888e7	0.0	0.0	0.0	0.0	7.848290794646525e6
5.772436045824e7	0.0	0.0	0.0	0.0	8.24070533408388e6
6.047313952768e7	0.0	0.0	0.0	0.0	8.633119873521237e6
6.322191859712e7	0.0	0.0	0.0	0.0	9.025534412958592e6
6.597069766656001e7	0.0	0.0	0.0	0.0	9.41794895239595e6
6.8719476736e7	0.0	0.0	0.0	0.0	9.810363491833305e6
7.146825580544001e7	0.0	0.0	0.0	0.0	1.020277803127066e7
7.421703487488e7	0.0	0.0	0.0	0.0	1.0595192570708016e7
7.696581394432001e7	0.0	0.0	0.0	0.0	1.0987607110145371e7
7.971459301376e7	0.0	0.0	0.0	0.0	1.1380021649582727e7
8.246337208320001e7	0.0	0.0	0.0	0.0	1.1772436189020082e7
8.521215115264e7	0.0	0.0	0.0	0.0	1.2164850728457438e7
8.796093022208e7	0.0	0.0	0.0	0.0	1.2557265267894795e7
9.345848836096e7	0.0	0.0	0.0	0.0	1.3342094346769508e7
9.895604649984e7	0.0	0.0	0.0	0.0	1.412692342564422e7
1.0445360463872e8	0.0	0.0	0.0	0.0	1.4911752504518934e7
1.099511627776e8	0.0	0.0	0.0	0.0	1.5696581583393646e7
1.1544872091648e8	0.0	0.0	0.0	0.0	1.6481410662268357e7
1.2094627905536e8	0.0	0.0	0.0	0.0	1.726623974114307e7
1.2644383719424e8	0.0	0.0	0.0	0.0	1.805106882001778e7
1.3194139533312002e8	0.0	0.0	0.0	0.0	1.8835897898892492e7
1.37438953472e8	0.0	0.0	0.0	0.0	1.9620726977767203e7
1.4293651161088002e8	0.0	0.0	0.0	0.0	2.0405556056641914e7
1.4843406974976e8	0.0	0.0	0.0	0.0	2.1190385135516625e7
1.5393162788864002e8	0.0	0.0	0.0	0.0	2.1975214214391336e7
1.5942918602752e8	0.0	0.0	0.0	0.0	2.276004329326605e7
1.6492674416640002e8	0.0	0.0	0.0	0.0	2.354487237214076e7
1.7042430230528e8	0.0	0.0	0.0	0.0	2.4329701451015472e7
1.7592186044416e8	0.0	0.0	0.0	0.0	2.5114530529890183e7
1.8691697672192e8	0.0	0.0	0.0	0.0	2.668418868763961e7
1.9791209299968e8	0.0	0.0	0.0	0.0	2.8253846845389035e7
2.0890720927744e8	0.0	0.0	0.0	0.0	2.9823505003138456e7
2.199023255552e8	0.0	0.0	0.0	0.0	3.139316316088788e7
2.3089744183296e8	0.0	0.0	0.0	0.0	3.29628213186373e7
2.4189255811072e8	0.0	0.0	0.0	0.0	3.4532479476386726e7
2.5288767438848e8	0.0	0.0	0.0	0.0	3.610213763413615e7
2.6388279066624004e8	0.0	0.0	0.0	0.0	3.767179579188557e7
2.74877906944e8	0.0	0.0	0.0	0.0	3.924145394963499e7
2.8587302322176003e8	0.0	0.0	0.0	0.0	4.081111210738442e7
2.9686813949952e8	0.0	0.0	0.0	0.0	4.238077026513384e7
3.0786325577728003e8	0.0	0.0	0.0	0.0	4.3950428422883265e7
3.1885837205504e8	0.0	0.0	0.0	0.0	4.552008658063269e7
3.2985348833280003e8	0.0	0.0	0.0	0.0	4.708974473838211e7
3.4084860461056e8	0.0	0.0	0.0	0.0	4.865940289613153e7
3.5184372088832e8	0.0	0.0	0.0	0.0	5.022906105388095e7
3.7383395344384e8	0.0	0.0	0.0	0.0	5.33683773693798e7
3.9582418599936e8	0.0	0.0	0.0	0.0	5.6507693684878655e7
4.1781441855488e8	0.0	0.0	0.0	0.0	5.964701000037751e7
4.398046511104e8	0.0	0.0	0.0	0.0	6.278632631587636e7
4.6179488366592e8	0.0	0.0	0.0	0.0	6.59256426313752e7
4.8378511622144e8	0.0	0.0	0.0	0.0	6.906495894687404e7
5.0577534877696e8	0.0	0.0	0.0	0.0	7.220427526237288e7
5.277655813324801e8	0.0	0.0	0.0	0.0	7.534359157787172e7
5.49755813888e8	0.0	0.0	0.0	0.0	7.848290789337058e7
5.717460464435201e8	0.0	0.0	0.0	0.0	8.162222420886944e7
5.9373627899904e8	0.0	0.0	0.0	0.0	8.47615405243683e7
6.157265115545601e8	0.0	0.0	0.0	0.0	8.790085683986714e7
6.3771674411008e8	0.0	0.0	0.0	0.0	9.104017315536599e7
6.597069766656001e8	0.0	0.0	0.0	0.0	9.417948947086485e7
6.8169720922112e8	0.0	0.0	0.0	0.0	9.73188057863637e7
7.0368744177664e8	0.0	0.0	0.0	0.0	1.0045812210186255e8
7.4766790688768e8	0.0	0.0	0.0	0.0	1.0673675473286024e8
7.9164837199872e8	0.0	0.0	0.0	0.0	1.1301538736385792e8
8.3562883710976e8	0.0	0.0	0.0	0.0	1.1929401999485561e8
8.796093022208e8	0.0	0.0	0.0	0.0	1.255726526258533e8
9.2358976733184e8	0.0	0.0	0.0	0.0	1.3185128525685099e8
9.6757023244288e8	0.0	0.0	0.0	0.0	1.3812991788784868e8
1.01155069755392e9	0.0	0.0	0.0	0.0	1.4440855051884636e8
1.0555311626649601e9	0.0	0.0	0.0	0.0	1.5068718314984405e8
1.099511627776e9	0.0	0.0	0.0	0.0	1.5696581578084174e8
1.1434920928870401e9	0.0	0.0	0.0	0.0	1.6324444841183943e8
1.18747255799808e9	0.0	0.0	0.0	0.0	1.695230810428371e8
1.2314530231091201e9	0.0	0.0	0.0	0.0	1.758017136738348e8
1.27543348822016e9	0.0	0.0	0.0	0.0	1.820803463048325e8
1.3194139533312001e9	0.0	0.0	0.0	0.0	1.883589789358302e8
1.36339441844224e9	0.0	0.0	0.0	0.0	1.9463761156682792e8
1.40737488355328e9	0.0	0.0	0.0	0.0	2.009162441978256e8
1.49533581377536e9	0.0	0.0	0.0	0.0	2.13473509459821e8
1.58329674399744e9	0.0	0.0	0.0	0.0	2.2603077472181636e8
1.67125767421952e9	0.0	0.0	0.0	0.0	2.3858803998381174e8
1.7592186044416e9	0.0	0.0	0.0	0.0	2.511453052458071e8
1.84717953466368e9	0.0	0.0	0.0	0.0	2.637025705078025e8
1.93514046488576e9	0.0	0.0	0.0	0.0	2.7625983576979786e8
2.02310139510784e9	0.0	0.0	0.0	0.0	2.8881710103179324e8
2.1110623253299203e9	0.0	0.0	0.0	0.0	3.013743662937886e8
2.199023255552e9	0.0	0.0	0.0	0.0	3.13931631555784e8
2.2869841857740803e9	0.0	0.0	0.0	0.0	3.2648889681777936e8
2.37494511599616e9	0.0	0.0	0.0	0.0	3.3904616207977474e8
2.4629060462182403e9	0.0	0.0	0.0	0.0	3.516034273417702e8
2.55086697644032e9	0.0	0.0	0.0	0.0	3.6416069260376555e8
2.6388279066624002e9	0.0	0.0	0.0	0.0	3.767179578657609e8
2.72678883688448e9	0.0	0.0	0.0	0.0	3.892752231277563e8
2.81474976710656e9	0.0	0.0	0.0	0.0	4.018324883897517e8
2.99067162755072e9	0.0	0.0	0.0	0.0	4.269470189137424e8
3.16659348799488e9	0.0	0.0	0.0	0.0	4.5206154943773323e8
3.34251534843904e9	0.0	0.0	0.0	0.0	4.77176079961724e8
3.5184372088832e9	0.0	0.0	0.0	0.0	5.0229061048571473e8
3.69435906932736e9	0.0	0.0	0.0	0.0	5.274051410097055e8
3.87028092977152e9	0.0	0.0	0.0	0.0	5.525196715336962e8
4.04620279021568e9	0.0	0.0	0.0	0.0	5.776342020576869e8
4.2221246506598406e9	0.0	0.0	0.0	0.0	6.027487325816777e8
4.398046511104e9	0.0	0.0	0.0	0.0	6.278632631056684e8
4.573968371548161e9	0.0	0.0	0.0	0.0	6.529777936296592e8
4.74989023199232e9	0.0	0.0	0.0	0.0	6.780923241536499e8
4.9258120924364805e9	0.0	0.0	0.0	0.0	7.032068546776407e8
5.10173395288064e9	0.0	0.0	0.0	0.0	7.283213852016314e8
5.2776558133248005e9	0.0	0.0	0.0	0.0	7.534359157256222e8
5.45357767376896e9	0.0	0.0	0.0	0.0	7.785504462496129e8
5.62949953421312e9	0.0	0.0	0.0	0.0	8.036649767736038e8
5.98134325510144e9	0.0	0.0	0.0	0.0	8.538940378215854e8
6.33318697598976e9	0.0	0.0	0.0	0.0	9.04123098869567e8
6.68503069687808e9	0.0	0.0	0.0	0.0	9.543521599175487e8
7.0368744177664e9	0.0	0.0	0.0	0.0	1.0045812209655303e9
7.38871813865472e9	0.0	0.0	0.0	0.0	1.054810282013512e9
7.74056185954304e9	0.0	0.0	0.0	0.0	1.1050393430614936e9
8.09240558043136e9	0.0	0.0	0.0	0.0	1.1552684041094754e9
8.444249301319681e9	0.0	0.0	0.0	0.0	1.2054974651574569e9
8.796093022208e9	0.0	0.0	0.0	0.0	1.2557265262054384e9
9.147936743096321e9	0.0	0.0	0.0	0.0	1.3059555872534199e9
9.49978046398464e9	0.0	0.0	0.0	0.0	1.3561846483014014e9
9.851624184872961e9	0.0	0.0	0.0	0.0	1.4064137093493829e9
1.020346790576128e10	0.0	0.0	0.0	0.0	1.4566427703973646e9
1.0555311626649601e10	0.0	0.0	0.0	0.0	1.506871831445346e9
1.090715534753792e10	0.0	0.0	0.0	0.0	1.5571008924933276e9
1.125899906842624e10	0.0	0.0	0.0	0.0	1.607329953541309e9
1.196268651020288e10	0.0	0.0	0.0	0.0	1.7077880756372724e9
1.266637395197952e10	0.0	0.0	0.0	0.0	1.8082461977332356e9
1.337006139375616e10	0.0	0.0	0.0	0.0	1.9087043198291986e9
1.40737488355328e10	0.0	0.0	0.0	0.0	2.009162441925162e9
1.477743627730944e10	0.0	0.0	0.0	0.0	2.1096205640211253e9
1.548112371908608e10	0.0	0.0	0.0	0.0	2.210078686117089e9
1.618481116086272e10	0.0	0.0	0.0	0.0	2.3105368082130523e9
1.6888498602639362e10	0.0	0.0	0.0	0.0	2.4109949303090153e9
1.7592186044416e10	0.0	0.0	0.0	0.0	2.5114530524049783e9
1.8295873486192642e10	0.0	0.0	0.0	0.0	2.6119111745009413e9
1.899956092796928e10	0.0	0.0	0.0	0.0	2.7123692965969043e9
1.9703248369745922e10	0.0	0.0	0.0	0.0	2.8128274186928673e9
2.040693581152256e10	0.0	0.0	0.0	0.0	2.9132855407888303e9
2.1110623253299202e10	0.0	0.0	0.0	0.0	3.0137436628847938e9
2.181431069507584e10	0.0	0.0	0.0	0.0	3.1142017849807568e9
2.251799813685248e10	0.0	0.0	0.0	0.0	3.21465990707672e9
2.392537302040576e10	0.0	0.0	0.0	0.0	3.4155761512686467e9
2.533274790395904e10	0.0	0.0	0.0	0.0	3.616492395460573e9
2.674012278751232e10	0.0	0.0	0.0	0.0	3.8174086396524997e9
2.81474976710656e10	0.0	0.0	0.0	0.0	4.0183248838444266e9
2.955487255461888e10	0.0	0.0	0.0	0.0	4.2192411280363526e9
3.096224743817216e10	0.0	0.0	0.0	0.0	4.420157372228278e9
3.236962232172544e10	0.0	0.0	0.0	0.0	4.621073616420204e9
3.3776997205278725e10	0.0	0.0	0.0	0.0	4.82198986061213e9
3.5184372088832e10	0.0	0.0	0.0	0.0	5.022906104804056e9
3.6591746972385284e10	0.0	0.0	0.0	0.0	5.223822348995982e9
3.799912185593856e10	0.0	0.0	0.0	0.0	5.424738593187909e9
3.9406496739491844e10	0.0	0.0	0.0	0.0	5.625654837379835e9
4.081387162304512e10	0.0	0.0	0.0	0.0	5.826571081571761e9
4.2221246506598404e10	0.0	0.0	0.0	0.0	6.027487325763687e9
4.362862139015168e10	0.0	0.0	0.0	0.0	6.228403569955613e9
4.503599627370496e10	0.0	0.0	0.0	0.0	6.429319814147539e9
4.785074604081152e10	0.0	0.0	0.0	0.0	6.831152302531392e9
5.066549580791808e10	0.0	0.0	0.0	0.0	7.232984790915244e9
5.348024557502464e10	0.0	0.0	0.0	0.0	7.634817279299096e9
5.62949953421312e10	0.0	0.0	0.0	0.0	8.036649767682948e9
5.910974510923776e10	0.0	0.0	0.0	0.0	8.438482256066801e9
6.192449487634432e10	0.0	0.0	0.0	0.0	8.840314744450655e9
6.473924464345088e10	0.0	0.0	0.0	0.0	9.242147232834507e9
6.755399441055745e10	0.0	0.0	0.0	0.0	9.64397972121836e9
7.0368744177664e10	0.0	0.0	0.0	0.0	1.0045812209602215e10
7.318349394477057e10	0.0	0.0	0.0	0.0	1.0447644697986067e10
7.599824371187712e10	0.0	0.0	0.0	0.0	1.0849477186369919e10
7.881299347898369e10	0.0	0.0	0.0	0.0	1.125130967475377e10
8.162774324609024e10	0.0	0.0	0.0	0.0	1.1653142163137625e10
8.444249301319681e10	0.0	0.0	0.0	0.0	1.2054974651521479e10
8.725724278030336e10	0.0	0.0	0.0	0.0	1.245680713990533e10
9.007199254740993e10	0.0	0.0	0.0	0.0	1.2858639628289183e10
9.570149208162305e10	0.0	0.0	0.0	0.0	1.3662304605056887e10
1.0133099161583617e11	0.0	0.0	0.0	0.0	1.446596958182459e10
1.0696049115004929e11	0.0	0.0	0.0	0.0	1.5269634558592295e10
1.125899906842624e11	0.0	0.0	0.0	0.0	1.6073299535359999e10
1.1821949021847552e11	0.0	0.0	0.0	0.0	1.6876964512127705e10
1.2384898975268864e11	0.0	0.0	0.0	0.0	1.768062948889541e10
1.2947848928690176e11	0.0	0.0	0.0	0.0	1.8484294465663116e10
1.351079888211149e11	0.0	0.0	0.0	0.0	1.928795944243082e10
1.40737488355328e11	0.0	0.0	0.0	0.0	2.0091624419198524e10
1.4636698788954114e11	0.0	0.0	0.0	0.0	2.089528939596623e10
1.5199648742375424e11	0.0	0.0	0.0	0.0	2.1698954372733932e10
1.5762598695796738e11	0.0	0.0	0.0	0.0	2.2502619349501637e10
1.6325548649218048e11	0.0	0.0	0.0	0.0	2.330628432626934e10
1.6888498602639362e11	0.0	0.0	0.0	0.0	2.410994930303705e10
1.7451448556060672e11	0.0	0.0	0.0	0.0	2.4913614279804756e10
1.8014398509481985e11	0.0	0.0	0.0	0.0	2.571727925657246e10
1.914029841632461e11	0.0	0.0	0.0	0.0	2.732460921010787e10
2.0266198323167233e11	0.0	0.0	0.0	0.0	2.8931939163643276e10
2.1392098230009857e11	0.0	0.0	0.0	0.0	3.0539269117178684e10
2.251799813685248e11	0.0	0.0	0.0	0.0	3.2146599070714092e10
2.3643898043695105e11	0.0	0.0	0.0	0.0	3.37539290242495e10
2.476979795053773e11	0.0	0.0	0.0	0.0	3.536125897778491e10
2.5895697857380353e11	0.0	0.0	0.0	0.0	3.696858893132032e10
2.702159776422298e11	0.0	0.0	0.0	0.0	3.857591888485573e10
2.81474976710656e11	0.0	0.0	0.0	0.0	4.0183248838391136e10
2.927339757790823e11	0.0	0.0	0.0	0.0	4.179057879192655e10
3.039929748475085e11	0.0	0.0	0.0	0.0	4.339790874546196e10
3.1525197391593475e11	0.0	0.0	0.0	0.0	4.500523869899737e10
3.2651097298436096e11	0.0	0.0	0.0	0.0	4.6612568652532776e10
3.3776997205278723e11	0.0	0.0	0.0	0.0	4.8219898606068184e10
3.4902897112121344e11	0.0	0.0	0.0	0.0	4.98272285596036e10
3.602879701896397e11	0.0	0.0	0.0	0.0	5.1434558513139015e10
3.828059683264922e11	0.0	0.0	0.0	0.0	5.464921842020983e10
4.0532396646334467e11	0.0	0.0	0.0	0.0	5.786387832728065e10
4.2784196460019714e11	0.0	0.0	0.0	0.0	6.107853823435146e10
4.503599627370496e11	0.0	0.0	0.0	0.0	6.429319814142228e10
4.728779608739021e11	0.0	0.0	0.0	0.0	6.7507858048493095e10
4.953959590107546e11	0.0	0.0	0.0	0.0	7.072251795556392e10
5.1791395714760706e11	0.0	0.0	0.0	0.0	7.393717786263474e10
5.404319552844596e11	0.0	0.0	0.0	0.0	7.715183776970555e10
5.62949953421312e11	0.0	0.0	0.0	0.0	8.036649767677637e10
5.854679515581646e11	0.0	0.0	0.0	0.0	8.358115758384718e10
6.07985949695017e11	0.0	0.0	0.0	0.0	8.6795817490918e10
6.305039478318695e11	0.0	0.0	0.0	0.0	9.001047739798883e10
6.530219459687219e11	0.0	0.0	0.0	0.0	9.322513730505965e10
6.755399441055745e11	0.0	0.0	0.0	0.0	9.643979721213046e10
6.980579422424269e11	0.0	0.0	0.0	0.0	9.965445711920128e10
7.205759403792794e11	0.0	0.0	0.0	0.0	1.0286911702627211e11
7.656119366529844e11	0.0	0.0	0.0	0.0	1.0929843684041376e11
8.106479329266893e11	0.0	0.0	0.0	0.0	1.157277566545554e11
8.556839292003943e11	0.0	0.0	0.0	0.0	1.2215707646869705e11
9.007199254740992e11	0.0	0.0	0.0	0.0	1.2858639628283868e11
9.457559217478042e11	0.0	0.0	0.0	0.0	1.3501571609698033e11
9.907919180215092e11	0.0	0.0	0.0	0.0	1.4144503591112198e11
1.0358279142952141e12	0.0	0.0	0.0	0.0	1.478743557252636e11
1.0808639105689192e12	0.0	0.0	0.0	0.0	1.5430367553940524e11
1.125899906842624e12	0.0	0.0	0.0	0.0	1.6073299535354688e11
1.170935903116329e12	0.0	0.0	0.0	0.0	1.671623151676885e11
1.215971899390034e12	0.0	0.0	0.0	0.0	1.7359163498183017e11
1.261007895663739e12	0.0	0.0	0.0	0.0	1.800209547959718e11
1.3060438919374438e12	0.0	0.0	0.0	0.0	1.8645027461011343e11
1.351079888211149e12	0.0	0.0	0.0	0.0	1.9287959442425507e11
1.3961158844848538e12	0.0	0.0	0.0	0.0	1.993089142383967e11
1.4411518807585588e12	0.0	0.0	0.0	0.0	2.0573823405253833e11
