# z G G_prime G_double_prime
1.5999999999999998e6	9.604813012920408e6	6777.422277709277	9.604810621751606e6
1.0666666666666665e6	6.408778260937776e6	12881.46127941894	6.408765315240053e6
799999.9999999999	4.8107539640735965e6	14986.168506018683	4.810730622016092e6
640000.0	3.8519578356848825e6	16024.912138455895	3.851924502126842e6
533333.3333333333	3.2127711268902714e6	16636.89121518861	3.2127280506806793e6
457142.8571428571	2.7562151293473653e6	17038.341309445113	2.7561624651258746e6
399999.99999999994	2.4138015590526587e6	17321.498931892704	2.413739408502873e6
355555.55555555556	2.1474819612394157e6	17531.960782270922	2.1474103949175193e6
320000.0	1.9344275762923039e6	17694.718498599348	1.934346645474221e6
290909.0909090909	1.7601111828571695e6	17824.56115906083	1.7600209263069436e6
266666.6666666666	1.6148480643279348e6	17930.77486039631	1.6147485123623998e6
246153.84615384613	1.4919334749985794e6	18019.472595692845	1.4918246520381374e6
228571.42857142855	1.3865783467119522e6	18094.836849549094	1.3864602729432383e6
213333.3333333333	1.2952707191233682e6	18159.82263538398	1.2951434116190448e6
199999.99999999997	1.2153766371093174e6	18216.57515975455	1.2152401106039095e6
188235.29411764705	1.1453128951736689e6	19694.152116196474	1.145143557910324e6
177777.77777777778	1.0827870951735338e6	20033.755932320266	1.0826017467645172e6
168421.05263157893	1.0267626128992122e6	20038.043040912235	1.0265670655532974e6
160000.0	976313.1955787751	19953.27783296618	976109.277983239
152380.95238095237	930658.1976936099	19853.528111669857	930446.4081051834
145454.54545454544	889149.0538100916	19759.726621776215	888929.4646344072
139130.4347826087	851246.8162880498	19676.634213635723	851019.3724625566
133333.3333333333	816501.3232269001	19604.294992896845	816265.9385574717
128000.0	784534.0879997085	19541.54980284435	784290.6751102153
123076.92307692306	755024.7262432313	19487.080009814552	754773.2049770695
118518.51851851851	727700.2662790369	19439.689631507492	727440.5652763749
114285.71428571428	702326.7069456526	19398.358505578755	702058.7631932342
110344.8275862069	678702.3078101375	19362.231452934157	678426.0656991075
106666.66666666666	656652.2164700639	19330.593430782625	656367.6268316875
103225.80645161291	636024.1339619881	19302.844949204806	635731.1532078352
99999.99999999999	616684.7921817863	19278.48114047177	616383.3815680054
94117.64705882352	581346.9635537581	18965.018706287316	581037.5375986001
88888.88888888889	550000.6921553788	18948.20236681034	549674.2007757523
84210.52631578947	521952.9245007744	18937.441982603592	521609.26821335015
80000.0	496708.97146883537	18931.217059233688	496348.07480062265
76190.47619047618	473868.37383363437	18928.48614409884	473490.17743985535
72727.27272727272	453103.47441232856	18928.490128095338	452707.93099524366
69565.21739130435	434143.5897246038	18930.65646940642	433730.66152233514
66666.66666666666	416763.141209352	18934.544134406897	416332.79826252995
64000.0	400772.63560322294	18939.808850087476	400324.8544483291
61538.46153846153	386011.72660125146	18946.17884212238	385546.4892603246
59259.259259259255	372343.8183088125	18953.437885982534	371861.1114718615
57142.85714285714	359651.82481367246	18961.412468616145	359151.6391846201
55172.41379310345	347834.8070495493	18969.962587061684	347317.1367995577
53333.33333333333	336805.2820744382	18978.974417185087	336270.1243989922
51612.903225806454	326487.05314524757	18988.355070521353	325934.40788475145
49999.99999999999	316813.44649394666	18998.028200434055	316243.3158248065
47058.82352941176	299102.79601010785	18737.93124253149	298515.28020155744
44444.444444444445	283425.1378244644	18773.532090051944	282802.69313371193
42105.26315789473	269397.11071180616	18808.365308053417	268739.74148664344
40000.0	256771.21561587777	18842.055174521833	256078.9607243357
38095.23809523809	245347.14116890123	18874.53483732858	244620.055625918
36363.63636363636	234961.00807442484	18905.83263412196	234199.15629173498
34782.608695652176	225477.4399453791	18936.005216815232	224680.8928920098
33333.33333333333	216783.6222876601	18965.114430592777	215952.45617217093
32000.0	208784.78975800276	18993.221113367235	207919.0851894846
30769.230769230766	201400.75495411106	19020.381842233965	200500.59643467775
29629.629629629628	194563.20915712763	19046.649262672094	193628.68462442476
28571.42857142857	188213.60109620303	19072.07121062976	187244.8016296776
27586.206896551725	182301.45496438871	19096.691797396332	181298.47446828752
26666.666666666664	176783.02443466493	19120.550900381317	175745.95944582415
25806.451612903227	171620.2075300993	19143.685283628565	170549.1569795516
24999.999999999996	166779.6645934912	19166.12816018937	165674.72967614772
23529.41176470588	157886.53878753996	18928.90894364535	156747.74491683298
22222.222222222223	150041.80228562406	18984.561063367953	148835.9125827821
21052.631578947367	143021.6856659146	19037.414288587726	141749.00150591665
20000.0	136702.3358529344	19087.03746109035	135363.26543271408
19047.619047619046	130983.58292987135	19133.514285127276	129578.57704206863
18181.81818181818	125783.49842921075	19177.0526934994	124313.02879055763
17391.304347826088	121034.41212893992	19217.874524839626	119498.96325134205
16666.666666666664	116679.93481492042	19256.18067415156	115080.00127849543
16000.0	112672.70104559136	19292.149461390167	111008.78582377428
15384.615384615383	108972.63247817173	19325.93453921628	107245.24643735318
14814.814814814814	105545.58898672201	19357.671560615403	103755.25001803714
14285.714285714284	102362.30753955095	19387.47792954692	100509.54036484766
13793.103448275862	99397.56198896034	19415.45870018852	97482.89743750176
13333.333333333332	96629.48963762751	19441.705721924263	94653.46452323052
12903.225806451614	94039.04935982893	19466.30241908315	92002.2058139322
12499.999999999998	91609.58016480065	19489.322451037468	89512.46554737794
11764.70588235294	87121.67868703394	19261.879230326944	84965.68075266086
11111.111111111111	83181.4865613767	19313.139220142682	80908.35778845026
10526.315789473683	79653.18187681369	19359.60163483432	77264.7086815273
10000.0	76474.69951030028	19400.292212016273	73973.02432156673
9523.809523809523	73595.95326335005	19435.240256079433	70983.34856098065
9090.90909090909	70976.0143795594	19464.738082843236	68254.80634046027
8695.652173913044	68581.09252269386	19489.134797582527	65753.6301389357
8333.333333333332	66383.0358822675	19508.758620181074	63451.680750362524
8000.0	64358.20250147923	19523.915440042027	61325.32066863977
7692.3076923076915	62486.589581465916	19534.875867825827	59354.5491293734
7407.407407407407	60751.16118197642	19541.890285758956	57522.327048006664
7142.857142857142	59137.31625708027	19545.181421150028	55814.0489241218
6896.551724137931	57632.47051198291	19544.958159239297	54217.121538017534
6666.666666666666	56225.718472899345	19541.40837499349	52720.62951554608
6451.612903225807	54907.56419003232	19534.710569276802	51315.06297625585
6249.999999999999	53669.69943131314	19525.026830849754	49992.09901876587
5882.35294117647	51369.4727671639	19271.27733098363	47617.650114308555
5555.555555555556	49353.16884160769	19249.015937907174	45444.58889824433
5263.157894736842	47542.5375559199	19219.00127589398	43484.74292453894
5000.0	45906.4469405899	19179.84279556396	41707.73910255324
4761.9047619047615	44419.905454524356	19131.809837993143	40088.67487098758
4545.454545454545	43062.534962078375	19075.60550943934	38607.03552214894
4347.826086956522	41817.53203175855	19012.03414920533	37245.78557013669
4166.666666666666	40670.90408720457	18941.854936598866	35990.673386746166
4000.0	39610.906345592906	18865.784307283764	34829.67246458655
3846.1538461538457	38627.603488417495	18784.46422369426	33752.56516306804
3703.7037037037035	37712.536732970686	18698.491024496536	32750.600914219664
3571.428571428571	36858.45646767116	18608.398112432697	31816.243223680907
3448.2758620689656	36059.11574776304	18514.681067593083	30942.95418145919
3333.333333333333	35309.10051038833	18417.78442120395	30125.036030962063
3225.8064516129034	34603.69678058384	18318.121360321078	29357.490708695408
3124.9999999999995	33938.77932569251	18216.06343433949	28635.917569970985
2941.176470588235	32701.50085154927	17874.856024194793	27383.89453781519
2777.777777777778	31604.142704217946	17672.744892589777	26201.067230744902
2631.578947368421	30611.379350068775	17468.168733321574	25138.01159236791
2500.0	29707.646513712087	17260.27278885026	24179.06624826826
2380.9523809523807	28880.4804443172	17049.884453154453	23310.58967140622
2272.7272727272725	28119.71889275753	16838.183056036716	22520.972047829167
2173.913043478261	27416.971162556332	16626.30398041043	21800.374393102375
2083.333333333333	26765.239842136725	16415.23609134526	21140.437267769536
2000.0	26158.637864578155	16205.79455287814	20534.034134578797
1923.0769230769229	25592.17633975526	15998.656628268225	19975.046330256613
1851.8518518518517	25061.59576621507	15794.35316978363	19458.211384845083
1785.7142857142856	24563.239088445047	15593.322690289517	18978.962089445693
1724.1379310344828	24093.94493731072	15395.889405838836	18533.342171484892
1666.6666666666665	23650.96892681058	15202.32161757442	18117.884772036414
1612.9032258064517	23231.913052215776	15012.797467021455	17729.571237903863
1562.4999999999998	22834.675705668276	14827.465399666036	17365.733051177067
1470.5882352941176	22095.959205689724	14434.089851953971	16729.867404292952
1388.888888888889	21427.643616030444	14099.7844071712	16135.054713477177
1315.7894736842104	20817.12503049939	13782.557737021925	15601.083191916556
1250.0	20256.39513538103	13481.104243424224	15118.907773335268
1190.4761904761904	19738.944124851372	13194.625751855529	14680.863953884846
1136.3636363636363	19259.431883624737	12922.669061513201	14280.418089348455
1086.9565217391305	18813.399752714042	12664.535647954051	13912.35232004717
1041.6666666666665	18397.114197483625	12419.681109195293	13572.226491668604
1000.0	18007.396243886113	12187.31722403593	13256.531158830385
961.5384615384614	17641.54149889725	11966.835877929816	12962.207586981687
925.9259259259259	17297.209928939756	11757.438763499376	12686.84771912922
892.8571428571428	16972.38496929551	11558.527135457665	12428.286366384422
862.0689655172414	16665.297898683413	11369.35045257128	12184.827628591183
833.3333333333333	16374.408056571625	11189.358931684172	11954.893805511507
806.4516129032259	16098.348425584769	11017.875729663703	11737.258471943742
781.2499999999999	15835.917503113185	10854.415151460282	11530.739563668758
735.2941176470588	15347.61378424729	10543.866646736378	11152.404449546188
694.4444444444445	14902.664553856337	10266.059634675796	10802.658486782148
657.8947368421052	14494.789570443776	10010.117596059288	10483.151740030757
625.0	14119.212689190588	9774.197464603674	10189.074093632631
595.2380952380952	13771.93289501269	9555.782920729356	9917.315586217359
568.1818181818181	13449.641974579417	9353.254707782213	9664.858799574798
543.4782608695652	13149.514428025264	9164.60820101863	9429.723549217479
520.8333333333333	12869.177213182506	8988.619067232838	9209.801811574129
500.0	12606.571646050079	8823.756177058898	9003.720097537946
480.7692307692307	12359.946112965425	8669.11378669047	8809.922478025692
462.96296296296293	12127.761364464308	8523.520757281176	8627.409206337097
446.4285714285714	11908.693156193438	8386.301606982683	8454.993675047195
431.0344827586207	11701.565188899162	8256.549251237593	8291.925128216284
416.66666666666663	11505.355679526778	8133.751748827484	8137.277911001008
403.2258064516129	11319.148671917845	8017.19607790857	7990.475186454617
390.62499999999994	11142.141748422238	7906.487437148435	7850.782072389207
367.6470588235294	10813.047051128926	7697.719686785852	7593.885576804374
347.22222222222223	10513.104994765617	7510.506796967837	7356.470912310176
328.9473684210526	10238.155913209283	7337.789810048579	7139.795319666344
312.5	9985.008722660068	7179.049997480021	6939.858811624322
297.6190476190476	9750.966508530806	7032.335775181372	6754.820604249506
284.09090909090907	9533.79748813348	6896.525047834467	6582.646641688437
271.7391304347826	9331.58973583442	6770.028368154876	6422.24905249777
260.41666666666663	9142.737447720478	6652.039458979613	6272.162232765393
250.0	8965.847910663626	6541.421446054759	6131.57681369533
240.38461538461536	8799.73505689584	6437.613089382996	5999.372865805756
231.48148148148147	8643.358883868494	6339.7772831633365	5874.936322653593
223.2142857142857	8495.82263424787	6247.504421867652	5757.40312392163
215.51724137931035	8356.332611518947	6160.157331191525	5646.304664938154
208.33333333333331	8224.196919070017	6077.426505788108	5540.965803033339
201.61290322580646	8098.79831791537	5998.815713430737	5441.024189485404
195.31249999999997	7979.593509580511	5924.085632541459	5345.94444382424
183.8235294117647	7758.147871042042	5783.621389762197	5170.9362797117665
173.61111111111111	7556.211480253365	5656.365226766146	5010.176080313297
164.4736842105263	7371.066843527903	5538.658840639488	4863.731557021055
156.25	7200.558282193839	5430.5796595539705	4728.30245823054
148.8095238095238	7042.8834663451025	5330.66173772594	4602.852697888763
142.04545454545453	6896.538645278581	5238.066179539838	4486.079355582316
135.8695652173913	6760.245787286147	5151.675435026174	4377.3466068690495
130.20833333333331	6632.921144585567	5070.961396318624	4275.627840134894
125.0	6513.6337816052155	4995.162131862107	4180.404324617353
120.19230769230768	6401.582712985081	4923.918743262518	4090.878321453414
115.74074074074073	6296.073209445	4856.671468816324	4006.654477575595
111.60714285714285	6196.4994995084735	4793.156078129486	3927.1186457884273
107.75862068965517	6102.331772874839	4732.945751836017	3851.9706094952458
104.16666666666666	6013.102540064475	4675.839614338321	3780.730889433193
100.80645161290323	5928.400062668796	4621.505145466088	3713.168120821066
97.65624999999999	5847.857169301672	4569.786373880216	3648.902022479046
91.91176470588235	5698.303575118194	4473.574295113875	3529.560406098922
86.80555555555556	5561.8341266719735	4384.582289877931	3421.9054627359
82.23684210526315	5436.629732583333	4302.283848329656	3323.7473636861882
78.125	5321.221858935988	4226.77046592798	3232.6171286400663
74.4047619047619	5214.424417820494	4156.895297319494	3148.085687570413
71.02272727272727	5115.231550251302	4092.0223859252355	3069.356057184158
67.93478260869566	5022.796834294097	4031.3961060557317	2996.052982621216
65.10416666666666	4936.389982319219	3974.65512018454	2927.466948256181
62.5	4855.392421306488	3921.2922357344055	2863.267847556276
60.09615384615384	4779.263097323563	3871.0595652225234	2802.900925102066
57.87037037037037	4707.540101952761	3823.58310428858	2746.1147201259296
55.80357142857142	4639.813717073185	3778.6789034978833	2692.4815827411935
53.87931034482759	4575.7316151255845	3736.061468627647	2641.810840369844
52.08333333333333	4514.977255935611	3695.590254097404	2593.7679725519283
50.403225806451616	4457.276803669988	3657.042584267436	2548.2064361799853
48.82812499999999	4402.381391694797	3620.3087278840194	2504.8606014601705
45.955882352941174	4300.396325760776	3552.9482921444105	2422.801475970513
43.40277777777778	4207.377342871147	3489.0728611934483	2351.253851584052
41.118421052631575	4121.929565704027	3430.1623351006697	2285.6705141996526
39.0625	4043.052626074135	3376.13165852778	2224.4121833624763
37.20238095238095	3969.9813389525393	3326.092556529942	2167.454760087857
35.51136363636363	3902.0455638964913	3279.565565443077	2114.3342414775193
33.96739130434783	3838.685697173068	3236.0389664771023	2064.838901493986
32.55208333333333	3779.4075659941873	3195.2498177382895	2018.489571966507
31.25	3723.7994883980705	3156.8549317421607	1975.0821678423738
30.04807692307692	3671.4937700828496	3120.671547154084	1934.2377306164083
28.935185185185183	3622.1823598628907	3086.4463015654924	1895.7991126843042
27.90178571428571	3575.5861361981565	3054.0426955008943	1859.4728907489064
26.939655172413794	3531.4698343643313	3023.2672611536154	1825.1395175881637
26.041666666666664	3489.6173604811747	2994.0152382736387	1792.5685692761786
25.201612903225808	3449.845711847551	2966.135484180538	1761.6684492372628
24.414062499999996	3411.9846893410318	2939.545770372238	1732.2558079522498
22.977941176470587	3341.511451733434	2891.2851268464037	1675.1624092434915
21.70138888888889	3277.4102794816304	2844.691490304616	1627.6204917118616
20.559210526315788	3218.410504619207	2801.892809121992	1583.5286111825485
19.53125	3163.84715617121	2762.6221374825595	1542.02715705786
18.601190476190474	3113.238028485595	2726.2145891567798	1503.331312744335
17.755681818181817	3066.1353888638864	2692.3159621416507	1467.18130537462
16.983695652173914	3022.1670504139215	2660.5784858470133	1433.4628705535404
16.276041666666664	2980.9952360660077	2630.80511974696	1401.8548496051283
15.625	2942.3436427858946	2602.7607977061716	1372.2326122660477
15.02403846153846	2905.959505587378	2576.30664304061	1344.3380263677955
14.467592592592592	2871.6353876777976	2551.2691054645616	1318.0727412648632
13.950892857142856	2839.1788058396537	2527.543896361806	1293.235532876073
13.469827586206897	2808.4310529446357	2504.9984080123413	1269.751139002975
13.020833333333332	2779.2427405474336	2483.5521760639144	1247.4609411335512
12.600806451612904	2751.490235059148	2463.1016709670657	1226.306924103869
12.207031249999998	2725.055629221533	2443.583482818621	1206.1624869179038
11.488970588235293	2675.7010569581353	2408.223725865178	1166.1194760344767
10.850694444444445	2631.040329072725	2373.916086315046	1134.414222557954
10.279605263157894	2589.814793931714	2342.4960900169895	1104.469436029211
9.765625	2551.612248697186	2313.608113417063	1076.0773974172341
9.300595238095237	2516.1360052354416	2286.785632772912	1049.5484107870202
8.877840909090908	2483.084219412516	2261.774443175462	1024.7358727466292
8.491847826086957	2452.2063883971205	2238.339329958382	1001.5753667383748
8.138020833333332	2423.268858597834	2216.3312549492753	979.850870992632
7.8125	2396.0837880769877	2195.5887416412247	959.4829842491577
7.51201923076923	2370.475294516136	2176.004917698299	940.2955493163734
7.233796296296296	2346.301779321812	2157.4603023669233	922.2239876296453
6.975446428571428	2323.4289204456963	2139.8740446533466	905.1303891608003
6.734913793103448	2301.748156656745	2123.1547394150866	888.9648638568225
6.510416666666666	2281.1550019809893	2107.239680224559	873.6183795857239
6.300403225806452	2261.564747358204	2092.0574639545075	859.0521951579029
6.103515624999999	2242.8947787534457	2077.558466462108	845.1791567419793
5.744485294117647	2207.9060583941227	2051.1695264801633	817.0390053924074
5.425347222222222	2176.466576054016	2025.7397579117837	795.8550055731255
5.139802631578947	2147.3303536077256	2002.4547547579357	775.3725573377067
4.8828125	2120.2763907060175	1980.978400918896	755.8416157358301
4.650297619047619	2095.125087999761	1961.005123860201	737.5690059648958
4.438920454545454	2071.6706058578316	1942.3550239835695	720.4693331302462
4.2459239130434785	2049.7416485453814	1924.868577579911	704.5010893015199
4.069010416666666	2029.175071597153	1908.4322820051138	689.5199026801648
3.90625	2009.8411819488138	1892.934202032239	675.4714527157867
3.756009615384615	1991.616439391418	1878.2915764065044	662.2362083535736
3.616898148148148	1974.4026496496313	1864.4211236574135	649.7689563248708
3.487723214285714	1958.105273427826	1851.2597757761498	637.9761001942792
3.367456896551724	1942.6488642488289	1838.7436478170941	626.8224687896495
3.255208333333333	1927.9597440136831	1826.8236104354894	616.2339416915867
3.150201612903226	1913.9789377780905	1815.4496699160695	606.1830336291029
3.0517578124999996	1900.64811111127	1804.5828246242688	596.6104854441746
2.8722426470588234	1875.563255884482	1784.6490989240633	576.8579725838313
2.712673611111111	1853.2021991367926	1765.7128125539293	562.6869951121461
2.5699013157894735	1832.3787319104836	1748.3227868185302	548.615758294419
2.44140625	1813.0077988127086	1732.2284042914603	535.146740550257
2.3251488095238093	1794.9802760028342	1717.2394876135452	522.5349111973097
2.219460227272727	1778.1541288481228	1703.228547653166	510.7294982658759
2.1229619565217392	1762.4101583251022	1690.085510416366	499.7004439143151
2.034505208333333	1747.6336106248725	1677.7239085682902	489.3523511786447
1.953125	1733.733434222394	1666.0646570504512	479.6458896602146
1.8780048076923075	1720.6222648926398	1655.0437379298628	470.5010137963845
1.808449074074074	1708.2309097874547	1644.6018450587783	461.8848475351161
1.743861607142857	1696.4923610244878	1634.6899827851523	453.73449416626795
1.683728448275862	1685.3533190909004	1625.2625212932971	446.02415523160823
1.6276041666666665	1674.761540256277	1616.2811544242302	438.70428146378424
1.575100806451613	1664.6752787996902	1607.7100938612705	431.7546038473834
1.5258789062499998	1655.0531150224358	1599.518881459829	425.13546241047266
1.4361213235294117	1636.87283049544	1584.3640268416655	411.270341337928
1.3563368055555556	1620.795605138308	1570.2140637686036	401.75388931401955
1.2849506578947367	1605.7449541699123	1557.1511457521203	392.04230272381625
1.220703125	1591.721898997721	1545.0245586117849	382.72407428246515
1.1625744047619047	1578.6582080669416	1533.718415753519	373.9913890394317
1.1097301136363635	1566.4547755654166	1523.1416152918762	365.8144114954386
1.0614809782608696	1555.0271937925093	1513.2163452798975	358.17016320731693
1.0172526041666665	1544.2942021950005	1503.8770169938794	350.99643971226277
0.9765625	1534.190827302639	1495.066480143838	344.26401863957705
0.9390024038461537	1524.6548997819827	1486.7355742337072	337.9199546300525
0.904224537037037	1515.63683048966	1478.8411325093446	331.93961308530453
0.8719308035714285	1507.0889317327549	1471.3454086627034	326.2816828425377
0.841864224137931	1498.9729308737858	1464.2150803954569	320.9268543373604
0.8138020833333333	1491.2515475250632	1457.4206017821273	315.84231429135366
0.7875504032258065	1483.894753413886	1450.9357806898624	311.0128607037931
0.7629394531249999	1476.8729703777958	1444.737102729341	306.4122625316474
0.7180606617647058	1463.5545146762654	1433.1764271539996	296.64312916259365
0.6781684027777778	1451.862221697849	1422.5641188905397	290.19861894674136
0.6424753289473684	1440.86019202308	1412.7048512299261	283.44857782006824
0.6103515625	1430.5956676281112	1403.5298868914053	276.9617678289193
0.5812872023809523	1421.0240077570918	1394.9679368126203	270.87577574742335
0.5548650568181818	1412.0753262985575	1386.9533297505516	265.17388301836036
0.5307404891304348	1403.6888980283106	1379.4297730506455	259.8384568715294
0.5086263020833333	1395.8067394434042	1372.3477965764316	254.82931367376204
0.48828125	1388.38185210369	1365.6652977248752	250.12489248553493
0.46950120192307687	1381.369559697382	1359.3448111030843	245.68993667966845
0.4521122685185185	1374.7338567246525	1353.3543320414974	241.5061671459965
0.43596540178571425	1368.4405456042869	1347.6650787252622	237.54654793995925
0.4209321120689655	1362.461747231866	1342.2522730613339	233.79659563772884
0.40690104166666663	1356.7706698894542	1337.0933508234712	230.23471036301237
0.39377520161290325	1351.3453992808197	1332.168800555678	226.8494544482839
0.38146972656249994	1346.1646567061202	1327.4606558472494	223.62354559012127
0.3590303308823529	1336.3034905469235	1318.6182164553115	216.6864510764454
0.3390842013888889	1327.7001279802553	1310.6220368054894	212.26753514990622
0.3212376644736842	1319.567366169224	1303.1459339808732	207.53001857056884
0.30517578125	1311.9711805901884	1296.1755379717397	202.97131192088085
0.29064360119047616	1304.8810204424392	1289.6656486979746	198.6881780059745
0.2774325284090909	1298.2471018866283	1283.5685791012454	194.67213539959826
0.2653702445652174	1292.025140118251	1277.8428609288637	190.9098883523924
0.25431315104166663	1286.1733802541112	1272.4513216937057	187.375553352692
0.244140625	1280.6572947479358	1267.362474653174	184.05288487846116
0.23475060096153844	1275.4446427497098	1262.5479629773413	180.91898159314513
0.22605613425925924	1270.5088949547032	1257.9837252678637	177.96010541750377
0.21798270089285712	1265.8252704566964	1253.6479369876515	175.15840092149165
0.21046605603448276	1261.3731975438934	1249.5219315803315	172.50300281984408
0.20345052083333331	1257.133242903146	1245.5885812823576	169.97963581318845
0.19688760080645162	1253.0892085639332	1241.833165049426	167.57969686901123
0.19073486328124997	1249.2256431684657	1238.2420386218732	165.29174613154171
0.17951516544117646	1241.848470477904	1231.4574147665746	160.31300397888378
0.16954210069444445	1235.4451937892845	1225.39828735959	157.23824023826458
0.1606188322368421	1229.3686399780406	1219.7007021368563	153.87478730551456
0.152587890625	1223.6873056365298	1214.3805532946333	150.63364085027789
0.14532180059523808	1218.3796206859956	1209.4081377876557	147.58338780481134
0.13871626420454544	1213.4097634488699	1204.748606194939	144.72059253746232
0.1326851222826087	1208.7450595869134	1200.3710081959487	142.03542430820772
0.12715657552083331	1204.3552114112686	1196.2474745172565	139.51148685526735
0.1220703125	1200.2143991536311	1192.3541077095122	137.13601191505026
0.11737530048076922	1196.299136598546	1188.6695127698724	134.894083035028
0.11302806712962962	1192.589691406704	1185.1754439536833	132.77552145906924
0.10899135044642856	1189.0679212968253	1181.855379031387	130.76843851529972
0.10523302801724138	1185.7184735515552	1178.6951229023298	128.86468006281623
0.10172526041666666	1182.527099479777	1175.6816933008367	127.05470098084486
0.09844380040322581	1179.4816913384768	1172.8038809846805	125.33202683250953
0.09536743164062499	1176.5709079898916	1170.0513383364632	123.6889937917242
0.08975758272058823	1170.997409223752	1164.825067966813	120.07286723006438
0.08477105034722222	1166.1798026928816	1160.2045496543146	117.90137900057628
0.08030941611842105	1161.5934975944058	1155.8385427356698	115.48470366368115
0.0762939453125	1157.3015067861522	1151.7566713072533	113.15187894477987
0.07266090029761904	1153.2883586391656	1147.9388246822984	110.95266089483238
0.06935813210227272	1149.5280073486133	1144.3593670171858	108.886540944688
0.06634256114130435	1145.996203533974	1140.9950439783506	106.9467537194265
0.06357828776041666	1142.6703337133383	1137.8246622573904	105.12149878786722
0.06103515625	1139.5312972776142	1134.8301902375892	103.4022088764021
0.05868765024038461	1136.5616856281097	1131.9953893534582	101.778699737826
0.05651403356481481	1133.7466372194074	1129.3063002683907	100.24329194731159
0.05449567522321428	1131.0727188623082	1126.7503882712435	98.7879440274782
0.05261651400862069	1128.528360277646	1124.3167826044037	97.40653112104258
0.05086263020833333	1126.1029967065892	1121.9956226914576	96.09256918601393
0.049221900201612906	1123.7874898894806	1119.7783141834643	94.8411804889526
0.04768371582031249	1121.5734220859426	1117.6569925353774	93.64714713405534
0.044878791360294115	1117.3233119890645	1113.6122301907353	90.99002299059447
0.04238552517361111	1113.661923138355	1110.0649045201685	89.4359368534175
0.04015470805921052	1110.167347563686	1106.699487250834	87.68001206279263
0.03814697265625	1106.894145466039	1103.549639231728	85.98164349740996
0.03633045014880952	1103.831265061865	1100.6015421850134	84.37835663277377
0.03467906605113636	1100.9592777371392	1097.8359867199706	82.87024494999416
0.033171280570652176	1098.259999525877	1095.2353628279584	81.45260321002377
0.03178914388020833	1095.716782192658	1092.7837575204655	80.11820066679593
0.030517578125	1093.3150680375875	1090.4672786788374	78.86033305030614
0.029343825120192304	1091.0418227612502	1088.2735528540186	77.6719587282491
0.028257016782407406	1088.8857692423576	1086.1918457871777	76.5473226439997
0.02724783761160714	1086.8368508023673	1084.2126062310372	75.48088997692805
0.026308257004310345	1084.8862718841185	1082.3274608623494	74.46804942981173
0.025431315104166664	1083.0261124080955	1080.5288870199147	73.50431601815737
0.024610950100806453	1081.2495988521164	1078.8103992976182	72.58661987705484
0.023841857910156247	1079.5500063462662	1077.1656745240446	71.71001205817257
0.022439395680147058	1076.2797959072843	1074.018142696858	69.73684991607571
0.021192762586805556	1073.4703171929946	1071.275293162645	68.61317769727007
0.02007735402960526	1070.7831738939879	1068.6645190052227	67.32571064473096
0.019073486328125	1068.2640990769107	1066.218510219307	66.07778630012795
0.01816522507440476	1065.905129137612	1063.9276134785325	64.898209526486
0.01733953302556818	1063.6916877595204	1061.7773518984234	63.78762892809777
0.016585640285326088	1061.6100423514652	1059.7543166651565	62.742890681312005
0.015894571940104164	1059.6476514597914	1057.846377755518	61.759099036346804
0.0152587890625	1057.7933970260592	1056.042817708432	60.831225192046006
0.014671912560096152	1056.0374272584795	1054.3341615666427	59.954345332700534
0.014128508391203703	1054.371113577234	1052.712108319632	59.124124884276554
0.01362391880580357	1052.787040661648	1051.1694962367842	58.337322242419674
0.013154128502155173	1051.278020878269	1049.6994721024928	57.58902195278428
0.012715657552083332	1049.8383204217864	1048.2964842964684	56.876884915593486
0.012305475050403226	1048.4626111643277	1046.9554025472103	56.198150207360534
0.011920928955078123	1047.1460923796433	1045.671607419644	55.55023152403811
0.011219697840073529	1044.607072182086	1043.2066046360503	54.073240115174514
0.010596381293402778	1042.4305917496756	1041.0693003679855	53.256459203477995
0.01003867701480263	1040.3451466574213	1039.02934080776	52.307295038485314
0.0095367431640625	1038.3884453513447	1037.1162507292681	51.38526941107263
0.00908261253720238	1036.5547237086976	1035.3232069347155	50.51289365331222
0.00866976651278409	1034.832907302639	1033.6391787464302	49.69098707851576
0.008292820142663044	1033.212548427655	1032.0538981283942	48.917497752394944
0.007947285970052082	1031.6840962002484	1030.5580481134389	48.18904254228769
0.00762939453125	1030.2389925165342	1029.1433123978356	47.50183415715684
0.007335956280048076	1028.8697170791634	1027.8023885007553	46.85237362930547
0.007064254195601851	1027.5698103978623	1026.5289874599252	46.2380054240999
0.006811959402901785	1026.333002934013	1025.3170708452658	45.65454133854141
0.006577064251077586	1025.1543794433599	1024.161839272666	45.10020697879797
0.006357828776041666	1024.029346360604	1023.0588319274959	44.57273407447244
0.006152737525201613	1022.9537695111353	1022.0040371895736	44.06997305710084
0.005960464477539062	1021.9239781459654	1020.9938892193421	43.59008243210106
0.005609848920036764	1019.9328141456776	1019.0478555277679	42.47838880394286
0.005298190646701389	1018.2292267782448	1017.3673397878476	41.88620534758928
0.005019338507401315	1016.5943997030558	1015.759710213238	41.18718993977784
0.00476837158203125	1015.0588719847041	1014.2503510520073	40.506036411129024
0.00454130626860119	1013.6185208816117	1012.8344508337392	39.86077117347958
0.004334883256392045	1012.2651839019702	1011.5038210609868	39.25331220563139
0.004146410071331522	1010.9907718252994	1010.2504787957603	38.68217688873654
0.003973642985026041	1009.7875441131546	1009.0668647111376	38.14376473437206
0.003814697265625	1008.649136143432	1007.9467292685655	37.63603060489616
0.003667978140024038	1007.5697443324108	1006.8843970980331	37.15643382524785
0.0035321270978009257	1006.5443944845111	1005.874992406289	36.70310231900404
0.0034059797014508925	1005.5681142027594	1004.9136951724236	36.272545488276364
0.003288532125538793	1004.637176975838	1003.9968387145365	35.86370328338139
0.003178914388020833	1003.7480246342855	1003.1209440475569	35.4749005688276
0.0030763687626008066	1002.8974355769531	1002.2828647672758	35.10449089121714
0.002980232238769531	1002.082572421519	1001.4798252996561	34.75113622170123
0.002804924460018382	1000.5019214093533	999.9269891439046	33.91328833087977
0.0026490953233506945	999.1521324554344	998.5906609261338	33.49142728145968
0.0025096692537006577	997.854485102199	997.3092848636513	32.98126382246377
0.002384185791015625	996.6346224705226	996.1050991534463	32.48387519160911
0.002270653134300595	995.4889511528747	994.9741130413719	32.011970339017154
0.0021674416281960225	994.4114486979963	993.910249484225	31.568105294003583
0.002073205035665761	993.3958430985751	992.9072944249419	31.15133646042476
0.0019868214925130205	992.4360091267055	991.9592402352735	30.758704836212477
0.0019073486328125	991.5270528085582	991.0612543799393	30.388920976016916
0.001833989070012019	990.6644494696351	990.2088885922914	30.040113112208275
0.0017660635489004629	989.8443470805223	989.398346401402	29.711001084393978
0.0017029898507254463	989.0627558126546	988.6257408529148	29.398630218911048
0.0016442660627693966	988.3168428051042	987.8882671040908	29.10246536507724
0.0015894571940104165	987.6038227173608	987.1831877442659	28.82125051093203
0.0015381843813004033	986.9214029549064	986.5082354469967	28.554456845364122
0.0014901161193847654	986.2667892660853	985.8607029385116	28.2993641415579
0.001402462230009191	984.9914742785826	984.6027138275684	27.67129062553957
0.0013245476616753472	983.9046595789656	983.5235080583043	27.38408731155616
0.0012548346268503288	982.857983324165	982.4864133841351	27.023376910059014
0.0011920928955078125	981.8726678815826	981.5103694713131	26.67078088814009
0.0011353265671502975	980.9459327070911	980.5923301152027	26.33638194251736
0.0010837208140980113	980.073332992883	979.7277852666955	26.023159304633186
0.0010366025178328805	979.2493760414343	978.9113192391122	25.728768782811134
0.0009934107462565103	978.4700734494828	978.1389491769381	25.45350151298306
0.00095367431640625	977.7308435053623	977.4061853399268	25.194269208691885
0.0009169945350060095	977.0284658641997	976.7098270374106	24.950688918407035
0.0008830317744502314	976.3599243082309	976.0468889618809	24.72190006872836
0.0008514949253627231	975.7219357373806	975.4141626084999	24.505249679612575
0.0008221330313846983	975.1123569420153	974.8095134000206	24.30064290975099
0.0007947285970052083	974.5289792719716	974.2307622605616	24.107121480506056
0.0007690921906502017	973.9700363603705	973.6761536644649	23.924454288339813
0.0007450580596923827	973.433183969993	973.1434087983924	23.750148761705535
0.0007012311150045955	972.380682743659	972.1017425068733	23.289362123619313
0.0006622738308376736	971.4858233011863	971.2107501466234	23.116740142524392
0.0006274173134251644	970.622210571095	970.3524689165313	22.88147113957427
0.0005960464477539062	969.8076569856684	969.5431082747615	22.650667649010806
0.0005676632835751488	969.04013447087	968.7804420879552	22.43294994395856
0.0005418604070490056	968.31567716876	968.0604845299612	22.22946113631783
0.0005183012589164402	967.6307119504655	967.3796543435229	22.040850073689107
0.0004967053731282551	966.9812140685486	966.7339829336142	21.864917168715987
0.000476837158203125	966.3644295241791	966.1207143720068	21.70197942389861
0.00045849726750300476	965.7770162358314	965.5365672472874	21.54953358451021
0.0004415158872251157	965.2169769901681	964.9795351777422	21.408161018345673
0.00042574746268136157	964.6815464031627	964.4469105122828	21.275403030496893
0.00041106651569234915	964.1690896074995	963.9370563691604	21.15147070330153
0.00039736429850260413	963.6780660438343	963.4484351000073	21.036346577573962
0.00038454609532510083	963.2062661883134	962.9788937702126	20.92752678960532
0.00037252902984619135	962.7527220320106	962.5274504000267	20.82572943428403
0.0003506155575022978	961.8548988647284	961.6362743621431	20.506640411680873
0.0003311369154188368	961.0940293060131	960.876578841959	20.443419494793574
0.0003137086567125822	960.3579099534725	960.1427977947551	20.32542873008914
0.0002980232238769531	959.6614752927971	959.448683740037	20.208177321526524
0.0002838316417875744	959.0034092992339	958.792753047045	20.099645569566402
0.0002709302035245028	958.380504527844	958.1717782773187	20.0008692792492
0.0002591506294582201	957.7899544675718	957.5829362123202	19.912738485321267
0.00024835268656412757	957.2286102291827	957.0231070067524	19.83393295427364
0.0002384185791015625	956.6936649570928	956.48951362064	19.763069164120484
0.00022924863375150238	956.1833606122997	955.9803807528298	19.701033665922186
0.00022075794361255786	955.6952696194318	955.4933188356534	19.646018257822462
0.00021287373134068078	955.2274424191246	955.0264008561804	19.596949208290543
0.00020553325784617457	954.7788218822219	954.578548408724	19.55488769328261
0.00019868214925130207	954.3473597853123	954.1477608356439	19.51752088568598
0.00019227304766255041	953.9324066691784	953.7333602570338	19.486252242998443
0.00018626451492309568	953.5321522145142	953.3335841885977	19.458740066237738
0.0001753077787511489	952.7282230011372	952.5332467669487	19.273834764255767
0.0001655684577094184	952.0506301570177	951.8542909128329	19.334199057701404
0.0001568543283562911	951.392557708724	951.1958946044771	19.34344724024879
0.00014901161193847656	950.7675252693961	950.5705831835033	19.35080083784884
0.0001419158208937872	950.1745346337153	949.9772164479884	19.363225354502763
0.0001354651017622514	949.6111287513285	949.4133042703609	19.382299213646785
0.00012957531472911006	949.0746315548714	948.8761736064921	19.40781860274716
0.00012417634328206378	948.5627206234424	948.3635040631415	19.439627507405472
0.00011920928955078125	948.0732041083453	947.8731152952341	19.477105759634224
0.00011462431687575119	947.6042198761699	947.4031515895232	19.519884358350787
0.00011037897180627893	947.1540421892306	946.9518979751401	19.567385024032294
0.00010643686567034039	946.7212168400961	946.5179053208757	19.61930993113628
0.00010276662892308729	946.3043796597699	946.0998182708811	19.67518312665775
9.934107462565103e-5	945.902127079265	945.6962529751805	19.73400926779425
9.613652383127521e-5	945.5139811412467	945.3067008803032	19.797217086419124
9.313225746154784e-5	945.1385569247188	944.9298074650864	19.86330158193057
8.765388937557444e-5	944.3670762065501	944.1588382197882	19.83085561360926
8.27842288547092e-5	943.722127647556	943.5089395056121	20.058297151681327
7.842716417814555e-5	943.0930161374293	942.8758788831736	20.236454913754212
7.450580596923828e-5	942.4921308462126	942.271114707019	20.409877408407198
7.09579104468936e-5	941.9187920976152	941.6938271494304	20.585111495671775
6.77325508811257e-5	941.3708124364042	941.1418017577085	20.7633208189275
6.478765736455503e-5	940.8463587125801	940.6131746344495	20.94579687726582
6.208817164103189e-5	940.3431558200577	940.105687254915	21.13167027448262
5.9604644775390625e-5	939.8591738427344	939.6173283264355	21.32001325137202
5.7312158437875595e-5	939.3931546423229	939.146820670786	21.5115832241472
5.5189485903139464e-5	938.9437624765943	938.6928252270611	21.706426719780186
5.3218432835170196e-5	938.5092030712184	938.2535874333796	21.902737677442445
5.138331446154364e-5	938.0887095999501	937.828319757096	22.101351553279596
4.9670537312825516e-5	937.6812332083028	937.4159787514265	22.301970597885777
4.8068261915637603e-5	937.2858148138205	937.0156116948579	22.504268291120674
4.656612873077392e-5	936.9019085417831	936.6266554179767	22.708909920344286
4.382694468778722e-5	936.0882825918503	935.8084046198335	22.888919778836566
4.13921144273546e-5	935.4151784170047	935.1229742234349	23.37903104137885
3.9213582089072776e-5	934.7547327107538	934.4512484650419	23.81752647268942
3.725290298461914e-5	934.1192143128028	933.8044471386237	24.24790820869534
3.54789552234468e-5	933.5079908463413	933.1817966626737	24.67596708129133
3.386627544056285e-5	932.9197693723039	932.5819239473616	25.104804566264907
3.2393828682277515e-5	932.3520416783372	932.0023581964209	25.53299704449178
3.1044085820515946e-5	931.8036283945722	931.441870536905	25.962351588437386
2.9802322387695312e-5	931.2723263395948	930.898310374223	26.390936860547985
2.8656079218937797e-5	930.7571235268705	930.3706360574123	26.81981651950581
2.7594742951569732e-5	930.2566359351583	929.8574774517539	27.248492223586968
2.6609216417585098e-5	929.7697736538286	929.3577456948368	27.6769311395358
2.569165723077182e-5	929.2954809549586	928.8703936756175	28.104851471077392
2.4835268656412758e-5	928.8328921358116	928.3945566912034	28.53223824939037
2.4034130957818802e-5	928.3811600886874	927.9293950602835	28.95887067330834
2.328306436538696e-5	927.9395839011107	927.474209092039	29.384738209879618
2.191347234389361e-5	926.9714100201805	926.4893490466715	29.891154174379967
2.06960572136773e-5	926.1775906010373	925.6648887042439	30.81303541851052
1.9606791044536388e-5	925.3928470183695	924.8506760127773	31.672517921255302
1.862645149230957e-5	924.630566877466	924.0586397738044	32.51638761502382
1.77394776117234e-5	923.8903652371879	923.2882211778116	33.35067634122102
1.6933137720281426e-5	923.1710216617346	922.538120539082	34.178229740421656
1.6196914341138758e-5	922.4706490222387	921.8064670277321	34.99908075022952
1.5522042910257973e-5	921.7877458246137	921.0917575217466	35.813720526113244
1.4901161193847656e-5	921.120613205482	920.3923390295645	36.621391668400754
1.4328039609468899e-5	920.4685306013741	919.7074375660277	37.42385754013061
1.3797371475784866e-5	919.8297119667234	919.0353619732415	38.21913734633938
1.3304608208792549e-5	919.2036002936134	918.3755145376106	39.00862841116016
1.284582861538591e-5	918.589173538305	917.7269018629025	39.79200094120196
1.2417634328206379e-5	917.9856502243299	917.0887526523054	40.56936992885669
1.2017065478909401e-5	917.3922732468164	916.4603273018511	41.34067603154996
1.164153218269348e-5	916.8084177313395	915.8410098289398	42.10605109185722
1.0956736171946805e-5	915.4962651574549	914.4816276054698	43.09018785407802
1.034802860683865e-5	914.4190898866968	913.3272284903454	44.67264988065171
9.803395522268194e-6	913.3465425163997	912.179171839887	46.16346161370043
9.313225746154785e-6	912.295454566591	911.0517155371034	47.621088183323664
8.8697388058617e-6	911.2659225347359	909.944704602071	49.053197038856666
8.466568860140713e-6	910.2567958846864	908.8569335959063	50.462943918304056
8.098457170569379e-6	909.2668257159393	907.7871337231346	51.85248493829368
7.761021455128987e-6	908.294169220763	906.7335808897822	53.22134090032812
7.450580596923828e-6	907.3378545596042	905.6952946401085	54.571197380966666
7.164019804734449e-6	906.3967057089391	904.6711490910429	55.90259495147795
6.898685737892433e-6	905.4695025666139	903.6600096068515	57.2154447293408
6.6523041043962745e-6	904.55585834169	902.6614241410377	58.51200071733392
6.422914307692955e-6	903.6543502463919	901.6741335558953	59.79081531016385
6.2088171641031895e-6	902.764670734459	900.6977805983797	61.053736588755285
6.0085327394547004e-6	901.8860854407268	899.731679391515	62.301012920514545
5.82076609134674e-6	901.0179715236895	898.7752448928178	63.533016428622915
5.478368085973403e-6	899.0613591683139	896.6985251486643	65.13894799416153
5.174014303419325e-6	897.4342370731423	894.8820561855772	67.6336853064091
4.901697761134097e-6	895.808036153326	893.0707270196411	69.97652590325072
4.656612873077393e-6	894.207455236838	891.2833965128234	72.25565792176356
4.43486940293085e-6	892.6335268519615	889.5205197647841	74.48394577061475
4.2332844300703565e-6	891.0847925599501	887.7806819265539	76.66530068833022
4.049228585284689e-6	889.5596926188211	886.0624313756562	78.80237583190002
3.880510727564493e-6	888.0569447478018	884.3645490429737	80.89796975708407
3.725290298461914e-6	886.5752903405195	882.6858640365634	82.95426976594878
3.5820099023672247e-6	885.1132342062955	881.0250865034329	84.97196195656004
3.4493428689462165e-6	883.6701435529355	879.3815388258615	86.95419356836982
3.3261520521981373e-6	882.2447951812561	877.7541704853861	88.90160189742491
3.2114571538464777e-6	880.8362981816509	876.1421836670378	90.81551736079527
3.1044085820515948e-6	879.4439792679849	874.5449405117542	92.69767902164567
3.0042663697273502e-6	878.0673527218521	872.9619308815547	94.55021495220986
2.91038304567337e-6	876.7050474727598	871.3921189720713	96.37175549702093
2.7391840429867014e-6	873.6785440759526	868.0847199622318	98.70723046854144
2.5870071517096626e-6	871.1102145822957	865.0752187990853	102.36147600209722
2.4508488805670485e-6	868.5442344668327	862.0811203591018	105.76024369285602
2.3283064365386963e-6	866.0179006525799	859.124860964804	109.04805144021572
2.217434701465425e-6	863.5326133984446	856.2065347621968	112.24501874586012
2.1166422150351783e-6	861.085678779352	853.3239430887828	115.35507943003219
2.0246142926423447e-6	858.6757814013648	850.4756551405352	118.38605314192215
1.9402553637822466e-6	856.3006299849897	847.6598155843378	121.34086680181763
1.862645149230957e-6	853.9586984100748	844.8750169425579	124.22425019512748
1.7910049511836123e-6	851.6480351481034	842.1197363217464	127.03828347792421
1.7246714344731083e-6	849.3676240841303	839.3929182413757	129.7878640264476
1.6630760260990686e-6	847.1157316091179	836.6932619906628	132.47432988724665
1.6057285769232388e-6	844.8916724028402	834.0199306539665	135.1025290940956
1.5522042910257974e-6	842.6936839739828	831.3717294551051	137.67240999005764
1.5021331848636751e-6	840.5213572264751	828.7480009248136	140.18881166826685
1.455191522836685e-6	838.3729654692909	826.1476808488968	142.65075764874857
1.3695920214933507e-6	833.7142482303624	820.8914727717199	145.6593204467021
1.2935035758548313e-6	829.6612379390972	815.8853617004486	150.56176905696663
1.2254244402835243e-6	825.6262413770108	810.938443660512	155.04041745234287
1.1641532182693481e-6	821.6622238933534	806.0656170660415	159.3330824320956
1.1087173507327124e-6	817.7700840727838	801.2646805361239	163.4711660500133
1.0583211075175891e-6	813.9447139748121	796.5323893952851	167.45790531287676
1.0123071463211724e-6	810.1846554488312	791.8660854411482	171.31047443998702
9.701276818911233e-7	806.4849700579202	787.2630962199602	175.02806706207522
9.313225746154785e-7	802.8448277562525	782.721091424044	178.62673510681478
8.955024755918062e-7	799.2597643910467	778.2379449729357	182.10401417523278
8.623357172365541e-7	795.729398548591	773.8115339236684	185.47502710931684
8.315380130495343e-7	792.249595432839	769.4402002637082	188.73579332400558
8.028642884616194e-7	788.8202101158221	765.121987990148	191.90014950794978
7.761021455128987e-7	785.437753345424	760.8555739261226	194.9647660626341
7.510665924318376e-7	782.1020372648738	756.6391401530411	197.94142639258908
7.275957614183425e-7	778.8098773049992	752.4716962314571	200.8262217898388
6.847960107466753e-7	771.8872955365636	744.4474780967574	203.98026709985461
6.467517879274156e-7	765.6993585641071	736.433320554448	209.66991220161947
6.127122201417621e-7	759.5841745621085	728.6093384081585	214.7010717943097
5.820766091346741e-7	753.6039640554714	720.9492394512832	219.43365460825842
5.543586753663562e-7	747.7585660483062	713.4425719009881	223.92536635656649
5.291605537587946e-7	742.0373659551268	706.0861102705663	228.17067593493334
5.061535731605862e-7	736.4384535133994	698.8708171957054	232.20933806678468
4.850638409455617e-7	730.9524718551107	691.7947849443897	236.03281897829825
4.6566128730773926e-7	725.5779607348078	684.8495048666433	239.67589112798933
4.477512377959031e-7	720.3067510086427	678.034097744813	243.1287268999779
4.3116785861827706e-7	715.1377704593298	671.3404596353372	246.42243808986876
4.1576900652476716e-7	710.063937578652	664.768387776603	249.5471620006843
4.014321442308097e-7	705.0844691046912	658.3100423709841	252.53117963165926
3.8805107275644935e-7	700.1930002869565	651.9659994175281	255.36360988667448
3.755332962159188e-7	695.3890118342769	645.7285954304293	258.0706469618289
3.6379788070917124e-7	690.6668225198722	639.5989466152749	260.6412231753207
3.4239800537333767e-7	681.0758377896877	628.4046288767013	262.62505445455974
3.233758939637078e-7	672.2804310488631	616.7128803760904	267.6307178734743
3.0635611007088106e-7	663.6895923435922	605.5088151669324	271.7405927356846
2.9103830456733704e-7	655.3541791236645	594.6635963657005	275.43476042842406
2.771793376831781e-7	647.2682183077969	584.1380122457847	278.81701720105474
2.645802768793973e-7	639.4124087685577	573.9348487615018	281.8634738030474
2.530767865802931e-7	631.7802948166783	564.0203942961841	284.6530093581061
2.4253192047278083e-7	624.3554648135122	554.4000417505582	287.1590850895652
2.3283064365386963e-7	617.132399027575	545.0421744958735	289.4502132497744
2.2387561889795154e-7	610.0971487763362	535.9539932423637	291.49931058679937
2.1558392930913853e-7	603.244967671678	527.1055297614754	293.36709344450713
2.0788450326238358e-7	596.5639256154807	518.5053004661911	295.02672884709557
2.0071607211540486e-7	590.0498712968908	510.1247394926164	296.5326302029301
1.9402553637822467e-7	583.6925476945202	501.97320334118143	297.85884804973085
1.877666481079594e-7	577.488184255754	494.0239212307648	299.05345376167594
1.8189894035458562e-7	571.4279523213421	486.28672651067865	300.09185979244825
1.7119900268666884e-7	559.5491407630086	472.9142180260537	299.077554018063
1.616879469818539e-7	548.4328744251263	458.3941413532278	301.08707863879414
1.5317805503544053e-7	537.7482451948548	444.8312304457498	302.1561709286539
1.4551915228366852e-7	527.5012334762417	431.9382666127774	302.7984233025425
1.3858966884158905e-7	517.6673795554134	419.60014765117836	303.17524956182973
1.3229013843969864e-7	508.21680074204954	407.8422648733943	303.23094093351386
1.2653839329014654e-7	499.12777938885915	396.56700948140366	303.0893385598213
1.2126596023639041e-7	490.3763459165601	385.8034934260996	302.6955980761785
1.1641532182693481e-7	481.9436529761664	375.463357194647	302.15385492847247
1.1193780944897577e-7	473.8104120475791	365.5773766525432	301.41248853446876
1.0779196465456927e-7	465.96007491263913	356.0651183689109	300.5601818164305
1.0394225163119179e-7	458.37703445217176	346.95785148245307	299.54925305840356
1.0035803605770243e-7	451.04659753125406	338.18211799640534	298.4558396345873
9.701276818911234e-8	443.9560792352599	329.76926894020636	297.2359829371037
9.38833240539797e-8	437.092314370269	321.65186286095417	295.9556899261036
9.094947017729281e-8	430.4449599375749	313.86093059006157	294.57457423342055
8.559950134333442e-8	417.83588605329226	301.12243662128355	289.6758634011486
8.084397349092696e-8	405.89644432633247	286.85447978254695	287.16969015800373
7.658902751772027e-8	394.6373703041634	273.9340250886915	284.0753490524891
7.275957614183426e-8	384.0002684169957	261.96158810352307	280.77096093186856
6.929483442079453e-8	373.92416458052867	250.6995064911087	277.43294379428124
6.614506921984932e-8	364.37337261945333	240.21826133312044	273.97653475465313
6.326919664507327e-8	355.2973923278677	230.32427301563501	270.53089704283684
6.063298011819521e-8	346.66989794863895	221.0880405046028	267.02077913442406
5.820766091346741e-8	338.44833755052395	212.34327204823572	263.5481208556842
5.5968904724487885e-8	330.61320720899215	204.15787915637728	260.0474056001829
5.389598232728463e-8	323.1282168961869	196.3876176089516	256.6003667269192
5.1971125815595895e-8	315.97885481561684	189.0965101188804	253.15044252666993
5.0179018028851214e-8	309.13387030819314	182.15880986898986	249.76372386484786
4.850638409455617e-8	302.5824728824956	175.63436793414635	246.3913993954722
4.694166202698985e-8	296.2975124957265	169.4128743137695	243.08742034071227
4.5474735088646405e-8	290.2710021302044	163.5500097470897	239.80960987708562
4.279975067166721e-8	279.1328538456536	154.44498823572715	232.51214098383142
4.042198674546348e-8	268.5795996854551	144.05627706325228	226.67772366484274
3.829451375886013e-8	258.81463919513953	134.93869136516392	220.8541759495783
3.637978807091713e-8	249.74219818292767	126.76060243065422	215.1811219058455
3.464741721039726e-8	241.2642874887217	119.20445830004033	209.75879847776233
3.307253460992466e-8	233.34815838453272	112.37747382014594	204.50590798129863
3.1634598322536636e-8	225.91727977873222	106.03576915234571	199.4869242905219
3.0316490059097604e-8	218.94932386319593	100.27600672554422	194.63691555131385
2.9103830456733704e-8	212.38286439654516	94.90167072583466	190.00040521726933
2.7984452362243943e-8	206.20253998126475	89.99821484813357	185.52576322137656
2.6947991163642316e-8	200.35834621614896	85.40514682402849	181.24411106139794
2.5985562907797947e-8	194.83959324146443	81.1970233054172	177.11439947344442
2.5089509014425607e-8	189.60513686668307	77.24173452032866	173.15837367717648
2.4253192047278084e-8	184.6475367297078	73.60431074988293	169.34319667286155
2.3470831013494924e-8	179.93258250430924	70.17495260234023	165.6840676526544
2.2737367544323203e-8	175.45510099227948	67.01033354318669	162.15457953027988
2.1399875335833604e-8	167.302819004683	62.27110724765431	155.28213821642478
2.021099337273174e-8	159.67172862970017	56.899792726218905	149.1893914167825
1.9147256879430066e-8	152.71484698069105	52.29016822120603	143.4836673483566
1.8189894035458565e-8	146.34824197506185	48.29751921915325	138.14904113480765
1.732370860519863e-8	140.47167816242697	44.669812293452246	133.17995433035784
1.653626730496233e-8	135.05558106676116	41.49081130269285	128.52440451029068
1.5817299161268318e-8	130.02656131752306	38.58156322268084	124.17072773948723
1.5158245029548802e-8	125.36409611962345	36.0098579741091	120.08100068110141
1.4551915228366852e-8	121.0127945149356	33.64261508215899	116.24229388113311
1.3992226181121971e-8	116.95791787705677	31.53406847309389	112.62662686803056
1.3473995581821158e-8	113.15694024798884	29.583560775494817	109.22136264545284
1.2992781453898974e-8	109.5989167200424	27.83422707741864	106.00555810526863
1.2544754507212804e-8	106.25075336756716	26.209053172964744	102.96751003570151
1.2126596023639042e-8	103.104111961587	24.742467827344996	100.09129926821944
1.1735415506747462e-8	100.13290932887311	23.374839700245133	97.36640282793735
1.1368683772161601e-8	97.3306353244044	22.133721034016325	94.78054107168064
1.0699937667916802e-8	92.2445361789975	20.282496552086215	89.98708123110222
1.010549668636587e-8	87.57945607119979	18.283323185255302	85.64975901326704
9.573628439715033e-9	83.36348673274435	16.576606754337334	81.69875781645949
9.094947017729282e-9	79.54075300328279	15.130707488007227	78.08836711855103
8.661854302599316e-9	76.045795359503	13.840119029827429	74.77575875308533
8.268133652481165e-9	72.84878731662766	12.728135886890197	71.72823969921546
7.908649580634159e-9	69.90469386671863	11.727457260216156	68.91395338252953
7.579122514774401e-9	67.19186775348925	10.853918737582095	66.30942271080599
7.275957614183426e-9	64.67828583516358	10.062612312570604	63.89072305133214
6.996113090560986e-9	62.34773959743648	9.364100778020587	61.64052440991092
6.736997790910579e-9	60.176928202185515	8.727787696901286	59.540645023116845
6.496390726949487e-9	58.15340930831754	8.160619243112492	57.57797589139145
6.272377253606402e-9	56.259890025670714	7.641412600766485	55.73853280420476
6.063298011819521e-9	54.48663369223384	7.17470124426943	54.01219226403563
5.867707753373731e-9	52.82057298845347	6.745592856036383	52.38807028178392
5.684341886080801e-9	51.25396372277053	6.357003934160762	50.85820777687847
5.349968833958401e-9	48.40485258513148	5.764789833277558	48.06034698133639
5.052748343182935e-9	45.834228861408874	5.167612042860383	45.54198415851565
4.786814219857517e-9	43.52225213917999	4.657534587900396	43.27232144025634
4.547473508864641e-9	41.43319594652982	4.223644600901547	41.21735741928163
4.330927151299658e-9	39.53458567926635	3.844895770670311	39.347175773413944
4.1340668262405825e-9	37.802762148725336	3.517000177984077	37.63880359178757
3.9543247903170795e-9	36.215785069567445	3.2278297000613163	36.07165374130366
3.7895612573872004e-9	34.75688414937803	2.9740248292108493	34.629411951237685
3.637978807091713e-9	33.41068021392571	2.748209532903191	33.297460814909996
3.498056545280493e-9	32.1649664583726	2.5477724338873524	32.06390373758875
3.3684988954552896e-9	31.00863686590432	2.368047372713476	30.91808389797313
3.2481953634747434e-9	29.932605736558695	2.2070195255722207	29.85112981101401
3.136188626803201e-9	28.928647251905623	2.0616303846949795	28.855091612782815
3.0316490059097605e-9	27.98986734824267	1.9303308085030018	27.9232250490871
2.9338538766868654e-9	27.110039321506626	1.8110491879643718	27.04947934531105
2.8421709430404003e-9	26.283842804054874	1.7025935791121645	26.228640217377517
2.6749844169792006e-9	24.77955287919759	1.536068696946249	24.731897093656432
2.5263741715914674e-9	23.432628249334527	1.3727609951290338	23.39238324587221
2.3934071099287583e-9	22.224550114414466	1.2341281342740285	22.19025812234534
2.2737367544323206e-9	21.134937009790654	1.1155553132171556	21.105475563250682
2.165463575649829e-9	20.147151486606262	1.0132489250694912	20.12165598652622
2.0670334131202913e-9	19.24757423110832	0.9244222575096852	19.225362344357666
1.9771623951585398e-9	18.424885571174293	0.8467701011867215	18.405417373876716
1.8947806286936002e-9	17.669638885134457	0.7785163642660533	17.6524800127808
1.8189894035458565e-9	16.97386411425948	0.7181885454008546	16.958663514044993
1.7490282726402464e-9	16.330805822610007	0.6646148869764867	16.3172763005289
1.6842494477276448e-9	15.734690041482025	0.6168170128395881	15.722595443316134
1.6240976817373717e-9	15.18055920148207	0.5739980513480747	15.16970348776635
1.5680943134016004e-9	14.664127994148757	0.5354865670491978	14.654347613090358
1.5158245029548803e-9	14.181676565717177	0.5007259678771314	14.172834004520947
1.4669269383434327e-9	13.729957742277064	0.4692427605189638	13.721936847122365
1.4210854715202002e-9	13.306126139997481	0.4406389117135112	13.298828151495462
1.3374922084896003e-9	12.533956282482885	0.3967820765900592	12.527674328257781
1.2631870857957337e-9	11.845015179123704	0.3539544697048796	11.839725538501597
1.1967035549643792e-9	11.227869950680725	0.3177057526133634	11.223374122079134
1.1368683772161603e-9	10.671853173699716	0.2867556765046128	10.667999875468555
1.0827317878249145e-9	10.168310308627106	0.2601181891030348	10.164982688634055
1.0335167065601456e-9	9.710147684338956	0.23702871132435485	9.707254268931102
9.885811975792699e-10	9.291494660056324	0.21688314320797172	9.28896305946188
9.473903143468001e-10	8.907451781369616	0.1992020587520314	8.905224072263072
9.094947017729282e-10	8.55389725046253	0.18359873371926194	8.551926664585421
8.745141363201232e-10	8.227339043763688	0.1697602756351104	8.225587467765125
8.421247238638224e-10	7.924798636867764	0.15742987563919522	7.92323477306822
8.120488408686859e-10	7.643720294191855	0.1463963342815944	7.642318237887594
7.840471567008002e-10	7.38189835374356	0.13648373546034412	7.380636523698798
7.579122514774401e-10	7.137419486774627	0.12754536530430333	7.136279780808735
7.334634691717164e-10	6.908615642877181	0.11945746350144999	6.907582791065271
7.105427357601001e-10	6.694026108804249	0.11211555300356453	6.69308715378245
6.687461042448001e-10	6.302908396986701	0.10086836510616262	6.302101223697242
6.315935428978668e-10	5.954588832620981	0.08990291328219441	5.953910112838274
5.983517774821896e-10	5.642754602290444	0.08063392819114858	5.6421784508551704
5.684341886080801e-10	5.361958073822878	0.0727287355649377	5.361464810707749
5.413658939124572e-10	5.107784700774627	0.06593212475429368	5.107359151694027
5.167583532800728e-10	4.876619333826932	0.06004611912989057	4.87624964400225
4.942905987896349e-10	4.6654730060882805	0.05491490839735222	4.665149807173841
4.736951571734001e-10	4.471853044808406	0.05041474455437849	4.471568853086546
4.547473508864641e-10	4.293664116431023	0.04644617034432622	4.293412896285162
4.372570681600616e-10	4.129132121365405	0.042928634811421534	4.1289089609732015
4.210623619319112e-10	3.976744878144502	0.03979624966932002	3.9765457478018265
4.0602442043434293e-10	3.835205526012896	0.03699476461340802	3.835027094317725
3.920235783504001e-10	3.7033955022102867	0.0344791352444103	3.703234995922373
3.7895612573872006e-10	3.580344928573978	0.03221174762927186	3.5802000238645983
3.667317345858582e-10	3.465208692174516	0.03016096502499525	3.4650774300887677
3.5527136788005004e-10	3.3572470142543724	0.02830004638561772	3.3571277339556906
3.3437305212240007e-10	3.16042621920237	0.025450424074707524	3.160323743374436
3.157967714489334e-10	2.9853071196334255	0.02267410166226453	2.9852210108546116
2.991758887410948e-10	2.82857673331611	0.020328659066369673	2.8285036824932366
2.842170943040401e-10	2.68748300904787	0.018329311671496713	2.687420503057652
2.706829469562286e-10	2.559796979294633	0.01661113111751745	2.559743081937897
2.583791766400364e-10	2.4436941268778516	0.015123755918550424	2.4436473267933367
2.4714529939481747e-10	2.3376666163778936	0.013827601152412865	2.3376257199932673
2.3684757858670003e-10	2.240457450757597	0.012691236906376056	2.240421505244274
2.2737367544323206e-10	2.151010383244172	0.011689422807339587	2.150978620586144
2.186285340800308e-10	2.068431386191524	0.010801726624937226	2.0684031817042126
2.105311809659556e-10	1.9919586527709374	0.010011441827906519	1.9919334942164948
2.0301221021717146e-10	1.9209390308766594	0.009304822244010278	1.920916494964934
1.9601178917520005e-10	1.8548093125813343	0.00867045469049666	1.8547890471031745
1.8947806286936003e-10	1.7930812716548687	0.008098816957626114	1.7930629815830028
1.833658672929291e-10	1.7353295824517438	0.007581897839381534	1.7353130191862496
1.7763568394002502e-10	1.68118201027374	0.0071129328209719005	1.6811669631106656
1.6718652606120003e-10	1.5824552530528053	0.006394933342449156	1.582442331569136
1.578983857244667e-10	1.4946559798471117	0.0056957160992685005	1.4946451274168213
1.495879443705474e-10	1.4160875256811831	0.005105209805898487	1.4160783231243579
1.4210854715202004e-10	1.3453668333381175	0.004602002728594032	1.3453589624398092
1.353414734781143e-10	1.281374000678714	0.004169684687980071	1.2813672164313303
1.291895883200182e-10	1.2231925450102312	0.003795547940196738	1.2231866562321714
1.2357264969740873e-10	1.1700652117216055	0.003469593610343834	1.1700600675184607
1.1842378929335001e-10	1.1213608417828171	0.0031838963935212276	1.121356321731689
1.1368683772161603e-10	1.0765491666153417	0.0029320840603198014	1.0765451737030127
1.093142670400154e-10	1.0351814296098893	0.0027090074038307846	1.0351778849492779
1.052655904829778e-10	0.9968752978430263	0.0025104506999543553	0.996872136779289
1.0150610510858573e-10	0.9613030152290064	0.002332951413521758	0.9613001843472628
9.800589458760003e-11	0.9281819957223338	0.0021736308934092318	0.9281794505976922
9.473903143468002e-11	0.8972673042989504	0.0020300915981499314	0.8972650077273762
9.168293364646455e-11	0.8683455855253629	0.0019003138713115301	0.8683435061705568
8.881784197001251e-11	0.8412301354181678	0.0017825951496708186	0.841228246726298
8.359326303060002e-11	0.7917875885416346	0.0016023850081276084	0.7917859671217106
7.894919286223336e-11	0.7478280842603103	0.0014269538986205834	0.7478267228516355
7.47939721852737e-11	0.7084930988134771	0.0012788334873538494	0.7084919446622064
7.105427357601002e-11	0.6730893452786942	0.0011526394026150637	0.6730883583528309
6.767073673905715e-11	0.6410555197946202	0.0010442441196029891	0.6410546692859894
6.45947941600091e-11	0.6119323244427439	0.0009504535034637863	0.6119315863199393
6.178632484870437e-11	0.5853402991393957	0.0008687546852557135	0.5853396544416704
5.921189464667501e-11	0.5609631988147692	0.000797156340113055	0.5609626324152686
5.6843418860808015e-11	0.5385353540490574	0.0007340582501754508	0.538534853764572
5.46571335200077e-11	0.5178319505541286	0.0006781670028449587	0.5178315064808336
5.26327952414889e-11	0.498661465415805	0.0006284246564714766	0.4986610694380395
5.0753052554292866e-11	0.4808597254048704	0.0005839616845360864	0.4808593708197838
4.9002947293800014e-11	0.46428519269567403	0.0005440561200450315	0.46428487392914
4.736951571734001e-11	0.4488151941964124	0.0005081060123981385	0.44881490658159245
4.584146682323227e-11	0.43434287958461937	0.0004756050910352695	0.43434261919095224
4.4408920985006255e-11	0.42077475015686533	0.00044612597615708107	0.42077451365450574
4.179663151530001e-11	0.3960336899411375	0.0004009987585084253	0.39603348692804846
3.947459643111668e-11	0.3740389892141323	0.00035707559120625777	0.3740388187733353
3.739698609263685e-11	0.35435882148288905	0.00031999420943164297	0.35435867700177454
3.552713678800501e-11	0.3366461040922401	0.00028840398786461575	0.3366459805546817
3.383536836952858e-11	0.320619848042606	0.0002612715931292069	0.3206197415880975
3.229739708000455e-11	0.3060501405192523	0.0002377960370494843	0.3060500481373902
3.0893162424352184e-11	0.2927470438682383	0.00021734837628698553	0.2927469631836948
2.9605947323337503e-11	0.28055226938643235	0.000199429387882361	0.2805521985046572
2.8421709430404007e-11	0.26933284887326536	0.00018363861280601884	0.26933278626830615
2.732856676000385e-11	0.25897626635827037	0.00016965187889473183	0.2589762107899291
2.631639762074445e-11	0.24938667140991694	0.00015720445268459804	0.24938662186187524
2.5376526277146433e-11	0.24048190374694187	0.0001460784552904491	0.24048185937995056
2.4501473646900007e-11	0.23219113331509678	0.00013609323143982252	0.23219109343121108
2.3684757858670004e-11	0.2244529722725286	0.0001270979826525827	0.22445293628748836
2.2920733411616136e-11	0.21721395232603083	0.00011896602784367149	0.2172139197477441
2.2204460492503128e-11	0.2104272875211848	0.00011159032284191614	0.21042725793281447
2.0898315757650004e-11	0.19805181093225654	0.00010029967448372443	0.1980517855347979
1.973729821555834e-11	0.18705072496658545	8.931090125865706e-5	0.18705070364499596
1.8698493046318424e-11	0.17720747344710386	8.00342165755227e-5	0.17720745537372348
1.7763568394002505e-11	0.16834840550283683	7.213151493935523e-5	0.16834839004989663
1.691768418476429e-11	0.16033294231688452	6.534422578103551e-5	0.16033292900125531
1.6148698540002275e-11	0.1530460616613479	5.94718712530678e-5	0.1530460501063181
1.5446581212176092e-11	0.14639274276648898	5.435707755026846e-5	0.14639273267482758
1.4802973661668752e-11	0.1402937998206711	4.9874912218316195e-5	0.14029379095532227
1.4210854715202004e-11	0.13468271532431145	4.592517695985802e-5	0.13468270749434627
1.3664283380001925e-11	0.129503204133151	4.242675511009716e-5	0.12950319718340172
1.3158198810372225e-11	0.12470731877133769	3.931341107712107e-5	0.12470731257465113
1.2688263138573216e-11	0.120253960709518	3.6530630263536095e-5	0.12025395516089836
1.2250736823450003e-11	0.11610769962541549	3.4033215112373936e-5	0.1161076946375475
1.1842378929335002e-11	0.11223782879079872	3.1783437607381176e-5	0.1122378242905917
1.1460366705808068e-11	0.10861760327042493	2.9749605120221732e-5	0.10861759919632002
1.1102230246251564e-11	0.10522362094645364	2.7904937920884793e-5	0.1052236172463074
1.0449157878825002e-11	0.09903464600251857	2.5081176970422223e-5	0.09903464282653181
9.86864910777917e-12	0.09353316929016377	2.2332984810045137e-5	0.09353316662393198
9.349246523159212e-12	0.08861075174558981	2.001301657957907e-5	0.08861074948558846
8.881784197001252e-12	0.08418054056620433	1.8036697375112408e-5	0.0841805386339142
8.458842092382144e-12	0.08017222526517455	1.6339349431097824e-5	0.08017222360016936
8.074349270001138e-12	0.07652827828179756	1.4870827368198584e-5	0.07652827683696231
7.723290606088046e-12	0.07320117624681138	1.3591768364288696e-5	0.07320117498497258
7.401486830834376e-12	0.07015131589339782	1.2470924626239517e-5	0.07015131478490855
7.105427357601002e-12	0.06734543012305147	1.1483235290667197e-5	0.06734542914403409
6.8321416900009626e-12	0.06475536957595249	1.060841246789686e-5	0.06475536870700203
6.5790994051861124e-12	0.06235715494997134	9.829890383103217e-6	0.06235715417518659
6.344131569286608e-12	0.060130232384370465	9.134034933458352e-6	0.06013023169062132
6.125368411725002e-12	0.058056882894830325	8.509542441249558e-6	0.058056882271197874
5.921189464667501e-12	0.05612174991603426	7.946977354030753e-6	0.056121749353378526
5.730183352904034e-12	0.05431145828363106	7.438413729338908e-6	0.05431145777425421
5.551115123125782e-12	0.052614304653928794	6.977154289113517e-6	0.052614304191310475
5.224578939412501e-12	0.04951950801487955	6.271076672443081e-6	0.04951950761779965
4.934324553889585e-12	0.046768536247741826	5.5839037426772065e-6	0.046768535914398265
4.674623261579606e-12	0.04430712954591707	5.003812033726228e-6	0.04430712926336508
4.440892098500626e-12	0.042091854667571406	4.509651736817242e-6	0.04209185442599309
4.229421046191072e-12	0.040087551100565604	4.085249033812942e-6	0.04008755089240547
4.037174635000569e-12	0.03826545095348463	3.718064330261244e-6	0.038265450772851685
3.861645303044023e-12	0.03660178929605571	3.398254499983321e-6	0.03660178913830203
3.700743415417188e-12	0.03507676190495699	3.1180057583645824e-6	0.03507676176637579
3.552713678800501e-12	0.03367373314401513	2.8710514859987294e-6	0.03367373302162097
3.4160708450004813e-12	0.03237862663658313	2.6523186001868793e-6	0.03237862652794983
3.2895497025930562e-12	0.031179451340699656	2.4576648120092107e-6	0.031179451243839126
3.172065784643304e-12	0.030065929177101873	2.2836809258171827e-6	0.030065929090372496
3.062684205862501e-12	0.029029199697912202	2.1275404545551864e-6	0.029029199619948834
2.9605947323337505e-12	0.028061583820258532	1.986884099310145e-6	0.028061583749918448
2.865091676452017e-12	0.027156393287828453	1.8597299998127726e-6	0.027156393224149238
2.775557561562891e-12	0.026307775857636533	1.7444035580800929e-6	0.02630777579980299
2.6122894697062505e-12	0.02476030024575539	1.5678669777688395e-6	0.024760300196115307
2.4671622769447924e-12	0.02338475601213152	1.3960581359179499e-6	0.02338475597045954
2.337311630789803e-12	0.022154003180921818	1.2510227472740488e-6	0.02215400314559958
2.220446049250313e-12	0.02104632342123603	1.1274726140800732e-6	0.021046323391036112
2.114710523095536e-12	0.02004413515992779	1.0213637216936106e-6	0.02004413513390562
2.0185873175002844e-12	0.019133053423604933	9.295607718293416e-7	0.01913305340102403
1.9308226515220115e-12	0.018301194935777136	8.496026784058617e-7	0.018301194916056435
1.850371707708594e-12	0.017538656937347904	7.795357666069222e-7	0.017538656920024
1.7763568394002505e-12	0.016837121088531054	7.177932038271253e-7	0.016837121073230724
1.7080354225002406e-12	0.016189548776846394	6.631065870128427e-7	0.016189548763266327
1.6447748512965281e-12	0.015589944133605182	6.144402333184706e-7	0.015589944121496838
1.586032892321652e-12	0.015033167831964685	5.709417549772699e-7	0.015033167821122842
1.5313421029312504e-12	0.014514789409074033	5.319044720933755e-7	0.01451478939932803
1.4802973661668753e-12	0.01403096912344611	4.967384935173952e-7	0.014030969114653092
1.4325458382260085e-12	0.013578362678403582	4.6494832149905057e-7	0.013578362670443236
1.3877787807814455e-12	0.01315404380967122	4.3611526298953177e-7	0.013154043802441636
1.3061447348531253e-12	0.012380286680569282	3.9197897247149975e-7	0.012380286674363953
1.2335811384723962e-12	0.011692499976578511	3.4902480837410264e-7	0.011692499971369261
1.1686558153949015e-12	0.011077111191161525	3.12764405397126e-7	0.011077111186746043
1.1102230246251565e-12	0.010523260731395825	2.818756126869329e-7	0.010523260727620672
1.057355261547768e-12	0.010022157481455634	2.5534736340592316e-7	0.010022157478202728
1.0092936587501422e-12	0.009566608697732012	2.3239577940577087e-7	0.009566608694909287
9.654113257610057e-13	0.009150672539148743	2.1240555142551292e-7	0.009150672536683562
9.25185853854297e-13	0.008769397464304036	1.9488823271075272e-7	0.00876939746213847
8.881784197001252e-13	0.008418624172884281	1.7945209368846e-7	0.008418624170971674
8.540177112501203e-13	0.008094833252611924	1.6578001376837846e-7	0.008094833250914358
8.223874256482641e-13	0.007795026682219037	1.5361306140258343e-7	0.007795026680705446
7.93016446160826e-13	0.007516634726484086	1.427381301600732e-7	0.007516634725128813
7.656710514656252e-13	0.0072574420942524585	1.3297853682326594e-7	0.007257442093034172
7.401486830834376e-13	0.007015528864772265	1.2418680815972547e-7	0.007015528863673106
7.162729191130043e-13	0.006789222847572281	1.1623905817726691e-7	0.0067892228465772095
6.938893903907227e-13	0.0065770608748218955	1.0903061250577325e-7	0.006577060873918173
