# τ	Fs	F	Δζ	ΔG	Δr²
0.0	1.0	1.0	1964.3715434921821	212.92158246648333	0.0
3.125e-7	0.9999838611727643	0.9999882347163944	1963.4222743392938	212.82239050782266	3.125e-7
6.25e-7	0.9999677254075419	0.9999764716135555	1962.473800922396	212.72328166133397	6.24904083420728e-7
9.375000000000001e-7	0.9999515955025959	0.9999647127314499	1961.5261492125646	212.6242581777729	9.371164558249461e-7
1.25e-6	0.9999354714535781	0.999952958066945	1960.579318356992	212.52531996897736	1.2491372980909743e-6
1.5625e-6	0.9999193532556585	0.9999412076165566	1959.633307501249	212.42646694675153	1.5609668203070032e-6
1.8750000000000003e-6	0.9999032409040123	0.9999294613768045	1958.6881157918933	212.32769902300024	1.872605232304316e-6
2.1875000000000002e-6	0.9998871343938196	0.9999177193442124	1957.7437423764686	212.2290161097289	2.1840527436485987e-6
2.5e-6	0.9998710337202656	0.999905981515307	1956.8001864034893	212.13041811904372	2.4953095636402935e-6
2.8125e-6	0.9998549388785408	0.9998942478866188	1955.8574470224478	212.0319049631512	2.8063759013149566e-6
3.125e-6	0.9998388498638404	0.9998825184546827	1954.915523383814	211.93347655435818	3.117251965443615e-6
3.4375e-6	0.9998227666713648	0.999870793216036	1953.9744146390349	211.83513280507182	3.427937964533123e-6
3.7500000000000005e-6	0.9998066892963196	0.9998590721672206	1953.034119940529	211.736873627799	3.7384341068265177e-6
4.0625000000000005e-6	0.9997906177339151	0.9998473553047819	1952.0946384416889	211.63869893514706	4.048740600303375e-6
4.3750000000000005e-6	0.999774551979367	0.9998356426252684	1951.155969296877	211.5406086398229	4.358857652680163e-6
4.6875000000000004e-6	0.9997584920278958	0.9998239341252331	1950.2181116614238	211.44260265463294	4.668785471410598e-6
5.0e-6	0.999742437874727	0.9998122298012315	1949.2810646916334	211.3446808924835	4.978524263685997e-6
5.3125e-6	0.9997263932842144	0.9998005323806908	1948.344989242124	211.24685955934558	5.287948664321883e-6
5.625e-6	0.9997103557344907	0.999788840036456	1947.4097763395025	211.149127672661	5.597142800555883e-6
5.9375e-6	0.9996943243816668	0.9997771521571199	1946.475389109052	211.05148151482882	5.906134857690284e-6
6.25e-6	0.9996782989412509	0.9997654685365751	1945.5418147033006	210.9539197892805	6.214934369722095e-6
6.5625e-6	0.9996622793152421	0.9997537891038327	1944.609048282413	210.8564420062955	6.523544652099836e-6
6.875e-6	0.9996462654678144	0.999742113832951	1943.677087675706	210.75904794509256	6.83196694682508e-6
7.1875e-6	0.9996302573838729	0.9997304427130085	1942.7459316026236	210.66173747457685	7.140201804436248e-6
7.500000000000001e-6	0.9996142550552362	0.9997187757380929	1941.8155790798794	210.56451049360652	7.448249544764489e-6
7.8125e-6	0.999598258476032	0.9997071129039646	1940.8860292238912	210.46736691108654	7.756110410550677e-6
8.125000000000001e-6	0.9995822676411605	0.9996954542069437	1939.9572811849316	210.37030663933535	8.063784618661767e-6
8.4375e-6	0.9995662825457838	0.9996837996435396	1939.029334125201	210.27332959187456	8.371272377166686e-6
8.750000000000001e-6	0.9995503031851528	0.9996721492103281	1938.1021872115064	210.17643568269153	8.678573891029678e-6
9.0625e-6	0.9995343295545523	0.9996605029039073	1937.175839612821	210.07962482599456	8.985689364008671e-6
9.375000000000001e-6	0.9995183616492822	0.9996488607208863	1936.2502904994824	209.98289693613035	9.292618999288477e-6
9.6875e-6	0.9995023994646495	0.9996372226578806	1935.3255390429042	209.8862519275569	9.59936299969211e-6
1.0e-5	0.999486442995969	0.9996255887115096	1934.401584415504	209.78968971483454	9.905921567751462e-6
1.0625e-5	0.9994545471815246	0.9996023331506857	1932.5560620183355	209.5968133034461	1.0518483484089007e-5
1.125e-5	0.9994226741727202	0.9995790940144467	1930.7137169240807	209.40426704204296	1.1130306183338566e-5
1.1875e-5	0.9993908239336305	0.9995558712768794	1928.8745426187722	209.21205025782834	1.174139121643219e-5
1.25e-5	0.9993589964274857	0.999532664911461	1927.0385325551617	209.02016227474982	1.2351740170223068e-5
1.3125e-5	0.9993271916172827	0.9995094748915004	1925.2056801849208	208.82860241669835	1.2961354640875728e-5
1.375e-5	0.999295409465995	0.9994863011902911	1923.37597896935	208.63737000857404	1.3570236224940698e-5
1.4375e-5	0.9992636499366393	0.9994631437811553	1921.5494223829248	208.44646437663604	1.4178386516445566e-5
1.5000000000000002e-5	0.9992319129922976	0.9994400026374646	1919.7260039144583	208.25588484861947	1.478580710587118e-5
1.5625e-5	0.9992001985961247	0.9994168777326422	1917.9057170674384	208.06563075376883	1.5392499579878504e-5
1.6250000000000002e-5	0.9991685067113529	0.9993937690401673	1916.0885553601513	207.87570142284974	1.5998465521163554e-5
1.6875e-5	0.9991368373012893	0.9993706765335728	1914.2745123256689	207.68609618814725	1.6603706508477268e-5
1.7500000000000002e-5	0.9991051903293183	0.9993476001864481	1912.4635815118456	207.496814383466	1.7208224116578233e-5
1.8125e-5	0.9990735657588998	0.9993245399724368	1910.6557564812633	207.3078553441246	1.781201991628494e-5
1.8750000000000002e-5	0.9990419635535717	0.9993014958652378	1908.8510308112252	207.11921840695447	1.841509547443946e-5
1.9375e-5	0.9990103836769463	0.9992784678386051	1907.0493980936908	206.93090291029387	1.901745235396317e-5
2.0e-5	0.9989788260927127	0.9992554558663477	1905.2508519352725	206.74290819398652	1.961909211382165e-5
2.125e-5	0.9989157776086437	0.9992094799459095	1901.662991299319	206.36787822122125	2.0820228545296414e-5
2.25e-5	0.9988528178446154	0.9991635679187288	1898.0873997340766	205.99412340499768	2.201851577703087e-5
2.375e-5	0.9987899465235859	0.9991177195849748	1894.524027176839	205.62163857363097	2.3213965678502653e-5
2.5e-5	0.9987271633625701	0.9990719347405308	1890.972823421285	205.25041854193887	2.4406590364891264e-5
2.625e-5	0.9986644680773645	0.9990262131804026	1887.4337383658599	204.8804581359317	2.5596401992890995e-5
2.75e-5	0.9986018603841785	0.9989805546998929	1883.90672209618	204.5117522009999	2.678341269184944e-5
2.875e-5	0.9985393400001149	0.9989349590949498	1880.3917249112742	204.14429560451978	2.79676345419733e-5
3.0000000000000004e-5	0.9984769066433845	0.9988894261623217	1876.8886973320546	203.77808323668964	2.9149079566315615e-5
3.125e-5	0.9984145600333187	0.9988439556995645	1873.3975901029341	203.4131100106888	3.032775972927528e-5
3.2500000000000004e-5	0.9983522998904242	0.9987985475050833	1869.9183541920954	203.04937086269985	3.150368693535539e-5
3.375e-5	0.9982901259363427	0.9987532013781022	1866.4509407904031	202.68686075179778	3.267687302991592e-5
3.5000000000000004e-5	0.9982280378938896	0.9987079171186914	1862.995301310774	202.32557465988253	3.38473297986848e-5
3.625e-5	0.9981660354870093	0.998662694527736	1859.5513873868001	201.96550759154024	3.501506896875577e-5
3.7500000000000003e-5	0.9981041184408078	0.9986175334069612	1856.11915087201	201.60665457396578	3.618010220818256e-5
3.875e-5	0.998042286481511	0.9985724335588975	1852.6985438384886	201.2490106568222	3.7342441126998566e-5
4.0e-5	0.9979805393364963	0.9985273947869088	1849.2895185761372	200.8925709121636	3.850209727681944e-5
4.25e-5	0.9978572980484662	0.99843749943192	1842.5060051262303	200.1832825017733	4.081342223197682e-5
4.5e-5	0.9977343926596759	0.9983478459592647	1835.7682458065228	199.47875162104282	4.311415807956013e-5
4.75e-5	0.9976118211096506	0.9982584328827716	1829.075870864928	198.77894005870303	4.540439175679844e-5
5.0e-5	0.9974895813021758	0.9981692586905047	1822.428511125394	198.08380967203894	4.7684211577750145e-5
5.25e-5	0.9973676711402714	0.9980803218699802	1815.825799824731	197.39332256956217	4.9953705733837276e-5
5.5e-5	0.997246088538602	0.997991620917124	1809.2673732088297	196.70744117019996	5.221296178466222e-5
5.75e-5	0.9971248314266705	0.9979031543385659	1802.752870703053	196.0261282201425	5.44620665089572e-5
6.000000000000001e-5	0.997003897750613	0.9978149206529455	1796.28193495441	195.3493467969291	5.67011058462547e-5
6.25e-5	0.9968832854728668	0.9977269183906586	1789.8542118182002	194.6770603080271	5.893016489812513e-5
6.500000000000001e-5	0.9967629925727789	0.9976391460943115	1783.4693503394228	194.00923248887864	6.114932791999943e-5
6.75e-5	0.9966430170458885	0.9975516023181894	1777.127002719709	193.34582739952322	6.335867833891108e-5
7.000000000000001e-5	0.9965233569044065	0.9974642856286123	1770.8268242925126	192.686809422028	6.555829875080495e-5
7.25e-5	0.9964040101764566	0.9973771946033805	1764.568473488478	192.03214325695683	6.774827093987378e-5
7.500000000000001e-5	0.9962849749065398	0.9972903278321154	1758.3516118104237	191.381793920782	6.992867587637743e-5
7.75e-5	0.9961662491547795	0.9972036839157087	1752.175903799134	190.73572674239747	7.209959373591646e-5
8.0e-5	0.9960478309973803	0.9971172614666614	1746.041017008796	190.09390736057824	7.426110389721032e-5
8.5e-5	0.9958119073890194	0.9969450737033155	1733.8922653703837	188.82286344422303	7.855631565126219e-5
9.0e-5	0.9955771906974645	0.996773754889036	1721.9028454896695	187.56840222934395	8.281486034874319e-5
9.5e-5	0.995343666647129	0.9966032947279194	1710.0702326664139	186.3302626008887	8.703732201156844e-5
0.0001	0.9951113208285659	0.9964336828277374	1698.3919279429056	185.1081861551974	9.122428836800129e-5
0.000105	0.9948801389363138	0.9962649088713084	1686.8654703719724	183.9019184202863	9.537634083467474e-5
0.00011	0.9946501068577862	0.996096962680721	1675.4884406214403	182.71120921204732	9.949405110785533e-5
0.000115	0.9944212106880717	0.9959298342278714	1664.2584615279432	181.53581268694077	0.00010357798039806545
0.00012000000000000002	0.9941934367442028	0.9957635136448825	1653.1731978314037	180.37548731294328	0.00010762867911215188
0.000125	0.9939667715553696	0.9955979912169097	1642.2303554689033	179.22999579693874	0.00011164668711160108
0.00013000000000000002	0.9937412018688547	0.995433257386552	1631.4276809100206	178.09910501605228	0.00011563253373354502
0.000135	0.9935167146377832	0.995269302744885	1620.7629603415446	176.98258593428636	0.00011958673815276702
0.00014000000000000001	0.9932932970261199	0.9951061180351898	1610.2340189847878	175.8802135321544	0.0001235098094342014
0.000145	0.9930709363964176	0.9949436941439893	1599.8387202966458	174.79176672504144	0.00012740224689613397
0.00015000000000000001	0.9928496203146926	0.9947820221046886	1589.5749653097332	173.71702829519631	0.00013126454016015906
0.000155	0.9926293365384409	0.994621093088804	1579.4406918625045	172.65578481307222	0.00013509716950450558
0.00016	0.9924100730214825	0.9944608984095817	1569.4338739656562	171.60782657201761	0.000138900605907976
0.00017	0.9919745447721319	0.9941426673598953	1549.79392685528	169.55087023320536	0.00014642230828303249
0.00018	0.9915429534033586	0.9938272697047943	1530.6401653068365	167.54460850931986	0.00015383282473718513
0.00019	0.9911152125493045	0.9935146431653078	1511.9577939787532	165.58750861090283	0.00016113547433503934
0.0002	0.9906912363256305	0.993204725812688	1493.7324114755888	163.67807868349487	0.00016833353741597376
0.00021	0.9902709406690247	0.9928974570319568	1475.9500725900505	161.81487398430835	0.00017543020157094583
0.00022	0.9898542438865013	0.9925927779196183	1458.5972979709293	159.99649779299068	0.0001824285438365497
0.00023	0.989441066621764	0.9922906312574752	1441.6610646163258	158.22160041482118	0.000189331530836885
0.00024000000000000003	0.9890313319435822	0.991990961578064	1425.1287926648895	156.4888778117942	0.00019614201896847976
0.00025	0.9886249651679506	0.9916937150345986	1408.9883292693416	154.79706994933233	0.00020286276022720006
0.00026000000000000003	0.9882218938967269	0.991398839430509	1393.2279339943957	153.1449592921251	0.0002094964041351101
0.00027	0.9878220478326363	0.9911062840842889	1377.83626309588	151.53136919483552	0.00021604550382451157
0.00028000000000000003	0.9874253588139434	0.9908159998561288	1362.8023557825757	149.95516248738966	0.00022251251790417808
0.00029	0.9870317606370952	0.9905279390183279	1348.1156195794142	148.41523997694304	0.00022889981621865838
0.00030000000000000003	0.9866411890922927	0.9902420552825321	1333.7658176185266	146.91053913879506	0.00023520968147613437
0.00031	0.986253581794918	0.9899583036765258	1319.7430550791214	145.44003272859956	0.00024144431464453216
0.00032	0.9858688782223164	0.9896766405723028	1306.037767451354	144.00272757303227	0.0002476058363438263
0.00034	0.9851078811504421	0.9891193628601757	1279.5395757320196	141.22357376192258	0.0002597199461111923
0.00036	0.9843577984902148	0.9885699342367307	1254.2035584801017	138.5660361114029	0.00027156571504173235
0.00038	0.9836182212737528	0.9880280599129005	1229.9647492308054	136.02335894283905	0.00028315699181452375
0.0004	0.9828887534287729	0.987493454430013	1206.761831006936	133.58916503544546	0.0002945070209269486
0.00042	0.9821690164943332	0.9869658450299502	1184.5372358371583	131.25746507937887	0.0003056282742790848
0.00044	0.9814586520738547	0.9864449734421259	1163.2370108652253	129.02264352203613	0.000316532404395487
0.00046	0.9807573200829739	0.9859305945973581	1142.8105993640488	126.87943599933244	0.00032723030349379305
0.00048000000000000007	0.9800646990318524	0.9854224768507207	1123.2106262576172	124.82290718383061	0.00033773212869845357
0.0005	0.9793804837766308	0.9849204003395814	1104.3926769060172	122.84842807496433	0.00034804737704355874
0.0005200000000000001	0.9787043856292964	0.9844241570813621	1086.3151024678832	120.95165591467727	0.00035818491216042873
0.00054	0.9780361302589021	0.9839335494408825	1068.9388258615002	119.12851427123692	0.00036815303252439184
0.0005600000000000001	0.9773754578393578	0.9834483902545214	1052.227173549683	117.37517566968289	0.0003779594927634802
0.00058	0.9767221211488519	0.9829685014416283	1036.1457078468668	115.68804437519898	0.0003876115638043143
0.0006000000000000001	0.9760758857665074	0.9824937141629959	1020.66208226181	114.06374144202692	0.00039711604902525124
0.00062	0.975436528354186	0.982023867564839	1005.745896673017	112.49908983953361	0.00040647933720104157
0.00064	0.9748038368927032	0.9815588089649198	991.3685728921797	110.99110157769516	0.0004157074143568545
0.00068	0.9735574591715278	0.9806423412872608	964.1153246926347	108.13309375060801	0.00043378500506556847
0.00072	0.9723354086722982	0.9797433432513513	938.7139804541207	105.46997570904684	0.0004513855597235701
0.00076	0.9711363628299082	0.9788608625821392	914.9924476728099	102.98371298332994	0.00046854427284176735
0.0008	0.9699590896717831	0.9779940125379162	892.7962785010152	100.65811061074328	0.00048529315782191914
0.00084	0.9688024478189529	0.9771419716329305	871.9874986273297	98.47869121572336	0.0005016611276623265
0.00088	0.9676653934270929	0.9763039888046156	852.4429825486501	96.43252546016308	0.0005176740103816673
0.00092	0.9665469628525589	0.9754793707197207	834.0527182559911	94.50805258728538	0.0005333550730929641
0.0009600000000000001	0.9654462736597331	0.974667482666648	816.7183086445121	92.69492451584041	0.0005487251476732502
0.001	0.9643625083340966	0.9738677366439927	800.3515647479064	90.9838603880091	0.0005638030977327284
0.0010400000000000001	0.9632949154112693	0.9730795923273166	784.8733444491204	89.36652555659846	0.000578605899715225
0.00108	0.9622427957165545	0.9723025469976683	770.2124701206618	87.83541956056888	0.0005931490211748975
0.0011200000000000001	0.9612055040112262	0.9715361368672972	756.3048440775469	86.38378372675882	0.0006074464579238537
0.00116	0.9601824374421077	0.9707799286169903	743.0926175547629	85.00551505671619	0.0006215110398153945
0.0012000000000000001	0.9591730375395939	0.9700335209625769	730.5235157041211	83.69509553018975	0.0006353544371628354
0.00124	0.9581767804655089	0.969296537502236	718.5501965797108	82.44752560449923	0.0006489874104982158
0.00128	0.9571931791994347	0.9685686284072518	707.1297337143153	81.25826987218223	0.0006624197968624791
0.00136	0.955261860835846	0.9671385390753398	685.7820726607782	79.03725262547958	0.0006887214460502345
0.00144	0.9533760172182479	0.9657410505049464	666.2212006871246	77.00459332703502	0.0007143207926445506
0.00152	0.9515327515657563	0.9643740822542018	648.2232641881745	75.1366012485202	0.000739273430090496
0.0016	0.9497294602579329	0.9630357660237966	631.5982741300112	73.4131659794364	0.0007636277266536411
0.00168	0.9479637722158203	0.9617244003571953	616.1851510132676	71.81723588542724	0.000787426712601816
0.00176	0.9462335712893258	0.9604384677679959	601.8470774264766	70.3343249268664	0.0008107078764507305
0.00184	0.9445369242238958	0.9591765817636555	588.467169145141	68.95205866426191	0.0008335048899332052
0.0019200000000000003	0.9428720937299719	0.9579374972036727	575.9451699603519	67.65982314169867	0.0008558474035739991
0.002	0.9412374805902981	0.9567200677210391	564.1945339287869	66.4484587235726	0.0008777623617586275
0.0020800000000000003	0.9396316364217286	0.9555232557296316	553.1402626358181	65.31002953073275	0.0008992737394725593
0.00216	0.9380532184751157	0.9543460991293019	542.7169662994958	64.2376198643039	0.0009204035439637513
0.0022400000000000002	0.9365010020980816	0.9531877209810147	532.8674409811651	63.22518194876374	0.0009411715320533697
0.00232	0.9349738450493081	0.952047303175393	523.5413580964755	62.267398321560336	0.0009615959896505424
0.0024000000000000002	0.9334706991688125	0.9509240954391952	514.6943112987844	61.359579470124274	0.000981693456396673
0.00248	0.9319905817752525	0.9498173941950112	506.2869119135888	60.4975688935558	0.001001479345197511
0.00256	0.9305325863042538	0.9487265507431183	498.2841380076784	59.677672961333876	0.001020967686515588
0.00272	0.9276794852836651	0.946589958335641	483.3605730451985	58.15031164868413	0.0010590970530262088
0.00288	0.9249054126184375	0.9445100312269812	469.72058991671827	56.75613384571363	0.001096179589096585
0.00304	0.9222049122242135	0.9424828630245929	457.1926890501264	55.47712032361215	0.0011322993077865953
0.0032	0.9195731869784298	0.940505024069743	445.63428822324573	54.298308431027905	0.0011675270171386117
0.00336	0.9170058874107901	0.9385734035231058	434.9264455080751	53.207237828872515	0.0012019260899270537
0.00352	0.9144991652308914	0.9366852516996851	424.96961293267105	52.193494149379625	0.0012355513996665805
0.00368	0.9120495045995823	0.9348380549798029	415.6796586287658	51.24829156988068	0.0012684529148511835
0.0038400000000000005	0.9096537636890644	0.9330295691028253	406.9851354634651	50.36417941646503	0.00130067451735506
0.004	0.9073090491489871	0.9312577259865401	398.8247881153516	49.53478130423611	0.001332256572676064
0.0041600000000000005	0.9050127522945213	0.9295206625521926	391.14588879100137	48.754616209462874	0.001363234891216759
0.00432	0.9027624545355798	0.9278166503484174	383.90266076939747	48.018934044492894	0.001393642665459164
0.0044800000000000005	0.9005559587344618	0.9261441204093197	377.0552403011579	47.32360395366611	0.001423509589563758
0.00464	0.8983912163860733	0.9245016089226795	370.5686463685433	46.66500723030732	0.0014528633604928784
0.0048000000000000004	0.8962663545442202	0.922887778517256	364.4121122623578	46.03996534552897	0.001481728934652715
0.00496	0.894179618624754	0.9213013754794783	358.5583901858783	45.4456679218065	0.0015101297147976373
0.00512	0.8921293954649359	0.9197412479581271	352.98330817276616	44.879625003798544	0.0015380869204311154
0.00544	0.8881332236214555	0.9166960889563286	342.58048569790213	43.82308774548687	0.001592720646438432
0.00576	0.8842664146698478	0.913744118665631	333.06192427931944	42.855914579286086	0.0016457987057636834
0.00608	0.8805191277671015	0.910878295777061	324.30910667338173	41.965996863229805	0.0016974524678334618
0.0064	0.8768829238777792	0.9080925935135951	316.2240394368986	41.14332363194818	0.0017477882470320553
0.00672	0.8733502277664559	0.9053815964890317	308.7250902332709	40.37957105809353	0.001796901094077678
0.00704	0.8699143797866734	0.9027405489123056	301.7440489382995	39.66779775200364	0.00184487300878046
0.00736	0.8665693167619091	0.9001651152375725	295.22325289944825	39.002149431553846	0.00189177924507054
0.007680000000000001	0.8633096430306577	0.8976514407500666	289.1137672780289	38.37766774532441	0.0019376856797880613
0.008	0.8601304055537536	0.8951959822027467	283.3736068833374	37.79010736736356	0.0019826532225993487
0.008320000000000001	0.8570271569013335	0.8927955607584332	277.9666419480495	37.235821403538466	0.0020267356597420162
0.00864	0.8539957878618333	0.8904472353954409	272.8614760127313	36.71164638767401	0.00206998302422495
0.008960000000000001	0.8510325808654835	0.8881483475353447	268.0307690937677	36.21483180440669	0.002112439849220726
0.00928	0.8481340820309973	0.8858964238802118	263.45050419119366	35.74296515165458	0.0021541477953877187
0.009600000000000001	0.8452971463404867	0.8836892140181667	259.09955451161557	35.29392715134639	0.0021951442093052663
0.00992	0.8425188378562211	0.8815246143536796	254.9591879106711	34.86584122745364	0.0022354642052236835
0.01024	0.8397964680212804	0.8794006999264954	251.01278181205214	34.457044195456696	0.0022751394606391247
0.01088	0.8345128960660612	0.875270260848611	243.64649493553753	33.691581277487415	0.0023525935519070414
0.01152	0.8294253945762898	0.8712827397975561	236.89703381693263	32.98744508736312	0.0024278012606643966
0.01216	0.8245174359557422	0.867426249001775	230.68151409901122	32.33640499868432	0.002500961422435932
0.0128	0.8197753278377561	0.8636909639632008	224.93234053018048	31.731720975055694	0.0025722278114772377
0.01344	0.8151869229551192	0.8600681520194047	219.5932616459795	31.16778891116394	0.002641738706476611
0.01408	0.8107415973057791	0.8565501833668755	214.6171946669719	30.639930429358298	0.002709613465387872
0.01472	0.8064297144442942	0.8531301210919613	209.96421065911568	30.144185406559654	0.002775962515928687
0.015360000000000002	0.8022427343621319	0.8498018227661301	205.6003452386558	29.677192531309203	0.002840882121384633
0.016	0.7981728508654611	0.8465596606282789	201.49637792294024	29.236063001537094	0.0029044616431836254
0.016640000000000002	0.7942130871902713	0.8433986088926904	197.62711654830002	28.818310264227165	0.0029667795351757333
0.01728	0.7903570256882632	0.8403140339182675	193.97062064169708	28.421769861176447	0.003027909014465619
0.017920000000000002	0.7865988872994416	0.837301766287047	190.5077558375308	28.04455663349304	0.003087914870903711
0.01856	0.782933325596133	0.8343579399838613	187.22168279864582	27.68501182349811	0.003146857912145347
0.019200000000000002	0.7793554938275434	0.8314790528233055	184.09757116637724	27.341676166158454	0.0032047923415216804
0.01984	0.7758608852565495	0.8286618410414155	181.1222522773204	27.01325374562516	0.003261769292080887
0.02048	0.772445390128132	0.8259033303963901	178.28403012955468	26.698594611631677	0.0033178346407733788
0.02176	0.7658456434442852	0.8205582880957618	172.9869793615119	26.10721644416198	0.003427219505655905
0.02304	0.7595196964469436	0.8154171665189885	168.12463891311694	25.55982721051499	0.0035334572168294613
0.02432	0.7534422568773426	0.8104615064898446	163.6379122419973	25.050593751238388	0.0036368348127007663
0.0256	0.7475931829558234	0.8056766555976103	159.4797569957393	24.57484226840555	0.0037375657107032115
0.02688	0.7419547214310492	0.8010496583617805	155.61099532756495	24.12868435939076	0.0038358456826819865
0.02816	0.7365113571584798	0.7965692028697152	151.99869242567172	23.70886302624598	0.003931844393061665
0.02944	0.7312490337944224	0.7922250020170442	148.61481867668903	23.312603820428556	0.004025720401845355
0.030720000000000004	0.7261553303994143	0.7880079717349293	145.43547823195476	22.937543799798018	0.004117611270021625
0.032	0.7212189325364644	0.7839098065412948	142.44011196295403	22.581641346891455	0.00420764541136811
0.033280000000000004	0.7164297698526323	0.7799231188886726	139.61096382635608	22.243134685623495	0.00429593488205811
0.03456	0.711778615674457	0.7760411157466091	136.93257093749222	21.92048293453394	0.004382584782659161
0.035840000000000004	0.7072571969465382	0.7722577098763806	134.39144881902968	21.6123410883629	0.004467687548076937
0.03712	0.7028578898569957	0.7685672720115257	131.97572876285807	21.31752024930673	0.004551330347298685
0.038400000000000004	0.6985738120854137	0.7649647233523791	129.67496057477157	21.03497230002883	0.004633590404945926
0.03968	0.694398588304958	0.761445343058326	127.47986454450484	20.763762236005043	0.004714540906602354
0.04096	0.6903264284624008	0.7580048460898415	125.38220114462837	20.503058627785677	0.004794247111228352
0.04352	0.6824884309598657	0.7513590863831582	121.46279605074812	20.01138614249182	0.004949821255990002
0.04608	0.67500116993414	0.7449832650451862	117.8507288452641	19.55351903049967	0.005101163385209824
0.04864	0.667829695884213	0.7388511604919007	114.50478802553508	19.12514405420429	0.005248669038937805
0.0512	0.6609471048802614	0.7329426759632622	111.39277820036999	18.722882724680634	0.005392626889906755
0.05376	0.6543296255027065	0.7272399725511023	108.4875894186126	18.343891909879456	0.005533310182702823
0.05632	0.6479564294255562	0.7217274321071152	105.76623342951855	17.9857635239486	0.005670955980578181
0.05888	0.6418086768931626	0.7163908495922888	103.20904923284839	17.646420777643808	0.005805787645723718
0.06144000000000001	0.635869787614461	0.7112177294731823	100.79923974444348	17.32408249091232	0.005937997311919939
0.064	0.6301247362250377	0.7061966876445726	98.52230625888281	17.017195810031886	0.006067765267983476
0.06656000000000001	0.6245602223800538	0.7013176519218597	96.36572653722796	16.724413929230273	0.006195247401915221
0.06912	0.6191641274514428	0.6965713980024588	94.3185719811996	16.44454987290391	0.006320590646785475
0.07168000000000001	0.6139256449981704	0.6919497047750918	92.37130063659528	16.17656313412204	0.006443923026162761
0.07424	0.6088348697740747	0.6874449994871717	90.51550003346811	15.919527612470368	0.006565365863473875
0.07680000000000001	0.6038829077739216	0.6830504864214635	88.74375419229591	15.67262382905066	0.0066850256213162535
0.07936	0.5990615619504136	0.6787598724541994	87.04946661179746	15.435116130269467	0.006803003694864293
0.08192	0.594363426369828	0.6745674753431015	85.42677303441893	15.206348214149559	0.006919389623570072
0.08704	0.5853397220338281	0.6664809292944904	82.38876737445464	14.774130535677347	0.007147144309277379
0.09216	0.5767274857936406	0.6587246431851569	79.57606784089607	14.370114573359082	0.00736960241785145
0.09728	0.5684842570441629	0.651265405976632	76.9601888763902	13.990884567912325	0.007587273517917954
0.1024	0.56057795807348	0.6440782916497735	74.51872124006927	13.633787231495397	0.007800531883238334
0.10752	0.5529798697007399	0.6371408501641806	72.23237056560062	13.296540984981588	0.008009745265617476
0.11264	0.5456647485533619	0.6304333736873333	70.08458889315301	12.97718884119956	0.00821522947515383
0.11776	0.5386098299466665	0.6239379598157095	68.06114184346461	12.674024905880517	0.008417284697756043
0.12288000000000002	0.5317952021821202	0.6176389646352549	66.14982477004939	12.385579317098511	0.008616164782279646
0.128	0.5252029225408583	0.6115221932466065	64.34005927559049	12.110561971662559	0.008812110058879238
0.13312000000000002	0.5188172145717664	0.6055751789163676	62.622682033250506	11.84785080787995	0.009005324699919253
0.13824	0.5126237771667532	0.5997865461972754	60.98966455864794	11.596451381174345	0.009196003030111827
0.14336000000000002	0.5066099389059205	0.5941462296115223	59.433977815409435	11.355490145518404	0.009384311284234404
0.14848	0.5007641360665924	0.5886449855266008	57.94940104018795	11.124185738017083	0.009570408682019544
0.15360000000000001	0.49507604847387376	0.5832745770326633	56.530436305569104	10.901845670912863	0.009754432282864144
0.15872	0.48953620010228804	0.5780273949386153	55.17217477659795	10.687845488066564	0.009936514138930676
0.16384	0.4841360790921871	0.5728966159197069	53.870241967546676	10.481627430008132	0.010116768545222641
0.17408	0.47376703289667194	0.5629961078639976	51.43244702694511	10.092098851112754	0.010471388403186139
0.18432	0.46385887245638013	0.5534823585536653	49.172313766885836	9.727719959202373	0.010820126277581638
0.19456	0.4543664635955967	0.5443183067702343	47.06949356430133	9.385663767485063	0.011163585228245237
0.2048	0.44525558261957604	0.5354762036207464	45.107384207813546	9.06370479230158	0.011502213588275516
0.21504	0.43649468144148423	0.5269302826249448	43.271289615465705	8.759879821085793	0.011836474502535993
0.22528	0.4280559475719807	0.5186579134092755	41.548506888955686	8.472491419367111	0.012166751252479305
0.23552	0.4199142806416296	0.5106384848933311	39.92802125499527	8.200048552423794	0.012493417248318858
0.24576000000000003	0.4120478729435285	0.5028541556127654	38.40035398442076	7.9412642413590175	0.012816775296968027
0.256	0.40443707671929435	0.4952887132511237	36.95722243424214	7.695001707337643	0.01313712020060801
0.26624000000000003	0.39706472906326495	0.48792805585664606	35.591422869595256	7.460270719956021	0.013454691381241835
0.27648	0.3899152566151117	0.48075928313406535	34.29659893741271	7.236188055741152	0.013769723896309618
0.28672000000000003	0.38297494370133617	0.4737710870715403	33.06716171177233	7.021976652546889	0.014082409280016688
0.29696	0.37623124622199916	0.4669530439557541	31.89813001618541	6.816936922973979	0.014392937423026402
0.30720000000000003	0.36967303170163995	0.4602959503434153	30.78508305551827	6.620447852517956	0.014701463418352477
0.31744	0.36329004480722693	0.45379126267425246	29.724045932492587	6.431945718638564	0.015008142499645735
0.32768	0.3570731212373871	0.44743138812348554	28.711461815404473	6.250926145531762	0.015313101622333508
0.34816	0.34516469347277456	0.4351731370915111	26.830356504918065	5.911094775773289	0.01591725606294542
0.36864	0.33380632562129764	0.4233989832112445	25.102566148425197	5.595565309200425	0.016516193223108728
0.38912	0.32295422671018303	0.4120716781458349	23.512222094619815	5.301857140759555	0.017110541353177834
0.4096	0.31257372306753756	0.401162596029512	22.04550126211007	5.027933513307098	0.0177007410879343
0.43008	0.30263089061312115	0.39064337146732475	20.689843475058503	4.771943842720625	0.01828730501239736
0.45056	0.29309557443569595	0.380489032150749	19.43429423219464	4.532275639354065	0.01887060680501257
0.47104	0.2839400994870966	0.37067635787138714	18.26924828167911	4.307494959277532	0.01945104797824905
0.49152000000000007	0.27514041817878737	0.3611853857173306	17.186367878096803	4.096356781562211	0.020028910856125244
0.512	0.2666744874909786	0.3519975924982718	16.178289971022064	3.8977474288534006	0.020604503217372987
0.5324800000000001	0.25852302225749896	0.34309695460073675	15.23856057198263	3.710690628900037	0.021178037731159415
0.55296	0.25066819205315743	0.33446847666225343	14.361423814584324	3.53430483470707	0.021749752479259962
0.5734400000000001	0.243094241876537	0.32609906027696656	13.54178435661959	3.3678095309320004	0.022319809052525143
0.59392	0.23578647072008876	0.3179763317511365	12.775057326026962	3.210493802041466	0.022888394051207867
0.6144000000000001	0.22873176983864094	0.3100893832970817	12.057149550600744	3.061722737987909	0.023455631435023813
0.63488	0.22191780841132494	0.30242782437135207	11.384350039052508	2.9209137820840936	0.024021669203245277
0.65536	0.2153334995396677	0.29498241708870476	10.753319830555519	2.7875427453240214	0.02458660324843903
0.69632	0.20290221155234103	0.2807939906572116	9.613826291336848	2.542688122110229	0.025712218892097523
0.73728	0.1912342854784797	0.2673371276303962	8.60284065927574	2.3215843498688717	0.026834904216150784
0.77824	0.1802817560828074	0.25457113185226443	7.705771798089697	2.1216782056238697	0.02795514919107488
0.8192	0.17000047095563323	0.2424600173339772	6.909136184003039	1.9407501897756758	0.0290731383684706
0.86016	0.1603436222906101	0.23096415345914698	6.200677444225574	1.7767587003083902	0.030189314697842067
0.90112	0.15126853560726294	0.22004765448121083	5.569777140522671	1.62792352621798	0.03130384162006737
0.94208	0.14273478846107687	0.20967566507808807	5.007171045880909	1.4926585992513375	0.03241705634721186
0.9830400000000001	0.13470648543062055	0.19981749398005372	4.5048756133742	1.3695868224217203	0.0335290617612984
1.024	0.12714981507373885	0.19044356794611825	4.055901835466101	1.2574780135968069	0.03464010861066779
1.0649600000000001	0.12003458319677097	0.18152766310838434	3.6541910639072883	1.1552568968263017	0.03575025720358003
1.10592	0.11333226150240541	0.1730444554208358	3.29441025748226	1.061958011216798	0.036859696387851894
1.1468800000000001	0.1070171748555829	0.16497127372288883	2.9719118686339794	0.976731771857881	0.03796845878728154
1.18784	0.1010649843858958	0.15728616670037343	2.6825834898692995	0.8988119101713448	0.03907668935492633
1.2288000000000001	0.09545364314241955	0.1499693231316761	2.422822293856038	0.8275203078242591	0.040184403064063234
1.26976	0.09016220243985983	0.14300152944580968	2.189430941147393	0.7622431091127978	0.04129171312791496
1.31072	0.08517158402465684	0.13636532676707233	1.979595977092917	0.702434478649342	0.04239862335418299
1.39264	0.07612982453352862	0.12414817372372056	1.6252302236753542	0.5982278320031741	0.04460983434100178
1.47456	0.06802854414112088	0.11300318000766772	1.3352621168319274	0.5099931697777753	0.04682040684990272
1.55648	0.06078762616570861	0.10285460861836529	1.098621438749089	0.4352842150615083	0.04903060954396461
1.6384	0.05432447747405542	0.09362404579234009	0.9055077755208506	0.3719949474206916	0.05124011765579179
1.72032	0.048555714488093496	0.08522872920669179	0.7476919760900407	0.3182993670927867	0.05344930239773995
1.80224	0.043406813828903476	0.07759370619122853	0.6185347498243715	0.27268116217094274	0.05565797440576059
1.88416	0.038809748364077974	0.07064845679532789	0.51265219939323	0.23386344359564978	0.05786642885528822
1.9660800000000003	0.03470501903697691	0.06433058520181434	0.425719023863349	0.2007893992817917	0.060074513348142414
2.048	0.03103878429934905	0.058582075104805786	0.35422577348168255	0.17256835391540845	0.06228245229574154
2.1299200000000003	0.0277639181701383	0.05335151423975667	0.2953424162368179	0.14845973115860844	0.06449011980048436
2.21184	0.024837864821102427	0.04859127923946856	0.24676563860282347	0.1278375289815542	0.06669768716765412
2.2937600000000002	0.02222326738480859	0.04425900359611869	0.20663169803245296	0.11017863103281557	0.06890505076367745
2.37568	0.0198864254453523	0.04031552980839696	0.17341900719881373	0.09503953821596435	0.07111234299020232
2.4576000000000002	0.017797685982476	0.0367259123026095	0.14589208578239066	0.08204799757842561	0.07331947898251548
2.53952	0.015930318822370376	0.033457909613527334	0.12303920158398714	0.07088755753243398	0.07552656207253375
2.62144	0.014260754921742861	0.030482668744470157	0.10403723563935216	0.061291545112756904	0.07773352299621547
2.78528	0.011490233500760108	0.025400381451079496	0.07555789890266554	0.04613285331728118	0.08214599243638648
2.94912	0.009242908440049024	0.021140393949744225	0.05530798232011418	0.034755997462963595	0.08655849416441241
3.11296	0.0074327115466853635	0.01758853933827424	0.04095690968589844	0.026230461347616717	0.09097125113966371
3.2768	0.005978869236050945	0.014634330456268413	0.03074115706746012	0.019837725617836886	0.09538375346650742
3.44064	0.004811570784014918	0.012178059195456633	0.023411409442713325	0.015033723195918704	0.0997963263563631
3.60448	0.0038744417792994303	0.010136295324859145	0.01810534126870298	0.011415952538014862	0.10420869352203346
3.76832	0.0031217812697682816	0.008438734021265533	0.014225009190497927	0.008685096050279775	0.10862108550317079
3.9321600000000005	0.0025171631259869147	0.007027361671183388	0.01135642317896401	0.006619513568697529	0.11303332500681296
4.096	0.002031215137702095	0.005853618033540639	0.009210746881270254	0.005053804427672518	0.11744556764045541
4.2598400000000005	0.0016405289940765464	0.00487743586553633	0.007585763615993061	0.003864790404700471	0.12185769659921464
4.42368	0.0013262535935605418	0.004065346816850011	0.006338868390376902	0.0029601189913923635	0.12626981664419576
4.5875200000000005	0.0010733438103435404	0.0033896951783595956	0.00536921089177281	0.002270624931325036	0.1306818502325597
4.75136	0.0008696906784750025	0.002827406697841057	0.004604740880718583	0.001744223368613515	0.13509386841268187
4.9152000000000005	0.0007056187730244378	0.00235939290314489	0.003993811677224421	0.0013417127306134806	0.1395058194753754
5.07904	0.0005733425716988387	0.001969739013443697	0.0034989967070425364	0.0010334532438522762	0.14391775195569537
5.24288	0.0004666339315976896	0.0016452655425781685	0.0030930453786439014	0.0007970376679655454	0.14832963126860324
5.57056	0.00031615713335766493	0.00116546563670777	0.0024879710306959305	0.0004829904221280751	0.1571530266893534
5.89824	0.0002146112745003433	0.0008239173186118161	0.00204349144701525	0.00029275275243045927	0.16597633840742754
6.22592	0.00014689454154465757	0.0005833115858697481	0.001709090247154793	0.00017793290562496882	0.1747996587359156
6.5536	0.00010177291618629148	0.00041429521498841885	0.0014506250185272454	0.00010853406507601238	0.18362286427968091
6.88128	7.157008214074385e-5	0.0002954883972086446	0.0012460225975193834	6.644226252646823e-5	0.19244603510703973
7.20896	5.122239913429989e-5	0.00021185227683656604	0.0010809385150369498	4.0819015356394104e-5	0.2012691212851172
7.53664	3.739886149478997e-5	0.00015284789730111138	0.0009455537268552025	2.516340509513305e-5	0.21009216658585822
7.864320000000001	2.7912612276921844e-5	0.00011111442941292358	0.0008330375464208441	1.556434379294875e-5	0.2189151485318422
8.192	2.1323188494960894e-5	8.150199603941592e-5	0.0007384663462388781	9.658596914271251e-6	0.22773809140752885
8.519680000000001	1.6680723761869555e-5	6.0410880911272976e-5	0.0006582051781678538	6.0132244620212515e-6	0.23656098522934074
8.84736	1.3356151563916815e-5	4.53200842149832e-5	0.0005895098697984149	3.7558773218631864e-6	0.24538384415255038
9.175040000000001	1.0931553925657358e-5	3.446388222222814e-5	0.0005302727536873769	2.353707110949759e-6	0.2542066640155032
9.50272	9.127864304328216e-6	2.6603412515244714e-5	0.00047884918768755365	1.4800716797861833e-6	0.2630294535595246
9.830400000000001	7.757744129087142e-6	2.086872310148405e-5	0.00043393952551279327	9.341045877938908e-7	0.27185221132868803
10.15808	6.694582617357182e-6	1.6647770817896713e-5	0.0003945046092562185	5.918806997715017e-7	0.2806749430418299
10.48576	5.852133729999896e-6	1.3509270759966006e-5	0.0003597054116376289	3.76716878056166e-7	0.28949764847873527
11.14112	4.651414550890905e-6	9.529694983025317e-6	0.0003029580643213325	1.628486916667886e-7	0.3071429600227826
11.79648	3.7890752876464345e-6	7.052237382904134e-6	0.0002571293607811198	7.183458011662425e-8	0.32478819519812746
12.45184	3.146589595842634e-6	5.45201397352812e-6	0.00021982723730966402	3.3004220567034606e-8	0.34243336965197685
13.1072	2.650860457004905e-6	4.365751552249049e-6	0.00018917814888188013	1.6229855671750004e-8	0.36007848530803876
13.76256	2.257798822048001e-6	3.5903224777161497e-6	0.00016378118277377566	8.841657110466173e-9	0.37772355381885164
14.41792	1.9398260826245026e-6	3.0115442613100266e-6	0.00014258308341813433	5.497876954255935e-9	0.39536857805077336
15.07328	1.6787846469459869e-6	2.5635154261835744e-6	0.00012477991974821457	3.924288276466924e-9	0.4130135657114783
15.728640000000002	1.4621080947240388e-6	2.2067579498491505e-6	0.0001097488239408947	3.140660255383345e-9	0.4306585193162758
16.384	1.2807342606274865e-6	1.9166111292100464e-6	9.700048662946505e-5	2.7183010134882175e-9	0.4483034441758231
17.039360000000002	1.12787571305691e-6	1.676906485544847e-6	8.613999924286386e-5	2.4664141877761314e-9	0.4659483423132024
17.69472	9.983828525632279e-7	1.4766146525377962e-6	7.686684245119792e-5	2.298282267788574e-9	0.483593217496435
18.350080000000002	8.881968929089194e-7	1.3078238584167954e-6	6.891942378146526e-5	2.173462108172165e-9	0.5012380713002305
19.00544	7.940799726790118e-7	1.1646487486794863e-6	6.208931142490757e-5	2.072501924749598e-9	0.5188829064545953
19.660800000000002	7.134202016067801e-7	1.042576654775021e-6	5.6204374167836017e-5	1.985695482612315e-9	0.5365277241714627
20.31616	6.440875140820669e-7	9.380620240392021e-7	5.1121524742532325e-5	1.9079883880175494e-9	0.5541725264613411
20.97152	5.843286483087923e-7	8.482635055736607e-7	4.6721153237557784e-5	1.8366181920214365e-9	0.5718173142524541
22.28224	4.915782901755915e-7	7.093015737197711e-7	3.986231203260675e-5	1.7083331124017442e-9	0.6071068350891335
23.59296	4.206279058282839e-7	6.033859676196925e-7	3.457064226589217e-5	1.592355007303819e-9	0.6423963112081386
24.90368	3.659647618224678e-7	5.22148388268313e-7	3.045282630282445e-5	1.486008395988182e-9	0.6776857501074562
26.2144	3.234071354482129e-7	4.5918592657515635e-7	2.7216274851553485e-5	1.3877426862054039e-9	0.7129751539888114
27.52512	2.8990107978545743e-7	4.0982861105914387e-7	2.464337154248686e-5	1.2965466543014879e-9	0.7482645276162473
28.83584	2.632021664757253e-7	3.706673407338219e-7	2.257196564329188e-5	1.211691098578533e-9	0.7835538724108978
30.14656	2.4164622222546736e-7	3.391896960140196e-7	2.0880927102780807e-5	1.1326072264150556e-9	0.8188431914897136
31.457280000000004	2.239925319374611e-7	3.135302061047234e-7	1.947957884570392e-5	1.0588254645050159e-9	0.8541324858191239
32.768	2.0931300892430598e-7	2.9229698927595256e-7	1.8299920623583147e-5	9.89942586249414e-10	0.8894217575439046
34.078720000000004	1.9691183686209785e-7	2.7444815234282186e-7	1.7290877283725193e-5	9.256029449658163e-10	0.9247110073812548
35.38944	1.8626639115808022e-7	2.592019646018417e-7	1.6414027346821557e-5	8.654871365781471e-10	0.9600002368895555
36.700160000000004	1.7698347564013643e-7	2.4597076665870385e-7	1.5640421930121605e-5	8.09304788073829e-10	0.9952894466477836
38.01088	1.687667662158832e-7	2.3431199722984306e-7	1.4948210617607917e-5	7.567897190598959e-10	1.0305786378461101
39.321600000000004	1.6139252562373592e-7	2.2389174150463845e-7	1.4320866893365067e-5	7.07696537613022e-10	1.0658678109887754
40.63232	1.5469145610344284e-7	2.144575290277341e-7	1.3745860161330902e-5	6.617981205004105e-10	1.1011569670266128
41.94304	1.4853512116507144e-7	2.05817996863446e-7	1.3213661140257301e-5	6.188836710976071e-10	1.136446106421034
44.56448	1.3772808850248687e-7	1.9071085687642438e-7	1.2270427265811286e-5	5.42317562801813e-10	1.207024321013758
47.18592	1.2809287776486118e-7	1.7729184671572166e-7	1.1422736154354226e-5	4.752445892884365e-10	1.2776024767695198
49.80736	1.193607895306142e-7	1.651612868955428e-7	1.065041422189123e-5	4.1647198033308375e-10	1.3481805789818797
52.4288	1.1136146228383055e-7	1.5406616550561627e-7	9.940468044784702e-6	3.6497034616476907e-10	1.4187586302434687
55.05024	1.0398121633435272e-7	1.4383997260078731e-7	9.283992752909243e-6	3.198390172506654e-10	1.489336634537733
57.67168	9.714033802567982e-8	1.3436727699960915e-7	8.674601178061626e-6	2.802894058172835e-10	1.5599145943859778
60.29312	9.078007524462217e-8	1.2556379990168246e-7	8.10748232244703e-6	2.456308223116197e-10	1.6304925130487924
62.91456000000001	8.485493050722074e-8	1.1736482117781066e-7	7.578833759956538e-6	2.1525819856772336e-10	1.7010703928855597
65.536	7.932802021770135e-8	1.0971825539754622e-7	7.085517799340143e-6	1.8864140486895883e-10	1.7716482366315995
68.15744000000001	7.41682550819933e-8	1.0258046027268498e-7	6.624851688584716e-6	1.6531593188668697e-10	1.842226046440682
70.77888	6.934861040881368e-8	9.591367177721371e-8	6.1944782270865605e-6	1.4487474674268833e-10	1.9128038246430932
73.40032000000001	6.484505076656097e-8	8.968441397998205e-8	5.792284732207511e-6	1.2696116968373988e-10	1.9833815731741775
76.02176	6.063584879781719e-8	8.386249542909169e-8	5.4163511793552765e-6	1.1126263820037614e-10	2.053959294038531
78.64320000000001	5.6701142440718176e-8	7.842035994751411e-8	5.064916034090071e-6	9.750524661201028e-11	2.124536988957829
81.26464	5.3022637281534585e-8	7.333265291874865e-8	4.736352890655265e-6	8.544896286573066e-11	2.195114659667176
83.88608	4.958339805091618e-8	6.857591968263207e-8	4.4291537841608e-6	7.488343824510435e-11	2.26569230768833
89.12896	4.3531044001640175e-8	6.020421201599905e-8	3.8885036384467014e-6	5.796077663165655e-11	2.4068475210316316
94.37184	3.822028949333327e-8	5.285910801498204e-8	3.4141260315428394e-6	4.486772227341702e-11	2.5480026616734524
99.61472	3.3558104903649624e-8	4.641117959469351e-8	2.9976741081241693e-6	3.4732419898930944e-11	2.6891577390503603
104.8576	2.9465053604720783e-8	4.0750409781102793e-8	2.6320571608079273e-6	2.6886641356241183e-11	2.830312760617084
110.10048	2.5871537573356373e-8	3.57805194009769e-8	2.311059972336003e-6	2.0813185801647906e-11	2.971467733408476
115.34336	2.2716510253250053e-8	3.141707356539147e-8	2.0292303122208997e-6	1.611168888915771e-11	3.1126226631727394
120.58624	1.9946409317133023e-8	2.758599144142148e-8	1.7817841535190286e-6	1.2472228852283003e-11	3.253777555343454
125.82912000000002	1.7514230954079745e-8	2.4222263990119184e-8	1.5645231315328987e-6	9.654895348762012e-12	3.3949324143412305
131.072	1.537872188757068e-8	2.1268835973541835e-8	1.3737624412228263e-6	7.47397367216648e-12	3.5360872443693983
136.31488000000002	1.3503672681439486e-8	1.8675628322381264e-8	1.206267751869177e-6	5.785701820716564e-12	3.677242048821382
141.55776	1.1857298928258398e-8	1.639868215442158e-8	1.0591999559198525e-6	4.4787933028405964e-12	3.818396830952291
146.80064000000002	1.0411699009307027e-8	1.439940874927439e-8	9.300667487362054e-7	3.467100889868221e-12	3.9595515933637055
152.04352	9.142378726493591e-9	1.2643932041896477e-8	8.166801762875439e-7	2.6839376564272215e-12	4.100706338578649
157.28640000000001	8.027834423905714e-9	1.110251202894317e-8	7.171194041299017e-7	2.0776809173109824e-12	4.241861068589436
162.52928	7.049187313398216e-9	9.749039004943449e-9	6.296980579758637e-7	1.6083692442934667e-12	4.383015785353287
167.77216	6.189862657891141e-9	8.560589846456809e-9	5.529355697538915e-7	1.2450682217151927e-12	4.524170490394265
178.25792	4.839795171799152e-9	6.693524607678093e-9	4.3231552279478473e-7	7.67153325901708e-13	4.806479858175153
188.74368	3.784942986179232e-9	5.234647557563169e-9	3.3809107793421315e-7	4.729098799741786e-13	5.088789195138951
199.22944	2.960033696951512e-9	4.093781396998304e-9	2.6440603286396876e-7	2.9152732114792424e-13	5.3710985091533825
209.7152	2.3149239399654295e-9	3.2015819940992904e-9	2.0678149404231353e-7	1.797137949614697e-13	5.653407804453782
220.20096	1.8104191832547108e-9	2.5038422850853055e-9	1.6171648262185066e-7	1.1078597866514464e-13	5.935717085878661
230.68672	1.4158708422627943e-9	1.958174538844665e-9	1.2647333105262516e-7	6.829507926765064e-14	6.218026355859848
241.17248	1.107311982850485e-9	1.531431949290205e-9	9.89112003483843e-8	4.210127617954659e-14	6.500335617476963
251.65824000000003	8.660003199075667e-10	1.1976935343562278e-9	7.735593882461917e-8	2.5953882822105022e-14	6.7826448720964265
262.144	6.772790637400968e-10	9.366886501663284e-10	6.049832925690567e-8	1.599965614710402e-14	7.0649541216946234
272.62976000000003	5.29686216951432e-10	7.325651234262418e-10	4.7314527997228434e-8	9.863253318998031e-15	7.347263367014052
283.11552	4.1425810416273715e-10	5.729260148703962e-10	3.7003853425086914e-8	6.080383210069769e-15	7.629572609335113
293.60128000000003	3.2398476309252986e-10	4.480764117243299e-10	2.8940139137253554e-8	3.748374182213863e-15	7.911881849040052
304.08704	2.533840740381621e-10	3.5043443884197855e-10	2.263369326867972e-8	2.310766934917174e-15	8.194191086967217
314.57280000000003	1.9816873382960232e-10	2.7407067621301324e-10	1.770155105087459e-8	1.4245266148789453e-15	8.476500323294973
325.05856	1.5498582846504422e-10	2.1434798230855972e-10	1.3844212183111441e-8	8.781853821291107e-16	8.758809558578655
335.54432	1.2121317565126405e-10	1.676398315491853e-10	1.0827449145150035e-8	5.413810485781758e-16	9.041118792884621
356.51584	7.756010776579852e-11	1.0727051909780947e-10	6.9274425734699465e-9	2.2510431309291433e-16	9.60573725555968
377.48736	4.9670591018704525e-11	6.869758306599301e-11	4.436449467554028e-9	9.377645901606992e-17	10.17035571636598
398.45888	3.181056923972829e-11	4.3996029110308785e-11	2.8412396573075603e-9	3.906803874100453e-17	10.734974177272509
419.4304	2.0372530162163292e-11	2.8176496142395107e-11	1.8196231410431764e-9	1.6276107195290043e-17	11.299592637451555
440.40192	1.3047267139890545e-11	1.8045193944410813e-11	1.1653491981661454e-9	6.78079237659021e-18	11.864211097926598
461.37344	8.355937068129469e-12	1.155678795054247e-11	7.463314258181786e-10	2.8249544776009e-18	12.428829558106637
482.34496	5.3514535959693785e-12	7.401397585028718e-12	4.779785090151869e-10	1.176911130991267e-18	12.993448018563706
503.31648000000007	3.4272780885584095e-12	4.740141450389917e-12	3.061159690165454e-10	4.903172613794146e-19	13.558066478901843
524.288	2.194966411187896e-12	3.0357767042817045e-12	1.9604896447723274e-10	2.0427350896588524e-19	14.122684939448785
545.2595200000001	1.4057475779893356e-12	1.944237332334041e-12	1.2555790137268178e-10	8.510367449010312e-20	14.687303399948208
566.23104	9.003009717207261e-13	1.2451728497397877e-12	8.041266421427647e-11	3.545569499040457e-20	15.251921860591493
587.2025600000001	5.765924948658749e-13	7.974636554238995e-13	5.1499823904374546e-11	1.4771518651022297e-20	15.816540321216063
608.17408	3.6927603579939754e-13	5.107319533305964e-13	3.298282942402514e-11	6.154117200616023e-21	16.381158781935255
629.1456000000001	2.3650162104992584e-13	3.2709659112280217e-13	2.1123745628935903e-11	2.563940023736994e-21	16.94577724264724
650.11712	1.5146697749987033e-13	2.0948833612104082e-13	1.3528660196052963e-11	1.0681972358680994e-21	17.510395703419814
671.08864	9.700689882781368e-14	1.3416662697829333e-13	8.664419504736141e-12	4.450374187628252e-22	18.07501416418972
713.03168	4.516105120262122e-14	6.24649330956914e-14	4.0328770934964286e-12	9.94599739255201e-23	19.20425108541625
754.97472	2.110091399085077e-14	2.918587181129656e-14	1.884334343286875e-12	2.239926901236382e-23	20.33348800663488
796.91776	9.86025248555498e-15	1.363826872824642e-14	8.805319222080248e-13	5.045538484002943e-24	21.46272492803211
838.8608	4.60759385249574e-15	6.373021833400782e-15	4.1146341210361463e-13	1.1365252883854459e-24	22.591961849430906
880.80384	2.153072866675768e-15	2.978036090753074e-15	1.9227185986824002e-13	2.56004430793603e-25	23.721198770903346
922.74688	1.0061022104883618e-15	1.3915965431188073e-15	8.98460683804222e-14	5.76651780502135e-26	24.85043569237659
964.68992	4.70137254264625e-16	6.502732842668188e-16	4.198378808804117e-14	1.2989077631911117e-26	25.9796726138801
1006.6329600000001	2.1968816605351404e-16	3.0386306523959225e-16	1.9618400783754104e-14	2.9257824549852523e-27	27.108909535383983
1048.576	1.0265692495458547e-16	1.4199057145696166e-16	9.167378796664264e-15	6.590299240612492e-28	28.2381464569003
1090.5190400000001	4.7969979797646156e-17	6.634997995762509e-17	4.283773003389028e-15	1.4844578018014852e-28	29.367383378416772
1132.46208	2.2415611706678623e-17	3.1004294926769464e-17	2.001739219083485e-15	3.343723593094306e-29	30.496620299938346
1174.4051200000001	1.0474456251506121e-17	1.4487810454852393e-17	9.35380647469425e-16	7.531696355631075e-30	31.62585722145999
1216.34816	4.8945441782758675e-18	6.769919812963394e-18	4.370882546208425e-16	1.6965054041971117e-30	32.75509414298372
1258.2912000000001	2.2871408976994335e-18	3.16347345935389e-18	2.0424422889969727e-16	3.8213583547092175e-31	33.884331064507485
1300.23424	1.0687435462971877e-18	1.478239435993734e-18	9.543998669607959e-17	8.607566731726331e-32	35.01356798603211
1342.17728	4.994063018784285e-19	6.907570094709769e-19	4.4597536945576125e-17	1.9388453306696157e-32	36.14280490755672
1426.06336	1.4665906414539768e-19	2.0288164440267314e-19	1.3091473833664334e-17	1.777070694369638e-33	38.40127875060512
1509.94944	4.372979939179975e-20	6.04932857910116e-20	3.903692708812676e-18	1.6806722959777854e-34	40.65975259365352
1593.83552	1.3048612722524452e-20	1.805067038904135e-20	1.1648337269287402e-18	1.5917135362629673e-35	42.91822643670258
1677.7216	3.893710578640855e-21	5.386326211425655e-21	3.4758679442492846e-19	1.5075436031729555e-36	45.17670027975165
1761.60768	1.1618821348715308e-21	1.6072782566585872e-21	1.0371979477344768e-19	1.4278217096715353e-37	47.43517412280087
1845.49376	3.4670448005804247e-22	4.796102511552861e-22	3.0949882669475984e-20	1.352312371503806e-38	49.6936479658501
1929.37984	1.0345608698502974e-22	1.4311496820407384e-22	9.235397298310919e-21	1.2807944566561703e-39	51.95212180889934
2013.2659200000003	3.087109265716443e-23	4.2705225333893627e-23	2.7558242643329245e-21	1.2130577461315713e-40	54.21059565194857
2097.152	9.211861341861976e-24	1.2743138831235697e-23	8.2233144044644435e-22	1.1489026786893321e-41	56.46906949499782
2181.0380800000003	2.748794478852853e-24	3.8025181675312504e-24	2.4538146654999445e-22	1.0881400414777958e-42	58.72754333804708
2264.92416	8.2023192375075525e-25	1.1346598859685792e-24	7.322108191969452e-23	1.0305905364331548e-43	60.98601718109633
2348.8102400000002	2.4475445921598113e-25	3.3857871418582876e-25	2.1848924941750577e-23	9.760842986406966e-45	63.24449102414558
2432.69632	7.303383808082815e-26	1.0103065477475828e-25	6.519639324381563e-24	9.244604188880444e-46	65.50296486719483
2516.5824000000002	2.1793010021419e-26	3.0147150339974847e-26	1.9454346725544867e-24	8.755664838602987e-47	67.76143871024408
2600.46848	6.502942438760809e-27	8.995782835125637e-27	5.805094988355737e-25	8.29258133965777e-48	70.01991255329334
2684.35456	1.9404489014526303e-27	2.6843013402171304e-27	1.7322142984534268e-25	7.853986419187906e-49	72.27838639634263
2852.12672	3.0074629452537943e-28	4.161551268149097e-28	2.682478657736696e-26	2.1272683257940289e-50	76.79533408244114
3019.89888	4.974381882319358e-29	6.883065342637615e-29	4.437395142144003e-27	6.5744497938652835e-52	81.31228176853966
3187.67104	8.274025344222278e-30	1.1448721228671654e-29	7.380949930220284e-28	2.0543891526850487e-53	85.8292294546382
3355.4432	1.3768675530599124e-30	1.9051631679767514e-30	1.228253290595225e-28	6.4252573963856255e-55	90.34617714073673
3523.21536	2.2913033972737595e-31	3.1704624567549323e-31	2.0439881669152958e-29	2.0096905117643443e-56	94.86312482683526
3690.98752	3.813060612785254e-32	5.276108646354004e-32	3.4014921600721636e-30	6.285941059503956e-58	99.38007251293378
3858.75968	6.345478558729679e-33	8.780199971967305e-33	5.6605695725772585e-31	1.9661270367220714e-59	103.89702019903231
4026.5318400000006	1.0559772352406344e-33	1.4611492749884942e-33	9.419986799754e-32	6.1496834552471366e-61	108.41396788513084
4194.304	1.7572933114736525e-34	2.4315560880631957e-34	1.5676170633913794e-32	1.9235071523792539e-62	112.93091557122936
4362.0761600000005	2.924378008357689e-35	4.0464441391175943e-35	2.608730547539175e-33	6.016371835406791e-64	117.44786325732788
4529.84832	4.866562910467995e-36	6.733833688809469e-36	4.3412824775086435e-34	1.8818080618732828e-65	121.96481094342641
4697.6204800000005	8.098615469122536e-37	1.1206005380703997e-36	7.224477981500372e-35	5.8859388871798955e-67	126.48175862952495
4865.39264	1.3477174234462073e-37	1.8648284860390414e-37	1.2022492820231958e-35	1.841009050703211e-68	130.99870631562345
5033.1648000000005	2.242779391857412e-38	3.10332036803658e-38	2.0007011929369323e-36	5.758320546905727e-70	135.51565400172197
5200.93696	3.7322776224436936e-39	5.164330157555055e-39	3.32942783885902e-37	1.8010902692750344e-71	140.0326016878205
5368.70912	6.210992640742851e-40	8.594113318933113e-40	5.540598399008507e-38	5.633455222784014e-73	144.54954937391904
5704.25344	3.383878508203677e-41	4.684134055629939e-41	3.0145497402103956e-39	2.1131494520798168e-75	153.58344474611607
6039.79776	2.4912492930067306e-42	3.44870181283626e-42	2.2194645334203414e-40	1.4513187968860365e-77	162.6173401183131
6375.34208	1.9644943997063077e-43	2.7194932242052067e-43	1.7502380310101558e-41	1.1435147330570062e-79	171.65123549051015
6710.8864	1.5684856280127466e-44	2.1712896842550935e-44	1.3974261625342537e-42	9.236064470367143e-82	180.68513086270715
7046.43072	1.254982849735613e-45	1.7373010787502346e-45	1.1181147905026184e-43	7.491764792196637e-84	189.7190262349042
7381.97504	1.0045068076251339e-46	1.390561486618835e-46	8.949556779113354e-45	6.081306497412752e-86	198.75292160710123
7717.51936	8.040713457965494e-48	1.1130941554457283e-47	7.163796332542969e-46	4.9369992954449447e-88	207.78681697929824
8053.063680000001	6.436363575170726e-49	8.910003770584684e-49	5.734416162921341e-47	4.008095018532417e-90	216.82071235149525
8388.608	5.152132907323711e-50	7.132214228476006e-50	4.590243151987905e-48	3.253974451994246e-92	225.85460772369228
8724.152320000001	4.124140344630378e-51	5.709140876160486e-51	3.6743630422160234e-49	2.6417406864593384e-94	234.88850309588932
9059.69664	3.3012591623742947e-52	4.570007838733088e-52	2.9412249614957443e-50	2.1446970377000534e-96	243.92239846808633
9395.240960000001	2.6425646079974685e-53	3.6581620594799964e-53	2.3543673881701396e-51	1.7411710095698834e-98	252.95629384028334
9730.78528	2.1152974119482154e-54	2.928254143035891e-54	1.884603761378356e-52	1.4135677564843165e-100	261.9901892124804
10066.329600000001	1.6932345040692122e-55	2.3439829017553773e-55	1.5085708859331798e-53	1.1476027574179787e-102	271.02408458467744
10401.87392	1.3553849102978581e-56	1.8762900563419377e-56	1.2075670534958826e-54	9.316790034372552e-105	280.0579799568745
10737.41824	1.0849458491158866e-57	1.5019151367672218e-57	9.666219863620713e-56	7.563813761329248e-107	289.0918753290715
11408.50688	-2.9967679380047612e-59	-4.167054550914376e-59	-2.6408740689682726e-57	8.848691800374798e-110	307.15966607346564
12079.59552	-1.8284033208683474e-60	-2.534709905121044e-60	-1.6232708883688377e-58	5.237778187553971e-112	325.2274568178598
12750.68416	-6.7299357171819075e-62	-9.323219732837569e-62	-5.983713348339791e-60	1.1150265666764105e-114	343.2952475622539
13421.7728	-2.1394963238263855e-63	-2.963250708954482e-63	-1.903275391566212e-61	1.767361739144259e-117	361.36303830664804
14092.86144	-6.374276292126988e-65	-8.82756182426525e-65	-5.671969775120236e-63	2.4590567133098847e-120	379.43082905104217
14763.95008	-1.8365407878361103e-66	-2.543222629643025e-66	-1.6344258919370944e-64	3.198966939165795e-123	397.49861979543624
15435.03872	-5.193650432362778e-68	-7.191865578608218e-68	-4.622453872967322e-66	4.0086950381944897e-126	415.5664105398303
16106.127360000002	-1.45294905724292e-69	-2.0119188109761897e-69	-1.2932156980012664e-67	4.9156205130173934e-129	433.63420128422445
16777.216	-4.0387058343338164e-71	-5.5923845952392184e-71	-3.594803838789819e-69	5.950663256539269e-132	451.7019920286186
17448.304640000002	-1.1182990826718873e-72	-1.5484942586959583e-72	-9.954018396269142e-71	7.148096870065664e-135	469.7697827730127
18119.39328	-3.089277772023758e-74	-4.277663878521642e-74	-2.749805591663287e-72	8.546260061261587e-138	487.8375735174068
18790.481920000002	-8.521892963630961e-76	-1.1800070193951595e-75	-7.58549439642206e-74	1.0188693045837234e-140	505.9053642618009
19461.57056	-2.3487463894623636e-77	-3.2522499676982285e-77	-2.090670771134967e-75	1.2125525307979233e-143	523.973155006195
20132.659200000002	-6.469994893914135e-79	-8.958829825199686e-79	-5.7590984857368786e-77	1.441507315944974e-146	542.0409457505891
20803.74784	-1.7816783540028115e-80	-2.4670410782928874e-80	-1.585917212248124e-78	1.712566475575555e-149	560.1087364949833
21474.83648	-4.9053187705654116e-82	-6.792257552503801e-82	-4.366352942302158e-80	2.033773862868985e-152	578.1765272393773
22817.01376	9.541582745432418e-83	1.3315736086369948e-82	8.320040933883267e-81	1.675494216871437e-153	614.3121087281654
24159.19104	1.8715539944699981e-84	2.5997252730031846e-84	1.6528161680774024e-82	1.4978438099225155e-156	650.4476902169536
25501.36832	1.9774455653767268e-86	2.7355471207529395e-86	1.7630856695598362e-84	3.860784331112532e-160	686.5832717057417
26843.5456	6.609978453818239e-89	8.986923155003123e-89	6.141216057384605e-87	1.061080827278912e-164	722.71885319453
28185.72288	-2.0168998128177073e-90	-2.8198030023001398e-90	-1.7511746282297213e-88	1.954382762011217e-167	758.8544346833182
29527.90016	-4.92576576622385e-92	-6.844792054421814e-92	-4.343242620920774e-90	2.7232649001144545e-170	794.9900161721064
30870.07744	-6.020026499182972e-94	-8.33702811048149e-94	-5.353118509145772e-92	9.371010414751616e-174	831.1255976608945
32212.254720000004	-3.2847581727708054e-96	-4.510603250499895e-96	-2.981843233354449e-94	6.586479065313899e-178	867.2611791496828
33554.432	3.72268024271781e-98	5.228430996906574e-98	3.19443383618611e-96	1.7123103939404677e-181	903.3967606384709
34896.609280000004	1.2508572899175041e-99	1.7397950274253922e-99	1.1003691464064117e-97	4.602380322603892e-184	939.5323421272591
36238.78656	1.760279067660378e-101	2.4399627943740035e-101	1.5618058883829726e-99	2.1002490827766424e-187	975.6679236160471
37580.963840000004	1.2740250543394954e-103	1.7561024135129416e-103	1.1460216810625543e-101	2.5616120448798297e-191	1011.8035051048354
38923.14112	-4.928458219028487e-106	-7.018628336688882e-106	-4.0755615415407585e-104	7.338606420825002e-196	1047.9390865936236
40265.318400000004	-3.044801783024075e-107	-4.239723435360274e-107	-2.670924749494384e-105	7.139585310972046e-198	1084.0746680824118
41607.49568	-4.968858519289314e-109	-6.893049278760224e-109	-4.3997205046351903e-107	4.388446987237659e-201	1120.2102495712002
42949.67296	-4.4007280033995516e-111	-6.0787250303613014e-111	-3.938241444808003e-109	7.96482710333192e-205	1156.3458310599885
45634.02752	1.29013826303862e-111	1.8279184176076586e-111	1.0794178220941288e-109	2.4510504605237133e-205	1228.616994037565
48318.38208	9.103041846840513e-114	1.2706777485695789e-113	7.942402201289051e-112	5.400713257770597e-209	1300.8881570151414
51002.73664	5.465664931863644e-117	6.3249001937450786e-117	6.664929044980314e-115	1.5475182335638787e-214	1373.1593199927177
53687.0912	-3.84638406896475e-118	-5.4461890556892865e-118	-3.231966476285618e-116	1.4807224637311502e-216	1445.4304829702937
56371.44576	-3.021355905575058e-120	-4.211803768722575e-120	-2.634818101557164e-118	4.004390720994802e-220	1517.7016459478702
59055.80032	-3.752860179545141e-123	-4.8486513080753384e-123	-3.8397616529831017e-121	3.460500380207251e-225	1589.9728089254468
61740.15488	1.1419725739721363e-124	1.619428823772097e-124	9.550914754452378e-123	8.711952572144385e-228	1662.243971903023
64424.50944000001	9.963143377780213e-127	1.3908207737847065e-126	8.660103915370492e-125	2.914519524241787e-231	1734.5151348805994
67108.864	1.826413172573822e-129	2.431536789161821e-129	1.7628947069409688e-127	4.914379692058389e-236	1806.7862978581759
69793.21856000001	-3.3423344681360777e-131	-4.750700242432378e-131	-2.7791416150334026e-129	4.969726771724402e-239	1879.0574608357522
72477.57312	-3.2561347169167295e-133	-4.5513285224165536e-133	-2.821587259067108e-131	2.0844588524415207e-242	1951.3286238133285
75161.92768000001	-7.790586607462163e-136	-1.0520844332562932e-135	-7.298242783380796e-134	5.674638052166469e-247	2023.5997867909045
77846.28224	9.613858881674293e-138	1.370295211756559e-137	7.937362844408485e-136	2.731173049609849e-250	2095.870949768481
80530.63680000001	1.0551384667723835e-139	1.4766672200388546e-139	9.116135628466699e-138	1.4659309159389838e-253	2168.142112746057
83214.99136	3.0930888917479386e-142	4.212739380915352e-142	2.84466267222374e-140	5.808295373898409e-258	2240.4132757236334
85899.34592	-2.7065959071665423e-144	-3.8713031379924605e-144	-2.214561461773441e-142	1.4323785850055795e-261	2312.6844387012097
91268.05504	-9.524503083137334e-145	-1.410926604433328e-144	-6.957239997024594e-143	1.3642944290935865e-261	2457.2267646563623
96636.76416	-1.9215477789837547e-147	-2.713875903322847e-147	-1.6350522492303465e-145	7.081843579369386e-266	2601.7690906115154
102005.47328	4.921351125358412e-150	7.725620028183018e-150	3.1948424020470236e-148	2.5383167096540255e-270	2746.311416566668
107374.1824	3.0732657280164545e-152	4.456427739882301e-152	2.4291835054666643e-150	1.3775619520896892e-273	2890.853742521821
112742.89152	2.339197106244915e-155	2.7737796996857778e-155	2.5313678168888845e-153	1.4042476757202223e-278	3035.396068476974
118111.60064	-2.5660827797280566e-157	-3.846114516943833e-157	-1.87436334842087e-155	7.227422599343865e-282	3179.9383944321266
123480.30976	-8.507465362351632e-160	-1.2000162110715633e-159	-7.049563650056615e-158	9.597166529260108e-286	3324.4807203872792
128849.01888000002	5.875414918191717e-163	1.0531923684472268e-162	2.3152829020761723e-161	9.717831480683966e-292	3469.0230463424323
134217.728	1.007865917018074e-164	1.4750112310930097e-164	7.742286290990212e-163	1.0200990970452237e-293	3613.565372297585
139586.43712000002	1.8033758430831386e-167	2.4438518689776776e-167	1.609247362702618e-165	4.137063607858112e-298	3758.1076982527375
144955.14624	-5.981750459831435e-170	-9.219542842945405e-170	-4.0612953483266234e-168	2.473536990699705e-302	3902.6500242078896
150323.85536000002	-3.265251523771588e-172	-4.690774310068566e-172	-2.6094283654596726e-170	9.585674905055105e-306	4047.192350163042
155692.56448	-1.681552209016896e-175	-1.7769992311885338e-175	-2.07721810894031e-173	5.702152315024e-311	4191.734676118195
161061.27360000001	2.9297070752617676e-177	4.361093750690324e-177	2.1664582616242633e-175	5.8226132266e-314	4336.277002073348
166429.98272	8.698215434258585e-180	1.2207383407919736e-179	7.282557847972178e-178	6.176295e-318	4480.8193280285
171798.69184	-9.150003097058774e-183	-1.538598551946576e-182	-4.7392491803061326e-181	2.5e-323	4625.361653983653
182536.11008	-4.820918377812781e-183	-8.383638566672774e-183	-1.9897299499166495e-181	1.33e-322	4914.446305893958
193273.52832	-1.7747119220377522e-186	-2.6675452598872014e-186	-1.372953684919845e-184	0.0	5203.530957804264
204010.94656	6.938351561584383e-189	1.3844370854987129e-188	2.4855202617450735e-187	0.0	5492.61560971457
214748.3648	6.4964784600070294e-192	1.045268036181267e-191	4.1186667650751994e-190	0.0	5781.700261624876
225485.78304	-7.405993032319307e-195	-1.839124554971038e-194	-1.450018988446841e-193	0.0	6070.784913535181
236223.20128	-1.5166532639380904e-197	-2.6338137499205345e-197	-8.171298319623277e-196	0.0	6359.869565445487
246960.61952	2.2400359471137035e-201	1.5861905717882012e-200	-3.175189268398652e-199	0.0	6648.954217355792
257698.03776000004	2.6763135251691554e-203	5.121527173456743e-203	1.1992844477806271e-201	0.0	6938.038869266097
268435.456	1.4771706094157403e-206	5.0321874537270214e-207	1.388031689909204e-204	0.0	7227.1235211764015
279172.87424000003	-3.518005503500276e-209	-7.873850762939214e-209	-1.117437619620925e-207	0.0	7516.208173086708
289910.29248	-5.017132996884872e-212	-5.943439223794243e-212	-3.1921202670195285e-210	0.0	7805.292824997014
300647.71072000003	2.5241451514372024e-215	8.729044511175444e-215	-2.824680708472593e-214	0.0	8094.377476907319
311385.12896	1.0475234750664042e-217	1.585284868210817e-217	5.3527646489322276e-216	0.0	8383.462128817626
322122.54720000003	2.998923816909775e-221	-3.146025532113893e-221	4.222440074375624e-219	0.0	8672.546780727931
332859.96544	-1.6111593576842021e-223	-2.9000876617078717e-223	-6.362647403972842e-222	0.0	8961.631432638236
343597.38368	-1.6521354479278235e-226	-1.5915706555849767e-226	-1.1776268353085941e-224	0.0	9250.716084548541
365072.22016	-1.6459875441467636e-227	1.5421468288965975e-227	-2.6793453569323403e-226	0.0	9828.885388369154
386547.05664	-7.95622437155344e-232	-2.3926589327882846e-232	-4.385068912421265e-230	0.0	10407.054692189764
408021.89312	7.95034288735354e-234	-8.79936649031473e-234	5.069933620756427e-233	0.0	10985.223996010374
429496.7296	7.414601699906988e-238	2.1361598455332716e-238	1.9281385440374327e-236	0.0	11563.393299830987
450971.56608	-3.6563504823487586e-240	5.33011550780928e-240	-8.329857312680393e-240	0.0	12141.562603651597
472446.40256	-4.757806991479986e-244	-7.769280717488977e-245	-6.005068984994716e-243	0.0	12719.731907472209
493921.23904	1.6468817723064233e-246	-3.28785000483027e-246	8.586403182861537e-247	0.0	13297.901211292821
515396.0755200001	2.650486116401125e-250	-1.9481594775666443e-251	1.5568399666967982e-249	0.0	13876.070515113433
536870.912	-7.358776088948456e-253	2.0345350225306075e-252	8.101915754001458e-254	0.0	14454.239818934046
558345.7484800001	-1.381825144186207e-256	6.331130679159749e-257	-3.487327178917599e-256	0.0	15032.409122754658
579820.58496	3.2798581499288117e-259	-1.2577883463982174e-258	-8.195147767830492e-260	0.0	15610.578426575268
601295.4214400001	6.96446058880028e-263	-7.309556178721627e-263	6.658246820118794e-263	0.0	16188.74773039588
622770.25792	-1.4610015195678667e-265	7.762938566678478e-265	3.116433997425582e-266	0.0	16766.91703421649
644245.0944000001	-3.4455732728056986e-269	6.661311001580754e-269	-9.90724603950306e-270	0.0	17345.0863380371
665719.93088	6.506729243731594e-272	-4.783585359738933e-271	-9.064951406332645e-273	0.0	17923.25564185771
687194.76736	1.6855597155938317e-275	-5.44647966963762e-275	6.737437039215302e-277	0.0	18501.424945678322
730144.44032	7.766760447896332e-276	-2.0598485130433215e-275	-2.452132357807277e-278	0.0	19657.763553319543
773094.11328	7.475160581295671e-281	-2.690622589274891e-280	-2.1780100296341526e-282	0.0	20814.102160960763
816043.78624	-1.7499773632621865e-282	6.365519718628814e-282	1.3943706640400477e-285	0.0	21970.44076860198
858993.4592	-3.455352641502502e-287	1.7153913229990272e-286	1.1918616007390975e-289	0.0	23126.779376243205
901943.13216	3.941222588510717e-289	-1.9658946035559788e-288	-2.7582920856188245e-293	0.0	24283.11798388443
944892.80512	1.1776258855785315e-293	-8.032414434821708e-293	-3.6079640427057656e-297	0.0	25439.45659152565
987842.47808	-8.872214402261129e-296	6.067572157166874e-295	4.343848401169446e-301	0.0	26595.79519916687
1.0307921510400001e6	-3.5521672783195523e-300	3.3257507810573926e-299	8.994890963586455e-305	0.0	27752.133806808095
1.073741824e6	1.9963414109248717e-302	-1.871531344386471e-301	-5.410887953784703e-309	0.0	28908.472414449316
1.1166914969600001e6	1.0026868551997787e-306	-1.2880824682805828e-305	-2.018509258757e-312	0.0	30064.811022090536
1.15964116992e6	-4.48991987756406e-309	5.769063959753757e-308	3.3198395e-317	0.0	31221.14962973176
1.2025908428800001e6	-2.7144646738e-313	4.78349489502e-312	4.1887e-320	0.0	32377.48823737298
1.24554051584e6	1.00935155e-315	-1.7772069205e-314	0.0	0.0	33533.8268450142
1.2884901888000001e6	7.14e-320	-1.725737e-318	0.0	0.0	34690.16545265542
1.33143986176e6	-2.27e-322	5.47e-321	0.0	0.0	35846.50406029665
1.37438953472e6	0.0	0.0	0.0	0.0	37002.84266793787
1.46028888064e6	0.0	0.0	0.0	0.0	39315.51988322031
1.54618822656e6	0.0	0.0	0.0	0.0	41628.19709850276
1.63208757248e6	0.0	0.0	0.0	0.0	43940.8743137852
1.7179869184e6	0.0	0.0	0.0	0.0	46253.55152906765
1.80388626432e6	0.0	0.0	0.0	0.0	48566.2287443501
1.88978561024e6	0.0	0.0	0.0	0.0	50878.90595963254
1.97568495616e6	0.0	0.0	0.0	0.0	53191.58317491499
2.0615843020800003e6	0.0	0.0	0.0	0.0	55504.260390197436
2.147483648e6	0.0	0.0	0.0	0.0	57816.93760547988
2.2333829939200003e6	0.0	0.0	0.0	0.0	60129.61482076232
2.31928233984e6	0.0	0.0	0.0	0.0	62442.29203604477
2.4051816857600003e6	0.0	0.0	0.0	0.0	64754.96925132721
2.49108103168e6	0.0	0.0	0.0	0.0	67067.64646660964
2.5769803776000002e6	0.0	0.0	0.0	0.0	69380.32368189209
2.66287972352e6	0.0	0.0	0.0	0.0	71693.00089717453
2.74877906944e6	0.0	0.0	0.0	0.0	74005.67811245697
2.92057776128e6	0.0	0.0	0.0	0.0	78631.03254302185
3.09237645312e6	0.0	0.0	0.0	0.0	83256.38697358673
3.26417514496e6	0.0	0.0	0.0	0.0	87881.74140415163
3.4359738368e6	0.0	0.0	0.0	0.0	92507.09583471651
3.60777252864e6	0.0	0.0	0.0	0.0	97132.4502652814
3.77957122048e6	0.0	0.0	0.0	0.0	101757.8046958463
3.95136991232e6	0.0	0.0	0.0	0.0	106383.15912641119
4.1231686041600006e6	0.0	0.0	0.0	0.0	111008.51355697609
4.294967296e6	0.0	0.0	0.0	0.0	115633.86798754099
4.466765987840001e6	0.0	0.0	0.0	0.0	120259.22241810588
4.63856467968e6	0.0	0.0	0.0	0.0	124884.57684867078
4.8103633715200005e6	0.0	0.0	0.0	0.0	129509.93127923568
4.98216206336e6	0.0	0.0	0.0	0.0	134135.28570980058
5.1539607552000005e6	0.0	0.0	0.0	0.0	138760.64014036546
5.32575944704e6	0.0	0.0	0.0	0.0	143385.99457093034
5.49755813888e6	0.0	0.0	0.0	0.0	148011.34900149525
5.84115552256e6	0.0	0.0	0.0	0.0	157262.05786262502
6.18475290624e6	0.0	0.0	0.0	0.0	166512.7667237548
6.52835028992e6	0.0	0.0	0.0	0.0	175763.47558488458
6.8719476736e6	0.0	0.0	0.0	0.0	185014.18444601435
7.21554505728e6	0.0	0.0	0.0	0.0	194264.8933071441
7.55914244096e6	0.0	0.0	0.0	0.0	203515.60216827385
7.90273982464e6	0.0	0.0	0.0	0.0	212766.31102940365
8.246337208320001e6	0.0	0.0	0.0	0.0	222017.01989053344
8.589934592e6	0.0	0.0	0.0	0.0	231267.7287516632
8.933531975680001e6	0.0	0.0	0.0	0.0	240518.437612793
9.27712935936e6	0.0	0.0	0.0	0.0	249769.1464739228
9.620726743040001e6	0.0	0.0	0.0	0.0	259019.85533505256
9.96432412672e6	0.0	0.0	0.0	0.0	268270.5641961823
1.0307921510400001e7	0.0	0.0	0.0	0.0	277521.27305731206
1.065151889408e7	0.0	0.0	0.0	0.0	286771.98191844183
1.099511627776e7	0.0	0.0	0.0	0.0	296022.69077957165
1.168231104512e7	0.0	0.0	0.0	0.0	314524.10850183124
1.236950581248e7	0.0	0.0	0.0	0.0	333025.5262240908
1.305670057984e7	0.0	0.0	0.0	0.0	351526.9439463503
1.37438953472e7	0.0	0.0	0.0	0.0	370028.36166860984
1.443109011456e7	0.0	0.0	0.0	0.0	388529.77939086943
1.511828488192e7	0.0	0.0	0.0	0.0	407031.197113129
1.580547964928e7	0.0	0.0	0.0	0.0	425532.61483538855
1.6492674416640002e7	0.0	0.0	0.0	0.0	444034.0325576481
1.7179869184e7	0.0	0.0	0.0	0.0	462535.4502799077
1.7867063951360002e7	0.0	0.0	0.0	0.0	481036.8680021672
1.855425871872e7	0.0	0.0	0.0	0.0	499538.28572442674
1.9241453486080002e7	0.0	0.0	0.0	0.0	518039.70344668627
1.992864825344e7	0.0	0.0	0.0	0.0	536541.1211689458
2.0615843020800002e7	0.0	0.0	0.0	0.0	555042.5388912053
2.130303778816e7	0.0	0.0	0.0	0.0	573543.9566134649
2.199023255552e7	0.0	0.0	0.0	0.0	592045.3743357244
2.336462209024e7	0.0	0.0	0.0	0.0	629048.2097802436
2.473901162496e7	0.0	0.0	0.0	0.0	666051.0452247626
2.611340115968e7	0.0	0.0	0.0	0.0	703053.8806692818
2.74877906944e7	0.0	0.0	0.0	0.0	740056.716113801
2.886218022912e7	0.0	0.0	0.0	0.0	777059.5515583201
3.023656976384e7	0.0	0.0	0.0	0.0	814062.3870028392
3.161095929856e7	0.0	0.0	0.0	0.0	851065.2224473584
3.2985348833280005e7	0.0	0.0	0.0	0.0	888068.0578918775
3.4359738368e7	0.0	0.0	0.0	0.0	925070.8933363965
3.5734127902720004e7	0.0	0.0	0.0	0.0	962073.7287809157
3.710851743744e7	0.0	0.0	0.0	0.0	999076.5642254348
3.8482906972160004e7	0.0	0.0	0.0	0.0	1.0360793996699539e6
3.985729650688e7	0.0	0.0	0.0	0.0	1.073082235114473e6
4.1231686041600004e7	0.0	0.0	0.0	0.0	1.1100850705589922e6
4.260607557632e7	0.0	0.0	0.0	0.0	1.1470879060035113e6
4.398046511104e7	0.0	0.0	0.0	0.0	1.1840907414480303e6
4.672924418048e7	0.0	0.0	0.0	0.0	1.2580964123370687e6
4.947802324992e7	0.0	0.0	0.0	0.0	1.3321020832261066e6
5.222680231936e7	0.0	0.0	0.0	0.0	1.406107754115145e6
5.49755813888e7	0.0	0.0	0.0	0.0	1.4801134250041833e6
5.772436045824e7	0.0	0.0	0.0	0.0	1.5541190958932214e6
6.047313952768e7	0.0	0.0	0.0	0.0	1.6281247667822598e6
6.322191859712e7	0.0	0.0	0.0	0.0	1.7021304376712982e6
6.597069766656001e7	0.0	0.0	0.0	0.0	1.7761361085603363e6
6.8719476736e7	0.0	0.0	0.0	0.0	1.8501417794493744e6
7.146825580544001e7	0.0	0.0	0.0	0.0	1.9241474503384128e6
7.421703487488e7	0.0	0.0	0.0	0.0	1.998153121227451e6
7.696581394432001e7	0.0	0.0	0.0	0.0	2.072158792116489e6
7.971459301376e7	0.0	0.0	0.0	0.0	2.146164463005527e6
8.246337208320001e7	0.0	0.0	0.0	0.0	2.2201701338945655e6
8.521215115264e7	0.0	0.0	0.0	0.0	2.2941758047836036e6
8.796093022208e7	0.0	0.0	0.0	0.0	2.3681814756726422e6
9.345848836096e7	0.0	0.0	0.0	0.0	2.5161928174507185e6
9.895604649984e7	0.0	0.0	0.0	0.0	2.6642041592287947e6
1.0445360463872e8	0.0	0.0	0.0	0.0	2.8122155010068715e6
1.099511627776e8	0.0	0.0	0.0	0.0	2.960226842784948e6
1.1544872091648e8	0.0	0.0	0.0	0.0	3.108238184563025e6
1.2094627905536e8	0.0	0.0	0.0	0.0	3.2562495263411016e6
1.2644383719424e8	0.0	0.0	0.0	0.0	3.404260868119178e6
1.3194139533312002e8	0.0	0.0	0.0	0.0	3.5522722098972546e6
1.37438953472e8	0.0	0.0	0.0	0.0	3.7002835516753313e6
1.4293651161088002e8	0.0	0.0	0.0	0.0	3.8482948934534076e6
1.4843406974976e8	0.0	0.0	0.0	0.0	3.996306235231484e6
1.5393162788864002e8	0.0	0.0	0.0	0.0	4.1443175770095605e6
1.5942918602752e8	0.0	0.0	0.0	0.0	4.292328918787637e6
1.6492674416640002e8	0.0	0.0	0.0	0.0	4.440340260565713e6
1.7042430230528e8	0.0	0.0	0.0	0.0	4.588351602343789e6
1.7592186044416e8	0.0	0.0	0.0	0.0	4.736362944121866e6
1.8691697672192e8	0.0	0.0	0.0	0.0	5.032385627678018e6
1.9791209299968e8	0.0	0.0	0.0	0.0	5.3284083112341715e6
2.0890720927744e8	0.0	0.0	0.0	0.0	5.624430994790325e6
2.199023255552e8	0.0	0.0	0.0	0.0	5.920453678346477e6
2.3089744183296e8	0.0	0.0	0.0	0.0	6.21647636190263e6
2.4189255811072e8	0.0	0.0	0.0	0.0	6.512499045458782e6
2.5288767438848e8	0.0	0.0	0.0	0.0	6.808521729014935e6
2.6388279066624004e8	0.0	0.0	0.0	0.0	7.104544412571088e6
2.74877906944e8	0.0	0.0	0.0	0.0	7.400567096127242e6
2.8587302322176003e8	0.0	0.0	0.0	0.0	7.696589779683395e6
2.9686813949952e8	0.0	0.0	0.0	0.0	7.992612463239549e6
3.0786325577728003e8	0.0	0.0	0.0	0.0	8.288635146795701e6
3.1885837205504e8	0.0	0.0	0.0	0.0	8.584657830351856e6
3.2985348833280003e8	0.0	0.0	0.0	0.0	8.880680513908008e6
3.4084860461056e8	0.0	0.0	0.0	0.0	9.17670319746416e6
3.5184372088832e8	0.0	0.0	0.0	0.0	9.472725881020313e6
3.7383395344384e8	0.0	0.0	0.0	0.0	1.006477124813262e7
3.9582418599936e8	0.0	0.0	0.0	0.0	1.0656816615244925e7
4.1781441855488e8	0.0	0.0	0.0	0.0	1.124886198235723e7
4.398046511104e8	0.0	0.0	0.0	0.0	1.1840907349469537e7
4.6179488366592e8	0.0	0.0	0.0	0.0	1.2432952716581842e7
4.8378511622144e8	0.0	0.0	0.0	0.0	1.3024998083694147e7
5.0577534877696e8	0.0	0.0	0.0	0.0	1.3617043450806452e7
5.277655813324801e8	0.0	0.0	0.0	0.0	1.4209088817918759e7
5.49755813888e8	0.0	0.0	0.0	0.0	1.4801134185031066e7
5.717460464435201e8	0.0	0.0	0.0	0.0	1.539317955214337e7
5.9373627899904e8	0.0	0.0	0.0	0.0	1.5985224919255678e7
6.157265115545601e8	0.0	0.0	0.0	0.0	1.6577270286367984e7
6.3771674411008e8	0.0	0.0	0.0	0.0	1.716931565348029e7
6.597069766656001e8	0.0	0.0	0.0	0.0	1.7761361020592596e7
6.8169720922112e8	0.0	0.0	0.0	0.0	1.83534063877049e7
7.0368744177664e8	0.0	0.0	0.0	0.0	1.8945451754817206e7
7.4766790688768e8	0.0	0.0	0.0	0.0	2.0129542489041816e7
7.9164837199872e8	0.0	0.0	0.0	0.0	2.1313633223266426e7
8.3562883710976e8	0.0	0.0	0.0	0.0	2.2497723957491037e7
8.796093022208e8	0.0	0.0	0.0	0.0	2.368181469171565e7
9.2358976733184e8	0.0	0.0	0.0	0.0	2.486590542594026e7
9.6757023244288e8	0.0	0.0	0.0	0.0	2.604999616016487e7
1.01155069755392e9	0.0	0.0	0.0	0.0	2.7234086894389484e7
1.0555311626649601e9	0.0	0.0	0.0	0.0	2.8418177628614094e7
1.099511627776e9	0.0	0.0	0.0	0.0	2.9602268362838708e7
1.1434920928870401e9	0.0	0.0	0.0	0.0	3.078635909706332e7
1.18747255799808e9	0.0	0.0	0.0	0.0	3.197044983128793e7
1.2314530231091201e9	0.0	0.0	0.0	0.0	3.3154540565512545e7
1.27543348822016e9	0.0	0.0	0.0	0.0	3.4338631299737155e7
1.3194139533312001e9	0.0	0.0	0.0	0.0	3.5522722033961765e7
1.36339441844224e9	0.0	0.0	0.0	0.0	3.6706812768186375e7
1.40737488355328e9	0.0	0.0	0.0	0.0	3.789090350241099e7
1.49533581377536e9	0.0	0.0	0.0	0.0	4.025908497086021e7
1.58329674399744e9	0.0	0.0	0.0	0.0	4.262726643930944e7
1.67125767421952e9	0.0	0.0	0.0	0.0	4.499544790775867e7
1.7592186044416e9	0.0	0.0	0.0	0.0	4.736362937620789e7
1.84717953466368e9	0.0	0.0	0.0	0.0	4.9731810844657116e7
1.93514046488576e9	0.0	0.0	0.0	0.0	5.209999231310634e7
2.02310139510784e9	0.0	0.0	0.0	0.0	5.446817378155556e7
2.1110623253299203e9	0.0	0.0	0.0	0.0	5.683635525000478e7
2.199023255552e9	0.0	0.0	0.0	0.0	5.920453671845401e7
2.2869841857740803e9	0.0	0.0	0.0	0.0	6.157271818690323e7
2.37494511599616e9	0.0	0.0	0.0	0.0	6.394089965535245e7
2.4629060462182403e9	0.0	0.0	0.0	0.0	6.630908112380168e7
2.55086697644032e9	0.0	0.0	0.0	0.0	6.86772625922509e7
2.6388279066624002e9	0.0	0.0	0.0	0.0	7.104544406070012e7
2.72678883688448e9	0.0	0.0	0.0	0.0	7.341362552914934e7
2.81474976710656e9	0.0	0.0	0.0	0.0	7.578180699759856e7
2.99067162755072e9	0.0	0.0	0.0	0.0	8.051816993449701e7
3.16659348799488e9	0.0	0.0	0.0	0.0	8.525453287139545e7
3.34251534843904e9	0.0	0.0	0.0	0.0	8.999089580829391e7
3.5184372088832e9	0.0	0.0	0.0	0.0	9.472725874519236e7
3.69435906932736e9	0.0	0.0	0.0	0.0	9.94636216820908e7
3.87028092977152e9	0.0	0.0	0.0	0.0	1.0419998461898926e8
4.04620279021568e9	0.0	0.0	0.0	0.0	1.0893634755588771e8
4.2221246506598406e9	0.0	0.0	0.0	0.0	1.1367271049278615e8
4.398046511104e9	0.0	0.0	0.0	0.0	1.184090734296846e8
4.573968371548161e9	0.0	0.0	0.0	0.0	1.2314543636658305e8
4.74989023199232e9	0.0	0.0	0.0	0.0	1.2788179930348149e8
4.9258120924364805e9	0.0	0.0	0.0	0.0	1.3261816224037993e8
5.10173395288064e9	0.0	0.0	0.0	0.0	1.3735452517727837e8
5.2776558133248005e9	0.0	0.0	0.0	0.0	1.420908881141768e8
5.45357767376896e9	0.0	0.0	0.0	0.0	1.4682725105107525e8
5.62949953421312e9	0.0	0.0	0.0	0.0	1.515636139879737e8
5.98134325510144e9	0.0	0.0	0.0	0.0	1.610363398617706e8
6.33318697598976e9	0.0	0.0	0.0	0.0	1.7050906573556748e8
6.68503069687808e9	0.0	0.0	0.0	0.0	1.799817916093644e8
7.0368744177664e9	0.0	0.0	0.0	0.0	1.894545174831613e8
7.38871813865472e9	0.0	0.0	0.0	0.0	1.9892724335695818e8
7.74056185954304e9	0.0	0.0	0.0	0.0	2.083999692307551e8
8.09240558043136e9	0.0	0.0	0.0	0.0	2.17872695104552e8
8.444249301319681e9	0.0	0.0	0.0	0.0	2.2734542097834888e8
8.796093022208e9	0.0	0.0	0.0	0.0	2.3681814685214576e8
9.147936743096321e9	0.0	0.0	0.0	0.0	2.4629087272594267e8
9.49978046398464e9	0.0	0.0	0.0	0.0	2.5576359859973955e8
9.851624184872961e9	0.0	0.0	0.0	0.0	2.6523632447353643e8
1.020346790576128e10	0.0	0.0	0.0	0.0	2.747090503473333e8
1.0555311626649601e10	0.0	0.0	0.0	0.0	2.841817762211302e8
1.090715534753792e10	0.0	0.0	0.0	0.0	2.936545020949271e8
1.125899906842624e10	0.0	0.0	0.0	0.0	3.0312722796872395e8
1.196268651020288e10	0.0	0.0	0.0	0.0	3.220726797163178e8
1.266637395197952e10	0.0	0.0	0.0	0.0	3.410181314639115e8
1.337006139375616e10	0.0	0.0	0.0	0.0	3.599635832115053e8
1.40737488355328e10	0.0	0.0	0.0	0.0	3.789090349590991e8
1.477743627730944e10	0.0	0.0	0.0	0.0	3.978544867066929e8
1.548112371908608e10	0.0	0.0	0.0	0.0	4.1679993845428663e8
1.618481116086272e10	0.0	0.0	0.0	0.0	4.3574539020188046e8
1.6888498602639362e10	0.0	0.0	0.0	0.0	4.546908419494742e8
1.7592186044416e10	0.0	0.0	0.0	0.0	4.73636293697068e8
1.8295873486192642e10	0.0	0.0	0.0	0.0	4.925817454446617e8
1.899956092796928e10	0.0	0.0	0.0	0.0	5.115271971922555e8
1.9703248369745922e10	0.0	0.0	0.0	0.0	5.304726489398493e8
2.040693581152256e10	0.0	0.0	0.0	0.0	5.494181006874431e8
2.1110623253299202e10	0.0	0.0	0.0	0.0	5.683635524350369e8
2.181431069507584e10	0.0	0.0	0.0	0.0	5.873090041826307e8
2.251799813685248e10	0.0	0.0	0.0	0.0	6.062544559302245e8
2.392537302040576e10	0.0	0.0	0.0	0.0	6.44145359425412e8
2.533274790395904e10	0.0	0.0	0.0	0.0	6.820362629205996e8
2.674012278751232e10	0.0	0.0	0.0	0.0	7.199271664157872e8
2.81474976710656e10	0.0	0.0	0.0	0.0	7.578180699109747e8
2.955487255461888e10	0.0	0.0	0.0	0.0	7.957089734061623e8
3.096224743817216e10	0.0	0.0	0.0	0.0	8.335998769013497e8
3.236962232172544e10	0.0	0.0	0.0	0.0	8.714907803965373e8
3.3776997205278725e10	0.0	0.0	0.0	0.0	9.09381683891725e8
3.5184372088832e10	0.0	0.0	0.0	0.0	9.472725873869125e8
3.6591746972385284e10	0.0	0.0	0.0	0.0	9.851634908821e8
3.799912185593856e10	0.0	0.0	0.0	0.0	1.0230543943772876e9
3.9406496739491844e10	0.0	0.0	0.0	0.0	1.0609452978724751e9
4.081387162304512e10	0.0	0.0	0.0	0.0	1.0988362013676627e9
4.2221246506598404e10	0.0	0.0	0.0	0.0	1.1367271048628502e9
4.362862139015168e10	0.0	0.0	0.0	0.0	1.1746180083580377e9
4.503599627370496e10	0.0	0.0	0.0	0.0	1.2125089118532252e9
4.785074604081152e10	0.0	0.0	0.0	0.0	1.2882907188436003e9
5.066549580791808e10	0.0	0.0	0.0	0.0	1.3640725258339756e9
5.348024557502464e10	0.0	0.0	0.0	0.0	1.4398543328243506e9
5.62949953421312e10	0.0	0.0	0.0	0.0	1.5156361398147256e9
5.910974510923776e10	0.0	0.0	0.0	0.0	1.5914179468051004e9
6.192449487634432e10	0.0	0.0	0.0	0.0	1.6671997537954757e9
6.473924464345088e10	0.0	0.0	0.0	0.0	1.742981560785851e9
6.755399441055745e10	0.0	0.0	0.0	0.0	1.818763367776226e9
7.0368744177664e10	0.0	0.0	0.0	0.0	1.8945451747666013e9
7.318349394477057e10	0.0	0.0	0.0	0.0	1.9703269817569766e9
7.599824371187712e10	0.0	0.0	0.0	0.0	2.0461087887473516e9
7.881299347898369e10	0.0	0.0	0.0	0.0	2.1218905957377267e9
8.162774324609024e10	0.0	0.0	0.0	0.0	2.1976724027281017e9
8.444249301319681e10	0.0	0.0	0.0	0.0	2.273454209718477e9
8.725724278030336e10	0.0	0.0	0.0	0.0	2.349236016708852e9
9.007199254740993e10	0.0	0.0	0.0	0.0	2.425017823699227e9
9.570149208162305e10	0.0	0.0	0.0	0.0	2.5765814376799774e9
1.0133099161583617e11	0.0	0.0	0.0	0.0	2.728145051660728e9
1.0696049115004929e11	0.0	0.0	0.0	0.0	2.879708665641478e9
1.125899906842624e11	0.0	0.0	0.0	0.0	3.0312722796222286e9
1.1821949021847552e11	0.0	0.0	0.0	0.0	3.182835893602979e9
1.2384898975268864e11	0.0	0.0	0.0	0.0	3.3343995075837293e9
1.2947848928690176e11	0.0	0.0	0.0	0.0	3.4859631215644794e9
1.351079888211149e11	0.0	0.0	0.0	0.0	3.6375267355452294e9
1.40737488355328e11	0.0	0.0	0.0	0.0	3.7890903495259795e9
1.4636698788954114e11	0.0	0.0	0.0	0.0	3.94065396350673e9
1.5199648742375424e11	0.0	0.0	0.0	0.0	4.0922175774874806e9
1.5762598695796738e11	0.0	0.0	0.0	0.0	4.243781191468231e9
1.6325548649218048e11	0.0	0.0	0.0	0.0	4.395344805448981e9
1.6888498602639362e11	0.0	0.0	0.0	0.0	4.546908419429731e9
1.7451448556060672e11	0.0	0.0	0.0	0.0	4.698472033410481e9
1.8014398509481985e11	0.0	0.0	0.0	0.0	4.850035647391232e9
1.914029841632461e11	0.0	0.0	0.0	0.0	5.153162875352732e9
2.0266198323167233e11	0.0	0.0	0.0	0.0	5.456290103314232e9
2.1392098230009857e11	0.0	0.0	0.0	0.0	5.759417331275732e9
2.251799813685248e11	0.0	0.0	0.0	0.0	6.062544559237232e9
2.3643898043695105e11	0.0	0.0	0.0	0.0	6.365671787198733e9
2.476979795053773e11	0.0	0.0	0.0	0.0	6.668799015160234e9
2.5895697857380353e11	0.0	0.0	0.0	0.0	6.971926243121735e9
2.702159776422298e11	0.0	0.0	0.0	0.0	7.275053471083236e9
2.81474976710656e11	0.0	0.0	0.0	0.0	7.578180699044737e9
2.927339757790823e11	0.0	0.0	0.0	0.0	7.881307927006237e9
3.039929748475085e11	0.0	0.0	0.0	0.0	8.184435154967738e9
3.1525197391593475e11	0.0	0.0	0.0	0.0	8.487562382929239e9
3.2651097298436096e11	0.0	0.0	0.0	0.0	8.79068961089074e9
3.3776997205278723e11	0.0	0.0	0.0	0.0	9.09381683885224e9
3.4902897112121344e11	0.0	0.0	0.0	0.0	9.39694406681374e9
3.602879701896397e11	0.0	0.0	0.0	0.0	9.700071294775238e9
3.828059683264922e11	0.0	0.0	0.0	0.0	1.0306325750698238e10
4.0532396646334467e11	0.0	0.0	0.0	0.0	1.091258020662124e10
4.2784196460019714e11	0.0	0.0	0.0	0.0	1.151883466254424e10
4.503599627370496e11	0.0	0.0	0.0	0.0	1.2125089118467241e10
4.728779608739021e11	0.0	0.0	0.0	0.0	1.273134357439024e10
4.953959590107546e11	0.0	0.0	0.0	0.0	1.3337598030313242e10
5.1791395714760706e11	0.0	0.0	0.0	0.0	1.3943852486236244e10
5.404319552844596e11	0.0	0.0	0.0	0.0	1.4550106942159245e10
5.62949953421312e11	0.0	0.0	0.0	0.0	1.5156361398082247e10
5.854679515581646e11	0.0	0.0	0.0	0.0	1.5762615854005249e10
6.07985949695017e11	0.0	0.0	0.0	0.0	1.636887030992825e10
6.305039478318695e11	0.0	0.0	0.0	0.0	1.697512476585125e10
6.530219459687219e11	0.0	0.0	0.0	0.0	1.758137922177425e10
6.755399441055745e11	0.0	0.0	0.0	0.0	1.818763367769725e10
6.980579422424269e11	0.0	0.0	0.0	0.0	1.879388813362025e10
7.205759403792794e11	0.0	0.0	0.0	0.0	1.940014258954325e10
7.656119366529844e11	0.0	0.0	0.0	0.0	2.0612651501389256e10
8.106479329266893e11	0.0	0.0	0.0	0.0	2.182516041323526e10
8.556839292003943e11	0.0	0.0	0.0	0.0	2.303766932508126e10
9.007199254740992e11	0.0	0.0	0.0	0.0	2.4250178236927265e10
9.457559217478042e11	0.0	0.0	0.0	0.0	2.546268714877327e10
9.907919180215092e11	0.0	0.0	0.0	0.0	2.667519606061927e10
1.0358279142952141e12	0.0	0.0	0.0	0.0	2.788770497246527e10
1.0808639105689192e12	0.0	0.0	0.0	0.0	2.910021388431127e10
1.125899906842624e12	0.0	0.0	0.0	0.0	3.0312722796157272e10
1.170935903116329e12	0.0	0.0	0.0	0.0	3.1525231708003277e10
1.215971899390034e12	0.0	0.0	0.0	0.0	3.2737740619849277e10
1.261007895663739e12	0.0	0.0	0.0	0.0	3.3950249531695282e10
1.3060438919374438e12	0.0	0.0	0.0	0.0	3.516275844354128e10
1.351079888211149e12	0.0	0.0	0.0	0.0	3.637526735538728e10
1.3961158844848538e12	0.0	0.0	0.0	0.0	3.7587776267233284e10
1.4411518807585588e12	0.0	0.0	0.0	0.0	3.8800285179079285e10
