# τ	Fs	F	Δζ	ΔG	Δr²
0.0	1.0	1.0	1600.8748147363835	167.5933068399107	0.0
3.125e-7	0.9999838611727643	0.9999880733176563	1600.0954886681411	167.5187919106509	3.125e-7
6.25e-7	0.9999677248891293	0.9999761484648106	1599.3168276488932	167.44433749135172	6.249218322844368e-7
9.375000000000001e-7	0.9999515934296105	0.9999642271267922	1598.5388477887404	167.36994498439566	9.371874247964219e-7
1.25e-6	0.999935466790867	0.9999523093011617	1597.761548372832	167.29561432803237	1.2492969121919468e-6
1.5625e-6	0.9999193449692384	0.9999403949852442	1596.984928685925	167.22134546051032	1.5612504485174524e-6
1.8750000000000003e-6	0.9999032279610681	0.999928484176367	1596.2089880136105	167.14713832014561	1.8730481876427467e-6
2.1875000000000002e-6	0.9998871157627032	0.9999165768718603	1595.4337256423037	167.07299284532237	2.1846902832563385e-6
2.5e-6	0.9998710083704943	0.9999046730690568	1594.6591408592435	166.99890897449274	2.4961768888656676e-6
2.8125e-6	0.9998549057807958	0.9998927727652924	1593.8852329524993	166.92488664617642	2.8075081577973363e-6
3.125e-6	0.9998388079899659	0.9998808759579052	1593.112001210957	166.8509257989609	3.1186842431973384e-6
3.4375e-6	0.9998227149943664	0.9998689826442363	1592.3394449243285	166.7770263715013	3.4297052980312914e-6
3.7500000000000005e-6	0.9998066267903626	0.999857092821629	1591.5675633831468	166.70318830252032	3.7405714750846645e-6
4.0625000000000005e-6	0.9997905433743236	0.99984520648743	1590.796355878763	166.62941153080797	4.051282926963009e-6
4.3750000000000005e-6	0.9997744647426222	0.9998333236389881	1590.0258217033543	166.55569599522178	4.3618398060921895e-6
4.6875000000000004e-6	0.999758390891635	0.9998214442736552	1589.255960149906	166.48204163468645	4.672242264718608e-6
5.0e-6	0.9997423218177419	0.9998095683887853	1588.4867705122306	166.40844838819402	4.9824904549094386e-6
5.3125e-6	0.9997262606080438	0.9997976982492952	1587.7183806252742	166.33492779027893	5.292482007771412e-6
5.625e-6	0.9997102051952521	0.9997858323385023	1586.9507038207955	166.2614720264722	5.602285568614996e-6
5.9375e-6	0.9996941548878007	0.999773970149041	1586.1837107491494	166.18807845219857	5.911924123750853e-6
6.25e-6	0.999678109452747	0.9997621115100205	1585.4173911619523	166.11474614573996	6.221405437163685e-6
6.5625e-6	0.9996620688100399	0.9997502563627214	1584.6517411766122	166.04147475954716	6.530732197764136e-6
6.875e-6	0.9996460329305995	0.9997384046858186	1583.8867590324066	165.96826413745126	6.83990540237094e-6
7.1875e-6	0.9996300018023417	0.9997265564704556	1583.1224436762361	165.89511418710285	7.14892548356004e-6
7.500000000000001e-6	0.9996139754188493	0.9997147117119355	1582.358794291344	165.82202483746454	7.457792685677213e-6
7.8125e-6	0.9995979537755968	0.9997028704069479	1581.5958101402748	165.7489960246448	7.766507190196698e-6
8.125000000000001e-6	0.9995819368686922	0.9996910325526477	1580.8334905125348	165.67602768717774	8.07506915751451e-6
8.4375e-6	0.9995659246944569	0.999679198146346	1580.07183470715	165.60311976444993	8.383478740882035e-6
8.750000000000001e-6	0.9995499172492854	0.9996673671854073	1579.3108420268577	165.53027219617624	8.691736091051485e-6
9.0625e-6	0.9995339145295996	0.999655539667217	1578.5505117761634	165.4574849222248	8.99984135782479e-6
9.375000000000001e-6	0.9995179165318323	0.9996437155891682	1577.7908432607	165.38475788255903	9.307794690570125e-6
9.6875e-6	0.9995019232524242	0.9996318949486586	1577.0318357870042	165.31209101721782	9.615596238394263e-6
1.0e-5	0.9994859346878179	0.9996200777430887	1576.2734886624623	165.23948426630938	9.923246150200198e-6
1.0625e-5	0.9994539716840896	0.99959645362294	1574.758772434918	165.09445084631713	1.0538091857863624e-5
1.125e-5	0.9994220274954299	0.9995728432102934	1573.2466892273608	164.94965715969846	1.1152332868902e-5
1.1875e-5	0.9993901020945727	0.9995492464852208	1571.7372335856735	164.80510273466584	1.1765970324053652e-5
1.25e-5	0.9993581954536087	0.9995256634273252	1570.2304000297675	164.66078709716356	1.2379005390649518e-5
1.3125e-5	0.9993263075444501	0.9995020940160794	1568.7261830793386	164.51670977307515	1.2991439243078018e-5
1.375e-5	0.9992944383389893	0.999478538230941	1567.224577262448	164.37287028895864	1.3603273056202979e-5
1.4375e-5	0.9992625878091481	0.9994549960513888	1565.7255771183395	164.22926817228822	1.421450800324714e-5
1.5000000000000002e-5	0.9992307559268967	0.9994314674569382	1564.2291771983732	164.08590295153482	1.4825145255017037e-5
1.5625e-5	0.9991989426642572	0.9994079524271429	1562.7353720663	163.94277415618956	1.5435185979723237e-5
1.6250000000000002e-5	0.9991671479933094	0.9993844509415977	1561.2441562983527	163.79988131677177	1.6044631342851046e-5
1.6875e-5	0.9991353718861863	0.9993609629799366	1559.7555244832367	163.65722396482818	1.665348250719593e-5
1.7500000000000002e-5	0.9991036143150794	0.9993374885218363	1558.2694712221182	163.51480163293314	1.7261740632806115e-5
1.8125e-5	0.999071875252233	0.9993140275470127	1556.7859911285946	163.3726138546847	1.7869406877041795e-5
1.8750000000000002e-5	0.9990401546699493	0.9992905800352238	1555.3050788286714	163.2306601647041	1.8476482394525825e-5
1.9375e-5	0.9990084525405841	0.999267145966266	1553.8267289607165	163.0889400986319	1.9082968337205418e-5
2.0e-5	0.9989767688365507	0.9992437253199791	1552.3509361754518	162.94745319312682	1.9688865854303788e-5
2.125e-5	0.9989134565579995	0.9991969241883671	1549.4069985211306	162.6651768441224	2.0898901710409796e-5
2.25e-5	0.9988502176391727	0.9991501764977896	1546.4732246664612	162.3838275470037	2.2106598082420467e-5
2.375e-5	0.9987870518694988	0.9991034820943577	1543.549572707411	162.10340166995954	2.331196372777167e-5
2.5e-5	0.9987239590338591	0.9990568408208628	1540.6360006350135	161.82389557152902	2.4515007587832193e-5
2.625e-5	0.9986609389161745	0.9990102525193925	1537.73246653406	161.54530561765813	2.571573863780086e-5
2.75e-5	0.9985979913006456	0.998963717032241	1534.838928648953	161.26762818735887	2.69141658356195e-5
2.875e-5	0.9985351159721149	0.9989172342021718	1531.9553454046747	160.99085967451327	2.8110298106233024e-5
3.0000000000000004e-5	0.9984723127162348	0.9988708038725418	1529.0816754134605	160.714996488455	2.9304144335323745e-5
3.125e-5	0.9984095813194716	0.9988244258873021	1526.217877476095	160.44003505408435	3.049571336851521e-5
3.2500000000000004e-5	0.9983469215691533	0.9987781000910358	1523.3639105820225	160.16597181188706	3.168501401009484e-5
3.375e-5	0.9982843332534332	0.9987318263289288	1520.5197339084734	159.8928032178626	3.287205502387499e-5
3.5000000000000004e-5	0.9982218161613261	0.9986856044467982	1517.6853068198584	159.6205257434817	3.4056845132472096e-5
3.625e-5	0.998159370082668	0.9986394342910602	1514.860588866663	159.34913587559467	3.523939301834664e-5
3.7500000000000003e-5	0.9980969948081477	0.9985933157087563	1512.0455397847672	159.07863011638213	3.641970732314572e-5
3.875e-5	0.9980346901292673	0.9985472485475233	1509.2401194943216	158.80900498326224	3.759779664875763e-5
4.0e-5	0.9979724558383747	0.9985012326556159	1506.4442880990773	158.54025700884128	3.877366955666294e-5
4.25e-5	0.9978481973228164	0.9984093538776094	1500.8812185439199	158.0053774688326	4.111881132726095e-5
4.5e-5	0.9977242178004685	0.998317678307089	1495.356025707282	157.47396492910755	4.345519274191657e-5
4.75e-5	0.9976005157005738	0.9982262047962192	1489.868400293785	156.94599247892393	4.5782878346864645e-5
5.0e-5	0.9974770894247134	0.9981349321769689	1484.4180336135007	156.42143325042852	4.8101933749781386e-5
5.25e-5	0.9973539373733182	0.9980438592804749	1479.0046190506619	155.90026054522843	5.041242451427956e-5
5.5e-5	0.9972310579552308	0.9979529849440357	1473.6278525385874	155.38244787547936	5.271441577727439e-5
5.75e-5	0.9971084495900302	0.9978623080128022	1468.2874326948638	154.86796897567768	5.500797214296882e-5
6.000000000000001e-5	0.996986110709518	0.9977718273408726	1462.9830608530951	154.35679780560517	5.7293157633905564e-5
6.25e-5	0.9968640397573585	0.9976815417910199	1457.7144410511612	153.84890854947196	5.9570035696086685e-5
6.500000000000001e-5	0.9967422351896623	0.9975914502351273	1452.481280014417	153.34427561467635	6.183866918719464e-5
6.75e-5	0.9966206954743368	0.9975015515537051	1447.2832871282299	152.84287362959006	6.409912039387781e-5
7.000000000000001e-5	0.9964994190915651	0.9974118446362474	1442.1201744162374	152.34467744188683	6.635145102410659e-5
7.25e-5	0.9963784045331289	0.9973223283807311	1436.9916565116641	151.84966211621781	6.859572222560188e-5
7.500000000000001e-5	0.9962576503028774	0.9972330016939646	1431.8974506354505	151.35780293252375	7.083199457864759e-5
7.75e-5	0.9961371549160511	0.9971438634910869	1426.837276567927	150.86907538373634	7.306032811443759e-5
8.0e-5	0.996016916899743	0.9970549126959121	1421.8108566273604	150.3834551741202	7.528078230793571e-5
8.5e-5	0.9957772052597054	0.9968775676890312	1411.8580795830894	149.42143184214868	7.969836361606972e-5
9.0e-5	0.995538505123841	0.9967009591776247	1402.0370190734272	148.47154888468648	8.408515095719559e-5
9.5e-5	0.995300805543423	0.9965250791622163	1392.3455659795798	147.53362137672613	8.844158345990314e-5
0.0001	0.9950640954611013	0.9963499195642331	1382.7816336839949	146.60746622324476	9.276810357665878e-5
0.000105	0.9948283638912864	0.9961754723576463	1373.3431678544252	145.69290301082174	9.706514964809973e-5
0.00011	0.9945935999898647	0.9960017296200198	1364.0281492797305	144.78975425829103	0.00010133315326540913
0.000115	0.9943597930641118	0.9958286835396214	1354.8345942792878	143.897845456526	0.00010557253874854836
0.00012000000000000002	0.9941269325853568	0.9956563264247911	1345.7605544454073	143.01700505108133	0.00010978372281978629
0.000125	0.9938950081801291	0.995484650697352	1336.804116047008	142.1470643946648	0.00011396711484557167
0.00013000000000000002	0.9936640096364239	0.995313648897299	1327.9633994549333	141.28785770204678	0.0001181231167656368
0.000135	0.99343392689299	0.9951433136748529	1319.236558459904	140.4392219948595	0.0001222521234117266
0.00014000000000000001	0.9932047500448371	0.9949736377945981	1310.6217796851768	139.6009970551418	0.00012635452246281505
0.000145	0.9929764693325468	0.9948046141275523	1302.1172819189792	138.77302537115276	0.00013043069476425468
0.00015000000000000001	0.9927490751476493	0.9946362356552056	1293.7213155470643	137.955152092385	0.00013448101428364584
0.000155	0.99252255802216	0.9944684954617603	1285.4321619096836	137.14722497727539	0.0001385058484221457
0.00016	0.992296908633896	0.9943013867381232	1277.2481327567334	136.34909434993332	0.00014250555796830946
0.00017	0.9918481650384822	0.9939690286214816	1261.188244228834	134.78158372159623	0.00015043145277884382
0.00018	0.9914027806281853	0.9936391147538896	1245.5291714861537	133.25151097144712	0.00015826114407879505
0.00019	0.9909606883255863	0.9933115961442793	1230.2585883770953	131.75777892171095	0.00016599719267210261
0.0002	0.9905218213506031	0.992986424022357	1215.3645046159947	130.2993186091998	0.00017364213580888118
0.00021	0.990086114238	0.9926635505795829	1200.8353148107428	128.87509368143174	0.0001811984464208358
0.00022	0.9896535032856759	0.9923429292980762	1186.6598052532336	127.48410109418072	0.00018866851825574265
0.00023	0.9892239265131836	0.9920245149184863	1172.827145572326	126.12537047110412	0.0001960546664103411
0.00024000000000000003	0.988797323753512	0.9917082635085842	1159.3268773110285	124.79796319546955	0.00020335912624926965
0.00025	0.9883736365008476	0.9913941323503364	1146.1489003575787	123.5009713019207	0.0002105840582706421
0.00026000000000000003	0.9879528079629555	0.9910820799796907	1133.283460481124	122.23351646634507	0.00021773154842959756
0.00027	0.987534782903782	0.9907720660699433	1120.7211361474417	120.99474892163695	0.00022480361320555703
0.00028000000000000003	0.9871195076917403	0.9904640514684959	1108.4528268088807	119.78384650401334	0.00023180219995471002
0.00029	0.9867069301485438	0.9901579980848279	1096.46974064054	118.60001364070351	0.00023872919173487743
0.00030000000000000003	0.9862969995971969	0.9898538689269962	1084.7633837108008	117.44248046477091	0.000245586407546286
0.00031	0.9858896667179332	0.9895516279948529	1073.3255486272892	116.31050187471124	0.00025237560688265567
0.00032	0.985484883596212	0.9892512403165065	1062.1483045381167	115.20335671430884	0.00025909848985699864
0.00034	0.9846827275812486	0.9886558502900841	1040.5425112396656	113.06055533793564	0.0002723536919859194
0.00036	0.9838902138638852	0.9880674669797327	1019.8898455446365	111.00894596596609	0.0002853630998277214
0.00038	0.983107016212204	0.9874858523144094	1000.1364908903362	109.04359913501683	0.00029813797681935237
0.0004	0.9823328178797786	0.9869107751866167	981.2317026751102	107.15985305581728	0.0003106891507606156
0.00042	0.9815673151984834	0.9863420140467606	963.1278760710749	105.3533211694287	0.00032302688091738073
0.00044	0.9808102197861848	0.98577935853174	945.7804262065862	103.61988274617762	0.00033516080655236145
0.00046	0.9800612570460745	0.985222608347103	929.1476029164821	101.9556674395698	0.0003470999956951983
0.00048000000000000007	0.979320166639835	0.9846715736301794	913.1903085984893	100.357040008989	0.0003588529528037562
0.0005	0.9785867005984653	0.9841260735505959	897.8719129446896	98.82058460585517	0.00037042768072718913
0.0005200000000000001	0.9778606236359828	0.9835859365563598	883.1580883521953	97.34309082372262	0.000381831691226923
0.00054	0.9771417113802501	0.9830509990633188	869.0166477927797	95.92153984165662	0.00039307206199730774
0.0005600000000000001	0.9764297506950559	0.9825211057065656	855.4174027383971	94.55309229454885	0.0004041554443638396
0.00058	0.9757245380695777	0.9819961081468797	842.3320232607512	93.23507623601544	0.00041508811416388465
0.0006000000000000001	0.9750258799598525	0.9814758653355076	829.7339159568563	91.96497664371691	0.0004258759765733937
0.00062	0.9743335913249728	0.9809602424288025	817.5981033063536	90.74042497111944	0.0004365246114492849
0.00064	0.9736474959827951	0.980449111062641	805.9011187456533	89.55919006491415	0.0004470392757720858
0.00068	0.9722930541177199	0.9794397178378693	783.7293875849335	87.31768929902873	0.0004676908051220308
0.00072	0.9709614281830707	0.9784468651798806	763.0640720193088	85.22566320216829	0.0004878632843756509
0.00076	0.9696515028496985	0.9774697407683424	743.7641705454517	83.26955237387823	0.0005075884149647844
0.0008	0.9683622335272508	0.9765075841538833	725.7033142799404	81.43714996597859	0.0005268953190791236
0.00084	0.9670926461219289	0.975559686304593	708.7687523852078	79.71751630557479	0.00054581058855084
0.00088	0.9658418447286808	0.9746253953710592	692.8599757391086	78.10085720886619	0.0005643582125144988
0.00092	0.9646089969078789	0.9737041057462753	677.8872745329137	76.57839460505707	0.0005825600307237447
0.0009600000000000001	0.9633933360951045	0.9727952599806412	663.7704859742614	75.1422533391617	0.0006004357812024455
0.001	0.9621941476756358	0.9718983384520481	650.4378320455253	73.78535543407621	0.0006180035130857562
0.0010400000000000001	0.961010771199755	0.9710128611274751	637.8249524024194	72.50133152077363	0.0006352796120890679
0.00108	0.9598425885117314	0.9701383787512443	625.8740132413456	71.28443882876635	0.0006522791413655195
0.0011200000000000001	0.9586890261613698	0.9692744747373364	614.5329722608589	70.12949305712804	0.0006690158404248121
0.00116	0.9575495453516424	0.9684207577005083	603.754896586067	69.03180492848033	0.0006855024054697618
0.0012000000000000001	0.9564236444602289	0.9675768634172512	593.4974029215336	67.98712769919283	0.0007017504698047684
0.00124	0.9553108504828959	0.9667424484619908	583.7221330293727	66.99160787564564	0.0007177708363124467
0.00128	0.9542107215684612	0.9659171921672519	574.3943253305687	66.04174460521024	0.0007335734461752719
0.00136	0.9520465321878762	0.9642927595180455	556.9475695627725	64.26551814386376	0.0007645659055279895
0.00144	0.9499282761503351	0.9627015329785795	540.9471574866056	62.6371686873976	0.0007947899841123301
0.00152	0.9478532770404595	0.9611415710273369	526.2121182645504	61.13830546581287	0.0008243029546644487
0.0016	0.9458191079893682	0.9596111149743023	512.5889910815418	59.75328957568626	0.0008531552771217755
0.00168	0.9438235410692511	0.9581085504232428	499.9477522061132	58.468838698854164	0.0008813922469642945
0.00176	0.9418645729582967	0.9566324269490212	488.1779930799639	57.2736500968981	0.0009090536640213521
0.00184	0.9399403610008936	0.9551814104101345	477.1854154012381	56.158054638259266	0.000936175487146967
0.0019200000000000003	0.9380492382488791	0.9537542948413472	466.88913284235673	55.11374688824008	0.0009627895924010319
0.002	0.9361896613122112	0.9523499635740029	457.21932132858126	54.13355069626979	0.0009889250624073242
0.0020800000000000003	0.9343602240061162	0.9509673999901159	448.1154578633329	53.21124095809258	0.0010146079159262624
0.00216	0.9325596162217369	0.9496056568150794	439.52476485835444	52.341387145425564	0.001039862100235661
0.0022400000000000002	0.930786636639228	0.9482638660782554	431.40105278378167	51.51923502374782	0.0010647092129398906
0.00232	0.9290401599903303	0.9469412146311106	423.7036718261069	50.74060057515615	0.0010891692788580856
0.0024000000000000002	0.9273191486418958	0.9456369531894356	416.3967218215687	50.00179014662739	0.0011132604832868886
0.00248	0.925622626179783	0.944350376546687	409.4483908746537	49.29952711271345	0.0011369997915533616
0.00256	0.923949687796793	0.9430808316653898	402.8303342510003	48.63089696708007	0.0011604027026958948
0.00272	0.9206709620032653	0.940590246705282	390.4782380749024	47.383555542545764	0.0012062531690573634
0.00288	0.9174770401102387	0.9381609129314902	379.17596138862586	46.24285961577496	0.0012509170773301068
0.00304	0.9143624280762169	0.935788863993083	368.7844889094494	45.194537431505	0.0012944868475944329
0.0032	0.9113222432671637	0.9334705806122284	359.1880847313253	44.22672191367016	0.0013370415141262992
0.00336	0.9083520320202111	0.9312028517632401	350.2901029850535	43.32951756073428	0.0013786520440081666
0.00352	0.9054478275177649	0.9289828206906473	342.0095443781869	42.494640481364776	0.0014193802059243937
0.00368	0.9026059916248954	0.9268078660587661	334.2778821010972	41.7150925857654	0.00145928220476768
0.0038400000000000005	0.8998232555013514	0.9246756350151836	327.03684313545034	40.98493000742037	0.001498407574842916
0.004	0.8970965997799066	0.922583953085527	320.23641840529274	40.29905931554529	0.0015368018247000784
0.0041600000000000005	0.8944232891145951	0.920530852219577	313.83350638216587	39.653095878397735	0.001574505458725203
0.00432	0.8918007811850647	0.9185145021912453	307.7906541286138	39.043235217336345	0.0016115559740792309
0.0044800000000000005	0.8892267564919275	0.9165332346869378	302.0752079931431	38.466164282165565	0.0016479870189368463
0.00464	0.886699047897381	0.9145854900446576	296.65849042779587	37.91897753698589	0.0016838299403756061
0.0048000000000000004	0.8842156662051811	0.9126698378836615	291.51525095553865	37.39911959792185	0.0017191130650619098
0.00496	0.8817747445607855	0.9107849349653276	286.6231102627779	36.90432870525581	0.001753862924181659
0.00512	0.8793745603916704	0.908929542865465	281.96219479830603	36.432598554190676	0.001788103638341907
0.00544	0.874690416911005	0.9053030167070952	273.2605142139505	35.550859521074266	0.0018551222897134005
0.00576	0.8701513059158261	0.9017816572672172	265.29406066057504	34.74225829635554	0.00192035187427905
0.00608	0.86574670795903	0.8983578880711696	257.9652151202349	33.997002571442835	0.0019839405071035215
0.0064	0.8614674845786502	0.8950251409880283	251.19301619382688	33.30697716872003	0.0020460101426329003
0.00672	0.8573053949714218	0.8917774876030108	244.9099158118031	32.66542236613919	0.0021066698169868066
0.00704	0.8532531570815307	0.8886096956354435	239.05938397075892	32.06669023869864	0.0021660137543792887
0.00736	0.8493041303405672	0.8855169878145568	233.59358552259275	31.50601003900269	0.0022241281257559618
0.007680000000000001	0.8454523819243583	0.8824951005197212	228.47187242323992	30.979334221271355	0.0022810884865175933
0.008	0.8416924588883871	0.8795401099766985	223.65933950096206	30.483192549499684	0.0023369645366877728
0.008320000000000001	0.8380194471307069	0.8766484836071626	219.12591330945284	30.014599386136776	0.002391817955144547
0.00864	0.8344288011286327	0.8738169495740784	214.84543980191953	29.570961703142046	0.0024457060226402414
0.008960000000000001	0.8309163946610955	0.8710425405788165	210.79511867456858	29.150021838146255	0.002498679832234244
0.00928	0.8274783903137589	0.8683224934334203	206.95490657921826	28.749797409000863	0.0025507871151435745
0.009600000000000001	0.8241112828161826	0.8656542862963642	203.30715410026912	28.368544803877793	0.0026020707460990217
0.00992	0.8208117969988966	0.8630355598041809	199.8362022782137	28.004718583640436	0.002652570987631167
0.01024	0.817576924825144	0.8604641487971182	196.52814260058906	27.656947509257655	0.002702324230043671
0.01088	0.8112927217774448	0.8554574062036351	190.353081819716	27.00476222707202	0.0027996469844483495
0.01152	0.8052359902977738	0.850617626077853	184.69656771084306	26.403727740553848	0.002894359131223178
0.01216	0.7993882622133314	0.845931455084223	179.48922201928448	25.84704711397992	0.0029866889846904506
0.0128	0.7937340019406809	0.8413876899038073	174.6741606269696	25.32913260944944	0.0030768158699802112
0.01344	0.7882593855809981	0.8369763425402382	170.20399551447306	24.845330496659265	0.0031649003562153055
0.01408	0.7829522839942737	0.832688659577891	166.03904653651173	24.391751462823304	0.0032510807358548904
0.01472	0.7778016939071697	0.8285166811123624	162.14566507802587	23.965101098458177	0.0033354845711014124
0.015360000000000002	0.7727978348596365	0.8244533385005152	158.4952211702832	23.56258120035247	0.0034182231441736944
0.016	0.7679317612368074	0.8204921509556214	155.06308482869977	23.18178579066317	0.003499399697062738
0.016640000000000002	0.7631954523724184	0.8166273128421577	151.82801750583445	22.820642836951798	0.0035791050073401966
0.01728	0.7585815244743288	0.812853466822484	148.77152493290131	22.477348078091207	0.00365742378918717
0.017920000000000002	0.754083307655667	0.8091657774520586	145.87747781022514	22.15032945227329	0.003734431118796167
0.01856	0.7496946265482662	0.8055597572553665	143.13168557597731	21.83820331419568	0.0038101974669282833
0.019200000000000002	0.74540986622428	0.8020313290839942	140.52165219358707	21.539752030094135	0.003884785738993546
0.01984	0.7412238019901454	0.7985766902913699	138.03628618628346	21.2538939967084	0.0039582552913148255
0.02048	0.7371316559139746	0.7951923658303999	135.6657387747273	20.979669152522515	0.0040306594486908195
0.02176	0.7292202509632484	0.7886285564902803	131.24068812526733	20.46321717837904	0.0041722817077613685
0.02304	0.721635213926168	0.782310129512104	127.17979250457002	19.984082143811843	0.004310211666202965
0.02432	0.7143470861429968	0.7762154656612236	123.43336443504202	19.537394778703185	0.0044447878997638645
0.0256	0.707332010105354	0.7703271148679983	119.9616768134537	19.119233289100418	0.004576264417190098
0.02688	0.700568961151416	0.7646296473338782	116.73173191502347	18.726332440784617	0.004704872242292983
0.02816	0.6940395475231397	0.7591095768580002	113.71586587365164	18.35595726552338	0.00483081063095918
0.02944	0.687727128119642	0.7537546512115592	110.8905820126863	18.005777013902595	0.0049542656838120905
0.030720000000000004	0.6816169632511488	0.7485540242962561	108.23588287630193	17.6738053260136	0.005075398862682185
0.032	0.6756956279792719	0.743497777862636	105.73456240886799	17.358324131368086	0.005194361100172325
0.033280000000000004	0.6699511404111128	0.738577064259777	103.37179369982017	17.057849187562155	0.005311284152968992
0.03456	0.6643725228149726	0.7337837456187993	101.13466979271469	16.771080581203893	0.005426291769316966
0.035840000000000004	0.6589499063214436	0.7291105094534185	99.01194338102566	16.496882111306473	0.005539492802239653
0.03712	0.6536741981981673	0.7245505926063582	96.99372215121603	16.234247927523864	0.0056509900364642845
0.038400000000000004	0.6485371703998181	0.7200978776697783	95.07130119246207	15.982289958040218	0.005760874529766935
0.03968	0.6435312036685386	0.7157466786717094	93.23695524597653	15.74021470354566	0.005869232683902968
0.04096	0.6386493630693264	0.711491822370029	91.48382811421119	15.507315442721259	0.005976141529163815
0.04352	0.6292514969712891	0.7032671218698079	88.2062588044832	15.067407092401298	0.006185524647937127
0.04608	0.6202774974479888	0.6953735231660172	85.18572154732684	14.6572421723463	0.006389967219053195
0.04864	0.6116852789454309	0.687779153817354	82.38772519674643	14.273117855566616	0.006589949491121437
0.0512	0.6034420001984747	0.6804592457419268	79.78528740139433	13.912110691783637	0.006785820682626564
0.05376	0.5955188475510039	0.6733919575836015	77.35580495979902	13.571758987400019	0.006977907162476799
0.05632	0.5878906341855502	0.6665582062895214	75.08016126983131	13.249975900037706	0.007166489853796149
0.05888	0.5805346617045009	0.6599406904927786	72.94202128149307	12.94495841394215	0.007351833800498026
0.06144000000000001	0.5734309332283128	0.6535241707179112	70.92743157780515	12.655156379212764	0.007534166304244049
0.064	0.5665613628520896	0.6472947834577226	69.02434779741944	12.379215029061065	0.007713701216443794
0.06656000000000001	0.559909917634995	0.6412402414883935	67.22236513211871	12.115956250111719	0.00789062285164538
0.06912	0.5534620156431214	0.63534930708224	65.51240082565528	11.864339297914814	0.008065105408757994
0.07168000000000001	0.547204636529778	0.6296119487767369	63.88652144522307	11.623449553764324	0.008237300121367195
0.07424	0.5411258676758837	0.6240189391410514	62.33773004677219	11.39247123385094	0.008407350715306478
0.07680000000000001	0.5352149998591077	0.6185619857957604	60.85985527883943	11.170680772130044	0.00857538281241193
0.07936	0.529462181199556	0.6132334205981304	59.44740512376198	10.957427379221512	0.008741516414197594
0.08192	0.5238585010178629	0.6080263109137439	58.09549419193885	10.752129183788496	0.008905857033549574
0.08704	0.5130982876177252	0.5979779905588203	55.56601874716648	10.36444126289611	0.00922892820111481
0.09216	0.5028388065086415	0.5883407469732057	53.22841098363249	10.002636537717096	0.009546050721155688
0.09728	0.4930282926562391	0.5790734430003321	51.058496062837854	9.663634524751924	0.009857850922861506
0.1024	0.4836275389994083	0.5701451241975826	49.037331452214524	9.345027532791816	0.010164776814645376
0.10752	0.47460192585616107	0.5615282838881627	47.14868603042339	9.044752644186648	0.010467263950363615
0.11264	0.4659211467309028	0.5531988743281381	45.37865813898172	8.761041066298246	0.010765680420970885
0.11776	0.457557977980313	0.5451351258756175	43.71527253555525	8.492349466316996	0.011060378652703097
0.12288000000000002	0.44948859701175486	0.537318007820748	42.148246268315326	8.237344958209574	0.011351652841243448
0.128	0.44169158572147516	0.5297302832235349	40.66865191032001	7.9948555324645	0.011639783889263143
0.13312000000000002	0.43414809785599473	0.5223568044015295	39.268743330772644	7.763859260756084	0.01192500708755558
0.13824	0.4268410827826576	0.5151837706266174	37.941721659802496	7.543448830674913	0.012207548483637745
0.14336000000000002	0.419755421115816	0.5081989636048867	36.68162393129026	7.3328252645406815	0.012487598479725618
0.14848	0.4128773381378983	0.5013911771424161	35.48316304575432	7.131272689234552	0.012765341328757226
0.15360000000000001	0.40619452974591697	0.4947504198411481	34.34165763362863	6.938155102100339	0.013040932989696491
0.15872	0.399695713712223	0.48826747127517345	33.25291985457536	6.752898039065056	0.013314525429092143
0.16384	0.3933707457642482	0.48193405825706775	32.21321058599611	6.5749871312753525	0.01358624779552829
0.17408	0.3812544955342802	0.46972908905177846	30.277271538986533	6.240598578257069	0.014123669219528586
0.18432	0.3697190140300069	0.4580285134383081	28.4971728151352	5.930157724679405	0.014655168900193135
0.19456	0.3587088173030765	0.4467858835676942	26.85495240230341	5.640985428988627	0.0151814705130774
0.2048	0.3481824557026759	0.4359670368271473	25.336072181426836	5.370967994117555	0.015703072155924338
0.21504	0.33810219636170463	0.4255406492649497	23.927707234096292	5.1182520703159335	0.01622049484940282
0.22528	0.328434754476217	0.41547922679788984	22.61874625406798	4.881233381634099	0.016734149320178283
0.23552	0.3191500333191965	0.40575766767406757	21.39951963840958	4.658499103702586	0.017244448457778252
0.24576000000000003	0.31022177497403736	0.39635417743352747	20.26166556909062	4.448823980860897	0.017751710271017615
0.256	0.3016262559398965	0.38724888641281885	19.197854577456123	4.251121963676965	0.018256255556453303
0.26624000000000003	0.29334265460236647	0.3784244493228618	18.20168340166566	4.064442126947201	0.01875833015850261
0.27648	0.28535201087936585	0.36986493464137526	17.267479445094295	3.8879333225077857	0.01925818552005765
0.28672000000000003	0.2776375326596907	0.3615563140185108	16.390232621864325	3.7208427265843755	0.019756013596981
0.29696	0.2701837965784553	0.35348559332219	15.565467244042438	3.562490314000406	0.02025201388002863
0.30720000000000003	0.2629770258671136	0.34564123550252496	14.789189636161048	3.412269197810509	0.02074633782113364
0.31744	0.25600446602090465	0.3380124700395849	14.057798916058019	3.269626779884753	0.021239145458239673
0.32768	0.2492546349209223	0.33058966049975835	13.368061207003791	3.1340660044185675	0.02173055741492662
0.34816	0.23645525973559248	0.3163978136750022	12.110466019672002	2.8836295793210307	0.0227085192120301
0.36864	0.22440396281289288	0.30290865235181147	10.983324055565204	2.656075509683867	0.023682461733185327
0.38912	0.21304160669911054	0.29007099839398187	9.971506551786536	2.4488469686345953	0.02465304765581293
0.4096	0.2023219834293966	0.2778462585867281	9.062033626423272	2.2598459124067776	0.025620627113944187
0.43008	0.19219983423240009	0.26619599647999304	8.243208087132736	2.0871864551159858	0.02658568887862924
0.45056	0.18263415828999272	0.25508560126480334	7.504846097960659	1.929221882096064	0.027548515199385934
0.47104	0.17358680818229175	0.24448232765014083	6.838038120290226	1.7844898414810304	0.02850947686054972
0.49152000000000007	0.16502395175227477	0.23435731647240116	6.235060919670908	1.651715784235612	0.029468771276497174
0.512	0.15691421851363155	0.22468339001691087	5.689126589129051	1.5297631679513364	0.030426673038473653
0.5324800000000001	0.1492296038433445	0.21543642242634908	5.1943071190469405	1.417633649956492	0.03138331773364731
0.55296	0.14194397647895243	0.20659355449576872	4.7453555173511015	1.31443085091934	0.032338910753518045
0.5734400000000001	0.13503379596467197	0.1981342859565547	4.337655806442325	1.219361227598015	0.03329354491015191
0.59392	0.1284769554429243	0.19003906845100965	3.967095887055174	1.1317079568900053	0.034247376219818416
0.6144000000000001	0.12225338421774812	0.18229021331051376	3.6300403628651554	1.0508323071463577	0.035200467986924215
0.63488	0.11634413906407053	0.1748707698888236	3.3232317185009057	0.9761544685595785	0.03615294044706978
0.65536	0.11073190749573668	0.16776528156449283	3.0437739876510466	0.9071549756564617	0.03710483642264546
0.69632	0.10043402190974773	0.15454919967234962	2.5617950774617726	0.7852523778983306	0.03900576298973606
0.73728	0.0910952113864739	0.14237657692150216	2.158042949102591	0.6804669248704355	0.04090539696370506
0.77824	0.08263061126844326	0.13116805627279968	1.8200795056788936	0.5902935922668995	0.042804144744196124
0.8192	0.07496470686439426	0.12085434229358842	1.5371619403310623	0.5126416683387323	0.04470188768448855
0.86016	0.06802177937795598	0.11136357474408794	1.300049506054355	0.44568403526745104	0.046598976703603474
0.90112	0.06173294948894196	0.10262971600279666	1.1010774326059152	0.38787576640953697	0.04849535063663228
0.94208	0.056034636466489436	0.09459019682993518	0.9338757172752601	0.3378962675929028	0.05039128133502967
0.9830400000000001	0.05087046315457854	0.08718904412931226	0.7931937358311226	0.29463403446782965	0.052286705325909746
1.024	0.04618887037653398	0.08037385716546745	0.6746651142363571	0.25713850994106546	0.05418182576545119
1.0649600000000001	0.041944104941424934	0.07409769175096224	0.5746811655369563	0.22460628092505172	0.05607657951730237
1.10592	0.038094367416087564	0.06831670473398678	0.4902318950164949	0.19634817026427936	0.05797112030101191
1.1468800000000001	0.034602448522559656	0.06299146107191458	0.4188204974326362	0.171778980733895	0.05986538917620261
1.18784	0.03143435567029386	0.05808516780319579	0.35835859936898223	0.1503952067994194	0.06175950466815202
1.2288000000000001	0.028559749531926585	0.05356461959227583	0.30710787375419857	0.13176755866053394	0.06365341393787503
1.26976	0.025950917134505938	0.04939886511819539	0.2636122720200016	0.11552568952763397	0.06554720977182549
1.31072	0.023583068335179126	0.045559891162498554	0.22665511164160704	0.10135269314862412	0.06744084590195923
1.39264	0.019551720437896075	0.03886237579963669	0.1694065556386511	0.07843190066896041	0.07122647879642198
1.47456	0.0161955531077379	0.03312853264035012	0.12720265042646803	0.06076961549046289	0.07501199457453867
1.55648	0.01341164894926472	0.028232714380954555	0.09615574273226343	0.04715685705960009	0.07879767198432515
1.6384	0.011108233412302226	0.024061128730746277	0.07327344349089865	0.03665972204488187	0.08258305123288136
1.72032	0.009203170774407918	0.020508096448790335	0.05632953516936366	0.028550300832219107	0.08636844274285037
1.80224	0.007627802589979764	0.017482631896772897	0.04371575593247245	0.02227393266087905	0.09015359059985459
1.88416	0.006324652399955764	0.014905951467897187	0.03426774218901433	0.01740615161326468	0.09393872832287614
1.9660800000000003	0.005246541749205112	0.012711507797346906	0.0271456286708927	0.013623988248978598	0.097723683436367
2.048	0.004354248874858067	0.01084216624151213	0.021738697570064264	0.010679713772348887	0.1015086211134614
2.1299200000000003	0.0036155983437495542	0.009249692880931377	0.01760410792688967	0.00838390145851945	0.10529342145725551
2.21184	0.0030038820749928264	0.007892775082481403	0.014417203069076219	0.006590659590052473	0.10907820071481705
2.2937600000000002	0.0024971601527505045	0.0067364850121146595	0.011940601662315056	0.0051878550237003055	0.11286287483614367
2.37568	0.0020772315820841666	0.005750942454594269	0.009999199355196588	0.004088780833088351	0.1166475261285789
2.4576000000000002	0.0017291274320872753	0.004910853988824079	0.008463764881802232	0.003226485618237594	0.12043209544324525
2.53952	0.0014404334072459044	0.00419459880622804	0.007238135963599411	0.0025490093117579303	0.12421664139666888
2.62144	0.0012009278762536543	0.0035838540005982394	0.006250663855548879	0.00201606411869233	0.12800112224639873
2.78528	0.0008475558731214212	0.002644278353367833	0.004823311652744493	0.0012796454906460108	0.13556955338045779
2.94912	0.0005979549055552481	0.0019479410734755587	0.0038233315758730625	0.0008130802237740462	0.1431378940580899
3.11296	0.00042307335965795884	0.0014352321621121432	0.003106832761447656	0.0005178449527243814	0.15070628463372387
3.2768	0.00030091384623187227	0.0010589587182458016	0.002578875515455789	0.00033085961461153004	0.15827453535442132
3.44064	0.00021547207486199697	0.0007828664720592171	0.002178855929769441	0.00021209189651121894	0.16584276335174594
3.60448	0.0001555623911540666	0.0005801792989574743	0.0018681160817275327	0.00013641425233987917	0.1734108852889346
3.76832	0.00011340716613466723	0.00043122728375655244	0.0016215461801363878	8.8034262585482e-5	0.18097896959629392
3.9321600000000005	8.362353402461973e-5	0.0003216410050144213	0.0014221978213755497	5.700823693567934e-5	0.18854697435370638
4.096	6.247453303257505e-5	0.00024089824352848088	0.0012584396991926206	3.7049059919972735e-5	0.19611493881849928
4.2598400000000005	4.7369328043876284e-5	0.0001813115701781718	0.0011220647592577577	2.4170653909103722e-5	0.2036828416033319
4.42368	3.650555048672584e-5	0.00013725117076319337	0.0010071323273571973	1.5836064511288918e-5	0.2112507058271567
4.5875200000000005	2.8629194335358515e-5	0.00010459870095382332	0.0009092552415961538	1.0426176806186436e-5	0.2188185206851602
4.75136	2.2865006503036237e-5	8.033590009639035e-5	0.0008251272656013042	6.904129430990336e-6	0.2263863003131868
4.9152000000000005	1.8601336247386438e-5	6.225171724938065e-5	0.0007522169163122688	4.604153143462691e-6	0.2339540394070325
5.07904	1.5409289678981548e-5	4.872380655274944e-5	0.0006885553406745749	3.0974348724352636e-6	0.24152174697486953
5.24288	1.298740460494543e-5	3.856165884353394e-5	0.0006325922149617647	2.1070668927073245e-6	0.24908942058351885
5.57056	9.782725397792427e-6	2.561425067896517e-5	0.0005413181223974943	1.0531754469790733e-6	0.2642246341018552
5.89824	7.693135355196685e-6	1.775262818370892e-5	0.0004674957376586533	5.672648019312199e-7	0.27935974743426323
6.22592	6.2688703919603915e-6	1.2901304199081801e-5	0.0004070257036590281	3.4028302627618287e-7	0.29449478288328873
6.5536	5.2476950160866975e-6	9.819434108973864e-6	0.0003568207684719344	2.315457744476833e-7	0.3096297374363601
6.88128	4.4796452166079765e-6	7.78384802661534e-6	0.0003146232755961313	1.7729899517862796e-7	0.3247646270008071
7.20896	3.878434988858945e-6	6.378942633338957e-6	0.0002787777832562455	1.486165747686018e-7	0.33989945341568384
7.53664	3.3928339808438506e-6	5.364558197113006e-6	0.0002480508471429691	1.3223997178293569e-7	0.3550342270286273
7.864320000000001	2.9911154694257994e-6	4.600027274623426e-6	0.00022150784964794173	1.220018199579317e-7	0.3701689505267656
8.192	2.6527539178174065e-6	4.001520854431543e-6	0.0001984289753165343	1.1497624678804072e-7	0.385303631080447
8.519680000000001	2.3638572157894663e-6	3.5179206182285446e-6	0.00017825126186658325	1.0973774439927437e-7	0.4004382713251138
8.84736	2.1146301226786477e-6	3.1172153743337967e-6	0.00016052794216401487	1.055663726886911e-7	0.41557287647458124
9.175040000000001	1.8978995681585855e-6	2.778699374923023e-6	0.0001448995684460156	1.0208094312719138e-7	0.4307074488603144
9.50272	1.7082445356829782e-6	2.4885099397993765e-6	0.00013107320261078554	9.906749501386624e-8	0.4458419923978782
9.830400000000001	1.5414319422789356e-6	2.236985742649494e-6	0.00011880137162578084	9.639771373124434e-8	0.4609765090704071
10.15808	1.3941451598936208e-6	2.0172007885654778e-6	0.0001078955117733451	9.398929628281568e-8	0.47611100188362687
10.48576	1.263677594486852e-6	1.8239655450601847e-6	9.817875968192218e-5	9.17861015274185e-8	0.4912454724906504
11.14112	1.0511160811938083e-6	1.511327673292697e-6	8.226998375707406e-5	8.788224542031349e-8	0.5215143340522699
11.79648	8.805249369453413e-7	1.2617903327270016e-6	6.941467546957223e-5	8.440977784824177e-8	0.5517831293575972
12.45184	7.431700976656326e-7	1.061692420536094e-6	5.900376645483355e-5	8.124903926149053e-8	0.5820518707206547
13.1072	6.320985131380556e-7	9.003864878769011e-7	5.0546585427254946e-5	7.83221610442336e-8	0.6123205638705134
13.76256	5.419482200642399e-7	7.697588653628506e-7	4.3659285288057944e-5	7.55773608608134e-8	0.6425892169511723
14.41792	4.685592846661196e-7	6.635936580298141e-7	3.803719742876085e-5	7.29796790072427e-8	0.6728578339145997
15.07328	4.086584408542831e-7	5.770518220218107e-7	3.343707424475868e-5	7.050514797059727e-8	0.7031264201839117
15.728640000000002	3.596436774734509e-7	5.063154424991594e-7	2.966383502377284e-5	6.813705180294493e-8	0.7333949784252347
16.384	3.194329445491152e-7	4.4834457461589886e-7	2.6560514617231434e-5	6.586348936082191e-8	0.7636635123107982
17.039360000000002	2.863530756710918e-7	4.007038884096651e-7	2.4000515353058792e-5	6.367577378883655e-8	0.7939320236307095
17.69472	2.590555997468564e-7	3.614345763720631e-7	2.188155434700593e-5	6.156737523074462e-8	0.8242005149150899
18.350080000000002	2.3645154086973523e-7	3.289568224402182e-7	2.0120888241103696e-5	5.953322071013716e-8	0.8544689873682395
19.00544	2.1766022243093012e-7	3.019941090344547e-7	1.8651517165647717e-5	5.756922900414523e-8	0.8847374427650292
19.660800000000002	2.0196867816308195e-7	2.7951362579233427e-7	1.7419150662359193e-5	5.567200144152259e-8	0.9150058819246347
20.31616	1.8879926599927894e-7	2.606789491618023e-7	1.6379772648350885e-5	5.3838615632593735e-8	0.9452743061204145
20.97152	1.7768370467060184e-7	2.4481221815337043e-7	1.5497681507737905e-5	5.206648784231671e-8	0.9755427159180492
22.28224	1.60918854524044e-7	2.2094422713347137e-7	1.4154759881318303e-5	4.872027500177023e-8	1.0360794787455676
23.59296	1.4820762119953373e-7	2.0294750861413297e-7	1.3121702861773054e-5	4.559051231730515e-8	1.0966161916216415
24.90368	1.3826815658122375e-7	1.8896036439347962e-7	1.2301637587405142e-5	4.2662265317487666e-8	1.1571528599560832
26.2144	1.3025011322471184e-7	1.777413883559058e-7	1.1630340819531612e-5	3.992231938479515e-8	1.2176894847118065
27.52512	1.235797299770882e-7	1.6845749191117218e-7	1.106405416957353e-5	3.7358454044012575e-8	1.2782260692215135
28.83584	1.1786680946760535e-7	1.605444484805982e-7	1.0572899748424477e-5	3.4959299623334916e-8	1.3387626142807045
30.14656	1.1284487275532234e-7	1.536176619182645e-7	1.0136436016313467e-5	3.271424807386214e-8	1.3992991222905546
31.457280000000004	1.0833138991384377e-7	1.4741395175673554e-7	9.740639274698195e-6	3.0613387909061896e-8	1.459835594032768
32.768	1.0420091353926969e-7	1.4175258314116925e-7	9.375852803029928e-6	2.8647451538026887e-8	1.520372031363812
34.078720000000004	1.0036684513710894e-7	1.3650890393331115e-7	9.035393137834848e-6	2.6807770254348066e-8	1.5809084350884584
35.38944	9.67690454558231e-8	1.3159644956478796e-7	8.714602670879928e-6	2.5086233873355064e-8	1.6414448067239085
36.700160000000004	9.336541204652605e-8	1.2695478197938983e-7	8.41020549513554e-6	2.3475254022933038e-8	1.7019811470941637
38.01088	9.012615207862241e-8	1.225412213154532e-7	8.11986931558912e-6	2.196773013853619e-8	1.7625174574907816
39.321600000000004	8.70298867854694e-8	1.183252223244417e-7	7.84190742354085e-6	2.0557017941846257e-8	1.8230537387418604
40.63232	8.406100092336664e-8	1.1428454835512388e-7	7.575075880719749e-6	1.923689999184126e-8	1.8835899919789716
41.94304	8.120783863885184e-8	1.104026673079661e-7	7.31843544109025e-6	1.8001558229822107e-8	1.9441262180191141
44.56448	7.589389487560286e-8	1.0317476759228796e-7	6.839999114275024e-6	1.5794879550648954e-8	2.065198567444047
47.18592	7.094489472020712e-8	9.644512693184771e-8	6.394226974925554e-6	1.3859358921863532e-8	2.186270819506187
49.80736	6.632707278410443e-8	9.016664492077506e-8	5.978164535490899e-6	1.2161035244225913e-8	2.307342981616792
52.4288	6.201446059476457e-8	8.430351778212392e-8	5.589539008046189e-6	1.0670827016198818e-8	2.428415059151185
55.05024	5.798489827502905e-8	7.882540280577211e-8	5.226387352429105e-6	9.363230999373778e-9	2.549487057864345
57.67168	5.4218741743048156e-8	7.370548832293828e-8	4.886956640250633e-6	8.215869379365914e-9	2.6705589826304523
60.29312	5.069818581002693e-8	6.891951415388325e-8	4.5696512978654655e-6	7.209106565088994e-9	2.7916308383917516
62.91456000000001	4.74068811672147e-8	6.444522537347213e-8	4.2730026461591914e-6	6.325713185880616e-9	2.912702629495267
65.536	4.432970269090578e-8	6.026204476894826e-8	3.995650089177433e-6	5.550571228550882e-9	3.033774360222427
68.15744000000001	4.145259783887201e-8	5.6350860315686024e-8	3.7363285181430897e-6	4.870415308020126e-9	3.154846034412445
70.77888	3.876247857699422e-8	5.269387493584752e-8	3.4938591240998665e-6	4.2736056347308844e-9	3.2759176557915493
73.40032000000001	3.6247137886859736e-8	4.927449126431936e-8	3.2671421616582975e-6	3.7499288062286395e-9	3.3969892277332483
76.02176	3.3895180939515086e-8	4.6077217174577364e-8	3.055150897799346e-6	3.2904230086404003e-9	3.5180607534886845
78.64320000000001	3.169596566907829e-8	4.3087584507917095e-8	2.8569263371112597e-6	2.887224640472482e-9	3.6391322360142153
81.26464	2.9639549884323865e-8	4.0292076913043534e-8	2.6715724991689126e-6	2.5334337313572755e-9	3.760203678150325
83.88608	2.7716643307813637e-8	3.76780645008302e-8	2.4982521205449503e-6	2.222995853902825e-9	3.8812750824841125
89.12896	2.4328285345598144e-8	3.3072092605166636e-8	2.1927931993503476e-6	1.7243758410469824e-9	4.123417754518556
94.37184	2.1355899696463418e-8	2.9031406271985483e-8	1.9248836396373754e-6	1.3378541352791373e-9	4.36556030507221
99.61472	1.874686016113518e-8	2.5484646577529188e-8	1.6897230034067463e-6	1.0379779684963025e-9	4.6077027500931
104.8576	1.645667222047088e-8	2.2371339757105548e-8	1.4833009474409687e-6	8.053190860312132e-10	4.849845102153733
110.10048	1.4446340749262166e-8	1.963847430877299e-8	1.3021030134738578e-6	6.248104555792489e-10	5.091987372943228
115.34336	1.2681648840880162e-8	1.7239534776558586e-8	1.1430452250443336e-6	4.847625084508858e-10	5.334129572098832
120.58624	1.1132568204295058e-8	1.5133700017322355e-8	1.0034210990687346e-6	3.761059449283163e-10	5.576271708660548
125.82912000000002	9.772744924000674e-9	1.3285143995660358e-8	8.808553145615322e-7	2.918043820255842e-10	5.818413790021133
131.072	8.57904886864049e-9	1.1662423202283025e-8	7.732631062503671e-7	2.2639866232499723e-10	6.060555823176089
136.31488000000002	7.531178648805531e-9	1.0237939604552098e-8	6.78814662645114e-7	1.7565331002616085e-10	6.302697813792527
141.55776	6.611315179338532e-9	8.98746967867553e-9	5.959039035331403e-7	1.3628223672406582e-10	6.544839767287074
146.80064000000002	5.803817807451014e-9	7.889751311385038e-9	5.231210931485206e-7	1.0573593237428387e-10	6.786981688000763
152.04352	5.094957734656015e-9	6.926121402811322e-9	4.5922881409422315e-7	8.203635882620915e-11	7.029123580130403
157.28640000000001	4.472684129333491e-9	6.080197911673943e-9	4.031408873549252e-7	6.364885300474405e-11	7.271265446998428
162.52928	3.926418900568949e-9	5.337600864658862e-9	3.539038753208112e-7	4.938274364305298e-11	7.513407291858875
167.77216	3.4468766086476904e-9	4.685707537950756e-9	3.106808502572314e-7	3.831424523448914e-11	7.7555491172521105
178.25792	2.691893111234701e-9	3.6594364326597607e-9	2.426195448495001e-7	2.3682315963574958e-11	8.239832698393494
188.74368	2.1029909736628103e-9	2.858866459164274e-9	1.8954229476670696e-7	1.4649517337335222e-11	8.72411622816976
199.22944	1.642948900669037e-9	2.2334716750690653e-9	1.4807882199880746e-7	9.062190167476864e-12	9.208399719876768
209.7152	1.2835488412336828e-9	1.7448928574600132e-9	1.156861491043931e-7	5.605887475426024e-12	9.69268318060223
220.20096	1.0027717065824766e-9	1.3631963562343654e-9	9.037974193916473e-8	3.4678209080145196e-12	10.176966618364485
230.68672	7.83416925906368e-10	1.0649991878560116e-9	7.060931983003931e-8	2.145211009073521e-12	10.66125003722352
241.17248	6.120472326382529e-10	8.320343348463755e-10	5.516378574750484e-8	1.3270413131499823e-12	11.145533442270374
251.65824000000003	4.781651904154089e-10	6.500312742672126e-10	4.309700830304157e-8	8.209183013485998e-13	11.629816835784252
262.144	3.7356995373675064e-10	5.078415376341723e-10	3.36698470100263e-8	5.078278292100841e-13	12.11410022102453
272.62976000000003	2.9185479076256464e-10	3.967556278271388e-10	2.630486429470762e-8	3.14147867579026e-13	12.598383599229136
283.11552	2.2801455609344762e-10	3.0996940562858375e-10	2.0550947195172812e-8	1.9433579047950033e-13	13.082666972504645
293.60128000000003	1.7813905130430242e-10	2.4216723478185e-10	1.605567006868505e-8	1.2021883566048027e-13	13.56695034148859
304.08704	1.3917347727951217e-10	1.8919633375621813e-10	1.2543704239598677e-8	7.43692307921327e-14	14.051233707557055
314.57280000000003	1.0873129762391535e-10	1.478123767217995e-10	9.799951434677269e-9	4.6006066453295846e-14	14.5355170710082
325.05856	8.494804448958282e-11	1.1548075289922362e-10	7.656367338165255e-9	2.8460200170167314e-14	15.019800432751552
335.54432	6.636710880556112e-11	9.022130645680021e-11	5.981667891302605e-9	1.7606045812104426e-14	15.504083792898987
356.51584	4.22854722817624e-11	5.7485971466592784e-11	3.81081730852211e-9	7.339488262220024e-15	16.472650503515503
377.48736	2.6981006758300562e-11	3.667992870431124e-11	2.4315735867388352e-9	3.0691270648127457e-15	17.44121721102527
398.45888	1.7216765517477005e-11	2.3405708562609886e-11	1.551604557663944e-9	1.2835470363759092e-15	18.409783918724326
419.4304	1.0986176953565114e-11	1.4935398360403958e-11	9.90093223059636e-10	5.367979272619166e-16	19.378350625266297
440.40192	7.010391045053202e-12	9.530429241644239e-12	6.317885514639562e-10	2.2449699071190106e-16	20.346917332310134
461.37344	4.4734079950284665e-12	6.081472170987328e-12	4.0315126494206194e-10	9.38881825607258e-17	21.315484038892407
482.34496	2.8545351637762845e-12	3.88066012727984e-12	2.572556507700133e-10	3.9265591833179975e-17	22.28405074593706
503.31648000000007	1.821515683290955e-12	2.476299233394446e-12	1.6415814984910303e-10	1.6421553737187618e-17	23.252617452799583
524.288	1.1623343232019624e-12	1.5801607435144014e-12	1.0475158517854509e-10	6.867794258483774e-18	24.221184160007855
545.2595200000001	7.417026605641126e-13	1.0083238512539348e-12	6.684353123679967e-11	2.8722436307912352e-18	25.18975086714552
566.23104	4.73292075348802e-13	6.4342722656491e-13	4.2653903992012835e-11	1.2012302705422797e-18	26.158317574520094
587.2025600000001	3.0201550897477493e-13	4.105815638231297e-13	2.7218162659243768e-11	5.023799228394277e-19	27.126884281868083
608.17408	1.9272136684301388e-13	2.61999259992487e-13	1.7368384791036075e-11	2.10106413412211e-19	28.095450989371194
629.1456000000001	1.229790379844174e-13	1.671865312891633e-13	1.108308492637097e-11	8.787136635813946e-20	29.0640176968648
650.11712	7.847528634954128e-14	1.0668493662589192e-13	7.072329445882516e-12	3.6749927593794404e-20	30.032584404457385
671.08864	5.007665494980504e-14	6.80777986645006e-14	4.512995375292379e-12	1.5369743965219327e-20	31.001151112046905
713.03168	2.2994727677734993e-14	3.1262818900284846e-14	2.0719121841164664e-12	3.416231208736963e-21	32.93828452672219
754.97472	1.0623047971670105e-14	1.4442666187457616e-14	9.571918404106062e-13	7.688943012077151e-22	34.875417941380505
796.91776	4.90914798921428e-15	6.674275105034268e-15	4.4234029676758055e-13	1.7315914625706617e-22	36.812551356327894
838.8608	2.268650521721237e-15	3.0843636856092866e-15	2.044174504606626e-13	3.899706388278678e-23	38.74968477128061
880.80384	1.0484012587748704e-15	1.4253631427527692e-15	9.446651129817317e-14	8.782438410002049e-24	40.6868181863518
922.74688	4.84491423280871e-16	6.586945823635407e-16	4.3655243599122634e-14	1.977859526947431e-24	42.62395160142541
964.68992	2.238945939095557e-16	3.043978717126993e-16	2.0174088079450902e-14	4.454239711843085e-25	44.561085016547366
1006.6329600000001	1.0346663390129768e-16	1.4066897725512598e-16	9.32289108406938e-15	1.003113436841777e-25	46.49821843167035
1048.576	4.781414505965018e-17	6.500614453600355e-17	4.308307286673707e-15	2.2590465041235185e-26	48.43535184681307
1090.5190400000001	2.209591268491385e-17	3.004069415966017e-17	1.9909585076481258e-15	5.0874387957796935e-27	50.37248526195622
1132.46208	1.021097132752695e-17	1.3882416808089594e-17	9.200624558200585e-16	1.1457036800472588e-27	52.30961867710738
1174.4051200000001	4.718693795814209e-18	6.4153421406576245e-18	4.2517922655398437e-16	2.580148155545924e-28	54.24675209225873
1216.34816	2.1806010271559004e-18	2.9646555568170995e-18	1.9648366170776104e-16	5.810537537425309e-29	56.18388550741334
1258.2912000000001	1.0076978737827806e-18	1.370024634905022e-18	9.079889489008201e-17	1.3085411593296525e-29	58.12101892256804
1300.23424	4.656763814092529e-19	6.331144842398705e-19	4.1959897837839755e-17	2.946849318512187e-30	60.05815233772407
1342.17728	2.1519780578224335e-19	2.9257410155233666e-19	1.9390456769504368e-17	6.636330056796518e-31	61.99528575288015
1426.06336	6.059915420681835e-20	8.239951942971099e-20	5.458097387353455e-18	5.839890452487417e-32	65.869552583191
1509.94944	1.7503364496573297e-20	2.379986752447808e-20	1.5765769992500113e-18	5.4113984329006006e-33	69.74381941350181
1593.83552	5.06615507348979e-21	6.888594400529373e-21	4.5632494060844235e-19	5.034823281127382e-34	73.61808624381364
1677.7216	1.466574553676914e-21	1.9941427522464592e-21	1.3209913577550218e-19	4.685893863294822e-35	77.49235307412549
1761.60768	4.245547000846707e-22	5.772789960141457e-22	3.8241020776812604e-20	4.36122132317164e-36	81.36661990443757
1845.49376	1.2290298447330355e-22	1.671146549741629e-22	1.1070270675032145e-20	4.059030721029535e-37	85.24088673474967
1929.37984	3.557872363762338e-23	4.837739462982303e-23	3.204691018060373e-21	3.7777644600864417e-38	89.11515356506179
2013.2659200000003	1.0299534355707788e-23	1.4004567656134635e-23	9.277124377386987e-22	3.5159768511174035e-39	92.98942039537393
2097.152	2.9815644611997345e-24	4.0541174104040785e-24	2.6855916749422808e-22	3.2723211386720046e-40	96.86368722568608
2181.0380800000003	8.6311818324108e-25	1.1736061807760795e-24	7.77438485240177e-23	3.0455430068093725e-41	100.73795405599822
2264.92416	2.498594770604948e-25	3.3974099302156035e-25	2.2505651400343801e-23	2.8344745283536405e-42	104.61222088631037
2348.8102400000002	7.233040940951715e-26	9.834970268592562e-26	6.515033843239744e-24	2.6380283534188048e-43	108.48648771662252
2432.69632	2.0938500992837235e-26	2.847067197806795e-26	1.8859984516842407e-24	2.455192220948259e-44	112.36075454693469
2516.5824000000002	6.061356723214123e-27	8.241798211884064e-27	5.45965979376461e-25	2.285023822760908e-45	116.23502137724685
2600.46848	1.7546629961076112e-27	2.385864928657194e-27	1.5804816140533818e-25	2.1266459983715896e-46	120.10928820755902
2684.35456	5.079456299230175e-28	6.906680504045422e-28	4.5752302211119535e-26	1.9792422525980334e-47	123.98355503787108
2852.12672	6.857718226474844e-29	9.32702079176934e-29	6.1722545221693406e-27	4.421435723812534e-49	131.73208869849532
3019.89888	1.0336706893146393e-29	1.4058452787771627e-29	9.304259001242074e-28	1.2330732600843714e-50	139.48062235911954
3187.67104	1.586515680442085e-30	2.1577287899123147e-30	1.4280776314721714e-28	3.5651453951296975e-52	147.22915601974378
3355.4432	2.4417070922113266e-31	3.3208232907504104e-31	2.1978699212492804e-29	1.036396346970043e-53	154.977689680368
3523.21536	3.759403830326004e-32	5.112945349895478e-32	3.383978004852779e-30	3.015263430655441e-55	162.72622334099225
3690.98752	5.78855575707577e-33	7.872676191256626e-33	5.210492648434629e-31	8.773564486580424e-57	170.47475700161647
3858.75968	8.913021880683595e-34	1.2122079891097216e-33	8.022939858930013e-32	2.552900422336756e-58	178.22329066224071
4026.5318400000006	1.372397601066462e-34	1.8665177366391354e-34	1.2353457047815344e-32	7.428346072902708e-60	185.97182432286493
4194.304	2.1131712550092386e-35	2.874000682968884e-35	1.9021433757514298e-33	2.16147351343376e-61	193.72035798348918
4362.0761600000005	3.2537873256092596e-36	4.425285932559401e-36	2.928853936030762e-34	6.289370215211476e-63	201.46889164411343
4529.84832	5.010065151320479e-37	6.813896756283894e-37	4.5097443199607807e-35	1.8300539259036103e-64	209.21742530473765
4697.6204800000005	7.71431465903457e-38	1.049178846794581e-37	6.943938929089247e-36	5.325006568990751e-66	216.9659589653619
4865.39264	1.1878213120985965e-38	1.6154863427741014e-38	1.0692017315478343e-36	1.549444363675504e-67	224.7144926259861
5033.1648000000005	1.82896201443885e-39	2.487464345333165e-39	1.6463160917253643e-37	4.508493460846946e-69	232.46302628661036
5200.93696	2.816164928087926e-40	3.830101340661624e-40	2.5349337900726515e-38	1.3118571830650275e-70	240.21155994723458
5368.70912	4.336220212685726e-41	5.897439711368358e-41	3.90319152515697e-39	3.817168756424e-72	247.96009360785885
5704.25344	9.299624526866591e-43	1.2637044817552543e-42	8.387531935379904e-41	2.608579556939377e-75	263.4571609291074
6039.79776	1.286032033660654e-44	1.7462417582475415e-44	1.1617709893533065e-42	7.402840810527949e-79	278.95422825035587
6375.34208	-3.587808592663025e-46	-4.8888186153044475e-46	-3.213924389994468e-44	8.380008285813775e-82	294.45129557160436
6710.8864	-5.276467325428581e-47	-7.18039627694909e-47	-4.741995033333982e-45	2.6984286971642484e-83	309.94836289285286
7046.43072	-4.120479248571619e-48	-5.606244650433267e-48	-3.704804978169757e-46	2.4363241857742999e-85	325.44543021410135
7381.97504	-2.8175601011487473e-49	-3.8332991758479105e-49	-2.5336784739812325e-47	1.6854776311451995e-87	340.9424975353499
7717.51936	-1.843758743696279e-50	-2.5083877084971974e-50	-1.658075611376357e-48	1.0676877720511494e-89	356.43956485659845
8053.063680000001	-1.1869218429101851e-51	-1.6147647443964318e-51	-1.0674087908210636e-49	6.5450470557634e-92	371.93663217784695
8388.608	-7.592386342644048e-53	-1.0329138176896695e-52	-6.827948806894791e-51	3.961387731312093e-94	387.4336994990955
8724.152320000001	-4.844455637132537e-54	-6.590680169920747e-54	-4.3567059518349375e-52	2.38560729617747e-96	402.930766820344
9059.69664	-3.088013561569631e-55	-4.2011118109489405e-55	-2.777109376425843e-53	1.4337850336242581e-98	418.4278341415925
9395.240960000001	-1.967620379510746e-56	-2.676863764872187e-56	-1.7695193037381348e-54	8.610419275863278e-101	433.92490146284104
9730.78528	-1.2535303588988821e-57	-1.705374558752008e-57	-1.1273244629773903e-55	5.1692456329423e-103	449.42196878408953
10066.329600000001	-7.985480628347967e-59	-1.0863905280496173e-58	-7.181500050997687e-57	3.102953443946739e-105	464.9190361053381
10401.87392	-5.086936923337905e-60	-6.920560302580894e-60	-4.574782728211081e-58	1.8625223213392122e-107	480.4161034265866
10737.41824	-3.240464603582158e-61	-4.4085135965303364e-61	-2.914213778185186e-59	1.1179412262368053e-109	495.91317074783507
11408.50688	3.4927239863014427e-62	4.769345725648768e-62	3.108878811068657e-60	2.623853435216067e-111	526.907305390332
12079.59552	1.582937592676618e-63	2.1564907387526992e-63	1.4182602944293887e-61	1.123947582851732e-113	557.901440032829
12750.68416	4.1700949387175915e-65	5.674327841485343e-65	3.747665469168112e-63	1.6152139190652662e-116	588.895574675326
13421.7728	6.916169176647611e-67	9.396692045661751e-67	6.2409404992784676e-65	9.218957865920781e-120	619.8897093178228
14092.86144	1.9891005351777122e-69	2.6496917765748254e-69	1.8889290404906807e-67	1.7381463267336285e-124	650.8838439603197
14763.95008	-3.450834674780692e-70	-4.7095913479494745e-70	-3.0764180267237185e-68	9.4889693510962e-126	681.8779786028166
15435.03872	-1.4980758898304667e-71	-2.040540505419803e-71	-1.3426307203046198e-69	3.7197590550557964e-128	712.8721132453135
16106.127360000002	-3.856035640046181e-73	-5.246699305937941e-73	-3.465952221452404e-71	5.101760817412977e-131	743.8662478878105
16777.216	-6.183284184712324e-75	-8.399824514269828e-75	-5.581686237927508e-73	2.7231971982385967e-134	774.8603825303073
17448.304640000002	-9.940318819898305e-78	-1.298949188195956e-77	-9.888310694341874e-76	1.7589996779325665e-139	805.8545171728043
18119.39328	3.397878243771672e-78	4.636428008332669e-78	3.030793579616455e-76	3.4010073518065168e-140	836.8486518153012
18790.481920000002	1.415899267880522e-79	1.928481095901521e-79	1.2692052771786655e-77	1.2275293727012604e-142	867.8427864577982
19461.57056	3.5608526125275067e-81	4.8447593002932765e-81	3.2011650751284197e-79	1.6071543777191658e-145	898.8369211002951
20132.659200000002	5.51050338162492e-83	7.484720478139107e-83	4.976409044844853e-81	7.993682561369352e-149	929.831055742792
20803.74784	1.2265251872438483e-86	1.1639948720996127e-86	2.001038935083302e-84	2.660107179226532e-155	960.8251903852889
21474.83648	-3.332501975901806e-86	-4.546434000598709e-86	-2.973882021079705e-84	1.209229765578091e-154	991.8193250277859
22817.01376	-1.0034565130809841e-86	-1.37754655417727e-86	-8.79192404244343e-85	3.759915380018112e-155	1053.8075943127797
24159.19104	-1.4828719008965542e-88	-2.0235671313358878e-88	-1.3225652342818337e-86	3.0029290037488747e-158	1115.7958635977732
25501.36832	-4.7972086946624357e-91	-6.396959588988842e-91	-4.5334269390189426e-89	1.2448448606272632e-162	1177.784132882767
26843.5456	1.9767811399894253e-92	2.7187112480834692e-92	1.7250272641429854e-90	6.359142770640502e-165	1239.7724021677607
28185.72288	3.9803913001481517e-94	5.437439622799214e-94	3.53715487039259e-92	9.433202973255314e-168	1301.7606714527544
29527.90016	2.595940498744378e-96	3.5127749507120797e-96	2.3649687567343762e-94	1.487805678268168e-171	1363.7489407377482
30870.07744	-3.2623642289874226e-98	-4.508948020363956e-98	-2.8080514848832903e-96	7.400309718723746e-175	1425.7372100227417
32212.254720000004	-9.89072635540078e-100	-1.3531826652240078e-99	-8.753702456198436e-98	2.537275888316239e-177	1487.7254793077352
33554.432	-9.487704472862972e-102	-1.2896474029922506e-101	-8.542983681136784e-100	8.526045620903622e-181	1549.713748592729
34896.609280000004	3.3485188411257384e-104	4.712761230732519e-104	2.7348982523664294e-102	3.082870012945358e-185	1611.7020178777227
36238.78656	2.2715540431536035e-105	3.1129343088405766e-105	2.0014726599732413e-103	5.825276676745124e-187	1673.6902871627162
37580.963840000004	2.942030434523715e-107	4.0089300231267575e-107	2.6319098431007475e-105	3.5538870204751125e-190	1735.67855644771
38923.14112	4.2632836157711197e-110	5.484836629376296e-110	4.3779916812200835e-108	3.4694116468026385e-195	1797.6668257327035
40265.318400000004	-4.7493006552560095e-111	-6.5224235095229564e-111	-4.1603032189042917e-109	1.1053512458692751e-196	1859.655095017697
41607.49568	-8.22521246989574e-113	-1.1227895947303836e-112	-7.32361576988816e-111	1.2084976357777024e-199	1921.6433643026908
42949.67296	-4.1406194234524575e-115	-5.579731381269429e-115	-3.8127117090093504e-113	1.1555985985097635e-203	1983.6316335876845
45634.02752	1.6444209595043663e-115	2.3111915369121993e-115	1.3461664298912102e-113	1.1656136283605747e-203	2107.608172157672
48318.38208	8.346761183982272e-118	1.1454583303646382e-117	7.337960625642061e-116	2.7128439959669853e-207	2231.58471072766
51002.73664	-2.3552030910177572e-120	-3.435418537704064e-120	-1.7519100266526635e-118	1.2085869186294849e-211	2355.5612492976475
53687.0912	-4.7541104311624784e-122	-6.607206140000579e-122	-4.029789067461364e-120	4.997323836836023e-214	2479.537787867635
56371.44576	-1.5496150552724272e-124	-2.0881460651863657e-124	-1.4130688640320702e-122	4.801910216835852e-218	2603.514326437623
59055.80032	1.1765144831754437e-126	1.6683730427188382e-126	9.44860269218464e-125	1.6777869273332716e-221	2727.490865007611
61740.15488	1.2818895290963942e-128	1.771889637740034e-128	1.1004620945422302e-126	1.7785498364507066e-224	2851.4674035775984
64424.50944000001	1.8839669290030857e-131	2.4274314901302135e-131	1.891747925505635e-129	4.107301909456091e-229	2975.4439421475863
67108.864	-4.399963470516548e-133	-6.176289443514646e-133	-3.630651231370682e-131	1.1822610679742272e-231	3099.420480717574
69793.21856000001	-3.1440573563456995e-135	-4.321851282779558e-135	-2.736519644198033e-133	5.248747688182514e-235	3223.3970192875613
72477.57312	1.7663718354405197e-138	2.968161862610435e-138	6.982582464980425e-137	2.6705759526554097e-241	3347.373557857549
75161.92768000001	1.4202239182877931e-139	1.9810968551991474e-139	1.1913216997092972e-137	6.074983783538341e-242	3471.3500964275363
77846.28224	6.838972646853532e-142	9.327171811609372e-142	6.067094833132027e-140	1.2312969839962696e-245	3595.326634997524
80530.63680000001	-2.3373614230599211e-144	-3.3739781100581194e-144	-1.78421953098265e-142	8.321700053929099e-250	3719.3031735675117
83214.99136	-4.132239205985e-146	-5.735098500069755e-146	-3.5113523642799626e-144	2.518712149760277e-252	3843.2797121374992
85899.34592	-1.2208787093809469e-148	-1.6396342797913524e-148	-1.122599168967154e-146	2.0118397032644333e-256	3967.2562507074867
91268.05504	1.206984531926651e-149	1.885603027785159e-149	7.184041910470005e-148	2.1919028899705596e-257	4215.209327847462
96636.76416	1.4277845142166817e-152	2.00475791284999e-152	1.196473876883165e-150	1.4104033109190407e-261	4463.162404987438
102005.47328	-5.660147237009795e-155	-9.247543824983919e-155	-3.3005416680026374e-153	2.447955457452158e-265	4711.115482127413
107374.1824	-1.825957501085149e-157	-2.6434213473958476e-157	-1.3917586287061021e-155	9.907996811156876e-269	4959.068559267389
112742.89152	1.0945918305060525e-160	2.2684749810102394e-160	2.135779274338196e-159	5.309982121128239e-275	5207.021636407364
118111.60064	1.484215514226223e-162	2.2161539503519728e-162	1.048821121369869e-160	2.914025853828861e-276	5454.974713547339
123480.30976	1.568036057875898e-165	1.9093763807298413e-165	1.4972790983667366e-163	1.3514652429890947e-280	5702.927790687314
128849.01888000002	-8.316994908873128e-168	-1.2981210076003154e-167	-5.2904193038426065e-166	3.8396194598410186e-284	5950.88086782729
134217.728	-2.4593244916464797e-170	-3.45492107727912e-170	-1.9259785268855026e-168	1.1580291604847142e-287	6198.833944967265
139586.43712000002	2.1833528808342608e-173	3.979737794538894e-173	8.233660571917808e-172	4.8162735909613975e-293	6446.787022107241
144955.14624	2.1388176268221985e-175	3.151001935799682e-175	1.5346196567710411e-173	3.8074600907537994e-295	6694.740099247216
150323.85536000002	1.7797601815244353e-178	2.0743493405462393e-178	1.8181638727556888e-176	1.2162098331213637e-299	6942.693176387191
155692.56448	-1.2797254550099056e-180	-1.9722818999750856e-180	-8.328180348138031e-179	5.806993247598739e-303	7190.646253527166
161061.27360000001	-3.3154358179876867e-183	-4.62433668678144e-183	-2.638825713722726e-181	1.3267255997338936e-306	7438.599330667141
166429.98272	4.109293040063438e-186	7.099533494073341e-186	1.9156377008902694e-184	1.5910911557133e-311	7686.552407807116
171798.69184	3.066063971589542e-188	4.492729221605803e-188	2.2267397223572226e-186	4.892331079e-314	7934.505484947091
182536.11008	3.693147348522975e-189	6.595107088697384e-189	6.414859712773002e-188	9.367318264e-315	8430.41163922704
193273.52832	3.0089854848664656e-193	4.943332380500377e-193	2.021206094489309e-191	1.20246e-319	8926.31779350699
204010.94656	-3.744617588562621e-195	-8.598779697310094e-195	-3.9010225281729276e-194	4.4e-323	9422.22394778694
214748.3648	-7.2710617196575375e-199	-1.386616981943949e-198	-3.2293239917525153e-197	0.0	9918.13010206689
225485.78304	3.5918668112395836e-201	1.0756909310571997e-200	2.2060359829281818e-200	0.0	10414.036256346842
236223.20128	1.1636444894902193e-204	2.621074177560056e-204	3.7797083148003105e-203	0.0	10909.942410626792
246960.61952	-3.256207547575063e-207	-1.309486160132134e-206	-5.095095142213913e-207	0.0	11405.848564906742
257698.03776000004	-1.5277432990383323e-210	-4.174489826635373e-210	-3.6247653864529994e-209	0.0	11901.754719186692
268435.456	2.7835164949079707e-213	1.567772901364055e-212	-9.64836206370914e-213	0.0	12397.660873466642
279172.87424000003	1.7618783854885956e-216	6.042596419667012e-216	2.905237779472382e-215	0.0	12893.567027746592
289910.29248	-2.2380380877254038e-219	-1.8613941987371728e-218	2.0177998737762404e-218	0.0	13389.473182026542
300647.71072000003	-1.840106256949956e-222	-8.256979528271527e-222	-1.8388140808519015e-221	0.0	13885.379336306494
311385.12896	1.6884144914371957e-225	2.2048112441821956e-224	-2.552377871689123e-224	0.0	14381.285490586446
322122.54720000003	1.7668654438042298e-228	1.08964872040547e-227	6.619514505015321e-228	0.0	14877.191644866396
332859.96544	-1.1952739462161118e-231	-2.6152200821286043e-230	2.573683844371166e-230	0.0	15373.097799146348
343597.38368	-1.5708947395177365e-234	-1.4094502832839122e-233	4.129981397148704e-234	0.0	15869.003953426298
365072.22016	-7.941856842231926e-235	-6.644373722941954e-234	2.1820282647302487e-235	0.0	16860.816261986198
386547.05664	-8.631565507719004e-240	-1.016726092218686e-238	3.917382219181788e-239	0.0	17852.628570546098
408021.89312	3.574905726749638e-241	4.051084384558203e-240	-4.116426327596159e-242	0.0	18844.440879105998
429496.7296	8.220106623681113e-246	1.2953008095062882e-244	-6.911152869475597e-246	0.0	19836.253187665898
450971.56608	-1.6104568267908892e-247	-2.4691638847462917e-246	1.9493378923447606e-249	0.0	20828.0654962258
472446.40256	-5.688634719748985e-252	-1.2022728142446136e-250	3.163471747253e-253	0.0	21819.8778047857
493921.23904	7.253405732327877e-254	1.5043000631061996e-252	-6.914417114165907e-258	0.0	22811.6901133456
515396.0755200001	3.459508984871272e-258	9.845295614890075e-257	1.882097580859454e-260	0.0	23803.5024219055
536870.912	-3.265789725454579e-260	-9.160509714859131e-259	-2.423631861321693e-264	0.0	24795.3147304654
558345.7484800001	-1.9625173672511526e-264	-7.535086449182423e-263	-3.3086338873058627e-267	0.0	25787.1270390253
579820.58496	1.4698959003297633e-266	5.575767543478794e-265	-4.539269115183738e-272	0.0	26778.939347585205
601295.4214400001	1.0660731757926117e-270	5.52741371412136e-269	1.70889003216424e-274	0.0	27770.751656145105
622770.25792	-6.613585082773714e-273	-3.3922562155522216e-271	8.128077895194675e-279	0.0	28762.56396470501
644245.0944000001	-5.621954540869114e-277	-3.938187115480083e-275	3.8137062108016686e-283	0.0	29754.37627326491
665719.93088	2.9746694905663014e-279	2.062863567928093e-277	1.0494325276279006e-285	0.0	30746.18858182481
687194.76736	2.9014674069641585e-283	2.746794092172793e-281	-5.464918195798445e-289	0.0	31738.00089038471
730144.44032	1.2672989451877063e-283	1.2012728315153112e-281	-6.068639035551916e-291	0.0	33721.62550750451
773094.11328	7.1619664505497615e-289	9.187489273760041e-287	4.935422652052334e-296	0.0	35705.25012462431
816043.78624	-2.8562586197228304e-290	-3.663429073495923e-288	-1.3792159777557498e-298	0.0	37688.87474174411
858993.4592	-3.376008761167354e-295	-5.859772658979715e-293	-7.926483860699835e-303	0.0	39672.49935886391
901943.13216	6.436394730308584e-297	1.1169524976217587e-294	7.913656456161095e-307	0.0	41656.12397598371
944892.80512	1.1579694514770333e-301	2.719546684543048e-299	-1.0724796632349e-310	0.0	43639.74859310351
987842.47808	-1.4501550977699797e-303	-3.4047271642172246e-301	3.496673285e-314	0.0	45623.37321022332
1.0307921510400001e6	-3.504629805216912e-308	-1.1136773995546525e-305	3.396153e-318	0.0	47606.99782734312
1.073741824e6	3.2667267200429e-310	1.0376012628088898e-307	5.0e-324	0.0	49590.62244446292
1.1166914969600001e6	9.9147501e-315	4.26294658546e-312	0.0	0.0	51574.24706158272
1.15964116992e6	-7.3576246e-317	-3.1613971186e-314	0.0	0.0	53557.87167870252
1.2025908428800001e6	-2.69e-321	-1.56415e-318	0.0	0.0	55541.49629582231
1.24554051584e6	1.5e-323	9.63e-321	0.0	0.0	57525.12091294212
1.2884901888000001e6	0.0	0.0	0.0	0.0	59508.74553006192
1.33143986176e6	0.0	0.0	0.0	0.0	61492.370147181726
1.37438953472e6	0.0	0.0	0.0	0.0	63475.994764301526
1.46028888064e6	0.0	0.0	0.0	0.0	67443.24399854113
1.54618822656e6	0.0	0.0	0.0	0.0	71410.49323278075
1.63208757248e6	0.0	0.0	0.0	0.0	75377.74246702035
1.7179869184e6	0.0	0.0	0.0	0.0	79344.99170125995
1.80388626432e6	0.0	0.0	0.0	0.0	83312.24093549955
1.88978561024e6	0.0	0.0	0.0	0.0	87279.49016973915
1.97568495616e6	0.0	0.0	0.0	0.0	91246.73940397875
2.0615843020800003e6	0.0	0.0	0.0	0.0	95213.98863821835
2.147483648e6	0.0	0.0	0.0	0.0	99181.23787245796
2.2333829939200003e6	0.0	0.0	0.0	0.0	103148.48710669756
2.31928233984e6	0.0	0.0	0.0	0.0	107115.73634093716
2.4051816857600003e6	0.0	0.0	0.0	0.0	111082.98557517676
2.49108103168e6	0.0	0.0	0.0	0.0	115050.23480941636
2.5769803776000002e6	0.0	0.0	0.0	0.0	119017.48404365596
2.66287972352e6	0.0	0.0	0.0	0.0	122984.73327789558
2.74877906944e6	0.0	0.0	0.0	0.0	126951.98251213518
2.92057776128e6	0.0	0.0	0.0	0.0	134886.48098061437
3.09237645312e6	0.0	0.0	0.0	0.0	142820.97944909357
3.26417514496e6	0.0	0.0	0.0	0.0	150755.47791757277
3.4359738368e6	0.0	0.0	0.0	0.0	158689.97638605197
3.60777252864e6	0.0	0.0	0.0	0.0	166624.4748545312
3.77957122048e6	0.0	0.0	0.0	0.0	174558.97332301043
3.95136991232e6	0.0	0.0	0.0	0.0	182493.47179148966
4.1231686041600006e6	0.0	0.0	0.0	0.0	190427.97025996886
4.294967296e6	0.0	0.0	0.0	0.0	198362.46872844806
4.466765987840001e6	0.0	0.0	0.0	0.0	206296.96719692726
4.63856467968e6	0.0	0.0	0.0	0.0	214231.46566540646
4.8103633715200005e6	0.0	0.0	0.0	0.0	222165.9641338857
4.98216206336e6	0.0	0.0	0.0	0.0	230100.4626023649
5.1539607552000005e6	0.0	0.0	0.0	0.0	238034.9610708441
5.32575944704e6	0.0	0.0	0.0	0.0	245969.4595393233
5.49755813888e6	0.0	0.0	0.0	0.0	253903.9580078025
5.84115552256e6	0.0	0.0	0.0	0.0	269772.9549447609
6.18475290624e6	0.0	0.0	0.0	0.0	285641.9518817193
6.52835028992e6	0.0	0.0	0.0	0.0	301510.9488186777
6.8719476736e6	0.0	0.0	0.0	0.0	317379.9457556361
7.21554505728e6	0.0	0.0	0.0	0.0	333248.94269259454
7.55914244096e6	0.0	0.0	0.0	0.0	349117.93962955294
7.90273982464e6	0.0	0.0	0.0	0.0	364986.93656651134
8.246337208320001e6	0.0	0.0	0.0	0.0	380855.93350346974
8.589934592e6	0.0	0.0	0.0	0.0	396724.93044042814
8.933531975680001e6	0.0	0.0	0.0	0.0	412593.9273773866
9.27712935936e6	0.0	0.0	0.0	0.0	428462.92431434506
9.620726743040001e6	0.0	0.0	0.0	0.0	444331.92125130346
9.96432412672e6	0.0	0.0	0.0	0.0	460200.9181882619
1.0307921510400001e7	0.0	0.0	0.0	0.0	476069.9151252203
1.065151889408e7	0.0	0.0	0.0	0.0	491938.9120621787
1.099511627776e7	0.0	0.0	0.0	0.0	507807.9089991371
1.168231104512e7	0.0	0.0	0.0	0.0	539545.9028730539
1.236950581248e7	0.0	0.0	0.0	0.0	571283.8967469707
1.305670057984e7	0.0	0.0	0.0	0.0	603021.8906208876
1.37438953472e7	0.0	0.0	0.0	0.0	634759.8844948044
1.443109011456e7	0.0	0.0	0.0	0.0	666497.8783687212
1.511828488192e7	0.0	0.0	0.0	0.0	698235.872242638
1.580547964928e7	0.0	0.0	0.0	0.0	729973.8661165548
1.6492674416640002e7	0.0	0.0	0.0	0.0	761711.8599904716
1.7179869184e7	0.0	0.0	0.0	0.0	793449.8538643884
1.7867063951360002e7	0.0	0.0	0.0	0.0	825187.8477383052
1.855425871872e7	0.0	0.0	0.0	0.0	856925.8416122221
1.9241453486080002e7	0.0	0.0	0.0	0.0	888663.8354861389
1.992864825344e7	0.0	0.0	0.0	0.0	920401.8293600557
2.0615843020800002e7	0.0	0.0	0.0	0.0	952139.8232339725
2.130303778816e7	0.0	0.0	0.0	0.0	983877.8171078893
2.199023255552e7	0.0	0.0	0.0	0.0	1.0156158109818061e6
2.336462209024e7	0.0	0.0	0.0	0.0	1.0790917987296397e6
2.473901162496e7	0.0	0.0	0.0	0.0	1.1425677864774733e6
2.611340115968e7	0.0	0.0	0.0	0.0	1.2060437742253072e6
2.74877906944e7	0.0	0.0	0.0	0.0	1.269519761973141e6
2.886218022912e7	0.0	0.0	0.0	0.0	1.3329957497209746e6
3.023656976384e7	0.0	0.0	0.0	0.0	1.3964717374688082e6
3.161095929856e7	0.0	0.0	0.0	0.0	1.4599477252166418e6
3.2985348833280005e7	0.0	0.0	0.0	0.0	1.5234237129644754e6
3.4359738368e7	0.0	0.0	0.0	0.0	1.586899700712309e6
3.5734127902720004e7	0.0	0.0	0.0	0.0	1.6503756884601426e6
3.710851743744e7	0.0	0.0	0.0	0.0	1.7138516762079764e6
3.8482906972160004e7	0.0	0.0	0.0	0.0	1.77732766395581e6
3.985729650688e7	0.0	0.0	0.0	0.0	1.8408036517036436e6
4.1231686041600004e7	0.0	0.0	0.0	0.0	1.9042796394514772e6
4.260607557632e7	0.0	0.0	0.0	0.0	1.9677556271993108e6
4.398046511104e7	0.0	0.0	0.0	0.0	2.0312316149471446e6
4.672924418048e7	0.0	0.0	0.0	0.0	2.1581835904428116e6
4.947802324992e7	0.0	0.0	0.0	0.0	2.2851355659384793e6
5.222680231936e7	0.0	0.0	0.0	0.0	2.4120875414341465e6
5.49755813888e7	0.0	0.0	0.0	0.0	2.5390395169298137e6
5.772436045824e7	0.0	0.0	0.0	0.0	2.665991492425481e6
6.047313952768e7	0.0	0.0	0.0	0.0	2.792943467921148e6
6.322191859712e7	0.0	0.0	0.0	0.0	2.9198954434168153e6
6.597069766656001e7	0.0	0.0	0.0	0.0	3.0468474189124824e6
6.8719476736e7	0.0	0.0	0.0	0.0	3.17379939440815e6
7.146825580544001e7	0.0	0.0	0.0	0.0	3.300751369903818e6
7.421703487488e7	0.0	0.0	0.0	0.0	3.4277033453994854e6
7.696581394432001e7	0.0	0.0	0.0	0.0	3.5546553208951526e6
7.971459301376e7	0.0	0.0	0.0	0.0	3.68160729639082e6
8.246337208320001e7	0.0	0.0	0.0	0.0	3.808559271886487e6
8.521215115264e7	0.0	0.0	0.0	0.0	3.9355112473821538e6
8.796093022208e7	0.0	0.0	0.0	0.0	4.062463222877821e6
9.345848836096e7	0.0	0.0	0.0	0.0	4.316367173869155e6
9.895604649984e7	0.0	0.0	0.0	0.0	4.57027112486049e6
1.0445360463872e8	0.0	0.0	0.0	0.0	4.824175075851824e6
1.099511627776e8	0.0	0.0	0.0	0.0	5.0780790268431585e6
1.1544872091648e8	0.0	0.0	0.0	0.0	5.331982977834494e6
1.2094627905536e8	0.0	0.0	0.0	0.0	5.585886928825828e6
1.2644383719424e8	0.0	0.0	0.0	0.0	5.839790879817164e6
1.3194139533312002e8	0.0	0.0	0.0	0.0	6.093694830808498e6
1.37438953472e8	0.0	0.0	0.0	0.0	6.347598781799832e6
1.4293651161088002e8	0.0	0.0	0.0	0.0	6.601502732791167e6
1.4843406974976e8	0.0	0.0	0.0	0.0	6.855406683782501e6
1.5393162788864002e8	0.0	0.0	0.0	0.0	7.109310634773836e6
1.5942918602752e8	0.0	0.0	0.0	0.0	7.363214585765171e6
1.6492674416640002e8	0.0	0.0	0.0	0.0	7.617118536756505e6
1.7042430230528e8	0.0	0.0	0.0	0.0	7.871022487747841e6
1.7592186044416e8	0.0	0.0	0.0	0.0	8.124926438739176e6
1.8691697672192e8	0.0	0.0	0.0	0.0	8.632734340721846e6
1.9791209299968e8	0.0	0.0	0.0	0.0	9.140542242704516e6
2.0890720927744e8	0.0	0.0	0.0	0.0	9.648350144687187e6
2.199023255552e8	0.0	0.0	0.0	0.0	1.0156158046669856e7
2.3089744183296e8	0.0	0.0	0.0	0.0	1.0663965948652525e7
2.4189255811072e8	0.0	0.0	0.0	0.0	1.1171773850635193e7
2.5288767438848e8	0.0	0.0	0.0	0.0	1.1679581752617862e7
2.6388279066624004e8	0.0	0.0	0.0	0.0	1.2187389654600533e7
2.74877906944e8	0.0	0.0	0.0	0.0	1.2695197556583202e7
2.8587302322176003e8	0.0	0.0	0.0	0.0	1.320300545856587e7
2.9686813949952e8	0.0	0.0	0.0	0.0	1.371081336054854e7
3.0786325577728003e8	0.0	0.0	0.0	0.0	1.4218621262531208e7
3.1885837205504e8	0.0	0.0	0.0	0.0	1.4726429164513877e7
3.2985348833280003e8	0.0	0.0	0.0	0.0	1.5234237066496545e7
3.4084860461056e8	0.0	0.0	0.0	0.0	1.5742044968479214e7
3.5184372088832e8	0.0	0.0	0.0	0.0	1.6249852870461885e7
3.7383395344384e8	0.0	0.0	0.0	0.0	1.7265468674427222e7
3.9582418599936e8	0.0	0.0	0.0	0.0	1.828108447839256e7
4.1781441855488e8	0.0	0.0	0.0	0.0	1.9296700282357898e7
4.398046511104e8	0.0	0.0	0.0	0.0	2.0312316086323235e7
4.6179488366592e8	0.0	0.0	0.0	0.0	2.1327931890288573e7
4.8378511622144e8	0.0	0.0	0.0	0.0	2.2343547694253914e7
5.0577534877696e8	0.0	0.0	0.0	0.0	2.335916349821925e7
5.277655813324801e8	0.0	0.0	0.0	0.0	2.437477930218459e7
5.49755813888e8	0.0	0.0	0.0	0.0	2.5390395106149927e7
5.717460464435201e8	0.0	0.0	0.0	0.0	2.6406010910115264e7
5.9373627899904e8	0.0	0.0	0.0	0.0	2.7421626714080602e7
6.157265115545601e8	0.0	0.0	0.0	0.0	2.843724251804594e7
6.3771674411008e8	0.0	0.0	0.0	0.0	2.9452858322011277e7
6.597069766656001e8	0.0	0.0	0.0	0.0	3.046847412597662e7
6.8169720922112e8	0.0	0.0	0.0	0.0	3.1484089929941956e7
7.0368744177664e8	0.0	0.0	0.0	0.0	3.249970573390729e7
7.4766790688768e8	0.0	0.0	0.0	0.0	3.4530937341837965e7
7.9164837199872e8	0.0	0.0	0.0	0.0	3.656216894976864e7
8.3562883710976e8	0.0	0.0	0.0	0.0	3.859340055769932e7
8.796093022208e8	0.0	0.0	0.0	0.0	4.0624632165630005e7
9.2358976733184e8	0.0	0.0	0.0	0.0	4.265586377356068e7
9.6757023244288e8	0.0	0.0	0.0	0.0	4.468709538149136e7
1.01155069755392e9	0.0	0.0	0.0	0.0	4.671832698942204e7
1.0555311626649601e9	0.0	0.0	0.0	0.0	4.874955859735271e7
1.099511627776e9	0.0	0.0	0.0	0.0	5.078079020528339e7
1.1434920928870401e9	0.0	0.0	0.0	0.0	5.281202181321406e7
1.18747255799808e9	0.0	0.0	0.0	0.0	5.484325342114474e7
1.2314530231091201e9	0.0	0.0	0.0	0.0	5.687448502907542e7
1.27543348822016e9	0.0	0.0	0.0	0.0	5.89057166370061e7
1.3194139533312001e9	0.0	0.0	0.0	0.0	6.093694824493677e7
1.36339441844224e9	0.0	0.0	0.0	0.0	6.296817985286745e7
1.40737488355328e9	0.0	0.0	0.0	0.0	6.499941146079812e7
1.49533581377536e9	0.0	0.0	0.0	0.0	6.906187467665948e7
1.58329674399744e9	0.0	0.0	0.0	0.0	7.312433789252084e7
1.67125767421952e9	0.0	0.0	0.0	0.0	7.71868011083822e7
1.7592186044416e9	0.0	0.0	0.0	0.0	8.124926432424355e7
1.84717953466368e9	0.0	0.0	0.0	0.0	8.53117275401049e7
1.93514046488576e9	0.0	0.0	0.0	0.0	8.937419075596625e7
2.02310139510784e9	0.0	0.0	0.0	0.0	9.34366539718276e7
2.1110623253299203e9	0.0	0.0	0.0	0.0	9.749911718768895e7
2.199023255552e9	0.0	0.0	0.0	0.0	1.015615804035503e8
2.2869841857740803e9	0.0	0.0	0.0	0.0	1.0562404361941165e8
2.37494511599616e9	0.0	0.0	0.0	0.0	1.09686506835273e8
2.4629060462182403e9	0.0	0.0	0.0	0.0	1.1374897005113435e8
2.55086697644032e9	0.0	0.0	0.0	0.0	1.1781143326699571e8
2.6388279066624002e9	0.0	0.0	0.0	0.0	1.2187389648285706e8
2.72678883688448e9	0.0	0.0	0.0	0.0	1.2593635969871841e8
2.81474976710656e9	0.0	0.0	0.0	0.0	1.2999882291457976e8
2.99067162755072e9	0.0	0.0	0.0	0.0	1.3812374934630248e8
3.16659348799488e9	0.0	0.0	0.0	0.0	1.4624867577802518e8
3.34251534843904e9	0.0	0.0	0.0	0.0	1.5437360220974788e8
3.5184372088832e9	0.0	0.0	0.0	0.0	1.6249852864147058e8
3.69435906932736e9	0.0	0.0	0.0	0.0	1.7062345507319328e8
3.87028092977152e9	0.0	0.0	0.0	0.0	1.7874838150491598e8
4.04620279021568e9	0.0	0.0	0.0	0.0	1.8687330793663868e8
4.2221246506598406e9	0.0	0.0	0.0	0.0	1.949982343683614e8
4.398046511104e9	0.0	0.0	0.0	0.0	2.031231608000841e8
4.573968371548161e9	0.0	0.0	0.0	0.0	2.112480872318068e8
4.74989023199232e9	0.0	0.0	0.0	0.0	2.1937301366352952e8
4.9258120924364805e9	0.0	0.0	0.0	0.0	2.2749794009525222e8
5.10173395288064e9	0.0	0.0	0.0	0.0	2.356228665269749e8
5.2776558133248005e9	0.0	0.0	0.0	0.0	2.4374779295869762e8
5.45357767376896e9	0.0	0.0	0.0	0.0	2.5187271939042032e8
5.62949953421312e9	0.0	0.0	0.0	0.0	2.5999764582214305e8
5.98134325510144e9	0.0	0.0	0.0	0.0	2.762474986855885e8
6.33318697598976e9	0.0	0.0	0.0	0.0	2.924973515490339e8
6.68503069687808e9	0.0	0.0	0.0	0.0	3.0874720441247934e8
7.0368744177664e9	0.0	0.0	0.0	0.0	3.2499705727592474e8
7.38871813865472e9	0.0	0.0	0.0	0.0	3.4124691013937014e8
7.74056185954304e9	0.0	0.0	0.0	0.0	3.5749676300281554e8
8.09240558043136e9	0.0	0.0	0.0	0.0	3.7374661586626095e8
8.444249301319681e9	0.0	0.0	0.0	0.0	3.8999646872970635e8
8.796093022208e9	0.0	0.0	0.0	0.0	4.062463215931518e8
9.147936743096321e9	0.0	0.0	0.0	0.0	4.224961744565972e8
9.49978046398464e9	0.0	0.0	0.0	0.0	4.3874602732004267e8
9.851624184872961e9	0.0	0.0	0.0	0.0	4.549958801834881e8
1.020346790576128e10	0.0	0.0	0.0	0.0	4.712457330469335e8
1.0555311626649601e10	0.0	0.0	0.0	0.0	4.874955859103789e8
1.090715534753792e10	0.0	0.0	0.0	0.0	5.0374543877382433e8
1.125899906842624e10	0.0	0.0	0.0	0.0	5.1999529163726974e8
1.196268651020288e10	0.0	0.0	0.0	0.0	5.524949973641607e8
1.266637395197952e10	0.0	0.0	0.0	0.0	5.849947030910515e8
1.337006139375616e10	0.0	0.0	0.0	0.0	6.174944088179423e8
1.40737488355328e10	0.0	0.0	0.0	0.0	6.499941145448331e8
1.477743627730944e10	0.0	0.0	0.0	0.0	6.82493820271724e8
1.548112371908608e10	0.0	0.0	0.0	0.0	7.149935259986148e8
1.618481116086272e10	0.0	0.0	0.0	0.0	7.474932317255057e8
1.6888498602639362e10	0.0	0.0	0.0	0.0	7.799929374523966e8
1.7592186044416e10	0.0	0.0	0.0	0.0	8.124926431792874e8
1.8295873486192642e10	0.0	0.0	0.0	0.0	8.449923489061782e8
1.899956092796928e10	0.0	0.0	0.0	0.0	8.77492054633069e8
1.9703248369745922e10	0.0	0.0	0.0	0.0	9.099917603599598e8
2.040693581152256e10	0.0	0.0	0.0	0.0	9.424914660868508e8
2.1110623253299202e10	0.0	0.0	0.0	0.0	9.749911718137416e8
2.181431069507584e10	0.0	0.0	0.0	0.0	1.0074908775406324e9
2.251799813685248e10	0.0	0.0	0.0	0.0	1.0399905832675232e9
2.392537302040576e10	0.0	0.0	0.0	0.0	1.104989994721305e9
2.533274790395904e10	0.0	0.0	0.0	0.0	1.1699894061750865e9
2.674012278751232e10	0.0	0.0	0.0	0.0	1.234988817628868e9
2.81474976710656e10	0.0	0.0	0.0	0.0	1.2999882290826497e9
2.955487255461888e10	0.0	0.0	0.0	0.0	1.3649876405364313e9
3.096224743817216e10	0.0	0.0	0.0	0.0	1.429987051990213e9
3.236962232172544e10	0.0	0.0	0.0	0.0	1.4949864634439948e9
3.3776997205278725e10	0.0	0.0	0.0	0.0	1.5599858748977766e9
3.5184372088832e10	0.0	0.0	0.0	0.0	1.6249852863515582e9
3.6591746972385284e10	0.0	0.0	0.0	0.0	1.68998469780534e9
3.799912185593856e10	0.0	0.0	0.0	0.0	1.7549841092591217e9
3.9406496739491844e10	0.0	0.0	0.0	0.0	1.8199835207129033e9
4.081387162304512e10	0.0	0.0	0.0	0.0	1.8849829321666849e9
4.2221246506598404e10	0.0	0.0	0.0	0.0	1.9499823436204665e9
4.362862139015168e10	0.0	0.0	0.0	0.0	2.0149817550742483e9
4.503599627370496e10	0.0	0.0	0.0	0.0	2.07998116652803e9
4.785074604081152e10	0.0	0.0	0.0	0.0	2.209979989435593e9
5.066549580791808e10	0.0	0.0	0.0	0.0	2.3399788123431563e9
5.348024557502464e10	0.0	0.0	0.0	0.0	2.469977635250719e9
5.62949953421312e10	0.0	0.0	0.0	0.0	2.5999764581582828e9
5.910974510923776e10	0.0	0.0	0.0	0.0	2.729975281065846e9
6.192449487634432e10	0.0	0.0	0.0	0.0	2.859974103973409e9
6.473924464345088e10	0.0	0.0	0.0	0.0	2.9899729268809724e9
6.755399441055745e10	0.0	0.0	0.0	0.0	3.1199717497885356e9
7.0368744177664e10	0.0	0.0	0.0	0.0	3.249970572696099e9
7.318349394477057e10	0.0	0.0	0.0	0.0	3.379969395603662e9
7.599824371187712e10	0.0	0.0	0.0	0.0	3.509968218511225e9
7.881299347898369e10	0.0	0.0	0.0	0.0	3.639967041418789e9
8.162774324609024e10	0.0	0.0	0.0	0.0	3.769965864326352e9
8.444249301319681e10	0.0	0.0	0.0	0.0	3.8999646872339153e9
8.725724278030336e10	0.0	0.0	0.0	0.0	4.0299635101414785e9
9.007199254740993e10	0.0	0.0	0.0	0.0	4.1599623330490417e9
9.570149208162305e10	0.0	0.0	0.0	0.0	4.419959978864168e9
1.0133099161583617e11	0.0	0.0	0.0	0.0	4.679957624679295e9
1.0696049115004929e11	0.0	0.0	0.0	0.0	4.939955270494421e9
1.125899906842624e11	0.0	0.0	0.0	0.0	5.199952916309548e9
1.1821949021847552e11	0.0	0.0	0.0	0.0	5.459950562124675e9
1.2384898975268864e11	0.0	0.0	0.0	0.0	5.719948207939802e9
1.2947848928690176e11	0.0	0.0	0.0	0.0	5.979945853754929e9
1.351079888211149e11	0.0	0.0	0.0	0.0	6.239943499570055e9
1.40737488355328e11	0.0	0.0	0.0	0.0	6.499941145385181e9
1.4636698788954114e11	0.0	0.0	0.0	0.0	6.759938791200309e9
1.5199648742375424e11	0.0	0.0	0.0	0.0	7.019936437015435e9
1.5762598695796738e11	0.0	0.0	0.0	0.0	7.279934082830563e9
1.6325548649218048e11	0.0	0.0	0.0	0.0	7.539931728645689e9
1.6888498602639362e11	0.0	0.0	0.0	0.0	7.799929374460815e9
1.7451448556060672e11	0.0	0.0	0.0	0.0	8.059927020275942e9
1.8014398509481985e11	0.0	0.0	0.0	0.0	8.319924666091068e9
1.914029841632461e11	0.0	0.0	0.0	0.0	8.839919957721321e9
2.0266198323167233e11	0.0	0.0	0.0	0.0	9.359915249351574e9
2.1392098230009857e11	0.0	0.0	0.0	0.0	9.879910540981827e9
2.251799813685248e11	0.0	0.0	0.0	0.0	1.039990583261208e10
2.3643898043695105e11	0.0	0.0	0.0	0.0	1.0919901124242332e10
2.476979795053773e11	0.0	0.0	0.0	0.0	1.1439896415872585e10
2.5895697857380353e11	0.0	0.0	0.0	0.0	1.1959891707502838e10
2.702159776422298e11	0.0	0.0	0.0	0.0	1.2479886999133091e10
2.81474976710656e11	0.0	0.0	0.0	0.0	1.2999882290763346e10
2.927339757790823e11	0.0	0.0	0.0	0.0	1.35198775823936e10
3.039929748475085e11	0.0	0.0	0.0	0.0	1.4039872874023853e10
3.1525197391593475e11	0.0	0.0	0.0	0.0	1.4559868165654108e10
3.2651097298436096e11	0.0	0.0	0.0	0.0	1.507986345728436e10
3.3776997205278723e11	0.0	0.0	0.0	0.0	1.5599858748914614e10
3.4902897112121344e11	0.0	0.0	0.0	0.0	1.6119854040544867e10
3.602879701896397e11	0.0	0.0	0.0	0.0	1.663984933217512e10
3.828059683264922e11	0.0	0.0	0.0	0.0	1.7679839915435627e10
4.0532396646334467e11	0.0	0.0	0.0	0.0	1.8719830498696133e10
4.2784196460019714e11	0.0	0.0	0.0	0.0	1.975982108195664e10
4.503599627370496e11	0.0	0.0	0.0	0.0	2.0799811665217144e10
4.728779608739021e11	0.0	0.0	0.0	0.0	2.183980224847765e10
4.953959590107546e11	0.0	0.0	0.0	0.0	2.287979283173816e10
5.1791395714760706e11	0.0	0.0	0.0	0.0	2.3919783414998665e10
5.404319552844596e11	0.0	0.0	0.0	0.0	2.495977399825917e10
5.62949953421312e11	0.0	0.0	0.0	0.0	2.5999764581519676e10
5.854679515581646e11	0.0	0.0	0.0	0.0	2.703975516478018e10
6.07985949695017e11	0.0	0.0	0.0	0.0	2.8079745748040688e10
6.305039478318695e11	0.0	0.0	0.0	0.0	2.9119736331301193e10
6.530219459687219e11	0.0	0.0	0.0	0.0	3.0159726914561703e10
6.755399441055745e11	0.0	0.0	0.0	0.0	3.119971749782221e10
6.980579422424269e11	0.0	0.0	0.0	0.0	3.2239708081082714e10
7.205759403792794e11	0.0	0.0	0.0	0.0	3.327969866434322e10
7.656119366529844e11	0.0	0.0	0.0	0.0	3.5359679830864235e10
8.106479329266893e11	0.0	0.0	0.0	0.0	3.743966099738525e10
8.556839292003943e11	0.0	0.0	0.0	0.0	3.9519642163906265e10
9.007199254740992e11	0.0	0.0	0.0	0.0	4.159962333042728e10
9.457559217478042e11	0.0	0.0	0.0	0.0	4.367960449694829e10
9.907919180215092e11	0.0	0.0	0.0	0.0	4.57595856634693e10
1.0358279142952141e12	0.0	0.0	0.0	0.0	4.783956682999032e10
1.0808639105689192e12	0.0	0.0	0.0	0.0	4.991954799651133e10
1.125899906842624e12	0.0	0.0	0.0	0.0	5.199952916303235e10
1.170935903116329e12	0.0	0.0	0.0	0.0	5.407951032955336e10
1.215971899390034e12	0.0	0.0	0.0	0.0	5.615949149607437e10
1.261007895663739e12	0.0	0.0	0.0	0.0	5.823947266259538e10
1.3060438919374438e12	0.0	0.0	0.0	0.0	6.0319453829116394e10
1.351079888211149e12	0.0	0.0	0.0	0.0	6.2399434995637405e10
1.3961158844848538e12	0.0	0.0	0.0	0.0	6.4479416162158424e10
1.4411518807585588e12	0.0	0.0	0.0	0.0	6.6559397328679436e10
