# τ	Fs	F	Δζ	ΔG	Δr²
0.0	1.0	1.0	1106.0908936432427	110.65258333870413	0.0
3.125e-7	0.9999838611727643	0.9999885651766555	1105.5660377079416	110.60095341272564	3.125e-7
6.25e-7	0.9999677241834773	0.999977131601761	1105.0416186493574	110.5493661834921	6.249459916555838e-7
9.375000000000001e-7	0.9999515906079199	0.9999657003918148	1104.5176435153132	110.49782228110115	9.372840272118818e-7
1.25e-6	0.999935460444028	0.9999542715453767	1103.9941118543811	110.44632166204501	1.249514185864615e-6
1.5625e-6	0.9999193336895853	0.999942845060899	1103.4710232153084	110.39486428284242	1.5616365560583784e-6
1.8750000000000003e-6	0.9999032103423775	0.9999314209368352	1102.9483771473474	110.34345010006018	1.8736512261478153e-6
2.1875000000000002e-6	0.9998870904001924	0.9999199991716404	1102.4261732002549	110.29207907031281	2.185558284396107e-6
2.5e-6	0.9998709738608198	0.999908579763771	1101.9044109242893	110.24075115026257	2.4973578189750786e-6
2.8125e-6	0.9998548607220517	0.9998971627116852	1101.3830898702142	110.18946629661954	2.809049917965303e-6
3.125e-6	0.9998387509816818	0.9998857480138418	1100.8622095892945	110.13822446614135	3.1206346693562067e-6
3.4375e-6	0.9998226446375064	0.999874335668702	1100.3417696332951	110.08702561563332	3.4321121610461736e-6
3.7500000000000005e-6	0.9998065416873232	0.9998629256747279	1099.8217695544884	110.03586970194824	3.7434824808426493e-6
4.0625000000000005e-6	0.9997904421289324	0.9998515180303831	1099.3022089056396	109.98475668198643	4.054745716462248e-6
4.3750000000000005e-6	0.9997743459601361	0.9998401127341324	1098.7830872400177	109.93368651269554	4.365901955530852e-6
4.6875000000000004e-6	0.9997582531787383	0.9998287097844426	1098.2644041113913	109.88265915107078	4.676951285583722e-6
5.0e-6	0.9997421637825452	0.9998173091797815	1097.7461590740256	109.83167455415455	4.987893794065597e-6
5.3125e-6	0.9997260799350731	0.9998059124353419	1097.22843200225	109.7807404484277	5.298658538739868e-6
5.625e-6	0.9997100001884816	0.999794518537158	1096.7111687393585	109.72985159553039	5.609293039775559e-6
5.9375e-6	0.999693924058667	0.9997831271462015	1096.1943509427338	109.67900622136041	5.919813197030506e-6
6.25e-6	0.9996778513827956	0.9997717381484401	1095.6779722045462	109.62820370625175	6.23022436898321e-6
6.5625e-6	0.9996617821051326	0.999760351504845	1095.162030094374	109.57744381526591	6.5405283998539546e-6
6.875e-6	0.9996457162056467	0.9997489672013924	1094.6465235075289	109.52672644169971	6.85072596224875e-6
7.1875e-6	0.9996296536762099	0.9997375852323944	1094.131451781435	109.4760515216135	7.160817338130799e-6
7.500000000000001e-6	0.9996135945126647	0.9997262055949429	1093.6168144011654	109.4254190053488	7.4708026791744056e-6
7.8125e-6	0.9995975387121767	0.9997148282870574	1093.1026109013294	109.37482884803757	7.780682093559667e-6
8.125000000000001e-6	0.9995814862723555	0.9997034533070679	1092.588840833369	109.32428100643898	8.090455674907496e-6
8.4375e-6	0.999565437190958	0.9996920806534086	1092.0755037546635	109.27377543788567	8.400123511925762e-6
8.750000000000001e-6	0.9995493914657945	0.9996807103245495	1091.5625992248986	109.22331209993237	8.709685691625127e-6
9.0625e-6	0.9995333490946916	0.9996693423189732	1091.0501268048517	109.172890950239	9.019142300391183e-6
9.375000000000001e-6	0.9995173100754845	0.9996579766351678	1090.5380860559956	109.12251194653119	9.328493424341943e-6
9.6875e-6	0.9995012744060109	0.9996466132716236	1090.0264765403592	109.0721750465877	9.63773914944708e-6
1.0e-5	0.9994852420841127	0.9996352522268334	1089.5152978204812	109.02188020823591	9.946879561567752e-6
1.0625e-5	0.999453187471554	0.9996125370854916	1088.4942308633044	108.92141653280899	1.056484490370906e-5
1.125e-5	0.9994211462224954	0.9995898312004495	1087.4748818002142	108.82112059389802	1.1182390059561994e-5
1.1875e-5	0.9993891183203786	0.9995671345601438	1086.4572471843242	108.72099205915684	1.1799515687349829e-5
1.25e-5	0.999357103748252	0.9995444471527368	1085.4413235530533	108.62103059473401	1.2416222460806301e-5
1.3125e-5	0.9993251024890524	0.9995217689663134	1084.4271074437552	108.52123586676603	1.3032511057933782e-5
1.375e-5	0.9992931145257026	0.9994990999889473	1083.4145953989093	108.42160754187451	1.3648382157190989e-5
1.4375e-5	0.9992611398411393	0.9994764402087231	1082.403783967836	108.32214528732972	1.4263836436290585e-5
1.5000000000000002e-5	0.9992291784183263	0.9994537896137445	1081.3946697072633	108.2228487711049	1.4878874571733742e-5
1.5625e-5	0.9991972302402556	0.999431148192135	1080.3872491814916	108.12371766189224	1.5493497238723702e-5
1.6250000000000002e-5	0.9991652952899517	0.9994085159320404	1079.3815189624481	108.02475162910812	1.610770511107254e-5
1.6875e-5	0.9991333735504694	0.9993858928216273	1078.3774756296846	107.92595034289263	1.672149886123867e-5
1.7500000000000002e-5	0.9991014650048937	0.9993632788490844	1077.3751157703725	107.82731347410916	1.7334879160275e-5
1.8125e-5	0.9990695696363412	0.9993406740026216	1076.3744359792772	107.72884069434262	1.7947846677880187e-5
1.8750000000000002e-5	0.9990376874279598	0.9993180782704719	1075.3754328587545	107.63053167589814	1.8560402082351465e-5
1.9375e-5	0.9990058183629281	0.9992954916408884	1074.3781030187163	107.53238609179904	1.9172546040637302e-5
2.0e-5	0.9989739624244557	0.9992729141021477	1073.3824430766306	107.43440361578554	1.978427921829082e-5
2.125e-5	0.998910289838008	0.9992277862349207	1071.3961181817092	107.23892657060043	2.100651676538856e-5
2.25e-5	0.9988466695497983	0.9991826945858225	1069.4164320830275	107.04409802287418	2.222711943019073e-5
2.375e-5	0.9987831014315594	0.9991376390652883	1067.4433582627264	106.84991541422875	2.3446092291506376e-5
2.5e-5	0.9987195853522188	0.9990926195817948	1065.4768701401526	106.65637618020119	2.466344053738124e-5
2.625e-5	0.9986561211800705	0.9990476360433781	1063.5169411925303	106.46347776178759	2.5879169378495337e-5
2.75e-5	0.9985927087835378	0.9990026883581654	1061.563544994913	106.27121760926481	2.709328401830185e-5
2.875e-5	0.9985293480313883	0.9989577764345247	1059.6166552329628	106.07959318341469	2.8305789644176992e-5
3.0000000000000004e-5	0.9984660387928421	0.9989129001811415	1057.6762457069776	105.8886019559106	2.9516691423492476e-5
3.125e-5	0.9984027809375685	0.9988680595070156	1055.7422903327285	105.69824140939835	3.0725994503408507e-5
3.2500000000000004e-5	0.998339574335721	0.9988232543214854	1053.814763141509	105.50850903750224	3.193370400983268e-5
3.375e-5	0.9982764188579102	0.99877848453421	1051.8936382796496	105.31940234478017	3.313982504817033e-5
3.5000000000000004e-5	0.9982133143752305	0.9987337500551876	1049.978890008133	105.13091884668786	3.43443627026068e-5
3.625e-5	0.9981502607592321	0.9986890507947345	1048.0704927019653	104.94305606952028	3.5547322036960125e-5
3.7500000000000003e-5	0.9980872578819456	0.9986443866635044	1046.1684208497584	104.75581155037167	3.674870809400172e-5
3.875e-5	0.9980243056158525	0.9985997575724652	1044.2726490530754	104.56918283707616	3.794852589631648e-5
4.0e-5	0.9979614038339106	0.9985551634329202	1042.3831520260178	104.3831674881675	3.914678044563002e-5
4.25e-5	0.9978357510504674	0.9984660795391441	1038.6228727001114	104.01296630937446	4.153862622278933e-5
4.5e-5	0.9977102986368286	0.998377134357468	1034.8873889736258	103.64518928389735	4.3924280603716046e-5
4.75e-5	0.9975850456303992	0.9982883272158585	1031.1765045996378	103.2798174557605	4.630378140252399e-5
5.0e-5	0.9974599910510605	0.9981996574300676	1027.4900237140125	102.91683190457334	4.86771670932603e-5
5.25e-5	0.9973351339173042	0.9981111243148878	1023.8277517301624	102.55621383123628	5.104447616859143e-5
5.5e-5	0.997210473252166	0.9980227271883022	1020.1894956279084	102.19794458562151	5.3405746911770776e-5
5.75e-5	0.9970860080845775	0.997934465372419	1016.5750640366504	101.84200567457795	5.5761017338320745e-5
6.000000000000001e-5	0.9969617374503591	0.9978463381941749	1012.9842672545672	101.48837876379682	5.811032516262214e-5
6.25e-5	0.9968376603919347	0.997758344985126	1009.4169172423718	101.13704567725586	6.045370780435008e-5
6.500000000000001e-5	0.9967137759587754	0.9976704850817647	1005.8728276129667	100.78798839625496	6.279120237677631e-5
6.75e-5	0.9965900832069334	0.997582757825189	1002.3518136156124	100.44118905794139	6.512284570027094e-5
7.000000000000001e-5	0.9964665811994226	0.9974951625613715	998.8536921225602	100.09662995405573	6.744867429307004e-5
7.25e-5	0.9963432690057347	0.9974076986408187	995.3782816124553	99.7542935293817	6.976872438542335e-5
7.500000000000001e-5	0.9962201457022123	0.9973203654188341	991.9254021568833	99.41416238048302	7.208303191068446e-5
7.75e-5	0.9960972103715682	0.9972331622551794	988.4948754039635	99.07621925417067	7.439163251939179e-5
8.0e-5	0.9959744621032552	0.9971460885143364	985.0865245651354	98.74044704626094	7.669456157044272e-5
8.5e-5	0.9957295219757318	0.9969723259666016	978.3355891789486	98.07534175495738	8.128359024140111e-5
9.0e-5	0.9954853189644036	0.996799073340116	971.6712559356833	97.41871677575867	8.585036400711195e-5
9.5e-5	0.9952418462783489	0.9966263258955274	965.0921796794474	96.7704418774583	9.039514539410771e-5
0.0001	0.9949990970512615	0.9964540788411587	958.5970292334073	96.13038815772771	9.491819944130169e-5
0.000105	0.9947570644518952	0.9962823274099614	952.1844934008817	95.49842861968256	9.941978933334999e-5
0.00011	0.994515741728486	0.9961110668906116	945.8532827015297	94.87443833913659	0.0001039001747599154
0.000115	0.9942751222139766	0.9959402926310471	939.6021296382212	94.25829449114684	0.00010835961164719146
0.00012000000000000002	0.9940351993352105	0.9957700000449816	933.4297885415363	93.64987633581468	0.00011279835188808344
0.000125	0.9937959666065903	0.9956001846073694	927.335035220819	93.04906518572035	0.00011721664352557956
0.00013000000000000002	0.9935574176352977	0.9954308418581486	921.316666614209	92.45574437301993	0.00012161473063611845
0.000135	0.9933195461138078	0.9952619673969086	915.3735003862511	91.8697992116963	0.00012599285355829038
0.00014000000000000001	0.993082345824618	0.9950935568862901	909.5043745695327	91.29111696379863	0.00013035124879361975
0.000145	0.9928458106327773	0.9949256060466648	903.7081471701263	90.71958680238878	0.00013469014923540347
0.00015000000000000001	0.9926099344905107	0.9947581106594586	897.9836958207779	90.15509977883815	0.00013900978407180607
0.000155	0.9923747114298902	0.9945910665619345	892.3299174003762	89.59754878706732	0.00014331037900993567
0.00016	0.9921401355673931	0.994424469650469	886.745727700391	89.0468285320658	0.00014759215617960364
0.00017	0.9916728950440475	0.9940925961909544	875.7814997788092	87.96543225492722	0.0001561004007384594
0.00018	0.991208172533964	0.9937624621141105	865.0829757614081	86.91012976280811	0.00016453603378218512
0.00019	0.9907459254259536	0.9934340377047437	854.6422163824672	85.88014911996271	0.00017290064940365723
0.0002	0.9902861111992329	0.9931072933146177	844.4514927486797	84.87473855445637	0.00018119583330440632
0.00021	0.9898286880551159	0.9927821998011035	834.503316892444	83.89316941738247	0.00018942313815124043
0.00022	0.9893736152193957	0.9924587287393719	824.7904460452601	82.9347366083214	0.0001975840733324108
0.00023	0.9889208529073082	0.9921368523963174	815.3058777316725	81.99875811973324	0.00020568010562055716
0.00024000000000000003	0.9884703624008032	0.9918165437858005	806.0428427786434	81.08457437664715	0.00021371265742538037
0.00025	0.9880221059437616	0.9914977765940101	796.994797151613	80.19154746546174	0.0002216831101172636
0.00026000000000000003	0.9875760467936484	0.9911805252168155	788.1554142952806	79.3190604073242	0.0002295928032008682
0.00027	0.9871321491133814	0.9908647646828479	779.5185771729779	78.46651640452195	0.00023744303777445966
0.00028000000000000003	0.9866903780195849	0.9905504706884493	771.0783710493699	77.63333815460629	0.0002452350757810675
0.00029	0.9862506994782846	0.9902376195234706	762.8290760674139	76.81896714675476	0.0002529701433305468
0.00030000000000000003	0.9858130803521987	0.9899261881055187	754.7651605541951	76.02286302466649	0.00026064942993829363
0.00031	0.9853774883008408	0.9896161539088718	746.8812741326254	75.24450293282703	0.0002682740916885646
0.00032	0.9849438918270788	0.9893074949981873	739.1722415227318	74.48338092570323	0.00027584525045461867
0.00034	0.9840825276007822	0.9886941930339783	724.2571912653467	73.01074531747705	0.0002908326428525238
0.00036	0.9832287772810928	0.9880861357125653	709.9832180236144	71.60135445558834	0.00030561901707581464
0.00038	0.9823824237438564	0.9874831718820651	696.3150335084939	70.2517521792342	0.00032021196411899117
0.0004	0.9815432552252016	0.9868851541681517	683.2193122573108	68.95867248656177	0.00033461883822555636
0.00042	0.9807110676272854	0.9862919405542191	670.6647372381952	67.71904415978244	0.00034884667023153183
0.00044	0.9798856662031173	0.9857033955702562	658.6219252911934	66.52998368231883	0.0003629021206227858
0.00046	0.9790668645156504	0.9851193895467869	647.0633128117985	65.38878432320857	0.0003767915126758964
0.00048000000000000007	0.9782544849650435	0.984539798998007	635.9630414332187	64.29290516130837	0.0003905208258021228
0.0005	0.9774483574861025	0.9839645056952041	625.2968429518293	63.23996005278863	0.00040409573794173266
0.0005200000000000001	0.9766483199509712	0.9833933969626049	615.0419355119433	62.227707635184466	0.00041752162220571936
0.00054	0.9758542169390596	0.9828263648025258	605.1769224625596	61.254041608828736	0.00043080358655127695
0.0005600000000000001	0.9750659001271784	0.9822633061818333	595.6817022960586	60.316982044094274	0.0004439464698153923
0.00058	0.9742832271589091	0.9817041222274524	586.537381012524	59.41466694384073	0.00045695487775801967
0.0006000000000000001	0.9735060620316094	0.9811487185100167	577.7261943523284	58.545344719685275	0.00046983317827184755
0.00062	0.9727342740589581	0.9805970043052796	569.231431922004	57.70736687297214	0.0004825855340711482
0.00064	0.9719677382534216	0.9800488928739862	561.0373700237303	56.899181481475345	0.0004952158972385983
0.00068	0.9704498263485157	0.9789630645651907	545.4882629524704	55.36596362975192	0.00052012914958473
0.00072	0.9689515182082176	0.9778906729373832	530.9746981207594	53.93539234217584	0.000544598003947179
0.00076	0.9674720059599528	0.9768311578068977	517.401548836381	52.59805923564797	0.0005686471339293322
0.0008	0.9660105268469875	0.9757839906799589	504.68336520467284	51.3455074702925	0.0005922995171203726
0.00084	0.9645663632057204	0.9747486744636734	492.7437271168813	50.1701690971218	0.0006155764472298787
0.00088	0.9631388496810204	0.9737247486269422	481.5143465702346	49.065277273174225	0.0006384973920192874
0.00092	0.96172736267016	0.9727117816601433	470.9341352397781	48.02477528397869	0.0006610803271598269
0.0009600000000000001	0.9603313234676768	0.9717093734100615	460.94838292048394	47.04323596385284	0.000683341705598904
0.001	0.9589501881246687	0.9707171478559025	451.5080015546785	46.115787742992005	0.0007052967715613182
0.0010400000000000001	0.9575834502067571	0.9697347551655826	442.5688861433371	45.2380517751242	0.0007269595287340004
0.00108	0.9562306320144213	0.9687618654374346	434.0913316542438	44.406084765904055	0.0007483430068182654
0.0011200000000000001	0.9548912872869953	0.9677981707082666	426.03954368947666	43.61633069415688	0.0007694592210176852
0.00116	0.9535649936575556	0.9668433795696177	418.3811896966295	42.86557672110771	0.0007903193969304112
0.0012000000000000001	0.9522513552849973	0.9658972191156265	411.0870235971576	42.150916056171745	0.0008109339242766536
0.00124	0.9509499963431964	0.9649594302923573	404.13053890865734	41.46971382141196	0.0008313125477386891
0.00128	0.9496605635447365	0.9640297697608874	397.48767954302934	40.81957837151832	0.0008514643178634846
0.00136	0.9471158954825604	0.9621937471626335	385.05053695868116	39.603342660197875	0.0008911259069903835
0.00144	0.9446150916901311	0.9603875954604105	373.6295875861903	38.48767928380372	0.0009299756274658194
0.00152	0.9421559599078588	0.9586098065007523	363.09887632027255	37.46006239026551	0.000968067220740343
0.0016	0.9397364889899148	0.9568589989847344	353.3514419004398	36.50985677443382	0.0010054488536182637
0.00168	0.9373548125727353	0.9551338914822096	344.2965340473929	35.62804180225972	0.0010421643700860139
0.00176	0.9350092355877471	0.9534333217996851	335.8569723971919	34.80694746754677	0.0010782527922106998
0.00184	0.9326981840648723	0.9517562109849865	327.9667596864447	34.040017579615984	0.0011137497559499865
0.0019200000000000003	0.9304202211449064	0.9501015753870997	320.5692102765226	33.32162273178689	0.001148687191272698
0.002	0.9281740052139208	0.9484684966700517	313.6153448451103	32.64690107401027	0.0011830944803147838
0.0020800000000000003	0.9259583037511789	0.9468561322560829	307.0626612810603	32.01163531606091	0.0012169981518507498
0.00216	0.9237719597585697	0.9452636912451665	300.87406877892636	31.41214704376326	0.0012504227923190495
0.0022400000000000002	0.9216139041919101	0.9436904437662819	295.0170752838155	30.845215297561143	0.0012833907537507343
0.00232	0.9194831288611508	0.9421357015029973	289.463067801733	30.308005269815673	0.0013159228787123708
0.0024000000000000002	0.9173786975042746	0.9405988260093934	284.1867653127069	29.798013418446388	0.0013480382298278607
0.00248	0.9152997236516038	0.9390792127737014	279.165722731931	29.313018375582928	0.0013797546753457936
0.00256	0.9132453804181326	0.9375762985658124	274.3799553539379	28.851043228158563	0.0014110886437720034
0.00272	0.9092071325506631	0.934618225062699	265.4389208289062	27.988718162286656	0.0014726714345686428
0.00288	0.9052585560922125	0.9317209263340862	257.2473344721138	27.199536737134725	0.0015328950377991935
0.00304	0.9013945411698279	0.9288809239604972	249.7068587647742	26.473793528570372	0.001591857969924665
0.0032	0.8976104779785532	0.926095087734747	242.73554523995145	25.803411424291845	0.0016496461659582186
0.00336	0.8939021173526012	0.9233605322026395	236.26490765703687	25.181649653937612	0.001706337494619258
0.00352	0.890265634783498	0.9206746652128761	230.2374666912469	24.60285707433936	0.0017620003764760015
0.00368	0.8866974945125289	0.9180350896165193	224.60454771454863	24.062254556199257	0.001816697324510557
0.0038400000000000005	0.8831944909936765	0.9154396358821264	219.32470044598176	23.555776735796954	0.0018704838225015352
0.004	0.8797536431241573	0.9128862856104143	214.36232018367295	23.079936221837926	0.0019234109841887045
0.0041600000000000005	0.8763722282896206	0.910373198385027	209.6866782907379	22.631726530912402	0.001975524582898003
0.00432	0.8730477008530367	0.9078986526649819	205.27105016162736	22.208536418591226	0.002026867082082058
0.0044800000000000005	0.8697777210461598	0.9054610685335689	201.0921054169897	21.80808880204653	0.0020774767979353606
0.00464	0.8665600911368042	0.9030589612632324	197.12933784597604	21.428384892991932	0.0021273894847624623
0.0048000000000000004	0.8633927800339556	0.9006909606723607	193.36466934767546	21.067664510895685	0.002176637614900007
0.00496	0.8602738724276427	0.8983557740096282	189.78206507078326	20.724368457569106	0.002225251641191531
0.00512	0.8572015898031696	0.8960522024857527	186.36726856630736	20.397111968382454	0.0022732593772876353
0.00544	0.8511901817615254	0.8915354131727583	179.98779843266004	19.785541603767843	0.0023675434992704433
0.00576	0.84534652958382	0.8871324637798572	174.1431782511328	19.22491176107965	0.002459688466099751
0.00608	0.8396596734613843	0.8828359588993996	168.76324384723097	18.708445113764647	0.0025498638863272302
0.0064	0.8341199066711874	0.878639369358464	163.78960622175256	18.230512521139747	0.002638212922907515
0.00672	0.8287183887439639	0.874536744117515	159.1734582270101	17.78641900216245	0.002724864282112773
0.00704	0.823447230398505	0.8705227835694342	154.87386587277098	17.372234590186466	0.002809929749880355
0.00736	0.8182991954150011	0.8665926210993973	150.8561437741367	16.984636387737968	0.002893511472670875
0.007680000000000001	0.813267767368342	0.8627418822250912	147.09076281201092	16.620800878871453	0.00297569932241925
0.008	0.8083469281621506	0.8589665218752842	143.55233497118758	16.278305529663278	0.0030565761619146137
0.008320000000000001	0.8035312153782985	0.8552628747145733	140.2189487987998	15.955063449909305	0.0031362155757494498
0.00864	0.7988155548267969	0.8516275314367387	137.0715272904275	15.649261313469125	0.003214685888334586
0.008960000000000001	0.794195309826899	0.8480573816353943	134.09341314773766	15.359318694869728	0.003292048247800335
0.00928	0.7896661518011242	0.8445495176619683	131.26994848503085	15.08384752257473	0.003368359773093131
0.009600000000000001	0.7852241024795228	0.8411012711516969	128.58820730913598	14.821625933415927	0.003443671929985453
0.00992	0.7808654319642676	0.837710136870403	126.03671121258449	14.571570889301805	0.003518033044748247
0.01024	0.7765866948977224	0.8343738039284292	123.60525159527673	14.332720864428017	0.0035914869192237076
0.01088	0.7682580345762032	0.8278583124619655	119.06616330968494	13.885178685282035	0.003735769112870734
0.01152	0.7602133652397866	0.8215380699252437	114.90952981874742	13.473289657435188	0.00387687146203748
0.01216	0.7524314779741439	0.8153987850940887	111.08447572484936	13.092307986626698	0.004015067227241399
0.0128	0.7448940907498265	0.8094281871753596	107.54898596990654	12.738317337487866	0.004150576857332776
0.01344	0.737584795128008	0.8036152401756548	104.2679977535611	12.40805632226323	0.004283597843836234
0.01408	0.7304890788265255	0.7979502028380524	101.21213223571874	12.098800069451263	0.00441430002225385
0.01472	0.7235937321731152	0.7924241838446736	98.35648563741918	11.808244342928663	0.004542839638907993
0.015360000000000002	0.716886936187634	0.7870292408990451	95.67986913269846	11.534433777607276	0.004669353048676426
0.016	0.7103578465948974	0.78175806600017	93.1640652515541	11.275690283882039	0.004793966763103477
0.016640000000000002	0.7039966783098779	0.7766040746117656	90.7933686517032	11.030570161548228	0.004916792176857248
0.01728	0.6977943960775239	0.7715611693494461	88.55411370594226	10.797818654711937	0.005037933340339209
0.017920000000000002	0.691742788837551	0.766623816405292	86.43438731947289	10.576343547893577	0.0051574825962672445
0.01856	0.6858342335807732	0.7617868634777282	84.42371762109083	10.365185234569552	0.005275526722515668
0.019200000000000002	0.680061759912819	0.7570456050500741	82.51288825668806	10.163499942838227	0.005392143273463059
0.01984	0.674418866266656	0.7523956393993602	80.69372651734201	9.970539355422881	0.005507405517829026
0.02048	0.6688995757183043	0.7478329244409672	78.95897974768648	9.785639664467558	0.00562137934093577
0.02176	0.6582172434319944	0.7389598998218322	75.72011619459802	9.437879571448994	0.005845526733692047
0.02304	0.6479677854345054	0.7303942555179853	72.7494341690108	9.116021897443083	0.006065205915809288
0.02432	0.638114316949967	0.7221107635248254	70.01056530032002	8.816731359960022	0.006280838996624258
0.0256	0.6286261007454698	0.7140884972880649	67.47417685711095	8.537297552405734	0.006492749713776489
0.02688	0.6194759340203818	0.7063088574228128	65.11595608923454	8.275463739576653	0.006701230632859174
0.02816	0.610639924304323	0.6987555279805798	62.91558232866338	8.02934010526717	0.006906531621513051
0.02944	0.6020964635782153	0.691413674824493	60.85583881797677	7.797318273949727	0.00710888571620414
0.030720000000000004	0.5938263302611456	0.6842701127199151	58.9220914883679	7.5780266901964115	0.007308494293968657
0.032	0.5858120091650368	0.6773127637739625	57.101761197292056	7.37027939965954	0.007505546030624139
0.033280000000000004	0.5780377955671807	0.6705308059495758	55.3840111342305	7.17305033074171	0.007700205104695166
0.03456	0.5704892933322456	0.6639142678653382	53.75941065797501	6.985440578682438	0.007892626144486447
0.035840000000000004	0.5631535045351422	0.6574541520257695	52.219740023892136	6.806662914637683	0.008082944669950872
0.03712	0.5560184502993241	0.6511421245162715	50.75776917795509	6.636020029730129	0.008271289009517522
0.038400000000000004	0.5490732484003432	0.6449706184693341	49.3671323678209	6.472894914479575	0.008457772374328643
0.03968	0.5423078219042602	0.6389325923500417	48.042178174332406	6.316735890377399	0.0086425024986896
0.04096	0.5357129664157776	0.633021617517092	46.7778868063864	6.167050476829235	0.008825574978476688
0.04352	0.52302011286609	0.6215718968332599	44.41868483320747	5.8857637986502285	0.009186729800519206
0.04608	0.5109147619045508	0.6105640892224872	42.25306284095452	5.625553014677226	0.009542272038191088
0.04864	0.4993409253797005	0.5999582866816365	40.255501736699514	5.383832879196392	0.009892812966192833
0.0512	0.4882538038645848	0.5897227407586123	38.40583703821931	5.158525171537164	0.010238797368371733
0.05376	0.47761430890981027	0.5798295647543296	36.6872408421792	4.947880390679257	0.010580635450220012
0.05632	0.46738834691565323	0.5702544519594159	35.085500202863365	4.75041461879848	0.01091867161348659
0.05888	0.45754533422476207	0.5609754231083869	33.58847110113774	4.5648474265587415	0.011253232061310429
0.06144000000000001	0.4480582813664542	0.5519730891346083	32.185748484385776	4.390075452937883	0.011584591732500524
0.064	0.43890282269480546	0.5432298104693907	30.868332385089317	4.225134516738117	0.011913011402666198
0.06656000000000001	0.43005729920949914	0.5347299146860937	29.628424907766057	4.069183798172927	0.012238711800497149
0.06912	0.42150203523774254	0.5264590590762951	28.459201055556388	3.921480517159727	0.012561903480012918
0.07168000000000001	0.41321941272916834	0.5184044089897567	27.354680966165418	3.7813700988116885	0.012882765659166124
0.07424	0.40519332740135017	0.510554149153599	26.309576341186265	3.6482687754446235	0.01320147042044638
0.07680000000000001	0.3974092610048487	0.5028976362058404	25.319208077547533	3.521657392117067	0.013518164971397644
0.07936	0.3898538667071635	0.49542501859800214	24.37940067616971	3.4010691266962847	0.013832991546295298
0.08192	0.38251503824823074	0.48812736865241463	23.486427967004786	3.2860855231395103	0.014146072327835426
0.08704	0.36847984862171135	0.4740554041185204	21.83366165873735	3.0719722413093744	0.014766833935663897
0.09216	0.35518407983580935	0.4605896179233978	20.33044307354501	2.8760788195361746	0.01538194714671734
0.09728	0.3425557292696422	0.44767530615129125	18.957751843353904	2.696177342413012	0.015992174601129498
0.1024	0.33053952321950986	0.43527096839186113	17.700574994615845	2.530490655774295	0.016598028099855472
0.10752	0.319087244356115	0.4233401151231111	16.546118619233734	2.3775065954911407	0.0172000060704037
0.11264	0.3081567577150724	0.4118509421258568	15.483414855327231	2.2359309133378025	0.017798501247568682
0.11776	0.29771021279590293	0.4007745801161035	14.502981369751096	2.104638130819842	0.018393902091974983
0.12288000000000002	0.28771428032918683	0.3900856606962202	13.596635232810135	1.9826537101378325	0.01898651153855977
0.128	0.2781388770193247	0.37976105523446757	12.75724033422674	1.8691217716242023	0.019576630460230893
0.13312000000000002	0.2689573186306436	0.36978029424486863	11.97857398506007	1.7632934416996522	0.02016449251293456
0.13824	0.2601453385187912	0.3601245823037084	11.25515206841511	1.6645045157299456	0.020750332645021845
0.14336000000000002	0.2516812236718768	0.3507771410754037	10.582142760763986	1.5721680735557413	0.021334332756028005
0.14848	0.2435450722394465	0.34172244654608375	9.955246954605206	1.4857589124696378	0.021916678391573335
0.15360000000000001	0.2357189290094569	0.3329465254502433	9.370642732683473	1.404808915079272	0.022497512568710673
0.15872	0.22818621750598647	0.32443635772060403	8.824901686816558	1.328895967896192	0.02307698335793383
0.16384	0.2209318705931285	0.3161801346884578	8.314952416414306	1.2576410221071403	0.023655204200705212
0.17408	0.20726584473060528	0.3004460805519667	7.396790630050985	1.1282735864160902	0.02480747751854874
0.18432	0.19454551206875104	0.28559539947476076	6.589631731797479	1.013653911199164	0.025956047784088155
0.19456	0.18268151791885667	0.2715547537726572	5.87815736188306	0.9117906010235405	0.027101631853290117
0.2048	0.17160576286233728	0.25826957434138564	5.250007295543576	0.8210862031458568	0.028244584684898665
0.21504	0.16125656659821452	0.24568979254622095	4.694475578785449	0.7401697800845212	0.02938534830641017
0.22528	0.15157860537834397	0.23377048680017093	4.20236943157119	0.6678661216889725	0.03052418025835593
0.23552	0.142521111520039	0.2224696940129673	3.7657590211756737	0.6031558599668395	0.031661408408810876
0.24576000000000003	0.13403868437634983	0.21174980899347712	3.3778421336555677	0.54516073892604	0.03279721082785871
0.256	0.1260896885412094	0.20157574476684578	3.0327299595087744	0.4931147954349066	0.033931826438186194
0.26624000000000003	0.11863668732738289	0.1919158570067112	2.7253368569876226	0.44635335529670833	0.03506537606855704
0.27648	0.11164516767892729	0.18274047408217883	2.45123164862961	0.4042929398773865	0.03619803547289458
0.28672000000000003	0.10508386734488542	0.17402260993823312	2.206562595837387	0.3664237385826517	0.03732988645053351
0.29696	0.09892380934160622	0.16573682878937165	1.9879549315480014	0.33229566241999425	0.03846106025295717
0.30720000000000003	0.09313857749766771	0.1578598257528516	1.7924595580958271	0.3015131786956667	0.039591612198763074
0.31744	0.08770358047863729	0.15036954427632254	1.6174809879962142	0.27372545639092205	0.040721641805347396
0.32768	0.08259628270539722	0.1432456522313073	1.4607412877984614	0.2486227181376295	0.04185118633489813
0.34816	0.07336181564519675	0.1301162716286852	1.1967763163466638	0.20569344198714334	0.044108004756128
0.36864	0.06517616497129848	0.1182083615004175	0.982954829928233	0.17043544795945492	0.046363580050655905
0.38912	0.05791289644043783	0.10739847473620993	0.8094797549379186	0.14140528750081843	0.04861836658674848
0.4096	0.051470822664619706	0.0975885831028658	0.6686090334954319	0.11747472035137617	0.05087228993719903
0.43008	0.04575709501184053	0.08868623968313392	0.5540016862707585	0.09771927789098124	0.053125623671581065
0.45056	0.04068885494882937	0.0806073398250971	0.4605607844179796	0.08138735692796438	0.055378323985232916
0.47104	0.036191714668878966	0.07327413552733757	0.38419247438028026	0.0678648324144628	0.05763059962198388
0.49152000000000007	0.03220039468234314	0.06661702973237431	0.3216273474434303	0.05665301205650331	0.05988240916879694
0.512	0.028656792233462295	0.060572341674018905	0.27023885469398756	0.047343901269814734	0.062133905883285094
0.5324800000000001	0.025509965781123724	0.05508310356906701	0.22792304947688116	0.03960495347273789	0.06438505064552458
0.55296	0.02271461543663106	0.05009729294705581	0.1929840472313391	0.0331631629798691	0.0666359573200039
0.5734400000000001	0.02023095347145823	0.04556827158102313	0.16405763764636083	0.027795065904032933	0.06888659110682725
0.59392	0.01802359163528619	0.04145347400756376	0.14004139257860254	0.023316582152151023	0.0711370381409157
0.6144000000000001	0.016061394779853966	0.037714662899195936	0.12004416539066969	0.01957645911105076	0.0733872686973515
0.63488	0.014316664358888353	0.034316954325656325	0.10334289630176519	0.016449719240679696	0.07563734892795765
0.65536	0.012764994490572716	0.031228957189119444	0.08935162634239796	0.01383332175887889	0.07788725406616145
0.69632	0.010197530285354355	0.025943640747869423	0.06803010440707116	0.009851373192305116	0.08238584344862736
0.73728	0.008149101227060581	0.021552779349305842	0.05259215071745229	0.007029912778719907	0.08688402604473845
0.77824	0.006514694816979972	0.01790422311385261	0.04131024713388597	0.005025426323819073	0.09138210012115892
0.8192	0.005212866412772746	0.014876793793873576	0.032976763197853684	0.003599923449035709	0.0958798152404481
0.86016	0.00417620948211612	0.012365827651369031	0.026737936510466066	0.002584273264425404	0.10037736936610037
0.90112	0.0033504721580544985	0.01028342766940753	0.02200028662365098	0.0018591353872836718	0.10487463409365531
0.94208	0.0026922128787944307	0.00855597735923081	0.01834959573876173	0.0013402233229255155	0.10937175295562636
0.9830400000000001	0.002167044055759437	0.007122651265883339	0.015495882594455924	0.0009680934489599348	0.11386864846388858
1.024	0.0017476184080676713	0.005932904867250061	0.01323361817023079	0.0007006465094577039	0.11836541830761738
1.0649600000000001	0.0014123088186396063	0.0049450360600004776	0.011416162159298112	0.0005080503184559369	0.1228620139104661
1.10592	0.0011439241849507623	0.00412444046159486	0.009937439090225687	0.0003690786617020555	0.1273585017576924
1.1468800000000001	0.0009288509083036548	0.003442544454725498	0.00872009013514179	0.00026861398897849346	0.13185485124851767
1.18784	0.0007562615324933695	0.0028756441043431558	0.007706794934850931	0.00019585120148707047	0.1363511081800898
1.2288000000000001	0.0006175690758534596	0.0024041487476652306	0.006855077625407796	0.00014305911695890636	0.14084725336425824
1.26976	0.0005059382620549519	0.0020118064793312575	0.006132490360944282	0.00010468898616092985	0.1453433187745868
1.31072	0.0004159392468954458	0.0016851731896195656	0.0055143469667490366	7.675384835418019e-5	0.14983929250911557
1.39264	0.00028773275624394655	0.0011982721532926973	0.004539546953815032	4.2151261970545595e-5	0.15883080817355738
1.47456	0.00020184956696321462	0.0008549473334119914	0.0037878524790986444	2.3294928156176012e-5	0.16782207040075953
1.55648	0.00014397311632665633	0.0006125747025552889	0.0031985130083432224	1.2968592669704768e-5	0.17681318355062126
1.6384	0.00010474306585510124	0.00044155651970184385	0.002729327755661978	7.294543308587208e-6	0.18580409533175887
1.72032	7.787460460169208e-5	0.0003206609334874855	0.0023504076694928966	4.159184551071575e-6	0.19479486883706126
1.80224	5.922418120738898e-5	0.0002349198759604873	0.0020404781719109842	2.414189203160168e-6	0.20378548831772159
1.88416	4.6074275917512416e-5	0.00017385350048916735	0.0017841279562988291	1.434639647222631e-6	0.21277599303362707
1.9660800000000003	3.6640428033185334e-5	0.00013014332841469677	0.0015699922184902757	8.79143894914112e-7	0.22176637874531244
2.048	2.9744633009539434e-5	9.867261403686991e-5	0.0013895370607458488	5.601902932403843e-7	0.23075667027226834
2.1299200000000003	2.460415882082604e-5	7.586063265899905e-5	0.0012362581496711933	3.742144590024378e-7	0.23974686781277732
2.21184	2.0694833192211255e-5	5.919626012824493e-5	0.001105127038979803	2.636591521399305e-7	0.24873698784330872
2.2937600000000002	1.7662337996861624e-5	4.69150071365729e-5	0.0009922097985436437	1.9632712378846467e-7	0.2577270322073792
2.37568	1.5264781810110423e-5	3.777393581718374e-5	0.000894393961763769	1.5407536435087308e-7	0.266717012359428
2.4576000000000002	1.3335016304513534e-5	3.089502764349336e-5	0.000809193039668949	1.2659760756745756e-7	0.27570693060958673
2.53952	1.1756115760468244e-5	2.5656128033101807e-5	0.000734602284741953	1.0798482600845503e-7	0.2846967952294095
2.62144	1.0445077258673946e-5	2.1614691702753567e-5	0.0006689922393066722	9.48126441221035e-8	0.29368660851916273
2.78528	8.454196496763285e-6	1.611483710964658e-5	0.0005622356472532023	7.788469552314439e-8	0.3116660470254721
2.94912	6.9655751494767764e-6	1.248856346441455e-5	0.00047685206707791017	6.69793288463202e-8	0.3296453303405402
3.11296	5.821502227516087e-6	9.98171367736657e-6	0.00040773853966107005	5.91998605619793e-8	0.3476244910724198
3.2768	4.922813054043655e-6	8.17511811625144e-6	0.00035120067107371615	5.3283874298128064e-8	0.36560353697110537
3.44064	4.203639229448081e-6	6.823065927113842e-6	0.0003044885027899488	4.8605263752269686e-8	0.3835824890143652
3.60448	3.619207251636124e-6	5.778271000346685e-6	0.00026554433028368033	4.481337262733264e-8	0.40156135419163447
3.76832	3.138192479158153e-6	4.949720209860953e-6	0.0002328107040558264	4.168840324235384e-8	0.41954014677611473
3.9321600000000005	2.7380248838349704e-6	4.278970032471104e-6	0.00020509434574370093	3.9079944863457815e-8	0.43751887232254755
4.096	2.402019958390599e-6	3.727012243756061e-6	0.0001814641673835656	3.687870426368279e-8	0.45549754085338046
4.2598400000000005	2.117648526794454e-6	3.26686072482877e-6	0.00016120917815374357	3.500217506787038e-8	0.4734761567296945
4.42368	1.8752887304355868e-6	2.8791834793283606e-6	0.0001437478427920577	3.338656850241722e-8	0.49145472719627803
4.5875200000000005	1.6674438843183684e-6	2.5497045888222734e-6	0.00012862193069767769	3.1981831824051266e-8	0.509433255679053
4.75136	1.4882096895351426e-6	2.267631111784957e-6	0.00011546202109357376	3.074831859967086e-8	0.5274117475418938
4.9152000000000005	1.332884112673716e-6	2.0246312042158115e-6	0.00010396777748721613	2.9654429261504247e-8	0.545390205488045
5.07904	1.1976847728107096e-6	1.8141637245234565e-6	9.389307727469399e-5	2.86748697738762e-8	0.5633686335651322
5.24288	1.0795404887765089e-6	1.6310170208336785e-6	8.503470583300143e-5	2.7789331170891393e-8	0.5813470339168143
5.57056	8.906346949272651e-7	1.3393738203483691e-6	7.077851599986121e-5	2.6255564699061245e-8	0.6173037341086234
5.89824	7.424357921378496e-7	1.111768182604051e-6	5.949523344788927e-5	2.4930027996303887e-8	0.653260351038419
6.22592	6.250596398685962e-7	9.323679480470001e-7	5.048530311901956e-5	2.375374805616696e-8	0.6892169024410795
6.5536	5.313825670655294e-7	7.897737739434704e-7	4.324865635817718e-5	2.268803385483279e-8	0.7251733947284841
6.88128	4.561374914991347e-7	6.756009538059504e-7	3.7406541673504825e-5	2.1706859674013443e-8	0.7611298383729057
7.20896	3.953694641464827e-7	5.836247851150175e-7	3.2668218020051726e-5	2.0792564850581208e-8	0.797086237675548
7.53664	3.460564665415193e-7	5.091405046704666e-7	2.8808197412786197e-5	1.9933032227553718e-8	0.8330425995100414
7.864320000000001	3.0585840166876167e-7	4.485343452156144e-7	2.5650084773855314e-5	1.911982650943454e-8	0.8689989267768864
8.192	2.729454246528251e-7	3.98996434297278e-7	2.305490448864333e-5	1.8346964043409837e-8	0.9049552240878481
8.519680000000001	2.4587593878168913e-7	3.583219082469201e-7	2.0912527551790283e-5	1.7610099430975927e-8	0.9409114934082974
8.84736	2.2350750926724862e-7	3.247685794677971e-7	1.9135275388707205e-5	1.6905986838757774e-8	0.9768677378951406
9.175040000000001	2.0493051813666553e-7	2.9695238058826637e-7	1.7653081108884307e-5	1.623212314967157e-8	1.0128239588994852
9.50272	1.8941799788023497e-7	2.737690684673087e-7	1.6409783465654784e-5	1.5586511094965015e-8	1.0487801586322598
9.830400000000001	1.763872101569009e-7	2.543346740256359e-7	1.5360258791776785e-5	1.49675019797623e-8	1.0847363380394677
10.15808	1.653699090517377e-7	2.3793966215390937e-7	1.4468181585958077e-5	1.4373690929698996e-8	1.1206924987076539
10.48576	1.5598911971147858e-7	2.2401328533958132e-7	1.370426333380527e-5	1.3803847059601523e-8	1.1566486413181836
11.14112	1.4153389089048267e-7	2.0262327988885637e-7	1.2515197866304163e-5	1.2740047102199795e-8	1.2285608567032171
11.79648	1.3035359572647453e-7	1.8618397699938e-7	1.1583584275397621e-5	1.1759066006445931e-8	1.3004730088900829
12.45184	1.2140241940890495e-7	1.7310236017365472e-7	1.0827935486013762e-5	1.0853841082054636e-8	1.372385105371
13.1072	1.1400905456776693e-7	1.6235630275838598e-7	1.0196147390887357e-5	1.0018398443156923e-8	1.444297147695415
13.76256	1.0772221880991014e-7	1.5326286120386345e-7	9.65297912802005e-6	9.247308181240408e-9	1.5162091401414404
14.41792	1.022355543365426e-7	1.453601629660829e-7	9.174428049495249e-6	8.535589749897248e-9	1.5881210840494655
15.07328	9.733999631960678e-8	1.383335722605753e-7	8.7440797242825e-6	7.878660359890619e-9	1.660032982559237
15.728640000000002	9.289218734807756e-8	1.3196758695228488e-7	8.350652919558664e-6	7.272296803765723e-9	1.7319448369737647
16.384	8.879323850559038e-8	1.2611373129697202e-7	7.986342683490582e-6	6.712604168028194e-9	1.8038566497625268
17.039360000000002	8.497439509006476e-8	1.2066893274049134e-7	7.645701160625014e-6	6.195988900306495e-9	1.8757684222147735
17.69472	8.138735183620129e-8	1.1556092052295294e-7	7.324881165601579e-6	5.719134786580238e-9	1.9476801563733797
18.350080000000002	7.79977056502056e-8	1.1073835638123286e-7	7.021124685658912e-6	5.278981233429098e-9	2.0195918535053505
19.00544	7.478052714477924e-8	1.0616415991812913e-7	6.732416823258762e-6	4.872703393393596e-9	2.0915035153607873
19.660800000000002	7.171736365895926e-8	1.0181099200825952e-7	6.457251542140286e-6	4.497693936873079e-9	2.1634151431687934
20.31616	6.879420978030859e-8	9.765819667336492e-8	6.194472985929394e-6	4.15154625714669e-9	2.2353267384642983
20.97152	6.600013197201713e-8	9.36897289036969e-8	5.943167900651578e-6	3.8320390030021826e-9	2.307238302424767
22.28224	6.084709062941742e-8	8.6372381031922e-8	5.479362602577275e-6	3.2733262456504523e-9	2.451061315783836
23.59296	5.611054063959589e-8	7.964769152154994e-8	5.052986298063581e-6	2.796480835863079e-9	2.594884218653391
24.90368	5.1748498928313806e-8	7.345527975594591e-8	4.660248155016577e-6	2.389120584496925e-9	2.7387070214802014
26.2144	4.772857824984055e-8	6.774882478685007e-8	4.298274958519246e-6	2.0411017378418e-9	2.8825297315729
27.52512	4.402260207748907e-8	6.248816639454266e-8	3.9645516511828085e-6	1.7437789200008759e-9	3.0263523564258445
28.83584	4.060535409701932e-8	5.7637431738911134e-8	3.6568182323373486e-6	1.4897670998557013e-9	3.1701749023793884
30.14656	3.745396393380479e-8	5.316411728040961e-8	3.3730206327846066e-6	1.2727570803242687e-9	3.3139973757242034
31.457280000000004	3.454753888857614e-8	4.903854589906122e-8	3.1112802339555353e-6	1.0873587467215239e-9	3.457819781936784
32.768	3.186691590790209e-8	4.523350538414576e-8	2.869872825662998e-6	9.2896718039624e-10	3.6016421263343026
34.078720000000004	2.939447845289286e-8	4.172398377747403e-8	2.647212767940253e-6	7.936482771296705e-10	3.7454644136115807
35.38944	2.7114010801454144e-8	3.8486960165694176e-8	2.441840203540697e-6	6.780410260274071e-10	3.889286648278771
36.700160000000004	2.501057557974581e-8	3.5501229610168566e-8	2.252410200465436e-6	5.792740243963236e-10	4.033108834344323
38.01088	2.3070406982414916e-8	3.274725093977911e-8	2.077683224829536e-6	4.948941539470751e-10	4.1769309756412785
39.321600000000004	2.1280815535348835e-8	3.0207011229687735e-8	1.916516611195986e-6	4.2280564745041296e-10	4.320753075584532
40.63232	1.9630101998111365e-8	2.7863903409463555e-8	1.7678568342415818e-6	3.612180317914093e-10	4.46457513743523
41.94304	1.810747891443409e-8	2.5702614807819952e-8	1.6307324579321822e-6	3.086016545966165e-10	4.608397164099047
44.56448	1.5482088382854946e-8	2.1976293463540827e-8	1.394240916261443e-6	2.27412524424206e-10	4.896041094660803
47.18592	1.3240782847289457e-8	1.8794833251298714e-8	1.1924038599865307e-6	1.6768167688170753e-10	5.1836849159058875
49.80736	1.1324240819819876e-8	1.607435937070244e-8	1.0198101093615502e-6	1.2364396618485054e-10	5.471328645601293
52.4288	9.685176620662395e-9	1.3747762529547719e-8	8.722038074382706e-7	9.117206348917904e-11	5.758972296583287
55.05024	8.283388237889716e-9	1.1757972021312975e-8	7.459652911890273e-7	6.72281714749787e-11	6.0466158807330705
57.67168	7.084516501782932e-9	1.0056215249525429e-8	6.380004233915224e-7	4.957256825805977e-11	6.334259407313252
60.29312	6.059181131708384e-9	8.60078768042243e-9	5.456633863601414e-7	3.6553767123223974e-11	6.621902885067402
62.91456000000001	5.182257699645292e-9	7.356025911411086e-9	4.6669161287466446e-7	2.6954014705127136e-11	6.909546320713631
65.536	4.432260588339648e-9	6.2914317546541294e-9	3.991502225398837e-7	1.9875377135256648e-11	7.197189720695745
68.15744000000001	3.7908156075591096e-9	5.380923619228149e-9	3.4138453049805635e-7	1.4655744667942803e-11	7.484833089879039
70.77888	3.242209155974944e-9	4.602196551285024e-9	2.91979448690513e-7	1.0806896563473678e-11	7.772476433018139
73.40032000000001	2.773002784097951e-9	3.93617511197924e-9	2.4972477631891055e-7	7.968832342691627e-12	8.060119753630298
76.02176	2.371703646192715e-9	3.3665455903132935e-9	2.1358552303535458e-7	5.876097225934697e-12	8.347763055228494
78.64320000000001	2.0284827229361766e-9	2.8793560264098775e-9	1.8267653391841283e-7	4.332951644405015e-12	8.635406340350123
81.26464	1.734933878389932e-9	2.462674198835115e-9	1.5624079162117472e-7	3.1950620402545174e-12	8.923049611594745
83.88608	1.4838678272919323e-9	2.106295166604068e-9	1.3363086227759508e-7	2.3560002396767817e-12	9.210692870788288
89.12896	1.1037239410696512e-9	1.5667438870398263e-9	9.938871214825359e-8	1.3242336396945368e-12	9.785979345633955
94.37184	8.21867369661018e-10	1.1666444115612325e-9	7.400857839341772e-8	7.460718362097051e-13	10.361265790474823
99.61472	6.12045656982957e-10	8.688008701417594e-10	5.511436071669443e-8	4.2040734434622587e-13	10.936552215524713
104.8576	4.5579586426841903e-10	6.470036973367741e-10	4.1044164352758285e-8	2.369006908619664e-13	11.511838624509444
110.10048	3.394364072358301e-10	4.81831051686465e-10	3.0566063306771856e-8	1.3349469613654683e-13	12.087125022894726
115.34336	2.527828808170875e-10	3.588260829121546e-10	2.2762962765340452e-8	7.522514205773637e-14	12.662411412390039
120.58624	1.882513086476586e-10	2.6722330640555395e-10	1.6951930829751883e-8	4.238999076954718e-14	13.237697796261441
125.82912000000002	1.401939893744987e-10	1.9900578859050267e-10	1.2624395657359344e-8	2.3887182448280094e-14	13.812984175215751
131.072	1.0440511521872541e-10	1.482033698099192e-10	9.401626896623315e-9	1.3460705671604833e-14	14.388270551237127
136.31488000000002	7.775263338650953e-11	1.103700899196539e-10	7.0015851045376015e-9	7.585287092464381e-15	14.96355692454117
141.55776	5.7904103914910766e-11	8.219504228253505e-11	5.214235449736171e-9	4.274423075501801e-15	15.538843296354708
146.80064000000002	4.3122552332653425e-11	6.121258574576195e-11	3.883164391387417e-9	2.4087086460535927e-15	16.114129666668276
152.04352	3.2114444607671835e-11	4.558654446508507e-11	2.891889926684152e-9	1.3573514587862032e-15	16.68941603625477
157.28640000000001	2.391647622274126e-11	3.394950455137605e-11	2.153667022591381e-9	7.648946560777141e-16	17.264702405014535
162.52928	1.7811264993347013e-11	2.5283139710123122e-11	1.6038958076402034e-9	4.31034668524844e-16	17.839988773443878
167.77216	1.3264568068557424e-11	1.8829090542893344e-11	1.1944680022276517e-9	2.4289805270401335e-16	18.41527514141851
178.25792	7.744220627730292e-12	1.0993673145776818e-11	6.972453288028378e-10	8.543373584337749e-17	19.56584787281768
188.74368	4.542086721899252e-12	6.447887066701679e-12	4.089532746980863e-10	3.0337904735318645e-17	20.716420603264528
199.22944	2.6652032861716924e-12	3.783481081285546e-12	2.3996620917345934e-10	1.078245395985392e-17	21.866993334769397
209.7152	1.5639531630651716e-12	2.220163306744028e-12	1.408132728704194e-10	3.832509754577966e-18	23.017566066091074
220.20096	9.177385018929092e-13	1.3028071366207298e-12	8.263020093084753e-11	1.3622345028549772e-18	24.168138798102692
230.68672	5.38535787365214e-13	7.644969293157237e-13	4.848801739916083e-11	4.841956484006385e-19	25.31871153006816
241.17248	3.1601706036140664e-13	4.4861284561426933e-13	2.8453152268061933e-11	1.7210370870102732e-19	26.469284262448536
251.65824000000003	1.854414750193187e-13	2.632497992786181e-13	1.6696549659483524e-11	6.117303803834599e-20	27.619856994822246
262.144	1.0881872508991945e-13	1.544773492670672e-13	9.797685510654095e-12	2.1743549855282555e-20	28.770429727437143
272.62976000000003	6.385587082126194e-14	9.064878899407675e-14	5.749375776783845e-12	7.728612007205275e-21	29.92100246005486
283.11552	3.747127604009465e-14	5.3193633544971935e-14	3.3737923316587357e-12	2.747092470696858e-21	31.071575192810165
293.60128000000003	2.198855027411481e-14	3.1214599775346625e-14	1.979777853495574e-12	9.764405703287541e-22	32.222147925569296
304.08704	1.2903133181623624e-14	1.8317084706083e-14	1.1617563245770538e-12	3.4707165762562507e-22	33.37272065840604
314.57280000000003	7.571714584828569e-15	1.0748686806562193e-14	6.817326606027263e-13	1.2336538157567242e-22	34.523293391245666
325.05856	4.443178495556447e-15	6.307466234215397e-15	4.0004940277066196e-13	4.384986881962657e-23	35.67386612412879
335.54432	2.607316501453909e-15	3.701305454541454e-15	2.3475433401263195e-13	1.5586339568986597e-23	36.82443885701379
356.51584	1.0234868236270298e-15	1.4531365016357571e-15	9.211749408041008e-14	2.5560624102057053e-24	39.125584322649466
377.48736	4.0952077686656555e-16	5.81419898582162e-16	3.6860913413679435e-14	4.3589292035651735e-25	41.426729788277925
398.45888	1.6430777507899454e-16	2.332757118702923e-16	1.4789503895155385e-14	7.473336903613546e-26	43.72787525399351
419.4304	6.594772836904539e-17	9.362913775511433e-17	5.9360272841223576e-15	1.282208622197713e-26	46.029020719713586
440.40192	2.6470414870679327e-17	3.7581310626629636e-17	2.3826312717992915e-15	2.2000880643995534e-27	48.33016618546404
461.37344	1.0624843608787024e-17	1.5084597538781528e-17	9.563538686706954e-16	3.775052826080163e-28	50.63131165121606
482.34496	4.264647929382873e-18	6.0547243152328665e-18	3.8386563591800874e-16	6.477443311875261e-29	52.93245711697856
503.31648000000007	1.7117592033259031e-18	2.430266326191553e-18	1.5407731595632495e-16	1.1114293912653534e-29	55.233602582741604
524.288	6.870703397335181e-19	9.754666041112578e-19	6.184394947793505e-17	1.907032937405654e-30	57.53474804850825
545.2595200000001	2.75777562238484e-19	3.9153459332022893e-19	2.4823037809146833e-17	3.2721476481334284e-31	59.83589351427508
566.23104	1.10691932944345e-19	1.5715463282768652e-19	9.963500742711278e-18	5.614436974742902e-32	62.13703898004316
587.2025600000001	4.4429601667629936e-20	6.307883185023723e-20	3.9991564315532324e-18	9.633372074366824e-33	64.4381844458113
608.17408	1.783316138148609e-20	2.531859299842191e-20	1.6051820693241317e-18	1.652910729985499e-33	66.73932991157986
629.1456000000001	7.157869601482019e-21	1.0162370282477689e-20	6.442875366409619e-19	2.8360867285129378e-34	69.04047537734843
650.11712	2.8730208939396452e-21	4.0789654050581235e-21	2.5860369181349947e-19	4.866186348432881e-35	71.34162084311717
671.08864	1.153170100915408e-21	1.6372108564814938e-21	1.0379807477734796e-19	8.349436017016641e-36	73.64276630888592
713.03168	2.3384909346481396e-22	3.321211931286666e-22	2.103035216083725e-20	3.881399120219042e-37	78.24505724042335
754.97472	5.1287024837120305e-23	7.283430588195865e-23	4.6133080206402494e-21	2.1149387873769348e-38	82.84734817196076
796.91776	1.1505236983846359e-23	1.633844782605566e-23	1.0349774555252325e-21	1.2053417831289793e-39	87.44963910349823
838.8608	2.59650023923307e-24	3.687235693931564e-24	2.3357735870311007e-22	6.951609184763989e-41	92.05193003503571
880.80384	5.868900563226578e-25	8.33429075172105e-25	5.2795986638330184e-23	4.021620823988312e-42	96.65422096657319
922.74688	1.3270860518981133e-25	1.8845636711430443e-25	1.1938333256459486e-23	2.328424434473031e-43	101.25651189811069
964.68992	3.0011358997778565e-26	4.261842074568825e-26	2.6997924833118116e-24	1.348375907783364e-44	105.85880282964818
1006.6329600000001	6.787081378522643e-27	9.638173509543477e-27	6.105592260480741e-25	7.808745853665428e-46	110.46109376118568
1048.576	1.534909250380033e-27	2.1796882781676992e-27	1.38078939400471e-25	4.522265571311791e-47	115.06338469272318
1090.5190400000001	3.471222421981082e-28	4.929400796540668e-28	3.122677784865982e-26	2.6189729927220618e-48	119.66567562426066
1132.46208	7.850218703381209e-29	1.114790985589601e-28	7.061979924627975e-27	1.5167190198337525e-49	124.26796655579814
1174.4051200000001	1.7753359394034717e-29	2.521112586029188e-29	1.5970748064819633e-27	8.78371434062949e-51	128.87025748733564
1216.34816	4.014937710322501e-30	5.701518144519994e-30	3.6117985359773925e-28	5.086865298438192e-52	133.47254841887312
1258.2912000000001	9.079806289365535e-31	1.2894018392326705e-30	8.168104426781608e-29	2.94592229597361e-53	138.07483935041063
1300.23424	2.053401566979195e-31	2.9159870714498247e-31	1.847219821292863e-29	1.7060486513178167e-54	142.6771302819481
1342.17728	4.643770603396735e-32	6.594509007094756e-32	4.177490223262775e-30	9.880084696549463e-56	147.2794212134856
1426.06336	1.0701012403551664e-33	1.5227668359057509e-33	9.56959362076972e-32	6.607352035283662e-59	156.4840030765606
1509.94944	-1.5178009545549205e-34	-2.1539786432839005e-34	-1.3679789658196203e-32	1.7200997059743172e-60	165.68858493963566
1593.83552	-3.1140830253719045e-35	-4.422530496633669e-35	-2.8011804351142453e-33	9.188022417085266e-62	174.8931668027107
1677.7216	-3.838604698531768e-36	-5.4524559212283015e-36	-3.451119122906099e-34	1.7766600362243485e-63	184.0977486657857
1761.60768	-3.878170333757741e-37	-5.5091914850813986e-37	-3.485702380949645e-35	2.308923630101171e-65	193.30233052886072
1845.49376	-3.44270063159855e-38	-4.890944217447222e-38	-3.093629454626624e-36	2.3169148971742756e-67	202.5069123919357
1929.37984	-2.732997940970916e-39	-3.882973364751666e-39	-2.4553665728013797e-37	1.8593052992665125e-69	211.71149425501073
2013.2659200000003	-1.9196570558099322e-40	-2.7276442776831728e-40	-1.7241989190328746e-38	1.1679851029408192e-71	220.91607611808575
2097.152	-1.132179802135019e-41	-1.6089556620359202e-41	-1.0164622135593216e-39	5.171179150495866e-74	230.12065798116078
2181.0380800000003	-4.564028582028164e-43	-6.488786957289233e-43	-4.092428729692406e-41	1.0678589644042071e-76	239.3252398442358
2264.92416	6.205946680198745e-45	8.775691736453676e-45	5.651907556949567e-43	2.5946948538306596e-80	248.52982170731082
2348.8102400000002	4.106530079225624e-45	5.830913720982129e-45	3.695873701496268e-43	1.413432191473998e-80	257.73440357038584
2432.69632	6.010219301276072e-46	8.53647234587884e-46	5.404622082472949e-44	3.8504894904249754e-82	266.93898543346086
2516.5824000000002	6.600370369085515e-47	9.375845901406436e-47	5.933164572381193e-45	5.911566980775223e-84	276.1435672965359
2600.46848	6.218189028560947e-48	8.833685515065166e-48	5.588275780347378e-46	6.680824011449452e-86	285.34814915961084
2684.35456	5.213957041281429e-49	7.407584763584461e-49	4.68479707200339e-47	5.981367469780583e-88	294.55273102268575
2852.12672	-1.5681818751399367e-49	-2.23037990604482e-49	-1.4057580743408083e-47	8.553201378610626e-89	312.9618947488358
3019.89888	-1.358002423385237e-50	-1.93026257232808e-50	-1.21898670067047e-48	1.0199191316567061e-90	331.37105847498583
3187.67104	-5.69330478652848e-52	-8.088575866850984e-52	-5.115305063774827e-50	2.8479307334488256e-93	349.7802222011359
3355.4432	-2.7680678433892195e-54	-3.906191678835531e-54	-2.520655722376726e-52	1.0965518677698321e-97	368.18938592728597
3523.21536	1.5022175373172237e-54	2.13625866767889e-54	1.3471254161255539e-52	4.966309249033045e-98	386.59854965343607
3690.98752	1.2354129289324066e-55	1.7559361307700648e-55	1.1090210776627292e-53	5.33719257669321e-100	405.00771337958605
3858.75968	4.950593695799084e-57	7.033130060318107e-57	4.448340308997822e-55	1.361585301165939e-102	423.41687710573615
4026.5318400000006	7.626833962775394e-60	1.0585353398053728e-59	7.170868141007689e-58	5.6105817100431255e-108	441.8260408318862
4194.304	-1.4323433426131388e-59	-2.0367944050060114e-59	-1.2845903593697935e-57	2.855021004902296e-107	460.23520455803623
4362.0761600000005	-1.1214346395282652e-60	-1.5938987385689356e-60	-1.0067494701200829e-58	2.780599134099933e-109	478.6443682841863
4529.84832	-4.286911627436936e-62	-6.089989845464531e-62	-3.8523356402728076e-60	6.4559383401372305e-112	497.0535320103364
4697.6204800000005	8.947408311861576e-65	1.2947951753777186e-64	7.738560456948378e-63	4.130922707137037e-117	515.4626957364866
4865.39264	1.3595886639328801e-64	1.933252195119034e-64	1.2194487333960925e-62	1.6265573335388474e-116	533.8718594626366
5033.1648000000005	1.0157267646942303e-65	1.4436231162588569e-65	9.118935308936773e-64	1.4422685204661189e-118	552.2810231887867
5200.93696	3.6953305652644734e-67	5.24933196014983e-67	3.3210522062491116e-65	3.0333661295330207e-121	570.6901869149368
5368.70912	-2.2482763694027274e-69	-3.2163823627976295e-69	-1.9917655819937615e-67	1.7300770593228037e-125	589.0993506410869
5704.25344	-1.0652373285700502e-68	-1.5205472559051972e-68	-9.464578828091279e-67	9.158708038418054e-124	625.9176780933869
6039.79776	-3.48351093551709e-70	-4.958689069740171e-70	-3.1160881480726174e-68	2.3139648130962803e-126	662.736005545687
6375.34208	-1.1930330272664917e-73	-1.2623082858111708e-73	-1.6803859158873478e-71	1.5676659150571277e-132	699.5543329979871
6710.8864	3.7015692100852935e-73	5.282532573125916e-73	3.2914906763184938e-71	1.4012058351016698e-131	736.3726604502872
7046.43072	1.2401962492946106e-74	1.7651809152357144e-74	1.1094294044552072e-72	3.708479384929177e-134	773.1909879025873
7381.97504	1.360121871094677e-77	1.7854053823189045e-77	1.428995554106556e-75	1.4333030094185589e-139	810.0093153548872
7717.51936	-1.2871144661056905e-77	-1.836949979785625e-77	-1.14436099196808e-75	2.1413224598746854e-139	846.8276428071873
8053.063680000001	-4.413865668485596e-79	-6.282674581856e-79	-3.94792715399233e-77	5.937094551639392e-142	883.6459702594873
8388.608	-8.09200652308906e-82	-1.0994168799554637e-81	-7.977111102811013e-80	5.646855944632402e-147	920.4642977117874
8724.152320000001	4.473039173833173e-82	6.384275015661049e-82	3.97634017851202e-80	3.2686032858759294e-147	957.2826251640873
9059.69664	1.570075870837632e-83	2.234970478054572e-83	1.4041482560439803e-81	9.495127541226625e-150	994.1009526163874
9395.240960000001	4.010787075512497e-86	5.526697739516303e-86	3.8445410058428146e-84	1.6582255048366495e-154	1030.9192800686874
9730.78528	-1.5535789599417037e-86	-2.2175412001027216e-86	-1.3808527342715861e-84	4.983437858356912e-155	1067.7376075209875
10066.329600000001	-5.582129942255398e-88	-7.946506995931355e-88	-4.991553347861931e-86	1.516999632785279e-157	1104.5559349732875
10401.87392	-1.8205364156570857e-90	-2.527994430710804e-90	-1.7177425327860266e-88	4.1851391575451775e-162	1141.3742624255876
10737.41824	5.392647739077574e-91	7.697872731501303e-91	4.792337535681843e-89	7.588715736857516e-163	1178.1925898778877
11408.50688	1.568365518096001e-91	2.2624946572764852e-91	1.3573656848006796e-89	2.724107644851904e-163	1251.8292447824879
12079.59552	1.7371157060962753e-93	2.4792797840001817e-93	1.544706742538235e-91	1.5414916266153536e-166	1325.465899687088
12750.68416	-2.4315530797530312e-95	-3.536870964868149e-95	-2.069587698431832e-93	1.2056898353255193e-169	1399.1025545916882
13421.7728	-8.124477109762573e-97	-1.1667148798209669e-96	-7.116768041310153e-95	6.210323309548204e-172	1472.7392094962886
14092.86144	-2.9400811945515403e-99	-4.092229680244112e-99	-2.74991168526427e-97	4.038785931067763e-176	1546.3758644008888
14763.95008	2.0259275295081428e-100	2.9251533755086735e-100	1.7530889857185603e-98	7.1496402135804e-178	1620.012519305489
15435.03872	3.382284319050804e-102	4.838633679197539e-102	2.9873047480871004e-100	9.042698200328409e-181	1693.6491742100893
16106.127360000002	-1.7611203922846077e-104	-2.598520288011702e-104	-1.4487728370074699e-102	9.264079141792942e-185	1767.2858291146895
16777.216	-1.2143179976885887e-105	-1.7470087768146294e-105	-1.059256772979097e-103	2.1570829792908078e-186	1840.9224840192896
17448.304640000002	-9.902164105143117e-108	-1.405516350497297e-107	-8.895148425010928e-106	6.625725458948035e-190	1914.5591389238896
18119.39328	2.344007593423754e-109	3.395972586192347e-109	2.012710174436337e-107	1.4775840959303385e-192	1988.1957938284897
18790.481920000002	5.8265853075164995e-111	8.355846500639192e-111	5.118604950506261e-109	4.162513300087297e-195	2061.83244873309
19461.57056	3.392486143873241e-114	3.850986732476375e-114	4.348353223318717e-112	1.3084728793073984e-200	2135.4691036376903
20132.659200000002	-1.672829607711494e-114	-2.4115868226768084e-114	-1.4525703423656276e-112	6.359926930446793e-201	2209.1057585422905
20803.74784	-2.1780512828153966e-116	-3.1093232055524086e-116	-1.9325523153886133e-114	4.903463927737236e-204	2282.7424134468906
21474.83648	2.2178964023758784e-118	3.2353843088986432e-118	1.8745830398534355e-116	2.0096134025949912e-207	2356.379068351491
22817.01376	7.944087717612842e-119	1.1965715645916432e-118	6.149918966962665e-117	2.7402716690244976e-207	2503.6523781606916
24159.19104	2.61126652197756e-121	3.760458622283108e-121	2.280818749477186e-119	4.329674391767209e-211	2650.925687969892
25501.36832	-3.3943250712663706e-123	-5.1725898995755424e-123	-2.617819059330679e-121	6.420233454584181e-214	2798.198997779092
26843.5456	-2.8102833327518715e-125	-4.1204059211911056e-125	-2.3439922631683704e-123	5.770542439814651e-217	2945.4723075882926
28185.72288	8.509385347338207e-128	1.3523035165840113e-127	5.968987636164891e-126	4.191676153837369e-221	3092.745617397493
29527.90016	1.9595615295403888e-129	2.9086554982760035e-129	1.592328586314097e-127	3.3409060528709543e-223	3240.018927206693
30870.07744	2.76416176344782e-132	3.599862691982694e-132	2.786275893536483e-130	1.1456338517105535e-227	3387.2922370158935
32212.254720000004	-1.0269689482304868e-133	-1.5434028447815973e-133	-8.134953208502733e-132	1.0937138445066472e-229	3534.565546825094
33554.432	-5.6304867226678236e-136	-8.142397383315156e-136	-4.805340981403452e-134	4.274028926649899e-233	3681.838856634294
34896.609280000004	3.7429362917814017e-138	5.749635812938306e-138	2.829616888753592e-136	1.6597384421546287e-236	3829.112166443495
36238.78656	4.731045174057454e-140	6.974016069926964e-140	3.894594073803696e-138	3.5213086173359032e-239	3976.3854762526958
37580.963840000004	-3.134970702327601e-143	-5.965861658085815e-143	-1.1229366310450111e-141	3.2785778697955217e-245	4123.6587860618965
38923.14112	-2.864682458188545e-144	-4.275576165334773e-144	-2.3010265817933097e-142	1.5417486907894708e-245	4270.932095871097
40265.318400000004	-9.418948193308298e-147	-1.331224195614173e-146	-8.374205339223175e-145	2.286929834344981e-249	4418.205405680297
41607.49568	1.2907072625129973e-148	1.955645590619519e-148	1.0050352450948033e-146	3.6891263051651415e-252	4565.4787154894975
42949.67296	1.0520785537072369e-150	1.538501341711703e-150	8.794890792067694e-149	3.1638592452824895e-255	4712.752025298698
45634.02752	6.041181682389907e-152	1.0513397907830617e-151	2.406629925417596e-150	2.5560576244758135e-256	5007.2986449170985
48318.38208	1.5227354715158627e-155	2.2633730101838565e-155	1.3776772236032245e-153	7.606515280532185e-261	5301.845264535499
51002.73664	-3.0820453509889925e-157	-6.617699691686909e-157	-8.370660380867003e-156	2.1574136499884518e-263	5596.3918841539
53687.0912	-2.1596816068273184e-160	-3.683709673643457e-160	-1.3031623998946586e-158	3.499259425763134e-267	5890.9385037723005
56371.44576	1.444530893258571e-162	3.8248279429376755e-162	3.1872514548942325e-161	1.2680969810904993e-270	6185.485123390701
59055.80032	1.9620906159958347e-165	3.7127679656212635e-165	1.0049477932132279e-163	7.157596863577046e-274	6480.031743009102
61740.15488	-6.13575177902156e-168	-2.0632265202794928e-167	-9.714117733084453e-167	3.649806936360232e-278	6774.578362627502
64424.50944000001	-1.5034132005520726e-170	-3.112664458016037e-170	-6.961683006267247e-169	9.996145344904186e-281	7069.124982245902
67108.864	2.0723472869811453e-173	1.0177784455909852e-172	-3.495718873868973e-173	1.3264500556151582e-287	7363.671601864303
69793.21856000001	1.0231773453073615e-175	2.3174468306127e-175	4.303763465124236e-174	1.0502881323514147e-287	7658.2182214827035
72477.57312	-2.2425029510246915e-179	-4.3443458073533675e-178	4.159541103365943e-177	5.103877963344655e-292	7952.764841101104
75161.92768000001	-6.226425644793762e-181	-1.5641177335131396e-180	-2.323282270786955e-179	8.264449793068786e-295	8247.311460719506
77846.28224	-4.790892738803367e-184	1.3518811297439638e-183	-4.749625181623384e-182	1.7905105683335781e-298	8541.858080337906
80530.63680000001	3.327743981321698e-186	9.599349765210875e-186	1.0282392484966583e-184	4.3469965955327256e-302	8836.404699956307
83214.99136	6.244074766727084e-189	-6.017799328726337e-191	3.938341085903732e-187	3.3021857364458727e-305	9130.951319574708
85899.34592	-1.4673672737549522e-191	-5.2954049943327714e-191	-2.8703078125206207e-190	9.0805555447328e-310	9425.497939193108
91268.05504	-5.331400779611565e-192	-2.34878194381334e-191	6.117781659227766e-191	1.17298773630713e-309	10014.59117842991
96636.76416	2.3571116279899253e-196	-1.7096361818301326e-196	2.944158657723441e-194	1.17746296e-314	10603.684417666711
102005.47328	8.361603165170716e-198	5.800157132197928e-197	-1.1548466641037487e-196	2.7564164e-317	11192.777656903514
107374.1824	-6.490484453262371e-202	1.768969648297295e-201	-3.626606986820886e-200	1.235e-321	11781.870896140315
112742.89152	-1.5157045220214514e-203	-1.476550306548024e-202	-5.031413909094391e-204	0.0	12370.964135377117
118111.60064	1.8398288750550672e-208	-1.0338836675211034e-206	-5.708839896843713e-206	0.0	12960.057374613918
123480.30976	2.814682065790198e-209	3.765875707533712e-208	7.509423676538898e-209	0.0	13549.150613850721
128849.01888000002	1.3391096566022564e-213	4.036743652809999e-212	8.99871276038706e-212	0.0	14138.243853087522
134217.728	-5.090182858489031e-215	-9.5734183442625e-214	-1.792731819204548e-215	0.0	14727.337092324324
139586.43712000002	-3.272960140227577e-219	-1.3435346572494616e-217	3.2454683813792817e-218	0.0	15316.430331561125
144955.14624	9.156010564106626e-221	2.431825595413563e-219	-1.46753274541173e-221	0.0	15905.523570797926
150323.85536000002	6.828429685764973e-225	4.2173841663905395e-223	-1.138005583972236e-223	0.0	16494.616810034728
155692.56448	-1.6506798851784965e-226	-6.175312471585919e-225	-8.628556420384618e-228	0.0	17083.71004927153
161061.27360000001	-1.6070839793880477e-230	-1.2802483177595095e-228	1.5276960399585542e-230	0.0	17672.80328850833
166429.98272	2.9707072448968123e-232	1.5673635436420117e-230	-1.9936623523527958e-233	0.0	18261.89652774513
171798.69184	3.701181016634927e-236	3.7854111294452753e-234	8.915946447862444e-236	0.0	18850.989766981937
182536.11008	1.4568822126871941e-236	1.629387645372199e-234	7.115244094410405e-237	0.0	20029.176245455543
193273.52832	1.4543987918573609e-241	2.2515004873733127e-239	4.496559902210272e-241	0.0	21207.362723929145
204010.94656	-1.3131354099877789e-242	-2.0731388381103037e-240	2.7493112777039694e-244	0.0	22385.549202402748
214748.3648	-2.8388321214780033e-247	-6.341254526792033e-245	2.9634993805201516e-247	0.0	23563.73568087635
225485.78304	1.18324904806459e-248	2.6371589236689693e-246	-3.8377636053202e-250	0.0	24741.922159349953
236223.20128	3.9639002583221705e-253	1.2492041481106031e-250	-1.1221073004126432e-254	0.0	25920.108637823556
246960.61952	-1.0665051343424708e-254	-3.353893380903712e-252	-7.866558081214793e-257	0.0	27098.29511629716
257698.03776000004	-4.8458044280870077e-259	-2.152139438265957e-256	-4.0579933611291136e-260	0.0	28276.481594770765
268435.456	9.610581340559933e-261	4.264477673722342e-258	7.2766927164496295e-264	0.0	29454.668073244367
279172.87424000003	5.510325268479486e-265	3.453884959329156e-262	-7.737127401810473e-267	0.0	30632.85455171797
289910.29248	-8.658892256339845e-267	-5.421082914415264e-264	4.604511823347634e-270	0.0	31811.041030191573
300647.71072000003	-5.997032546374521e-271	-5.304411590410029e-268	2.0430459697156157e-273	0.0	32989.22750866518
311385.12896	7.800266130526096e-273	6.889848659963844e-270	3.2450687590512055e-277	0.0	34167.41398713878
322122.54720000003	6.33420170401947e-277	7.905651081031478e-274	1.035056045383304e-279	0.0	35345.600465612384
332859.96544	-7.025672640972439e-279	-8.754603616431248e-276	-8.562667158428603e-284	0.0	36523.78694408599
343597.38368	-6.546061526002498e-283	-1.1528634282012803e-279	4.452338146971419e-287	0.0	37701.97342255959
365072.22016	-2.8556990895285083e-283	-5.030409299993742e-280	6.986549147584474e-287	0.0	40058.3463795068
386547.05664	-1.4013818564719417e-288	-3.4842989931353294e-285	1.6844567519466293e-291	0.0	42414.71933645401
408021.89312	1.2873606216684412e-289	3.200523478031982e-286	1.5854445906782117e-294	0.0	44771.09229340121
429496.7296	1.3965919796776627e-294	4.900585949247584e-291	3.183398072022594e-298	0.0	47127.46525034842
450971.56608	-5.803018404925483e-296	-2.036060676832816e-292	-1.5966132190600917e-301	0.0	49483.83820729562
472446.40256	-9.743771663037635e-301	-4.825390145392147e-297	1.9032661961405847e-305	0.0	51840.21116424283
493921.23904	2.6156139502849894e-302	1.2951271280957453e-298	-1.9997744485514086e-308	0.0	54196.58412119004
515396.0755200001	5.946706597867468e-307	4.156291389493129e-303	-5.7856879128e-313	0.0	56552.957078137246
536870.912	-1.1788520883147977e-308	-8.237321931632526e-305	-1.02957113e-315	0.0	58909.33003508445
558345.7484800001	-3.3813082405e-313	-3.33529680724538e-309	-2.00047e-319	0.0	61265.702992031656
579820.58496	5.31264675e-315	5.238556025768e-311	-1.0e-323	0.0	63622.07594897886
601295.4214400001	1.84e-319	2.561465293e-315	0.0	0.0	65978.44890592605
622770.25792	-2.396e-321	-3.33111e-317	0.0	0.0	68334.82186287326
644245.0944000001	-0.0	-1.907e-321	0.0	0.0	70691.19481982046
665719.93088	0.0	2.0e-323	0.0	0.0	73047.56777676767
687194.76736	0.0	0.0	0.0	0.0	75403.94073371486
730144.44032	0.0	0.0	0.0	0.0	80116.68664760925
773094.11328	0.0	0.0	0.0	0.0	84829.43256150365
816043.78624	0.0	0.0	0.0	0.0	89542.17847539805
858993.4592	0.0	0.0	0.0	0.0	94254.92438929246
901943.13216	0.0	0.0	0.0	0.0	98967.67030318687
944892.80512	0.0	0.0	0.0	0.0	103680.41621708128
987842.47808	0.0	0.0	0.0	0.0	108393.16213097569
1.0307921510400001e6	0.0	0.0	0.0	0.0	113105.90804487008
1.073741824e6	0.0	0.0	0.0	0.0	117818.6539587645
1.1166914969600001e6	0.0	0.0	0.0	0.0	122531.3998726589
1.15964116992e6	0.0	0.0	0.0	0.0	127244.14578655332
1.2025908428800001e6	0.0	0.0	0.0	0.0	131956.89170044774
1.24554051584e6	0.0	0.0	0.0	0.0	136669.63761434215
1.2884901888000001e6	0.0	0.0	0.0	0.0	141382.38352823656
1.33143986176e6	0.0	0.0	0.0	0.0	146095.12944213097
1.37438953472e6	0.0	0.0	0.0	0.0	150807.87535602538
1.46028888064e6	0.0	0.0	0.0	0.0	160233.3671838142
1.54618822656e6	0.0	0.0	0.0	0.0	169658.85901160302
1.63208757248e6	0.0	0.0	0.0	0.0	179084.35083939185
1.7179869184e6	0.0	0.0	0.0	0.0	188509.84266718067
1.80388626432e6	0.0	0.0	0.0	0.0	197935.3344949695
1.88978561024e6	0.0	0.0	0.0	0.0	207360.8263227583
1.97568495616e6	0.0	0.0	0.0	0.0	216786.31815054716
2.0615843020800003e6	0.0	0.0	0.0	0.0	226211.80997833598
2.147483648e6	0.0	0.0	0.0	0.0	235637.3018061248
2.2333829939200003e6	0.0	0.0	0.0	0.0	245062.79363391362
2.31928233984e6	0.0	0.0	0.0	0.0	254488.28546170244
2.4051816857600003e6	0.0	0.0	0.0	0.0	263913.77728949126
2.49108103168e6	0.0	0.0	0.0	0.0	273339.26911728014
2.5769803776000002e6	0.0	0.0	0.0	0.0	282764.76094506896
2.66287972352e6	0.0	0.0	0.0	0.0	292190.2527728578
2.74877906944e6	0.0	0.0	0.0	0.0	301615.7446006466
2.92057776128e6	0.0	0.0	0.0	0.0	320466.72825622425
3.09237645312e6	0.0	0.0	0.0	0.0	339317.7119118019
3.26417514496e6	0.0	0.0	0.0	0.0	358168.69556737953
3.4359738368e6	0.0	0.0	0.0	0.0	377019.6792229572
3.60777252864e6	0.0	0.0	0.0	0.0	395870.6628785348
3.77957122048e6	0.0	0.0	0.0	0.0	414721.64653411246
3.95136991232e6	0.0	0.0	0.0	0.0	433572.6301896901
4.1231686041600006e6	0.0	0.0	0.0	0.0	452423.6138452677
4.294967296e6	0.0	0.0	0.0	0.0	471274.5975008453
4.466765987840001e6	0.0	0.0	0.0	0.0	490125.58115642297
4.63856467968e6	0.0	0.0	0.0	0.0	508976.5648120006
4.8103633715200005e6	0.0	0.0	0.0	0.0	527827.5484675782
4.98216206336e6	0.0	0.0	0.0	0.0	546678.5321231559
5.1539607552000005e6	0.0	0.0	0.0	0.0	565529.5157787335
5.32575944704e6	0.0	0.0	0.0	0.0	584380.4994343112
5.49755813888e6	0.0	0.0	0.0	0.0	603231.4830898888
5.84115552256e6	0.0	0.0	0.0	0.0	640933.4504010441
6.18475290624e6	0.0	0.0	0.0	0.0	678635.4177121994
6.52835028992e6	0.0	0.0	0.0	0.0	716337.3850233547
6.8719476736e6	0.0	0.0	0.0	0.0	754039.35233451
7.21554505728e6	0.0	0.0	0.0	0.0	791741.3196456652
7.55914244096e6	0.0	0.0	0.0	0.0	829443.2869568204
7.90273982464e6	0.0	0.0	0.0	0.0	867145.2542679757
8.246337208320001e6	0.0	0.0	0.0	0.0	904847.221579131
8.589934592e6	0.0	0.0	0.0	0.0	942549.1888902863
8.933531975680001e6	0.0	0.0	0.0	0.0	980251.1562014415
9.27712935936e6	0.0	0.0	0.0	0.0	1.0179531235125967e6
9.620726743040001e6	0.0	0.0	0.0	0.0	1.055655090823752e6
9.96432412672e6	0.0	0.0	0.0	0.0	1.0933570581349074e6
1.0307921510400001e7	0.0	0.0	0.0	0.0	1.1310590254460627e6
1.065151889408e7	0.0	0.0	0.0	0.0	1.168760992757218e6
1.099511627776e7	0.0	0.0	0.0	0.0	1.2064629600683732e6
1.168231104512e7	0.0	0.0	0.0	0.0	1.2818668946906838e6
1.236950581248e7	0.0	0.0	0.0	0.0	1.3572708293129944e6
1.305670057984e7	0.0	0.0	0.0	0.0	1.432674763935305e6
1.37438953472e7	0.0	0.0	0.0	0.0	1.5080786985576155e6
1.443109011456e7	0.0	0.0	0.0	0.0	1.583482633179926e6
1.511828488192e7	0.0	0.0	0.0	0.0	1.6588865678022366e6
1.580547964928e7	0.0	0.0	0.0	0.0	1.734290502424547e6
1.6492674416640002e7	0.0	0.0	0.0	0.0	1.8096944370468576e6
1.7179869184e7	0.0	0.0	0.0	0.0	1.885098371669168e6
1.7867063951360002e7	0.0	0.0	0.0	0.0	1.9605023062914785e6
1.855425871872e7	0.0	0.0	0.0	0.0	2.0359062409137888e6
1.9241453486080002e7	0.0	0.0	0.0	0.0	2.1113101755360994e6
1.992864825344e7	0.0	0.0	0.0	0.0	2.18671411015841e6
2.0615843020800002e7	0.0	0.0	0.0	0.0	2.2621180447807205e6
2.130303778816e7	0.0	0.0	0.0	0.0	2.337521979403031e6
2.199023255552e7	0.0	0.0	0.0	0.0	2.4129259140253416e6
2.336462209024e7	0.0	0.0	0.0	0.0	2.5637337832699628e6
2.473901162496e7	0.0	0.0	0.0	0.0	2.7145416525145844e6
2.611340115968e7	0.0	0.0	0.0	0.0	2.865349521759206e6
2.74877906944e7	0.0	0.0	0.0	0.0	3.016157391003827e6
2.886218022912e7	0.0	0.0	0.0	0.0	3.1669652602484482e6
3.023656976384e7	0.0	0.0	0.0	0.0	3.31777312949307e6
3.161095929856e7	0.0	0.0	0.0	0.0	3.468580998737691e6
3.2985348833280005e7	0.0	0.0	0.0	0.0	3.619388867982312e6
3.4359738368e7	0.0	0.0	0.0	0.0	3.7701967372269332e6
3.5734127902720004e7	0.0	0.0	0.0	0.0	3.9210046064715544e6
3.710851743744e7	0.0	0.0	0.0	0.0	4.071812475716175e6
3.8482906972160004e7	0.0	0.0	0.0	0.0	4.222620344960797e6
3.985729650688e7	0.0	0.0	0.0	0.0	4.373428214205418e6
4.1231686041600004e7	0.0	0.0	0.0	0.0	4.524236083450039e6
4.260607557632e7	0.0	0.0	0.0	0.0	4.675043952694661e6
4.398046511104e7	0.0	0.0	0.0	0.0	4.825851821939282e6
4.672924418048e7	0.0	0.0	0.0	0.0	5.127467560428524e6
4.947802324992e7	0.0	0.0	0.0	0.0	5.429083298917767e6
5.222680231936e7	0.0	0.0	0.0	0.0	5.730699037407009e6
5.49755813888e7	0.0	0.0	0.0	0.0	6.03231477589625e6
5.772436045824e7	0.0	0.0	0.0	0.0	6.333930514385493e6
6.047313952768e7	0.0	0.0	0.0	0.0	6.635546252874735e6
6.322191859712e7	0.0	0.0	0.0	0.0	6.937161991363977e6
6.597069766656001e7	0.0	0.0	0.0	0.0	7.238777729853219e6
6.8719476736e7	0.0	0.0	0.0	0.0	7.540393468342461e6
7.146825580544001e7	0.0	0.0	0.0	0.0	7.842009206831703e6
7.421703487488e7	0.0	0.0	0.0	0.0	8.143624945320945e6
7.696581394432001e7	0.0	0.0	0.0	0.0	8.445240683810188e6
7.971459301376e7	0.0	0.0	0.0	0.0	8.74685642229943e6
8.246337208320001e7	0.0	0.0	0.0	0.0	9.048472160788672e6
8.521215115264e7	0.0	0.0	0.0	0.0	9.350087899277914e6
8.796093022208e7	0.0	0.0	0.0	0.0	9.651703637767157e6
9.345848836096e7	0.0	0.0	0.0	0.0	1.0254935114745641e7
9.895604649984e7	0.0	0.0	0.0	0.0	1.0858166591724126e7
1.0445360463872e8	0.0	0.0	0.0	0.0	1.146139806870261e7
1.099511627776e8	0.0	0.0	0.0	0.0	1.2064629545681097e7
1.1544872091648e8	0.0	0.0	0.0	0.0	1.2667861022659581e7
1.2094627905536e8	0.0	0.0	0.0	0.0	1.3271092499638066e7
1.2644383719424e8	0.0	0.0	0.0	0.0	1.3874323976616552e7
1.3194139533312002e8	0.0	0.0	0.0	0.0	1.4477555453595037e7
1.37438953472e8	0.0	0.0	0.0	0.0	1.5080786930573521e7
1.4293651161088002e8	0.0	0.0	0.0	0.0	1.5684018407552006e7
1.4843406974976e8	0.0	0.0	0.0	0.0	1.628724988453049e7
1.5393162788864002e8	0.0	0.0	0.0	0.0	1.6890481361508977e7
1.5942918602752e8	0.0	0.0	0.0	0.0	1.749371283848746e7
1.6492674416640002e8	0.0	0.0	0.0	0.0	1.8096944315465946e7
1.7042430230528e8	0.0	0.0	0.0	0.0	1.870017579244443e7
1.7592186044416e8	0.0	0.0	0.0	0.0	1.9303407269422915e7
1.8691697672192e8	0.0	0.0	0.0	0.0	2.0509870223379884e7
1.9791209299968e8	0.0	0.0	0.0	0.0	2.1716333177336853e7
2.0890720927744e8	0.0	0.0	0.0	0.0	2.2922796131293822e7
2.199023255552e8	0.0	0.0	0.0	0.0	2.412925908525079e7
2.3089744183296e8	0.0	0.0	0.0	0.0	2.5335722039207757e7
2.4189255811072e8	0.0	0.0	0.0	0.0	2.6542184993164726e7
2.5288767438848e8	0.0	0.0	0.0	0.0	2.7748647947121695e7
2.6388279066624004e8	0.0	0.0	0.0	0.0	2.8955110901078664e7
2.74877906944e8	0.0	0.0	0.0	0.0	3.0161573855035633e7
2.8587302322176003e8	0.0	0.0	0.0	0.0	3.1368036808992606e7
2.9686813949952e8	0.0	0.0	0.0	0.0	3.2574499762949575e7
3.0786325577728003e8	0.0	0.0	0.0	0.0	3.378096271690655e7
3.1885837205504e8	0.0	0.0	0.0	0.0	3.498742567086352e7
3.2985348833280003e8	0.0	0.0	0.0	0.0	3.6193888624820486e7
3.4084860461056e8	0.0	0.0	0.0	0.0	3.7400351578777455e7
3.5184372088832e8	0.0	0.0	0.0	0.0	3.8606814532734424e7
3.7383395344384e8	0.0	0.0	0.0	0.0	4.101974044064836e7
3.9582418599936e8	0.0	0.0	0.0	0.0	4.34326663485623e7
4.1781441855488e8	0.0	0.0	0.0	0.0	4.584559225647624e7
4.398046511104e8	0.0	0.0	0.0	0.0	4.825851816439018e7
4.6179488366592e8	0.0	0.0	0.0	0.0	5.0671444072304115e7
4.8378511622144e8	0.0	0.0	0.0	0.0	5.308436998021805e7
5.0577534877696e8	0.0	0.0	0.0	0.0	5.5497295888132e7
5.277655813324801e8	0.0	0.0	0.0	0.0	5.791022179604594e7
5.49755813888e8	0.0	0.0	0.0	0.0	6.0323147703959875e7
5.717460464435201e8	0.0	0.0	0.0	0.0	6.273607361187381e7
5.9373627899904e8	0.0	0.0	0.0	0.0	6.514899951978775e7
6.157265115545601e8	0.0	0.0	0.0	0.0	6.75619254277017e7
6.3771674411008e8	0.0	0.0	0.0	0.0	6.997485133561563e7
6.597069766656001e8	0.0	0.0	0.0	0.0	7.238777724352957e7
6.8169720922112e8	0.0	0.0	0.0	0.0	7.480070315144351e7
7.0368744177664e8	0.0	0.0	0.0	0.0	7.721362905935745e7
7.4766790688768e8	0.0	0.0	0.0	0.0	8.203948087518534e7
7.9164837199872e8	0.0	0.0	0.0	0.0	8.686533269101323e7
8.3562883710976e8	0.0	0.0	0.0	0.0	9.169118450684111e7
8.796093022208e8	0.0	0.0	0.0	0.0	9.6517036322669e7
9.2358976733184e8	0.0	0.0	0.0	0.0	1.0134288813849688e8
9.6757023244288e8	0.0	0.0	0.0	0.0	1.0616873995432475e8
1.01155069755392e9	0.0	0.0	0.0	0.0	1.1099459177015263e8
1.0555311626649601e9	0.0	0.0	0.0	0.0	1.158204435859805e8
1.099511627776e9	0.0	0.0	0.0	0.0	1.2064629540180838e8
1.1434920928870401e9	0.0	0.0	0.0	0.0	1.2547214721763627e8
1.18747255799808e9	0.0	0.0	0.0	0.0	1.3029799903346415e8
1.2314530231091201e9	0.0	0.0	0.0	0.0	1.3512385084929204e8
1.27543348822016e9	0.0	0.0	0.0	0.0	1.3994970266511992e8
1.3194139533312001e9	0.0	0.0	0.0	0.0	1.447755544809478e8
1.36339441844224e9	0.0	0.0	0.0	0.0	1.4960140629677567e8
1.40737488355328e9	0.0	0.0	0.0	0.0	1.5442725811260355e8
1.49533581377536e9	0.0	0.0	0.0	0.0	1.640789617442593e8
1.58329674399744e9	0.0	0.0	0.0	0.0	1.7373066537591505e8
1.67125767421952e9	0.0	0.0	0.0	0.0	1.833823690075708e8
1.7592186044416e9	0.0	0.0	0.0	0.0	1.9303407263922656e8
1.84717953466368e9	0.0	0.0	0.0	0.0	2.026857762708823e8
1.93514046488576e9	0.0	0.0	0.0	0.0	2.1233747990253806e8
2.02310139510784e9	0.0	0.0	0.0	0.0	2.2198918353419384e8
2.1110623253299203e9	0.0	0.0	0.0	0.0	2.316408871658496e8
2.199023255552e9	0.0	0.0	0.0	0.0	2.4129259079750535e8
2.2869841857740803e9	0.0	0.0	0.0	0.0	2.509442944291611e8
2.37494511599616e9	0.0	0.0	0.0	0.0	2.6059599806081685e8
2.4629060462182403e9	0.0	0.0	0.0	0.0	2.702477016924726e8
2.55086697644032e9	0.0	0.0	0.0	0.0	2.798994053241283e8
2.6388279066624002e9	0.0	0.0	0.0	0.0	2.895511089557841e8
2.72678883688448e9	0.0	0.0	0.0	0.0	2.9920281258743984e8
2.81474976710656e9	0.0	0.0	0.0	0.0	3.0885451621909565e8
2.99067162755072e9	0.0	0.0	0.0	0.0	3.281579234824072e8
3.16659348799488e9	0.0	0.0	0.0	0.0	3.474613307457187e8
3.34251534843904e9	0.0	0.0	0.0	0.0	3.667647380090302e8
3.5184372088832e9	0.0	0.0	0.0	0.0	3.860681452723417e8
3.69435906932736e9	0.0	0.0	0.0	0.0	4.0537155253565323e8
3.87028092977152e9	0.0	0.0	0.0	0.0	4.2467495979896474e8
4.04620279021568e9	0.0	0.0	0.0	0.0	4.439783670622763e8
4.2221246506598406e9	0.0	0.0	0.0	0.0	4.632817743255878e8
4.398046511104e9	0.0	0.0	0.0	0.0	4.825851815888993e8
4.573968371548161e9	0.0	0.0	0.0	0.0	5.018885888522108e8
4.74989023199232e9	0.0	0.0	0.0	0.0	5.211919961155223e8
4.9258120924364805e9	0.0	0.0	0.0	0.0	5.404954033788338e8
5.10173395288064e9	0.0	0.0	0.0	0.0	5.597988106421453e8
5.2776558133248005e9	0.0	0.0	0.0	0.0	5.791022179054568e8
5.45357767376896e9	0.0	0.0	0.0	0.0	5.984056251687684e8
5.62949953421312e9	0.0	0.0	0.0	0.0	6.177090324320799e8
5.98134325510144e9	0.0	0.0	0.0	0.0	6.563158469587029e8
6.33318697598976e9	0.0	0.0	0.0	0.0	6.949226614853259e8
6.68503069687808e9	0.0	0.0	0.0	0.0	7.33529476011949e8
7.0368744177664e9	0.0	0.0	0.0	0.0	7.72136290538572e8
7.38871813865472e9	0.0	0.0	0.0	0.0	8.107431050651951e8
7.74056185954304e9	0.0	0.0	0.0	0.0	8.493499195918181e8
8.09240558043136e9	0.0	0.0	0.0	0.0	8.879567341184411e8
8.444249301319681e9	0.0	0.0	0.0	0.0	9.26563548645064e8
8.796093022208e9	0.0	0.0	0.0	0.0	9.65170363171687e8
9.147936743096321e9	0.0	0.0	0.0	0.0	1.00377717769831e9
9.49978046398464e9	0.0	0.0	0.0	0.0	1.042383992224933e9
9.851624184872961e9	0.0	0.0	0.0	0.0	1.0809908067515562e9
1.020346790576128e10	0.0	0.0	0.0	0.0	1.1195976212781792e9
1.0555311626649601e10	0.0	0.0	0.0	0.0	1.1582044358048022e9
1.090715534753792e10	0.0	0.0	0.0	0.0	1.1968112503314252e9
1.125899906842624e10	0.0	0.0	0.0	0.0	1.2354180648580482e9
1.196268651020288e10	0.0	0.0	0.0	0.0	1.3126316939112945e9
1.266637395197952e10	0.0	0.0	0.0	0.0	1.3898453229645405e9
1.337006139375616e10	0.0	0.0	0.0	0.0	1.4670589520177865e9
1.40737488355328e10	0.0	0.0	0.0	0.0	1.5442725810710325e9
1.477743627730944e10	0.0	0.0	0.0	0.0	1.6214862101242785e9
1.548112371908608e10	0.0	0.0	0.0	0.0	1.6986998391775246e9
1.618481116086272e10	0.0	0.0	0.0	0.0	1.7759134682307706e9
1.6888498602639362e10	0.0	0.0	0.0	0.0	1.8531270972840168e9
1.7592186044416e10	0.0	0.0	0.0	0.0	1.9303407263372629e9
1.8295873486192642e10	0.0	0.0	0.0	0.0	2.007554355390509e9
1.899956092796928e10	0.0	0.0	0.0	0.0	2.0847679844437551e9
1.9703248369745922e10	0.0	0.0	0.0	0.0	2.161981613497001e9
2.040693581152256e10	0.0	0.0	0.0	0.0	2.239195242550247e9
2.1110623253299202e10	0.0	0.0	0.0	0.0	2.316408871603493e9
2.181431069507584e10	0.0	0.0	0.0	0.0	2.393622500656739e9
2.251799813685248e10	0.0	0.0	0.0	0.0	2.4708361297099853e9
2.392537302040576e10	0.0	0.0	0.0	0.0	2.625263387816478e9
2.533274790395904e10	0.0	0.0	0.0	0.0	2.7796906459229703e9
2.674012278751232e10	0.0	0.0	0.0	0.0	2.9341179040294623e9
2.81474976710656e10	0.0	0.0	0.0	0.0	3.0885451621359544e9
2.955487255461888e10	0.0	0.0	0.0	0.0	3.2429724202424464e9
3.096224743817216e10	0.0	0.0	0.0	0.0	3.3973996783489385e9
3.236962232172544e10	0.0	0.0	0.0	0.0	3.551826936455431e9
3.3776997205278725e10	0.0	0.0	0.0	0.0	3.7062541945619235e9
3.5184372088832e10	0.0	0.0	0.0	0.0	3.8606814526684155e9
3.6591746972385284e10	0.0	0.0	0.0	0.0	4.0151087107749076e9
3.799912185593856e10	0.0	0.0	0.0	0.0	4.1695359688813996e9
3.9406496739491844e10	0.0	0.0	0.0	0.0	4.323963226987892e9
4.081387162304512e10	0.0	0.0	0.0	0.0	4.478390485094384e9
4.2221246506598404e10	0.0	0.0	0.0	0.0	4.632817743200876e9
4.362862139015168e10	0.0	0.0	0.0	0.0	4.787245001307368e9
4.503599627370496e10	0.0	0.0	0.0	0.0	4.94167225941386e9
4.785074604081152e10	0.0	0.0	0.0	0.0	5.250526775626845e9
5.066549580791808e10	0.0	0.0	0.0	0.0	5.559381291839829e9
5.348024557502464e10	0.0	0.0	0.0	0.0	5.868235808052814e9
5.62949953421312e10	0.0	0.0	0.0	0.0	6.177090324265798e9
5.910974510923776e10	0.0	0.0	0.0	0.0	6.485944840478782e9
6.192449487634432e10	0.0	0.0	0.0	0.0	6.794799356691767e9
6.473924464345088e10	0.0	0.0	0.0	0.0	7.103653872904751e9
6.755399441055745e10	0.0	0.0	0.0	0.0	7.412508389117735e9
7.0368744177664e10	0.0	0.0	0.0	0.0	7.721362905330719e9
7.318349394477057e10	0.0	0.0	0.0	0.0	8.030217421543703e9
7.599824371187712e10	0.0	0.0	0.0	0.0	8.339071937756686e9
7.881299347898369e10	0.0	0.0	0.0	0.0	8.64792645396967e9
8.162774324609024e10	0.0	0.0	0.0	0.0	8.956780970182653e9
8.444249301319681e10	0.0	0.0	0.0	0.0	9.265635486395638e9
8.725724278030336e10	0.0	0.0	0.0	0.0	9.57449000260862e9
9.007199254740993e10	0.0	0.0	0.0	0.0	9.883344518821604e9
9.570149208162305e10	0.0	0.0	0.0	0.0	1.0501053551247572e10
1.0133099161583617e11	0.0	0.0	0.0	0.0	1.111876258367354e10
1.0696049115004929e11	0.0	0.0	0.0	0.0	1.173647161609951e10
1.125899906842624e11	0.0	0.0	0.0	0.0	1.2354180648525478e10
1.1821949021847552e11	0.0	0.0	0.0	0.0	1.2971889680951447e10
1.2384898975268864e11	0.0	0.0	0.0	0.0	1.3589598713377413e10
1.2947848928690176e11	0.0	0.0	0.0	0.0	1.4207307745803381e10
1.351079888211149e11	0.0	0.0	0.0	0.0	1.482501677822935e10
1.40737488355328e11	0.0	0.0	0.0	0.0	1.5442725810655317e10
1.4636698788954114e11	0.0	0.0	0.0	0.0	1.6060434843081285e10
1.5199648742375424e11	0.0	0.0	0.0	0.0	1.6678143875507252e10
1.5762598695796738e11	0.0	0.0	0.0	0.0	1.729585290793322e10
1.6325548649218048e11	0.0	0.0	0.0	0.0	1.7913561940359188e10
1.6888498602639362e11	0.0	0.0	0.0	0.0	1.8531270972785156e10
1.7451448556060672e11	0.0	0.0	0.0	0.0	1.9148980005211124e10
1.8014398509481985e11	0.0	0.0	0.0	0.0	1.9766689037637096e10
1.914029841632461e11	0.0	0.0	0.0	0.0	2.1002107102489033e10
2.0266198323167233e11	0.0	0.0	0.0	0.0	2.223752516734097e10
2.1392098230009857e11	0.0	0.0	0.0	0.0	2.3472943232192905e10
2.251799813685248e11	0.0	0.0	0.0	0.0	2.470836129704484e10
2.3643898043695105e11	0.0	0.0	0.0	0.0	2.5943779361896782e10
2.476979795053773e11	0.0	0.0	0.0	0.0	2.717919742674872e10
2.5895697857380353e11	0.0	0.0	0.0	0.0	2.8414615491600655e10
2.702159776422298e11	0.0	0.0	0.0	0.0	2.965003355645259e10
2.81474976710656e11	0.0	0.0	0.0	0.0	3.0885451621304527e10
2.927339757790823e11	0.0	0.0	0.0	0.0	3.2120869686156464e10
3.039929748475085e11	0.0	0.0	0.0	0.0	3.3356287751008404e10
3.1525197391593475e11	0.0	0.0	0.0	0.0	3.4591705815860344e10
3.2651097298436096e11	0.0	0.0	0.0	0.0	3.582712388071228e10
3.3776997205278723e11	0.0	0.0	0.0	0.0	3.706254194556422e10
3.4902897112121344e11	0.0	0.0	0.0	0.0	3.829796001041616e10
3.602879701896397e11	0.0	0.0	0.0	0.0	3.95333780752681e10
3.828059683264922e11	0.0	0.0	0.0	0.0	4.200421420497197e10
4.0532396646334467e11	0.0	0.0	0.0	0.0	4.447505033467584e10
4.2784196460019714e11	0.0	0.0	0.0	0.0	4.6945886464379715e10
4.503599627370496e11	0.0	0.0	0.0	0.0	4.941672259408359e10
4.728779608739021e11	0.0	0.0	0.0	0.0	5.188755872378745e10
4.953959590107546e11	0.0	0.0	0.0	0.0	5.4358394853491325e10
5.1791395714760706e11	0.0	0.0	0.0	0.0	5.682923098319519e10
5.404319552844596e11	0.0	0.0	0.0	0.0	5.930006711289906e10
5.62949953421312e11	0.0	0.0	0.0	0.0	6.177090324260293e10
5.854679515581646e11	0.0	0.0	0.0	0.0	6.42417393723068e10
6.07985949695017e11	0.0	0.0	0.0	0.0	6.6712575502010666e10
6.305039478318695e11	0.0	0.0	0.0	0.0	6.918341163171454e10
6.530219459687219e11	0.0	0.0	0.0	0.0	7.165424776141841e10
6.755399441055745e11	0.0	0.0	0.0	0.0	7.412508389112228e10
6.980579422424269e11	0.0	0.0	0.0	0.0	7.659592002082616e10
7.205759403792794e11	0.0	0.0	0.0	0.0	7.906675615053003e10
7.656119366529844e11	0.0	0.0	0.0	0.0	8.400842840993779e10
8.106479329266893e11	0.0	0.0	0.0	0.0	8.895010066934555e10
8.556839292003943e11	0.0	0.0	0.0	0.0	9.389177292875331e10
9.007199254740992e11	0.0	0.0	0.0	0.0	9.883344518816107e10
9.457559217478042e11	0.0	0.0	0.0	0.0	1.0377511744756882e11
9.907919180215092e11	0.0	0.0	0.0	0.0	1.0871678970697656e11
1.0358279142952141e12	0.0	0.0	0.0	0.0	1.1365846196638431e11
1.0808639105689192e12	0.0	0.0	0.0	0.0	1.1860013422579205e11
1.125899906842624e12	0.0	0.0	0.0	0.0	1.2354180648519978e11
1.170935903116329e12	0.0	0.0	0.0	0.0	1.2848347874460753e11
1.215971899390034e12	0.0	0.0	0.0	0.0	1.3342515100401527e11
1.261007895663739e12	0.0	0.0	0.0	0.0	1.3836682326342303e11
1.3060438919374438e12	0.0	0.0	0.0	0.0	1.4330849552283078e11
1.351079888211149e12	0.0	0.0	0.0	0.0	1.4825016778223853e11
1.3961158844848538e12	0.0	0.0	0.0	0.0	1.5319184004164627e11
1.4411518807585588e12	0.0	0.0	0.0	0.0	1.5813351230105402e11
