# τ	Fs	F	Δζ	ΔG	Δr²
0.0	1.0	1.0	944.6803602848316	93.62587856179385	0.0
3.125e-7	0.9999838611727643	0.9999883907282385	944.2415794596128	93.58114849692772	3.125e-7
6.25e-7	0.9999677239532766	0.9999767825604065	943.8031554807601	93.53645602923694	6.24953873029283e-7
9.375000000000001e-7	0.9999515896874114	0.9999651764646528	943.365093333832	93.49180160792304	9.373155417754536e-7
1.25e-6	0.9999354583734898	0.9999535724397888	942.927392660659	93.44718519427782	1.2495850694655941e-6
1.5625e-6	0.9999193300097222	0.999941970484546	942.4900531032657	93.40260674962343	1.561762526070783e-6
1.8750000000000003e-6	0.9999032045943202	0.999930370597657	942.0530743040661	93.358066235325	1.8738479814945186e-6
2.1875000000000002e-6	0.9998870821254973	0.9999187727778557	941.6164559058625	93.3135636127907	2.1858415055717896e-6
2.5e-6	0.9998709626014682	0.9999071770238769	941.1801975518455	93.26909884347171	2.4977431680691485e-6
2.8125e-6	0.9998548460204497	0.9998955833344566	940.7442988855933	93.2246718888621	2.809553038684788e-6
3.125e-6	0.9998387323806598	0.9998839917083321	940.3087595510709	93.18028271049879	3.1212711870486145e-6
3.4375e-6	0.9998226216803182	0.9998724021442416	939.8735791926279	93.13593126996155	3.4328976827223256e-6
3.7500000000000005e-6	0.9998065139176462	0.9998608146409244	939.4387574550057	93.09161752887287	3.7444325951994816e-6
4.0625000000000005e-6	0.9997904090908666	0.9998492291971209	939.0042939833234	93.04734144889802	4.055875993905583e-6
4.3750000000000005e-6	0.9997743071982037	0.9998376458115732	938.5701884230928	93.0031029917449	4.3672279481981435e-6
4.6875000000000004e-6	0.9997582082378836	0.9998260644830237	938.1364404202051	92.95890211916397	4.678488527366763e-6
5.0e-6	0.9997421122081339	0.9998144852102162	937.7030496209419	92.9147387929484	4.989657800633208e-6
5.3125e-6	0.9997260209706529	0.9998029093149883	937.2700803917688	92.87061969439007	5.300675112217455e-6
5.625e-6	0.9997099332798938	0.9997913359129882	936.8374891027431	92.82654029173017	5.611581076372433e-6
5.9375e-6	0.9996938487194729	0.9997797647085812	936.4052609801038	92.78249904949801	5.9223892784252915e-6
6.25e-6	0.9996777671494115	0.9997681956023836	935.9733908662184	92.73849543070328	6.233104293128828e-6
6.5625e-6	0.9996616885218736	0.9997566285604327	935.541876808141	92.69452923110687	6.54372769137033e-6
6.875e-6	0.9996456128197394	0.9997450635705757	935.1107179210899	92.65060035738068	6.854260042605144e-6
7.1875e-6	0.99962954003613	0.9997335006279311	934.6799136764865	92.60670875318327	7.164701582400344e-6
7.500000000000001e-6	0.9996134701675821	0.9997219397300416	934.2494636647048	92.56285437452657	7.4750524349712375e-6
7.8125e-6	0.9995974032117696	0.9997103808752587	933.8193675160114	92.51903718156687	7.785312687367575e-6
8.125000000000001e-6	0.9995813391667477	0.9996988240622044	933.389624874222	92.47525713586957	8.095482414204764e-6
8.4375e-6	0.9995652780307018	0.9996872692895913	932.9602353879143	92.43151419949754	8.405561685908456e-6
8.750000000000001e-6	0.9995492198018586	0.9996757165561634	932.5311987075105	92.38780833470747	8.715550571463085e-6
9.0625e-6	0.9995331644784613	0.9996641658606763	932.1025144842963	92.34413950384838	9.025449139328176e-6
9.375000000000001e-6	0.9995171120587598	0.9996526172018896	931.674182370098	92.30050766932803	9.335257457743843e-6
9.6875e-6	0.9995010625410065	0.9996410705785634	931.246202017176	92.25691279360149	9.64497559483271e-6
1.0e-5	0.9994850159234555	0.9996295259894621	930.8185730781813	92.21335483916758	9.954603618633914e-6
1.0625e-5	0.999452931379675	0.9996064429073513	929.9643679308568	92.12634953119208	1.057358968843253e-5
1.125e-5	0.9994208584150372	0.999583367946783	929.1115642399134	92.0394914550852	1.1192216149645094e-5
1.1875e-5	0.9993887970161514	0.9995603010982685	928.2601592678079	91.95278031529003	1.1810483524002374e-5
1.25e-5	0.9993567471693099	0.999537242352093	927.4101502645556	91.86621581494585	1.2428392345580953e-5
1.3125e-5	0.9993247088607135	0.9995141916984777	926.5615344800086	91.77979765719775	1.304594315190051e-5
1.375e-5	0.999292682076549	0.9994911491276343	925.7143091679361	91.69352554563255	1.3663136480898378e-5
1.4375e-5	0.9992606668030156	0.9994681146297821	924.868471587373	91.6073991844223	1.4279972869981373e-5
1.5000000000000002e-5	0.9992286630263323	0.9994450881951567	924.0240190030612	91.52141827837164	1.4896452855652103e-5
1.5625e-5	0.9991966707327399	0.9994220698140067	923.1809486855898	91.43558253293203	1.551257697344495e-5
1.6250000000000002e-5	0.9991646899085045	0.9993990594765997	922.3392579114297	91.34989165420598	1.6128345757847272e-5
1.6875e-5	0.9991327205399154	0.9993760571732198	921.4989439629343	91.2643453489469	1.6743759742333554e-5
1.7500000000000002e-5	0.9991007626132861	0.999353062894169	920.6600041283406	91.1789433245586	1.7358819459319478e-5
1.8125e-5	0.9990688161149537	0.9993300766297654	919.8224357017444	91.09368528909341	1.7973525440206873e-5
1.8750000000000002e-5	0.9990368810312799	0.9993070983703451	918.986235983101	91.00857095125146	1.8587878215341503e-5
1.9375e-5	0.9990049573486505	0.9992841281062605	918.1514022781992	90.92360002037829	1.9201878314059166e-5
2.0e-5	0.9989730450534756	0.9992611658278817	917.3179318986598	90.83877220646424	1.981552626464395e-5
2.125e-5	0.9989092545532955	0.9992152651770856	915.6550694376218	90.66954467104136	2.1041768526855437e-5
2.25e-5	0.9988455094345449	0.9991693963497927	913.9976278531035	90.50088610642418	2.2266608739052052e-5
2.375e-5	0.9987818095933663	0.9991235592724106	912.3455860607983	90.33279423843463	2.349005093468495e-5
2.5e-5	0.9987181549236149	0.9990777538697276	910.6989229253182	90.16526678780843	2.4712099234755694e-5
2.625e-5	0.9986545453186186	0.9990319800661583	909.0576173551403	89.99830148031751	2.5932757779156168e-5
2.75e-5	0.9985909806717944	0.9989862377861819	907.4216483340316	89.83189605011763	2.7152030702893282e-5
2.875e-5	0.998527460876821	0.9989405269544639	905.7909949311351	89.66604824082197	2.8369922129131732e-5
3.0000000000000004e-5	0.9984639858277288	0.9988948474959193	904.1656363041416	89.50075580583632	2.9586436165998217e-5
3.125e-5	0.9984005554188947	0.9988491993357101	902.5455516999857	89.33601650843062	3.080157690648218e-5
3.2500000000000004e-5	0.998337169545074	0.9988035823992673	900.9307204548925	89.17182812174087	3.201534842753063e-5
3.375e-5	0.9982738281013767	0.9987579966122729	899.3211219940223	89.00818842872984	3.322775479070814e-5
3.5000000000000004e-5	0.9982105309832885	0.9987124419006773	897.7167358311876	88.84509522215234	3.443880004154847e-5
3.625e-5	0.998147278086649	0.9986669181906823	896.1175415683787	88.68254630450447	3.564848821029586e-5
3.7500000000000003e-5	0.9980840693076715	0.9986214254087558	894.523518895447	88.52053948798495	3.685682331128728e-5
3.875e-5	0.9980209045429207	0.9985759634816131	892.9346475896253	88.35907259444335	3.806380934369951e-5
4.0e-5	0.997957783689332	0.9985305323362357	891.3509075152059	88.19814345534174	3.9269450290936936e-5
4.25e-5	0.9978316731702959	0.9984397620044242	888.1987338579814	87.87788905944858	4.1676717993474895e-5
4.5e-5	0.9977057370243355	0.9983491138988135	885.0668434162648	87.5597596592128	4.407865445358591e-5
4.75e-5	0.997579974469974	0.9982585874657658	881.9550798080868	87.24373841925771	4.647528981838802e-5
5.0e-5	0.9974543847112928	0.9981681821414308	878.8632869292627	86.92980853901793	4.8866654772945955e-5
5.25e-5	0.9973289669510057	0.9980778973610002	875.7913096591269	86.61795332783409	5.1252780030629427e-5
5.5e-5	0.9972037203952939	0.9979877325621382	872.7389940885639	86.30815622913669	5.363369615030359e-5
5.75e-5	0.9970786442548859	0.9978976871857407	869.7061875862869	86.0004008274425	5.600943349079697e-5
6.000000000000001e-5	0.9969537377458867	0.9978077606765279	866.692738814386	85.69467084991636	5.83800221830181e-5
6.25e-5	0.9968290000895298	0.9977179524828641	863.6984977241367	85.39095016586673	6.074549213595708e-5
6.500000000000001e-5	0.9967044305125595	0.9976282620570329	860.7233155482552	85.08922278582956	6.310587302609322e-5
6.75e-5	0.9965800282468368	0.997538688854952	857.7670447891247	84.78947286025897	6.5461194309017e-5
7.000000000000001e-5	0.9964557925296701	0.997449232336414	854.8295392086577	84.49168467835891	6.781148521081129e-5
7.25e-5	0.9963317226034102	0.997359891964792	851.9106538158984	84.19584266670864	7.015677474018548e-5
7.500000000000001e-5	0.9962078177157704	0.9972706672072743	849.0102448568009	83.90193138808749	7.249709168012572e-5
7.75e-5	0.9960840771194247	0.997181557534572	846.1281698019633	83.60993554011623	7.483246459997419e-5
8.0e-5	0.9959605000723264	0.9970925624211507	843.264287336576	83.31983995410194	7.71629218471581e-5
8.5e-5	0.9957138327298425	0.9969149131131214	837.5904918206503	82.74528434900489	8.180923795481899e-5
9.0e-5	0.9954678105047398	0.9967377156122055	831.9877860884229	82.17814950477931	8.643623754573988e-5
9.5e-5	0.995222427855053	0.9965609659938299	826.4550935863722	81.61831996456493	9.104413152672016e-5
0.0001	0.9949776791743404	0.9963846602880264	820.9913485195999	81.06568148283759	9.563313298531219e-5
0.000105	0.9947335588815196	0.9962087945429404	815.5955006143797	80.52012152935505	0.00010020345370181703
0.00011	0.9944900614573877	0.9960333648507745	810.2665165038552	79.98152943397217	0.00010475530281420852
0.000115	0.994247181448728	0.9958583673506012	805.0033799556675	79.44979640905932	0.00010928888661318605
0.00012000000000000002	0.9940049134761233	0.9956837982339822	799.8050917610288	78.92481553553908	0.00011380440830550434
0.000125	0.9937632522286429	0.995509653741111	794.6706694744144	78.4064817336121	0.00011830206817088646
0.00013000000000000002	0.9935221924684129	0.9953359301641355	789.5991471480132	77.89469173248978	0.00012278206344844552
0.000135	0.9932817290243688	0.9951626238426398	784.589575028198	77.38934403662694	0.0001272445885299495
0.00014000000000000001	0.9930418567964204	0.9949897311666799	779.6410192825447	76.8903388947665	0.00013168983486063626
0.000145	0.992802570749213	0.9948172485722722	774.7525617015991	76.39757826682133	0.00013611799113265332
0.00015000000000000001	0.9925638659162012	0.9946451725443639	769.9232994342798	75.91096579390346	0.00014052924318816822
0.000155	0.992325737393525	0.9944734996124036	765.1523446998852	75.43040676637565	0.00014492377420905392
0.00016	0.9920881803440269	0.9943022263532708	760.4388245332655	74.95580809500773	0.00014930176462096118
0.00017	0.9916147556474428	0.9939608611527171	751.1803730754953	74.0240962951529	0.0001580090539979636
0.00018	0.9911435585693416	0.9936210534095934	742.1414644448569	73.11513985024774	0.00016665234578581683
0.00019	0.990674553983408	0.9932827782710512	733.3156922218634	72.22825684914017	0.00017523294002081254
0.0002	0.9902077068023889	0.9929460109155106	724.6968146902447	71.36278351943878	0.00018375213182207596
0.00021	0.9897429824963485	0.9926107269177196	716.2787795007379	70.51807679022167	0.00019221119147263275
0.00022	0.9892803473461526	0.9922769024292656	708.0557273418563	69.69351463290201	0.0002006113557986752
0.00023	0.9888197684136126	0.9919445141560068	700.0219883356513	68.88849564261105	0.00020895382878568069
0.00024000000000000003	0.9883612136098104	0.9916135394076057	692.1720767059763	68.10243843337393	0.0002172397798628377
0.00025	0.9879046516077928	0.9912839560343737	684.5006845437006	67.33478094600771	0.00022547034668201672
0.00026000000000000003	0.9874500518896582	0.9909557424617548	677.002675910547	66.58497978786775	0.00023364663416386287
0.00027	0.9869973846563578	0.9906288776251702	669.6730807331638	65.85250955800849	0.00024176971739250024
0.00028000000000000003	0.9865466208717972	0.9903033410023643	662.5070892302821	65.1368622247427	0.0002498406407390849
0.00029	0.9860977321756547	0.9899791125504233	655.5000462054068	64.43754649614851	0.00025786042065037207
0.00030000000000000003	0.9856506909265157	0.9896561727374109	648.6474458652108	63.75408724225254	0.0002658300447758284
0.00031	0.9852054701181926	0.9893345024819047	641.9449265118171	63.08602491066468	0.00027375047463188253
0.00032	0.984762043422098	0.9890140831840647	635.3882657332958	62.43291499105278	0.00028162264472666017
0.00034	0.9838804399711989	0.9883769039692756	622.6949358106493	61.16970507218851	0.0002972268728999197
0.00036	0.9830057042147969	0.9877445105278305	610.5373640919432	59.96129512798864	0.00031264892925882354
0.00038	0.9821376537884497	0.9871167740867943	598.8866526678814	58.80465379011582	0.00032789518433883513
0.0004	0.981276110501409	0.9864935688637488	587.7154719970781	57.69691897576706	0.0003429718273046622
0.00042	0.9804209022684863	0.9858747734087686	576.9981019755274	56.63540153984944	0.0003578847937949302
0.00044	0.9795718645792661	0.9852602716561514	566.7103751045665	55.6175786978231	0.0003726397231946979
0.00046	0.9787288396271703	0.984649952290192	556.8295876501362	54.641084230941	0.00038724198639030773
0.00048000000000000007	0.9778916768058847	0.9840437091100377	547.3344099081406	53.70369859744529	0.0004016966769367638
0.0005	0.9770602316152924	0.983441440239303	538.2047959344685	52.80333909535665	0.0004160086467200038
0.0005200000000000001	0.9762343660488197	0.9828430484134146	529.4219015933239	51.93805088593661	0.0004301825002254643
0.00054	0.9754139475561431	0.982248440230421	520.9680048679918	51.10599834680989	0.0004442226281195821
0.0005600000000000001	0.9745988494156415	0.9816575264272692	512.8264344619436	50.30545727816696	0.0004581332013274098
0.00058	0.973788949777144	0.9810702211881365	504.9815004876561	49.53480740889776	0.000471918201734143
0.0006000000000000001	0.972984132027961	0.9804864424156209	497.4184325633879	48.79252566042955	0.00048558141584785643
0.00062	0.9721842839111067	0.97990611109329	490.12331958407447	48.07717965757634	0.0004991264628165997
0.00064	0.9713892978842389	0.9793291515513315	483.0830560414971	47.38742190514289	0.0005125567877714565
0.00068	0.9698133961839469	0.9781849851700577	469.7144604269435	46.07927682804921	0.0005390895192590096
0.00072	0.9682557288465597	0.9770534522753561	457.225520762607	44.859160608109796	0.0005652016036116164
0.00076	0.9667155955892365	0.9759340606131558	445.5365417696645	43.71892842625991	0.0005909148051085538
0.0008	0.9651923332402049	0.974826344409965	434.5757968936452	42.65126935479486	0.0006162494875953981
0.00084	0.9636853158829433	0.973729864223528	424.2790175280218	41.649649643982364	0.0006412246172006888
0.00088	0.9621939615309036	0.9726442117792684	414.588666936173	40.70823442277683	0.0006658576130619992
0.00092	0.9607177230859008	0.9715690034098745	405.45318459552834	39.82180753845348	0.0006901646362297265
0.0009600000000000001	0.9592560914240191	0.9705038823656036	396.82631537498264	38.98570034081453	0.0007141605430797687
0.001	0.9578085866456695	0.9694485124844896	388.66649274833355	38.19572684187261	0.0007378591601860039
0.0010400000000000001	0.9563747607675852	0.9684025802165918	380.9363136547508	37.44812834711675	0.0007612732407283948
0.00108	0.9549541901005878	0.9673657891069717	373.6020601633576	36.73952350449496	0.0007844147001242073
0.0011200000000000001	0.9535464778487258	0.9663378617451106	366.633295058244	36.06686590971536	0.00080729456784191
0.00116	0.9521512475213986	0.9653185349919662	360.00249185120947	35.42740571033055	0.0008299231880095938
0.0012000000000000001	0.9507681454348131	0.9643075618515522	353.6847228709632	34.81865708493424	0.0008523101684279417
0.00124	0.949396834997156	0.963304707326336	347.65737200004946	34.23836861108462	0.0008744645522124424
0.00128	0.9480369990886579	0.9623097501948713	341.8998931519476	33.68449821239744	0.0008963947660162511
0.00136	0.9453503188407454	0.9603425315546362	331.1157101562338	32.648201053997816	0.0009396191741427842
0.00144	0.9427060699173351	0.9584044870950416	321.2071169045516	31.697373987836	0.0009820365857578523
0.00152	0.9401022675884741	0.956494234375302	312.066138847223	30.82134981529251	0.0010236976192950127
0.0016	0.9375370834263412	0.9546105021030985	303.600980577626	30.011081061203306	0.0010646479189210527
0.00168	0.9350088141245406	0.9527521065065424	295.73368430984505	29.258900859034103	0.0011049292515417392
0.00176	0.932515907042267	0.950917970200726	288.39788688849706	28.558294640239314	0.0011445789720223502
0.00184	0.9300569155185227	0.9491070896448528	281.53679958525413	27.903697222553685	0.0011836313426692678
0.0019200000000000003	0.9276305144555703	0.9473185469904783	275.1016113823395	27.290332012019217	0.0012221171933227788
0.002	0.925235462736232	0.9455514827517898	269.05012530202185	26.714075213770656	0.001260064999115026
0.0020800000000000003	0.9228706165910738	0.9438051059914583	263.345705187528	26.1713504279162	0.0012975005668182209
0.00216	0.9205348992757797	0.942078672239781	257.9563677318646	25.65903884011442	0.0013344478900422997
0.0022400000000000002	0.9182273129863393	0.9403714925596588	252.85408363354756	25.174409600908454	0.0013709288555642154
0.00232	0.9159469142515487	0.9386829155959978	248.01416336649154	24.715059406126723	0.0014069639286425032
0.0024000000000000002	0.9136928245011041	0.9370123356071306	243.41478523807208	24.278865637008906	0.001442571884124944
0.00248	0.9114642098727276	0.9353591777083881	239.0365715321554	23.863944858384514	0.0014777703632322399
0.00256	0.9092602905333039	0.9337229049531721	234.86226374133588	23.468620645732113	0.001512575631173933
0.00272	0.9049232260673128	0.9304987446321369	227.06034934940175	22.730462338788733	0.00158106998429087
0.00288	0.9006765416139833	0.927336348964574	219.90847022693183	22.05462707846805	0.0016481616032173693
0.00304	0.8965153813200489	0.9242323780018448	213.3216209739025	21.43287724434142	0.0017139485283664312
0.0032	0.892435339582477	0.9211838096923992	207.22894522236862	20.85835509976281	0.001778516909552198
0.00336	0.8884323384139772	0.9181878469975981	201.5712140577906	20.32533564659619	0.0018419451446485418
0.00352	0.8845026916765572	0.915241966984506	196.29869499474185	19.829016618549215	0.001904302415808073
0.00368	0.8806429799708255	0.9123438289360303	191.36926098479887	19.365334979320224	0.0019656521011102513
0.0038400000000000005	0.8768500914981935	0.9094913067926941	186.74701999719355	18.930832394804966	0.0020260506464936496
0.004	0.8731211237429469	0.9066824169944153	182.40113213436408	18.522540846461286	0.0020855501593516758
0.0041600000000000005	0.8694534166809008	0.9039153449626901	178.30496802600908	18.13790004354689	0.0021441974441623298
0.00432	0.8658444765927691	0.9011883890380035	174.43536100001182	17.774685285488182	0.002202035994198071
0.0044800000000000005	0.8622920040870299	0.8984999828164506	170.7720769445193	17.430955415716138	0.0022591051617921925
0.00464	0.8587938341768839	0.8958486509187081	167.2973256138617	17.105005787652868	0.002315441719627723
0.0048000000000000004	0.8553479600673326	0.8932330279490931	163.99541576844052	16.79533438766922	0.0023710791476244503
0.00496	0.8519524852303003	0.8906518230107331	160.8524253593482	16.500610163594228	0.0024260488803949133
0.00512	0.8486056436795882	0.8881038358752198	157.85597054264264	16.2196503202576	0.0024803796932887806
0.00544	0.8420509932565967	0.8831028847707177	152.25622801993055	15.69459591040233	0.0025872200341247424
0.00576	0.8356721468135775	0.8782220930163553	147.12403975038234	15.213296579393118	0.002691801587421693
0.00608	0.8294581654998006	0.8734540218776238	142.39839328098216	14.76995404480563	0.002794299678397531
0.0064	0.8233992877857919	0.8687920557652098	138.02845570409184	14.359747670030012	0.002894863702258181
0.00672	0.8174865852971173	0.8642301402240314	133.97170302890223	13.978654045260756	0.0029936283921561846
0.00704	0.8117120546519352	0.8597628606585809	130.19243678720446	13.623302288093578	0.003090711134043172
0.00736	0.8060683341268075	0.855385231625318	126.66038765441107	13.29084051352136	0.003186219264364914
0.007680000000000001	0.8005487695914035	0.8510927560596943	123.34976364260481	12.97884350076316	0.003280247429606418
0.008	0.7951472011865318	0.8468812663397234	120.23837634710809	12.685229448373022	0.0033728829297617665
0.008320000000000001	0.7898580190166071	0.8427469740677006	117.30706044921791	12.408203782233796	0.003464203445165937
0.00864	0.7846760009962229	0.8386863486179337	114.539120750599	12.146206612731314	0.0035542811267022596
0.008960000000000001	0.7795963605302231	0.8346961594493872	111.91996904633929	11.897877647303785	0.0036431806661439557
0.00928	0.7746146207336075	0.8307733813672722	109.4367620518951	11.662021862116582	0.003730962507585098
0.009600000000000001	0.7697266552188197	0.8269152305616618	107.07816663757818	11.437586863053502	0.0038176812047893754
0.00992	0.7649285887023373	0.8231190893279001	104.83411481325177	11.223639697577402	0.003903387992683925
0.01024	0.7602168319490512	0.819382536873671	102.69564734052221	11.019351808754118	0.003988129381269774
0.01088	0.7510402105632942	0.8120802259808326	98.70322566973026	10.636751042221892	0.004154829605342388
0.01152	0.7421714169623793	0.8049910620058315	95.04734767936466	10.284884871053569	0.004318144443072544
0.01216	0.7335883126855338	0.7981000505160961	91.68338620955659	9.959668318067294	0.004478362931055356
0.0128	0.7252716282521936	0.7913941938455086	88.57439194697645	9.657725905704462	0.004635720900449528
0.01344	0.7172039999341303	0.7848617575267275	85.68950717173047	9.376246443871665	0.00479042994948213
0.01408	0.7093700083766225	0.7784923433759924	83.00286715714162	9.112880950316608	0.004942672210750433
0.01472	0.7017555919484613	0.7722764439099102	80.49254960691356	8.86564389325959	0.005092615103942122
0.015360000000000002	0.6943481287214728	0.7662055398219438	78.13990244835203	8.632850514865307	0.005240404847163979
0.016	0.6871360197921768	0.7602717808276157	75.92889361128218	8.413055658232441	0.005386177064016311
0.016640000000000002	0.6801087679958991	0.7544680731845693	73.84570312124374	8.20501612349304	0.005530051288432283
0.01728	0.6732566673679311	0.7487878395194805	71.8783096600714	8.00765188005131	0.005672139167643763
0.017920000000000002	0.6665708730725867	0.7432250942009602	70.01623492252969	7.820022806150434	0.005812539877372138
0.01856	0.660043164059029	0.7377742580193919	68.25027115726718	7.64130319825711	0.00595134661576473
0.019200000000000002	0.653666004093837	0.7324302227537595	66.57231555878343	7.47076694406796	0.006088642740332088
0.01984	0.6474323568141567	0.7271882054179366	64.97518490592921	7.307770215375617	0.0062245070004225255
0.02048	0.6413357386469043	0.7220438035907293	63.45250518617191	7.151741759901122	0.006359010254493048
0.02176	0.6295363087275764	0.7120366581126636	60.61006864326171	6.858703184139248	0.006624027869954667
0.02304	0.6182181565951501	0.702374587435954	58.0045069489035	6.588082898477532	0.00688433321988253
0.02432	0.6073413160262846	0.6930301428452242	55.60393259817284	6.337015915672564	0.007140379075378741
0.0256	0.5968720971404301	0.6839802933451472	53.38252080592891	6.103164165564029	0.007392516521547895
0.02688	0.5867806122248791	0.6752045208963011	51.31886049838537	5.884578813273358	0.007641062443636626
0.02816	0.5770405472143799	0.6666847812957277	49.39506015757899	5.679626043447166	0.007886286666800855
0.02944	0.5676281052078082	0.6584046698287535	47.595965212828986	5.4869148297251975	0.008128440401983624
0.030720000000000004	0.5585220760640426	0.6503495747851779	45.90869133609696	5.305257544557126	0.00836774033334196
0.032	0.5497031319462485	0.6425061108707435	44.322160510080565	5.133626713404263	0.00860438939406562
0.033280000000000004	0.5411539092036501	0.6348622595692988	42.82682293933849	4.971132179814483	0.008838563887740862
0.03456	0.5328584904250082	0.6274069463964376	41.41436348076167	4.816993643238472	0.009070429848519797
0.035840000000000004	0.5248024781335603	0.620130158894752	40.07752850893245	4.670526808481219	0.009300132525248674
0.03712	0.5169726040994655	0.613022623147103	38.80993339301217	4.531125208705838	0.009527809462807737
0.038400000000000004	0.5093567947632751	0.6060759035282911	37.6059513379858	4.398251509633251	0.00975358174161034
0.03968	0.5019438712060662	0.5992821507096255	36.46058312953301	4.271425051290474	0.009977564599204285
0.04096	0.4947236068542279	0.5926341865072607	35.36938372678285	4.150216224886433	0.010199860036084772
0.04352	0.4808418198973113	0.5797638056060739	33.337718626342465	3.9234201054912305	0.010639410683736321
0.04608	0.46762581022219785	0.5674028786180806	31.479401285941822	3.714896031227644	0.011073280951367327
0.04864	0.45501349783771494	0.5555068998788154	29.771725248004728	3.522389865302494	0.0115021232828479
0.0512	0.4429546438761359	0.544040066175444	28.196632950776088	3.3440761251792837	0.011926413335679668
0.05376	0.4314054312048487	0.53297094317287	26.739052172726492	3.1784176700897055	0.012346588074219716
0.05632	0.42032762717012756	0.522272114144371	25.386250834163814	3.0241101541310074	0.012763010038390664
0.05888	0.409686981292636	0.5119188185028394	24.127334654114094	2.880029134850217	0.013176022736050846
0.06144000000000001	0.3994532278934258	0.5018891781174312	22.952962456985425	2.7452051133660307	0.013585912836574673
0.064	0.38959905228835423	0.49216329323002633	21.855041139547783	2.6187914868323223	0.013992952933035199
0.06656000000000001	0.38010012863259757	0.48272344502109005	20.8265466114597	2.500049502057117	0.014397371339055023
0.06912	0.3709343561878296	0.47355341451925653	19.861322813956075	2.38832702884341	0.014799386594919878
0.07168000000000001	0.3620819043952794	0.4646386534158931	18.9539672482117	2.283049068538045	0.015199182559943342
0.07424	0.35352464018961827	0.45596576258012295	18.099696283219817	2.1837032575945803	0.015596936526884046
0.07680000000000001	0.3452461799976617	0.44752264082586396	17.294270997681405	2.089833752182231	0.015992798222128964
0.07936	0.3372314537687507	0.43929807943048776	16.533904520423906	2.001031053865007	0.01638691305855487
0.08192	0.3294667597855694	0.431281892690959	15.815212878308873	1.9169279820831253	0.01677940419828708
0.08704	0.3146751414533989	0.415870268801322	14.495446856311068	1.7618872705410829	0.017559382762422117
0.09216	0.30074096824912927	0.40118588444112563	13.308258913094692	1.6219843740002988	0.018334180672929804
0.09728	0.28758205508661105	0.38716561620889745	12.236230319773606	1.4952742772233183	0.01910457524290636
0.1024	0.27513447226001103	0.3737609527421061	11.265540308896242	1.3801944520078564	0.019871069748841095
0.10752	0.263342476531072	0.36092924371712776	10.384445807696363	1.2754206029143154	0.020634158063300403
0.11264	0.2521572270745167	0.34863315996439354	9.58289327425856	1.179822399528364	0.02139421294769449
0.11776	0.24153477345132063	0.33683872767875983	8.85219899425585	1.0924212471750179	0.022151610979804157
0.12288000000000002	0.23143620424300018	0.3255158732273129	8.184871269623345	1.0123716326302583	0.022906632876949093
0.128	0.22182628407314522	0.3146370601141057	7.574384270962478	0.9389341849886373	0.023659565013743306
0.13312000000000002	0.2126735647587837	0.30417771068812705	7.0150527981889805	0.8714635861308889	0.024410618659176618
0.13824	0.20394934880312618	0.29411515187818343	6.501876549908032	0.80939025568896	0.02516001331552885
0.14336000000000002	0.19562779595618837	0.2844289614125851	6.030458023866875	0.7522124832105627	0.025907909268105232
0.14848	0.1876851436870908	0.2751001559998968	5.596896203514883	0.6994838196208518	0.026654476634455356
0.15360000000000001	0.1800998199165902	0.2661114900331223	5.197731370885725	0.6508079043160144	0.027399838114708787
0.15872	0.17285185079661317	0.2574468237938117	4.829875994627476	0.6058295957939444	0.028144126947562978
0.16384	0.16592297297919828	0.24909138278116738	4.49057051825287	0.5642314880410549	0.028887437810834637
0.17408	0.15301829932321814	0.2333177105245581	3.891567061533541	0.4903692453537856	0.030370682111465472
0.18432	0.14118857151070535	0.21861605257186828	3.3785257959173354	0.4268470443419586	0.031851088929944746
0.19456	0.1303236048033775	0.20489211526312295	2.937912013103784	0.37204887119733987	0.03332930908798784
0.2048	0.12033749633870604	0.1920734810634876	2.5589281355353184	0.32468711398694694	0.03480559191993363
0.21504	0.11115300124555044	0.18009397648775616	2.2324167372925303	0.28368053446591524	0.03628031038591024
0.22528	0.10270085683380466	0.16889380565942583	1.9506519242161893	0.24811996926673047	0.03775363223237659
0.23552	0.09491781904290134	0.1584172339519308	1.707097864011176	0.21723410943131508	0.03922582890287149
0.24576000000000003	0.08774726708981483	0.14861388483816582	1.4962502819634067	0.19037134823000046	0.04069700856671725
0.256	0.08113758343428937	0.13943690888603355	1.313441658733517	0.16697641674186875	0.04216736597787439
0.26624000000000003	0.07504240269159272	0.1308437875212755	1.1547224305109274	0.14657753899525605	0.04363696825720172
0.27648	0.06941933248697138	0.122794885564826	1.0167273709184694	0.1287706077532794	0.04510595697248763
0.28672000000000003	0.06423010545227478	0.11525402896595195	0.8965939188353347	0.11321039363695738	0.04657437300981571
0.29696	0.059439620939673275	0.10818740406942587	0.7918750244265929	0.09959983312054019	0.048042321322694294
0.30720000000000003	0.05501605980793238	0.10156400119388262	0.7004786466512803	0.08768396582721162	0.04950982627813555
0.31744	0.05093016278146914	0.09535477380618695	0.6206091563016667	0.07724256783865571	0.05097696722204741
0.32768	0.04715531639175174	0.08953298131577316	0.5507278700333887	0.06808589179157955	0.052443758164020714
0.34816	0.04050581807602247	0.07903807732305651	0.4370597500140083	0.05310360425228996	0.05537553275031431
0.36864	0.03480793036809939	0.06978808590667039	0.3488878976010556	0.041497598991335344	0.058306375860239595
0.38912	0.02991899355638628	0.061626145921995154	0.28023030641508256	0.03247945052519505	0.06123669354419681
0.4096	0.02572620519004823	0.05442717927620066	0.22660876419468493	0.02546234430909429	0.06416634961048374
0.43008	0.02213070100161142	0.048078252114836656	0.18455078190663607	0.019993297452102876	0.06709557284835135
0.45056	0.019047104244433104	0.042479182041470324	0.1514029977505709	0.015723731986561188	0.07002428381424095
0.47104	0.016401525536464755	0.037540423047982566	0.12513695536492878	0.012384563092014036	0.0729526586126276
0.49152000000000007	0.014131004430430957	0.03318353155142695	0.10420897909958025	0.009768720129478015	0.0758806406541824
0.512	0.012181471471038825	0.029338998649553846	0.08743682929222527	0.0077160566818779254	0.07880835878119742
0.5324800000000001	0.010506927381013052	0.025946030070867016	0.07391562959421596	0.006102861782393562	0.08173577026276134
0.55296	0.009067911489317461	0.022950859369819217	0.06294803252395226	0.004833097685340773	0.08466296967013598
0.5734400000000001	0.007830815849853408	0.020306410629703935	0.053996503894165	0.003832254329269981	0.08758992480665945
0.59392	0.006766805911284251	0.017971071406103854	0.04664383153197763	0.0030422708665088735	0.09051670592708703
0.6144000000000001	0.005851292447968994	0.01590836236080917	0.040565965537796164	0.0024179208458902425	0.09344328900752619
0.63488	0.005063172488084123	0.014086045916044032	0.035509455662292425	0.0019238405502664806	0.09636972681685231
0.65536	0.004384428164511625	0.012475829258319374	0.03127583845402729	0.001532383597000942	0.09929600158994065
0.69632	0.003313615375887425	0.009834961177442305	0.024794048560751597	0.0009822287582538518	0.10514764235931082
0.73728	0.002510528182496146	0.0077587072489525	0.020028148044310533	0.0006316358985177622	0.11099883739253529
0.77824	0.0019070297545870517	0.0061242509602423825	0.01645542196649951	0.0004072752402426694	0.11684982358979622
0.8192	0.0014537730109404625	0.004838939537891417	0.013728054154143394	0.00026343757694772835	0.12270045702969996
0.86016	0.00111303701753178	0.0038283393947175265	0.011607053650613678	0.00017098105251241006	0.12855087492370718
0.90112	0.0008564157444101307	0.003033455297409987	0.009928793793759345	0.00011137153642235456	0.13440101371081073
0.94208	0.0006626438670132137	0.0024077550648714963	0.008579632956996505	7.281164051830677e-5	0.14025096692575406
0.9830400000000001	0.0005159044343258926	0.0019148078281323014	0.00747988806628948	4.778574547971032e-5	0.14610070284729426
1.024	0.0004044082202529384	0.0015260404792552663	0.006572062461764033	3.148834934956452e-5	0.15195028262029617
1.0649600000000001	0.00031938095927114594	0.001219102945773795	0.0058143189462239175	2.083928185064719e-5	0.1577996903264246
1.10592	0.00025427208666312925	0.000976469731548817	0.0051755648759445	1.3856679311808057e-5	0.16364896658245978
1.1468800000000001	0.00020419155761047838	0.0007844170503943503	0.004632362836740328	9.261940384949515e-6	0.1694981039600854
1.18784	0.0001654783210126514	0.0006321758527324057	0.004166757448238382	6.227222290644749e-6	0.17534713016481066
1.2288000000000001	0.00013538960272932245	0.0005113019690200354	0.003764824415657708	4.215068393558103e-6	0.18119604236023923
1.26976	0.0001118648358886497	0.00041516274166579964	0.0034156184240205184	2.8753623329086984e-6	0.18704485997508138
1.31072	9.335385222803495e-5	0.0003385498943131241	0.003110446970442813	1.97938727030114e-6	0.19289358260934594
1.39264	6.758665676303764e-5	0.00023102927966370777	0.0026154495325828066	9.890200255292769e-7	0.20459066137314438
1.47456	5.0650721864932214e-5	0.00016074821737887017	0.0022229932238476235	5.215192559384135e-7	0.21628745276551234
1.55648	3.9185873919631145e-5	0.00011427208666590357	0.001907473598717783	2.946268392881815e-7	0.2279840288800593
1.6384	3.120141900987075e-5	8.32345334142241e-5	0.0016507716272967706	1.809036981863435e-7	0.23968038744634476
1.72032	2.5466887973299982e-5	6.222563558286125e-5	0.001439547693014258	1.2129560059743008e-7	0.2513765715926767
1.80224	2.121949236312429e-5	4.776483796411204e-5	0.0012639455968856343	8.816968025882445e-8	0.263072587617625
1.88416	1.7981966787634032e-5	3.7617410081313995e-5	0.0011165961901510462	6.841166468741642e-8	0.2747684642370222
1.9660800000000003	1.5450016737689122e-5	3.034359046968654e-5	0.0009919140592675204	5.5675673328559316e-8	0.28646420856657845
2.048	1.3425365790658388e-5	2.5010336042405968e-5	0.0008856079654659015	4.681571711036209e-8	0.2981598402868892
2.1299200000000003	1.1775442784379696e-5	2.100791998643367e-5	0.0007943406809796382	4.022544214967428e-8	0.30985536585862455
2.21184	1.0409353015118785e-5	1.793425310383499e-5	0.0007154873174162648	3.505503143534968e-8	0.3215507993180469
2.2937600000000002	9.263068205463026e-6	1.5521053157807345e-5	0.0006469622099661745	3.0835410325217343e-8	0.3332461461768006
2.37568	8.290372236932467e-6	1.358712024823842e-5	0.0005870924161591708	2.7294621988376292e-8	0.34494141677762397
2.4576000000000002	7.457076874167185e-6	1.2008208020664233e-5	0.000534524516421233	2.4266056524660815e-8	0.3566366157229765
2.53952	6.737357617196531e-6	1.0697809311144823e-5	0.0004881548003176083	2.1641544109141796e-8	0.3683317508379505
2.62144	6.1113128421146764e-6	9.59459705026789e-6	0.0004470766024174714	1.9346687031287254e-8	0.3800268259431901
2.78528	5.1045986375688735e-6	7.884657576282294e-6	0.0003795367922277454	1.5598495741653708e-8	0.40341676315052916
2.94912	4.310950538595963e-6	6.581940383791748e-6	0.0003249635380503052	1.2642160543131652e-8	0.4268065138537285
3.11296	3.675435600789761e-6	5.562955089573236e-6	0.0002803059654638546	1.0290269694613616e-8	0.4501961135165194
3.2768	3.159774886189916e-6	4.750262087905189e-6	0.00024339260068307963	8.410346523047323e-9	0.4735855754750256
3.44064	2.7362743395491625e-6	4.091442917504411e-6	0.00021259854785542052	6.902794079492894e-9	0.4969749218257939
3.60448	2.3847271853645046e-6	3.550018603269288e-6	0.0001866903546484031	5.6909445343119225e-9	0.5203641627532765
3.76832	2.09019906008946e-6	3.0999800038453414e-6	0.00016473603378635107	4.714914507121159e-9	0.5437533136715004
3.9321600000000005	1.841413647315393e-6	2.7222624770302275e-6	0.00014600182180476144	3.92748472950642e-9	0.5671423823164281
4.096	1.6297265666608602e-6	2.402577497424943e-6	0.000129917713228148	3.2911940490932162e-9	0.5905313797567515
4.2598400000000005	1.4484294756217864e-6	2.130020690468471e-6	0.00011603306755853276	2.776202175008423e-9	0.61392031193107
4.42368	1.2922551304618394e-6	1.896142483341849e-6	0.00010398816667461982	2.358671896493635e-9	0.6373091869933581
4.5875200000000005	1.1570227195638654e-6	1.6943066622098893e-6	9.349324138464346e-5	2.0195232626770233e-9	0.660698009552587
4.75136	1.0393806428448783e-6	1.5192401982432544e-6	8.431283497732738e-5	1.7434614942373457e-9	0.6840867857407376
4.9152000000000005	9.366169762791417e-7	1.3667085407108608e-6	7.625403933301194e-5	1.518212574052518e-9	0.707475519169479
5.07904	8.46518229717763e-7	1.233278380338625e-6	6.915756084242605e-5	1.3339181469561436e-9	0.7308642145274638
5.24288	7.672628306713421e-7	1.1161410254212452e-6	6.289088218596529e-5	1.1826548008762292e-9	0.7542528746677049
5.57056	6.394127022622679e-7	9.274532872719167e-7	5.273892861036523e-5	9.605240536745943e-10	0.8010300690984085
5.89824	5.382315930979888e-7	7.785877386095057e-7	4.465974829167502e-5	8.053478978813737e-10	0.8478071559303987
6.22592	4.5738513390543716e-7	6.599854396372291e-7	3.817053579632108e-5	6.943492144349468e-10	0.8945841569274585
6.5536	3.923512014742708e-7	5.647995297453392e-7	3.2929208634051566e-5	6.128947684698812e-10	0.9413610811132971
6.88128	3.3974232755192e-7	4.879340581425241e-7	2.8674862031986287e-5	5.513386798683054e-10	0.9881379410293546
7.20896	2.9697123384770133e-7	4.2553198965215485e-7	2.5205388701028596e-5	5.033027616666558e-10	1.0349147426400511
7.53664	2.6203242868757973e-7	3.7462304446289396e-7	2.2362782637967892e-5	4.6456171043904587e-10	1.0816914942769493
7.864320000000001	2.3335568122902712e-7	3.3289083549130947e-7	2.0022625896704076e-5	4.323099785260873e-10	1.1284681999746697
8.192	2.0970268118466905e-7	2.9851321739982683e-7	1.8086386779547446e-5	4.046788849440405e-10	1.1752448653925487
8.519680000000001	1.9009151370669956e-7	2.700478472149974e-7	1.6475680414389955e-5	3.804184120428318e-10	1.2220214932964402
8.84736	1.7374023709006928e-7	2.463476149039665e-7	1.512792650126264e-5	3.5868742444547413e-10	1.2687980876190772
9.175040000000001	1.600240607911322e-7	2.264968643795297e-7	1.39930220966153e-5	3.3891533109861593e-10	1.315574650293326
9.50272	1.4844243756447027e-7	2.0976259305730403e-7	1.3030764411223761e-5	3.207108201883999e-10	1.3623511841207971
9.830400000000001	1.3859351219961695e-7	1.955566828097608e-7	1.220883710287386e-5	3.0380163111602676e-10	1.4091276904885266
10.15808	1.3015411669958806e-7	1.834064053641204e-7	1.1501225511211854e-5	2.87994785824213e-10	1.4559041714476815
10.48576	1.228640020479368e-7	1.7293122038046354e-7	1.088696250304141e-5	2.7315031683289057e-10	1.5026806280279275
11.14112	1.1131790425293967e-7	1.5638767831685682e-7	9.905333736808533e-6	2.462241767334883e-10	1.596233448741839
11.79648	1.0212165022164805e-7	1.4327091971448022e-7	9.116250539070563e-6	2.2211415593554303e-10	1.689786184427945
12.45184	9.454785420896278e-8	1.3251089902188224e-7	8.460348224096406e-6	2.004329898129982e-10	1.783338845568303
13.1072	8.813232785832553e-8	1.234274387133601e-7	7.900147998678778e-6	1.8089980406106269e-10	1.8768914352182131
13.76256	8.256237595831478e-8	1.1556405460237418e-7	7.410342399639081e-6	1.6328522705918695e-10	1.9704439594365408
14.41792	7.762493885821456e-8	1.0861032108616107e-7	6.9736379155412295e-6	1.4739301972684493e-10	2.063996420775972
15.07328	7.317368040602897e-8	1.0235329649444622e-7	6.578123869964248e-6	1.3305107311171523e-10	2.157548823811545
15.728640000000002	6.910717952009938e-8	9.664558919057915e-8	6.215517388536876e-6	1.201063938907896e-10	2.2511011708987247
16.384	6.535432691045366e-8	9.138402670765061e-8	5.879985801630798e-6	1.0842199667742331e-10	2.3446534656976543
17.039360000000002	6.186452041864747e-8	8.649534191685165e-8	5.5673556453846235e-6	9.78747607097206e-11	2.438205710421307
17.69472	5.8601076102564216e-8	8.192655519942436e-8	5.2745809579248386e-6	8.835380290529096e-11	2.531757908114958
18.350080000000002	5.553679713256257e-8	7.763850699906318e-8	4.9993856105910054e-6	7.975915504872895e-11	2.625310060856565
19.00544	5.265099121955133e-8	7.360150515103594e-8	4.740022476737984e-6	7.200063769930265e-11	2.718862171246819
19.660800000000002	4.992746077125268e-8	6.979239225048637e-8	4.495111075050528e-6	6.499687675292939e-11	2.812414241223974
20.31616	4.7353146474638036e-8	6.619256689987488e-8	4.2635279306449625e-6	5.867443110362655e-11	2.905966273047447
20.97152	4.4917209988348796e-8	6.278664592318042e-8	4.04433237107396e-6	5.2967013081122695e-11	2.9995182685114803
22.28224	4.0506630066630465e-8	5.662077872735931e-8	3.647238473476826e-6	4.333390007980775e-11	3.1866221297941477
23.59296	3.6539468844882454e-8	5.107498336911441e-8	3.2901052509604738e-6	3.546312490825207e-11	3.3737258670538144
24.90368	3.2964203872421666e-8	4.607723138364831e-8	2.9682155478006693e-6	2.902256945798882e-11	3.560829494922441
26.2144	2.9740355702756913e-8	4.157083082221431e-8	2.67794678007005e-6	2.3751754815806213e-11	3.7479330235601913
27.52512	2.683263297543018e-8	3.750637640547917e-8	2.416132926822787e-6	1.9438193380598854e-11	3.935036463068079
28.83584	2.420966751676462e-8	3.383998728806779e-8	2.1799546136753037e-6	1.5908030165193125e-11	4.122139821794591
30.14656	2.1843379878953315e-8	3.0532397713230245e-8	1.966885967502101e-6	1.3018987805068072e-11	4.309243107880662
31.457280000000004	1.970854791714528e-8	2.754834401962911e-8	1.7746571654397794e-6	1.065462920694398e-11	4.496346328199817
32.768	1.7782473559553107e-8	2.4856094704872087e-8	1.6012250444377346e-6	8.719664295518137e-12	4.68344948935178
34.078720000000004	1.604470874112709e-8	2.2427065353773535e-8	1.4447487269911252e-6	7.136109295850449e-12	4.870552596961477
35.38944	1.4476821378718157e-8	2.0235490527131767e-8	1.3035687010068508e-6	5.840143562885812e-12	5.057655656394496
36.700160000000004	1.306219091374212e-8	1.8258137470116015e-8	1.1761884867682667e-6	4.779537288976826e-12	5.244758672237984
38.01088	1.1785827253014879e-8	1.6474052773251463e-8	1.0612583729364685e-6	3.911546390978582e-12	5.431861648861523
39.321600000000004	1.0634209175333249e-8	1.4864336365855395e-8	9.575608864261706e-7	3.2011897341167346e-12	5.618964589998318
40.63232	9.595139466125846e-9	1.341193895477047e-8	8.63997758882395e-7	2.619839245765568e-12	5.806067499210552
41.94304	8.657614719565096e-9	1.210147999701018e-8	7.79578208985087e-7	2.144066094090753e-12	5.993170379532611
44.56448	7.099422624121409e-9	9.923669889908285e-9	6.392326467879957e-7	1.4566878358483621e-12	6.367376041614437
47.18592	5.824747543296975e-9	8.14190490421799e-9	5.244640666122745e-7	9.90844956071185e-13	6.741581619399262
49.80736	4.779210183458746e-9	6.6804344055065525e-9	4.303239004815078e-7	6.740428666998971e-13	7.115787130403716
52.4288	3.9213825015287335e-9	5.481352120016116e-9	3.5308454105705555e-7	4.58536197557637e-13	7.489992585925682
55.05024	3.2175407847774873e-9	4.497513904533922e-9	2.897101180395799e-7	3.1193270007875473e-13	7.864197996715803
57.67168	2.6400390510136276e-9	3.6902753257670507e-9	2.3771141899331523e-7	2.122018179490295e-13	8.238403370168438
60.29312	2.1661968603737317e-9	3.0279333339254452e-9	1.950462908624637e-7	1.4435711345497467e-13	8.612608713624033
62.91456000000001	1.7774060536107265e-9	2.4844771912307188e-9	1.600392472914293e-7	9.820377149115234e-14	8.986814031950413
65.536	1.458399314371984e-9	2.0385660419094795e-9	1.313156115131293e-7	6.680654764014649e-14	9.361019330177616
68.15744000000001	1.1966502314465794e-9	1.6726903085823248e-9	1.0774749837374594e-7	4.544758097187051e-14	9.735224611493063
70.77888	9.81881140215446e-10	1.3724837440850566e-9	8.840950055633125e-8	3.091743035713264e-14	10.109429879355085
73.40032000000001	8.056593645225549e-10	1.1261590514358357e-9	7.254233425943326e-8	2.103278984835621e-14	10.48363513583645
76.02176	6.610659705437089e-10	9.240448627337312e-10	5.95230137761239e-8	1.4308405576840345e-14	10.857840383324035
78.64320000000001	5.424240050864213e-10	7.582058665358915e-10	4.884038202378135e-8	9.733890693192618e-15	11.232045623153754
81.26464	4.450755316592853e-10	6.221311456854995e-10	4.007503480179555e-8	6.6218989270824145e-15	11.606250856980273
83.88608	3.6519870009189567e-10	5.104784746881866e-10	3.288284967051655e-8	4.504841191834859e-15	11.980456085654502
89.12896	2.518229296322055e-10	3.520168421060364e-10	2.2671560602241115e-8	2.1862258443798346e-15	12.728866521846834
94.37184	1.7403261238479892e-10	2.432746878092918e-10	1.5668384471126798e-8	1.0660304188657663e-15	13.477276946294793
99.61472	1.2030249361696486e-10	1.6816679407908449e-10	1.0831024578054246e-8	5.20053418654786e-16	14.22568736526339
104.8576	8.316315517599139e-11	1.1625094976811689e-10	7.487313174963653e-9	2.5371586097555496e-16	14.974097779093025
110.10048	5.748962572488921e-11	8.036279265465005e-11	5.175884295973752e-9	1.2378006051957079e-16	15.722508190767048
115.34336	3.97419510045523e-11	5.555392034008912e-11	3.5780325776982304e-9	6.038866660296171e-17	16.470918600016127
120.58624	2.7473243183712295e-11	3.8403910461651574e-11	2.4734609778988145e-9	2.9461965257332134e-17	17.219329008527556
125.82912000000002	1.899204264452678e-11	2.654832866709882e-11	1.709884728551996e-9	1.4373730771950032e-17	17.96773941589964
131.072	1.3129082858950789e-11	1.8352696781235213e-11	1.1820329098533337e-9	7.012596064683418e-18	18.716149823116034
136.31488000000002	9.076074217523046e-12	1.2687134111336876e-11	8.171339191128534e-10	3.421288262233672e-18	19.464560229801055
141.55776	6.274261257916402e-12	8.770575332512786e-12	5.648821063055815e-10	1.6691756289533773e-18	20.21297063654418
146.80064000000002	4.337385729388104e-12	6.0630831427052055e-12	3.9050201915942433e-10	8.143590431008928e-19	20.96138104304219
152.04352	2.998433077574633e-12	4.1914069678316375e-12	2.699539055656173e-10	3.9731167416765417e-19	21.70979144965718
157.28640000000001	2.0728196703770478e-12	2.8975236261304906e-12	1.866194015574682e-10	1.9384215801820113e-19	22.458201856160986
162.52928	1.4329449666667232e-12	2.003064665197114e-12	1.2901042259051214e-10	9.457288635928467e-20	23.206612262780737
167.77216	9.905999766028224e-13	1.3847257437875843e-12	8.918536919999437e-11	4.614095076032482e-20	23.955022669351347
178.25792	5.069025345145946e-13	7.086531177676228e-13	4.56249313812349e-11	1.2583297185490553e-20	25.451843480861815
188.74368	2.618095069054549e-13	3.6600598848043483e-13	2.3565905663323304e-11	3.498192148124971e-21	26.948664292188234
199.22944	1.3540223866598937e-13	1.8928961965248543e-13	1.218788855525115e-11	9.750282486518363e-22	28.445485104246014
209.7152	7.003970678286845e-14	9.791407128109688e-14	6.304452113375508e-12	2.718564579653145e-22	29.942305916333225
220.20096	3.6230344711704044e-14	5.064927675651992e-14	3.2611857100999622e-12	7.580199644613223e-23	31.439126728785503
230.68672	1.874137399562625e-14	2.620005559841417e-14	1.6869588335326021e-12	2.1136017217583502e-23	32.93594754125693
241.17248	9.694606551201714e-15	1.3552860811605108e-14	8.726362192006073e-13	5.893391117975402e-24	34.43276835390523
251.65824000000003	5.01485915518382e-15	7.010670147427729e-15	4.514002304698673e-13	1.6432626910159159e-24	35.929589166563936
262.144	2.5941027172305736e-15	3.626502373456123e-15	2.335017801431824e-13	4.581930947567127e-25	37.4264099793078
272.62976000000003	1.3418857714770773e-15	1.87592879019624e-15	1.2078654722938687e-13	1.2775857646702312e-25	38.92323079205696
283.11552	6.941349864519079e-16	9.70386483207333e-16	6.248085238839155e-14	3.5623098664814013e-26	40.420051604847
293.60128000000003	3.5906442102070496e-16	5.019647041600631e-16	3.2320299568034187e-14	9.932842033832872e-27	41.91687241763968
304.08704	1.8573805705098483e-16	2.596580001100529e-16	1.671875349841731e-14	2.769591014630043e-27	43.41369323045193
314.57280000000003	9.607923408184481e-17	1.3431680254792553e-16	8.64833535079878e-15	7.722503016327761e-28	44.91051404326549
325.05856	4.9700217781693105e-17	6.947988756337466e-17	4.473642484035349e-15	2.1532819417965056e-28	46.407334856088426
335.54432	2.5709118525291037e-17	3.5940821905147544e-17	2.3141428374809786e-15	6.004047209016417e-29	47.90415566891195
356.51584	7.97809748068646e-18	1.1155883860806174e-17	7.176669858111322e-16	6.266043911181355e-30	50.89779729454331
377.48736	2.571600580220875e-18	3.595731638337847e-18	2.313612930903981e-16	7.0663142873421656e-31	53.89143892017367
398.45888	8.365396933893382e-19	1.169668161331455e-18	7.526473392724328e-17	8.114424664613637e-32	56.88508054581545
419.4304	2.72692841204132e-19	3.8128397440668724e-19	2.4534781165581976e-17	9.356265105762115e-33	59.878722171458
440.40192	8.893277487332444e-20	1.2434731439399343e-19	8.001493006246768e-18	1.0798018750646929e-33	62.87236379710366
461.37344	2.900636576811421e-20	4.055718793753554e-20	2.60977251190531e-18	1.2464405951844807e-34	65.86600542274954
482.34496	9.460915668593543e-21	1.3228411080276496e-20	8.512213755728819e-19	1.43885141093031e-35	68.85964704839625
503.31648000000007	3.085843036591278e-21	4.314677571458333e-21	2.7764072530933835e-19	1.6609716074467924e-36	71.85328867404303
524.288	1.0065000345210595e-21	1.4073052756579884e-21	9.05572274220284e-20	1.9173764113640495e-37	74.84693029969
545.2595200000001	3.282863711260007e-22	4.590155315669967e-22	2.953671286522658e-20	2.2133548006738045e-38	77.840571925337
566.23104	1.0707573341090303e-22	1.4971509526372373e-22	9.633860450010066e-21	2.5550138368557533e-39	80.83421355098406
587.2025600000001	3.49243627279141e-23	4.883183322617751e-23	3.142228547702181e-21	2.9494034502367463e-40	83.82785517663112
608.17408	1.1391088416317896e-23	1.5927212202721615e-23	1.0248834726278114e-21	3.4046615396102806e-41	86.82149680227819
629.1456000000001	3.7153635294253944e-24	5.1948840907596676e-24	3.3428013460549663e-22	3.9301817740570156e-42	89.81513842792529
650.11712	1.2118163507478394e-24	1.694382123665358e-24	1.0903000978618598e-22	4.5368073241100104e-43	92.8087800535724
671.08864	3.9524987573165156e-25	5.526450687912246e-25	3.5561573900753925e-23	5.237054532358624e-44	95.80242167921949
713.03168	4.3378240131273485e-26	6.070206011358107e-26	3.8940013661644345e-24	7.374758980872619e-46	101.78970493051365
754.97472	4.9026034879506414e-27	6.860565517629879e-27	4.401285130112649e-25	1.1062807531463066e-47	107.77698818180781
796.91776	5.731871687024197e-28	8.020312772696715e-28	5.146710477280603e-26	1.7762790215240823e-49	113.76427143310195
838.8608	6.934827543923384e-29	9.703032603318098e-29	6.227742627352028e-27	3.0539250301162186e-51	119.75155468439611
880.80384	8.664576232787161e-30	1.2122713945425254e-29	7.782110686551837e-28	5.599348916449142e-53	125.73883793569028
922.74688	1.1137639158031873e-30	1.5582201722416834e-30	1.000439003764656e-28	1.0866005278448384e-54	131.72612118698444
964.68992	1.465992311902556e-31	2.050943157750756e-31	1.3169452245487256e-29	2.2109061827108887e-56	137.7134044382786
1006.6329600000001	1.966355949111118e-32	2.750890871899722e-32	1.7665591471440156e-30	4.671299138231629e-58	143.70068768957276
1048.576	2.6758982174090842e-33	3.7434561470127224e-33	2.404131738602024e-31	1.0158847536534436e-59	149.68797094086693
1090.5190400000001	3.6808487798968337e-34	5.149264596033234e-34	3.3071452576220894e-32	2.2572580990185056e-61	155.6752541921611
1132.46208	5.103014206904951e-35	7.13870994257026e-35	4.585049831944548e-33	5.094595304985688e-63	161.66253744345528
1174.4051200000001	7.114455244518223e-36	9.952485865382382e-36	6.392451818430104e-34	1.162795926854216e-64	167.64982069474942
1216.34816	9.958219122501099e-37	1.3930588172038311e-36	8.947742957546844e-35	2.6751163412629403e-66	173.6371039460436
1258.2912000000001	1.397762485796387e-37	1.955328165485309e-37	1.2559414879805353e-35	6.188731915130155e-68	179.62438719733777
1300.23424	1.9657629993722504e-38	2.7498967519225296e-38	1.7663229465924885e-36	1.4373096090740943e-69	185.6116704486319
1342.17728	2.7683262838947203e-39	3.872592353599445e-39	2.487472352858217e-37	3.3471404920198463e-71	191.59895369992606
1426.06336	-5.869049964053022e-40	-8.20738048538214e-40	-5.280182669033296e-38	2.060028999880069e-72	203.57352020251443
1509.94944	-9.260419070413938e-41	-1.2952842938383243e-40	-8.324488496722491e-39	6.988546047056327e-74	215.54808670510283
1593.83552	-7.711477786341155e-42	-1.0787997603688239e-41	-6.928563155311871e-40	6.607377321208775e-76	227.52265320769123
1677.7216	-3.4758667846189216e-43	-4.863912063652291e-43	-3.120153362664461e-41	1.8287895948509694e-78	239.49721971027958
1761.60768	8.155945517747886e-45	1.1393087054901856e-44	7.363374553456242e-43	1.3900635376401805e-81	251.47178621286795
1845.49376	3.3680506126913924e-45	4.7105419215082454e-45	3.0286724156467022e-43	3.2096265858602245e-82	263.4463527154563
1929.37984	3.692681347750679e-46	5.165497261031269e-46	3.318621965593602e-44	5.259379824923261e-84	275.42091921804473
2013.2659200000003	2.3825803922292705e-47	3.3334362038925563e-47	2.1400208171203528e-45	2.984860586458783e-86	287.39548572063313
2097.152	5.139283098312678e-49	7.196252451102995e-49	4.603445273260566e-47	1.8850510955626956e-89	299.37005222322153
2181.0380800000003	-9.572827321956833e-50	-1.3385719590551198e-49	-8.614169933956877e-48	9.008513639193074e-91	311.34461872580994
2264.92416	-1.5517714787503108e-50	-2.170519465000495e-50	-1.3949456860623507e-48	3.224111025029999e-92	323.31918522839834
2348.8102400000002	-1.3097167047386191e-51	-1.8322276731844454e-51	-1.176761196374025e-49	3.13141911778347e-94	335.29375173098674
2432.69632	-6.044963252756953e-53	-8.458825692847522e-53	-5.426584035454987e-51	9.088385050875182e-97	347.2683182335751
2516.5824000000002	1.2069152293084815e-54	1.685609136333052e-54	1.0903484811344182e-52	5.007643860554051e-100	359.2428847361634
2600.46848	5.591069825055135e-55	7.819592435919265e-55	5.027808350988254e-53	1.453213277166429e-100	371.2174512387517
2684.35456	6.228954333067567e-56	8.713322029290073e-56	5.598048608031241e-54	2.458750139273785e-102	383.19201774134007
2852.12672	3.9131449848970654e-58	5.4380523651245065e-58	3.574209017249206e-56	1.8076578221613843e-106	407.14115074651687
3019.89888	-1.4797007172846969e-58	-2.0736929292799097e-58	-1.3238348621688348e-56	4.459064068036779e-107	431.0902837516936
3187.67104	-9.796886327751803e-60	-1.3717276307571236e-59	-8.78340207608004e-58	3.528603237636063e-109	455.03941675687037
3355.4432	-1.710786979626142e-61	-2.3901389823171387e-61	-1.5414590367441943e-59	1.9535820536417077e-112	478.98854976204717
3523.21536	1.6819223000825454e-62	2.358072930675215e-62	1.5034107028770863e-60	3.340506693073972e-114	502.9376827672239
3690.98752	1.4610409752196016e-63	2.0460869235493986e-63	1.30933540499585e-61	4.554578521102998e-116	526.8868157724007
3858.75968	3.992340962243578e-65	5.583700848016041e-65	3.5884306905721057e-63	6.149570532915717e-119	550.8359487775774
4026.5318400000006	-1.659030558664477e-66	-2.327658075319389e-66	-1.4805019876290338e-64	1.8816677553072753e-121	574.7850817827542
4194.304	-2.074056396492636e-67	-2.9051034912896816e-67	-1.8579256735991213e-65	5.3268555033539016e-123	598.734214787931
4362.0761600000005	-7.668091367570074e-69	-1.072995178376272e-68	-6.884529012900313e-67	1.31477671522828e-125	622.6833477931077
4529.84832	1.1759972551650099e-70	1.6534763838634267e-70	1.0443124703935023e-68	5.438182202161934e-129	646.6324807982845
4697.6204800000005	2.7987232853916847e-71	3.920909160316674e-71	2.5059493539069103e-69	5.628940993231763e-130	670.5816138034613
4865.39264	1.3265408730349767e-72	1.8568022699825926e-72	1.1901507609209433e-70	2.2823138475317955e-132	694.530746808638
5033.1648000000005	1.3294649849220581e-75	1.766284690012046e-75	1.330604603971353e-73	5.1281266518403637e-138	718.4798798138149
5200.93696	-3.5642846392598956e-75	-4.9946207760448335e-75	-3.189694622244584e-73	5.297222345484472e-137	742.4290128189916
5368.70912	-2.1371666730102402e-76	-2.9921498032943246e-76	-1.9164282069870098e-74	3.437355021271004e-139	766.3781458241684
5704.25344	-6.399722660443511e-78	-8.978325855089026e-78	-5.702446802407993e-76	8.915495552590519e-142	814.2764118345219
6039.79776	3.669137932047494e-80	5.244697021274565e-80	3.116045711608848e-78	7.704990934720993e-146	862.1746778448753
6375.34208	6.558866759984642e-81	9.23095702842533e-81	5.805382804991728e-79	7.729336859383459e-147	910.0729438552288
6710.8864	1.2571672258796028e-82	1.7613320775280828e-82	1.1248426661825218e-80	8.38505172259368e-150	957.9712098655822
7046.43072	-2.783094764130735e-84	-3.9364887725353503e-84	-2.4342360408963897e-82	1.134698289275783e-152	1005.8694758759356
7381.97504	-1.7868121074511397e-85	-2.512339814405465e-85	-1.5852544223990784e-83	1.3905440820564175e-154	1053.767741886289
7717.51936	-1.8441868122248213e-87	-2.5723090545329686e-87	-1.667124989728118e-85	4.443803055786901e-158	1101.6660078966427
8053.063680000001	1.1397492970192749e-88	1.6075347596303506e-88	1.0037080570627613e-86	4.6544133778528465e-160	1149.5642739069963
8388.608	4.386719624055909e-90	6.161622232176303e-90	3.90131260988886e-88	2.0319044607344697e-162	1197.4625399173497
8724.152320000001	4.786266772394882e-93	6.134449874711213e-93	5.136862141215378e-91	1.0179096962264557e-167	1245.3608059277033
9059.69664	-3.7754223727205695e-93	-5.317190528300816e-93	-3.336412406580198e-91	1.2408078549183028e-167	1293.2590719380566
9395.240960000001	-9.537085673945386e-95	-1.3377957486610532e-94	-8.508566052349632e-93	2.3317902264187158e-170	1341.15733794841
9730.78528	1.0468162024775558e-96	1.4872860904493749e-96	9.056705232511637e-95	7.633941781673123e-174	1389.0556039587636
10066.329600000001	1.0985882710141752e-97	1.545581165162786e-97	9.732926787100932e-96	2.5475747733371164e-175	1436.953869969117
10401.87392	1.7231003793316724e-99	2.4112958709142503e-99	1.5458743818446903e-97	1.8570349445104946e-178	1484.8521359794704
10737.41824	-5.585329324186508e-101	-7.889017006774848e-101	-4.901740304713531e-99	5.395154947270826e-181	1532.7504019898238
11408.50688	-2.0830581313901384e-101	-2.986004952755164e-101	-1.7564809608458618e-99	4.5544065186647926e-181	1628.546934010531
12079.59552	-1.547219320080127e-103	-2.1788724188177817e-103	-1.3686217100655969e-101	1.7308608493066954e-184	1724.343466031238
12750.68416	3.0314961240832224e-105	4.370900985142926e-105	2.533882515495738e-103	3.6797363803317384e-187	1820.1399980519452
13421.7728	5.796969193992041e-107	8.232732339729362e-107	5.015714507830342e-105	8.927266862930862e-190	1915.9365300726522
14092.86144	-1.5156815999913748e-109	-2.2847885535844424e-109	-1.1311881117847784e-107	2.8105775358169435e-194	2011.7330620933594
14763.95008	-1.3509028755448768e-110	-1.929150644268661e-110	-1.153928676426049e-108	1.8102218034799254e-195	2107.5295941140666
15435.03872	-8.159554698490028e-113	-1.1400127668413087e-112	-7.313754040848613e-111	4.500884870158169e-199	2203.326126134774
16106.127360000002	2.1658133664557083e-114	3.113944560106042e-114	1.8211427313797888e-112	1.727220031522535e-201	2299.122658155481
16777.216	3.54351739604953e-116	5.024843070166576e-116	3.0751546289946716e-114	3.0481473114185566e-204	2394.9191901761883
17448.304640000002	-1.5929845176702337e-118	-2.3491065056729495e-118	-1.2591400835554616e-116	3.162950852920012e-208	2490.715722196895
18119.39328	-8.820044198816559e-120	-1.2583001316857887e-119	-7.550597002718586e-118	7.039620248865166e-210	2586.512254217602
18790.481920000002	-4.052613059931464e-122	-5.620124476328855e-122	-3.690087384658989e-120	1.0406441668369845e-213	2682.308786238309
19461.57056	1.521271221982055e-123	2.1838789102988393e-123	1.2837579665213201e-121	7.795384824971778e-216	2778.105318259016
20132.659200000002	2.1345748945981316e-125	3.0225880630228965e-125	1.85834985653758e-123	1.01104041475209e-218	2873.901850279723
20803.74784	-1.416885557750174e-127	-2.0691086914563973e-127	-1.1477109149678771e-125	2.386826693872973e-222	2969.69838230043
21474.83648	-5.697565512151784e-129	-8.120614980410672e-129	-4.88811486634677e-127	2.679667885841056e-224	3065.4949143211375
22817.01376	-5.728827429818696e-130	-8.858526853878596e-130	-3.818685489805135e-128	4.6335749991617e-225	3257.0879783625514
24159.19104	-7.973420484600908e-133	-1.1323914593286545e-132	-7.007173402488864e-131	3.732610719468503e-229	3448.681042403966
25501.36832	1.4294659273545486e-134	2.294640177356462e-134	9.382319670560382e-133	1.4790772628600305e-231	3640.27410644538
26843.5456	5.428585115596914e-137	8.011314932033351e-137	4.271253182410012e-135	6.549563490696604e-235	3831.8671704867943
28185.72288	-3.077466018915332e-139	-5.101397093070337e-139	-1.9346595422422205e-137	2.8313758339265265e-238	4023.4602345282083
29527.90016	-2.3863382503760463e-141	-3.6054315147935835e-141	-1.78759109684954e-139	5.0648835887265656e-241	4215.053298569623
30870.07744	4.0661650963640765e-144	7.482267875515075e-144	1.969552790107299e-142	1.2853849357982861e-245	4406.646362611037
32212.254720000004	8.445193156827403e-146	1.3006450255592293e-145	6.099337770455674e-144	2.5747562158937773e-247	4598.239426652451
33554.432	6.772729490442648e-149	6.713600916284785e-149	7.87572822434137e-147	8.963307132090553e-252	4789.832490693864
34896.609280000004	-2.5096158883988784e-150	-3.9430581212366884e-150	-1.7454604115189757e-148	9.190948378152969e-254	4981.425554735278
36238.78656	-7.9490553571106e-153	-1.1265145357274513e-152	-6.5241075187804e-151	2.680470413445223e-257	5173.018618776692
37580.963840000004	6.0921780723990884e-155	9.845494672322332e-155	4.008608042866323e-153	2.112391811356945e-260	5364.611682818107
38923.14112	3.921281907871348e-157	5.839243501240126e-157	2.9887585035822013e-155	2.4512264728406316e-263	5556.20474685952
40265.318400000004	-1.0188971690364994e-159	-1.7606595388517663e-159	-5.760902879067481e-158	1.9010599091305933e-267	5747.797810900934
41607.49568	-1.4749853614209579e-161	-2.252894130605519e-161	-1.0778435361083716e-159	1.3891156680605429e-269	5939.390874942347
42949.67296	-1.8944227740207208e-165	3.5549581837151837e-165	-6.708172144920306e-163	1.123174878241555e-274	6130.983938983761
45634.02752	3.1319080372074534e-165	8.072928315692433e-165	-4.954096743672478e-164	2.0732969219024607e-274	6514.170067066588
48318.38208	-1.0459049142790475e-168	-1.2232625500581385e-168	-1.0569502416314924e-166	6.389181172183803e-279	6897.356195149415
51002.73664	-1.9413153473337095e-171	-2.750099196094309e-170	8.612963377238574e-169	1.8918126960583754e-281	7280.542323232243
53687.0912	1.5202847095323597e-173	2.080296124837532e-173	1.0233909143017951e-171	2.4585755430598957e-285	7663.72845131507
56371.44576	-1.1139761642979977e-176	1.1315812130596079e-175	-1.7432262463046016e-174	1.3896749107705216e-288	8046.9145793979
59055.80032	-6.428949011326832e-179	-1.1105233499362702e-178	-7.688581167121646e-178	5.150690515861355e-292	8430.10070748073
61740.15488	6.435317717528981e-183	-6.169150113536611e-181	-2.8282732388380813e-180	7.310349440585671e-296	8813.286835563556
64424.50944000001	1.0490361009794762e-185	2.1477434061478878e-184	-2.0148919167655777e-182	8.026597204546615e-299	9196.472963646385
67108.864	1.0169144930884933e-187	3.273868384381722e-186	1.2008980178965795e-185	1.7715931505413768e-303	9579.659091729214
69793.21856000001	8.759902467346738e-190	3.674537937029554e-190	8.270777199047831e-188	1.0199240920640611e-305	9962.845219812043
72477.57312	-2.5652104325782076e-193	-1.6272665040425787e-191	4.324667922539051e-192	8.970378729254e-312	10346.031347894872
75161.92768000001	-2.812771072866696e-195	-2.2263915371551774e-195	3.242042187868366e-194	1.08762946293e-312	10729.217475977699
77846.28224	2.377310632768765e-198	8.364195458367382e-197	1.4157945379316623e-196	4.261295e-317	11112.403604060526
80530.63680000001	-1.743410069319695e-201	-9.391743172752243e-202	-1.098551590348396e-198	9.6787e-320	11495.589732143353
83214.99136	-2.5282910314866533e-203	-4.4274317336121545e-202	-1.4847679952632294e-201	1.5e-323	11878.77586022618
85899.34592	3.2150590572098374e-206	1.7791370251106683e-206	2.498863657301616e-204	0.0	12261.961988309009
91268.05504	-7.42170181782218e-207	-1.2333522462343997e-206	-9.649209780868996e-205	0.0	13028.334244474665
96636.76416	-3.090226894218961e-210	-4.4839808015789014e-210	-2.4837565646965257e-208	0.0	13794.706500640323
102005.47328	2.0697986657744568e-212	4.1025583319768956e-212	6.7736625783847315e-211	0.0	14561.07875680598
107374.1824	4.1229977442395e-216	9.839630452923682e-216	-1.7992604895723755e-214	0.0	15327.451012971638
112742.89152	-2.468846111995437e-218	-8.51422513079066e-218	1.1494573014340785e-216	0.0	16093.823269137294
118111.60064	-4.9397116287846515e-223	-1.6544722603539245e-221	6.594566634909559e-220	0.0	16860.195525302952
123480.30976	4.340880189592931e-224	2.1152387114479078e-223	-1.1115914715015568e-223	0.0	17626.56778146861
128849.01888000002	9.624131441757578e-228	5.815447349629704e-227	7.221224139482183e-226	0.0	18392.940037634267
134217.728	-8.742046819858576e-230	-5.4159206805540634e-229	-8.633032327256812e-229	0.0	19159.31229379992
139586.43712000002	-2.6227486022094426e-233	-1.7049014771060904e-232	-6.410967082994498e-232	0.0	19925.684549965576
144955.14624	1.5474613940131475e-235	1.349713930849882e-234	-2.080304070155911e-235	0.0	20692.05680613123
150323.85536000002	3.6267465980772182e-239	4.443794893672856e-238	-1.2788490341024302e-237	0.0	21458.429062296884
155692.56448	-2.7526341439850313e-241	-3.3673858720148643e-240	3.021291099403291e-241	0.0	22224.801318462538
161061.27360000001	-6.884754067546881e-245	-1.2024323069052724e-243	1.6974115654809888e-244	0.0	22991.173574628196
166429.98272	4.9553681449905864e-247	8.40981670121769e-246	4.217467735781935e-248	0.0	23757.545830793853
171798.69184	1.499127665434155e-250	3.2643056205442786e-249	1.4708838451990994e-249	0.0	24523.918086959507
182536.11008	6.2984139765890625e-251	1.5085014665020968e-249	8.26644670738175e-251	0.0	26056.662599290823
193273.52832	5.090368811745785e-256	1.636329439873628e-254	2.1993871940031996e-255	0.0	27589.40711162214
204010.94656	-5.6635592446488196e-257	-1.8904135898150755e-255	1.3674005402583925e-257	0.0	29122.15162395345
214748.3648	-9.760720983965311e-262	-4.6036943537234275e-260	3.0013692544235598e-261	0.0	30654.896136284762
225485.78304	5.104190243000146e-263	2.3689110920219296e-261	-1.3779551750976556e-264	0.0	32187.640648616078
236223.20128	1.3867974878359142e-267	8.976673714914978e-266	9.235937790364537e-268	0.0	33720.385160947386
246960.61952	-4.602297280901958e-269	-2.9681358057860702e-267	-1.2732452868958501e-270	0.0	35253.129673278694
257698.03776000004	-1.6988336778834968e-273	-1.52673720200316e-271	-3.886540794606571e-275	0.0	36785.87418561001
268435.456	4.147760682174968e-275	3.718364378229918e-273	-2.8115061548180686e-277	0.0	38318.61869794132
279172.87424000003	1.9340836322252386e-279	2.4167169757345835e-277	-1.193938875012224e-280	0.0	39851.36321027263
289910.29248	-3.7380082118081755e-281	-4.657544909713947e-279	-5.594257281684867e-285	0.0	41384.10772260394
300647.71072000003	-2.1080901033670585e-285	-3.6593499704707426e-283	-3.9532263301284044e-287	0.0	42916.85223493525
311385.12896	3.3683871813287744e-287	5.833087434797298e-285	1.3277167896683077e-290	0.0	44449.596747266565
322122.54720000003	2.2285510413340472e-291	5.375963841284776e-289	-2.952941404171443e-294	0.0	45982.34125959787
332859.96544	-3.03497818893491e-293	-7.304258274370145e-291	3.571761015464332e-297	0.0	47515.08577192918
343597.38368	-2.3047254812208904e-297	-7.7266931489450475e-295	2.3648961170887304e-300	0.0	49047.83028426049
365072.22016	-1.0047187818526424e-297	-3.369345885236669e-295	-1.7272476736063184e-301	0.0	52113.319308923106
386547.05664	-3.849736785645927e-303	-1.7948460244251798e-300	-3.641158266475041e-306	0.0	55178.80833358574
408021.89312	4.529421946980722e-304	2.111558625608102e-301	-4.83200841211176e-309	0.0	58244.29735824836
429496.7296	3.939498407480876e-309	2.5531960565937692e-306	-6.89999463677e-313	0.0	61309.786382910985
450971.56608	-2.0418238604151e-310	-1.3232106296057394e-307	2.68193175e-316	0.0	64375.27540757361
472446.40256	-2.76956471e-315	-2.49522224378e-312	-5.7954e-320	0.0	67440.76443223623
493921.23904	9.20388e-317	8.2913089824e-314	5.0e-323	0.0	70506.25345689886
515396.0755200001	1.695e-321	2.12468e-318	0.0	0.0	73571.7424815615
536870.912	-4.0e-323	-5.195e-320	0.0	0.0	76637.23150622413
558345.7484800001	0.0	-0.0	0.0	0.0	79702.72053088674
579820.58496	0.0	0.0	0.0	0.0	82768.20955554936
601295.4214400001	0.0	0.0	0.0	0.0	85833.69858021197
622770.25792	0.0	0.0	0.0	0.0	88899.18760487459
644245.0944000001	0.0	0.0	0.0	0.0	91964.67662953722
665719.93088	0.0	0.0	0.0	0.0	95030.16565419985
687194.76736	0.0	0.0	0.0	0.0	98095.65467886248
730144.44032	0.0	0.0	0.0	0.0	104226.63272818775
773094.11328	0.0	0.0	0.0	0.0	110357.610777513
816043.78624	0.0	0.0	0.0	0.0	116488.58882683826
858993.4592	0.0	0.0	0.0	0.0	122619.5668761635
901943.13216	0.0	0.0	0.0	0.0	128750.54492548876
944892.80512	0.0	0.0	0.0	0.0	134881.522974814
987842.47808	0.0	0.0	0.0	0.0	141012.50102413923
1.0307921510400001e6	0.0	0.0	0.0	0.0	147143.4790734645
1.073741824e6	0.0	0.0	0.0	0.0	153274.45712278975
1.1166914969600001e6	0.0	0.0	0.0	0.0	159405.435172115
1.15964116992e6	0.0	0.0	0.0	0.0	165536.41322144022
1.2025908428800001e6	0.0	0.0	0.0	0.0	171667.39127076545
1.24554051584e6	0.0	0.0	0.0	0.0	177798.36932009071
1.2884901888000001e6	0.0	0.0	0.0	0.0	183929.34736941595
1.33143986176e6	0.0	0.0	0.0	0.0	190060.32541874118
1.37438953472e6	0.0	0.0	0.0	0.0	196191.3034680664
1.46028888064e6	0.0	0.0	0.0	0.0	208453.2595667169
1.54618822656e6	0.0	0.0	0.0	0.0	220715.2156653674
1.63208757248e6	0.0	0.0	0.0	0.0	232977.17176401793
1.7179869184e6	0.0	0.0	0.0	0.0	245239.12786266842
1.80388626432e6	0.0	0.0	0.0	0.0	257501.08396131895
1.88978561024e6	0.0	0.0	0.0	0.0	269763.0400599694
1.97568495616e6	0.0	0.0	0.0	0.0	282024.99615861994
2.0615843020800003e6	0.0	0.0	0.0	0.0	294286.9522572704
2.147483648e6	0.0	0.0	0.0	0.0	306548.90835592087
2.2333829939200003e6	0.0	0.0	0.0	0.0	318810.86445457133
2.31928233984e6	0.0	0.0	0.0	0.0	331072.82055322186
2.4051816857600003e6	0.0	0.0	0.0	0.0	343334.7766518724
2.49108103168e6	0.0	0.0	0.0	0.0	355596.7327505229
2.5769803776000002e6	0.0	0.0	0.0	0.0	367858.6888491734
2.66287972352e6	0.0	0.0	0.0	0.0	380120.6449478239
2.74877906944e6	0.0	0.0	0.0	0.0	392382.6010464744
2.92057776128e6	0.0	0.0	0.0	0.0	416906.51324377547
3.09237645312e6	0.0	0.0	0.0	0.0	441430.42544107646
3.26417514496e6	0.0	0.0	0.0	0.0	465954.3376383775
3.4359738368e6	0.0	0.0	0.0	0.0	490478.24983567855
3.60777252864e6	0.0	0.0	0.0	0.0	515002.16203297954
3.77957122048e6	0.0	0.0	0.0	0.0	539526.0742302806
3.95136991232e6	0.0	0.0	0.0	0.0	564049.9864275815
4.1231686041600006e6	0.0	0.0	0.0	0.0	588573.8986248825
4.294967296e6	0.0	0.0	0.0	0.0	613097.8108221834
4.466765987840001e6	0.0	0.0	0.0	0.0	637621.7230194843
4.63856467968e6	0.0	0.0	0.0	0.0	662145.6352167854
4.8103633715200005e6	0.0	0.0	0.0	0.0	686669.5474140864
4.98216206336e6	0.0	0.0	0.0	0.0	711193.4596113873
5.1539607552000005e6	0.0	0.0	0.0	0.0	735717.3718086883
5.32575944704e6	0.0	0.0	0.0	0.0	760241.2840059894
5.49755813888e6	0.0	0.0	0.0	0.0	784765.1962032905
5.84115552256e6	0.0	0.0	0.0	0.0	833813.0205978926
6.18475290624e6	0.0	0.0	0.0	0.0	882860.8449924946
6.52835028992e6	0.0	0.0	0.0	0.0	931908.6693870967
6.8719476736e6	0.0	0.0	0.0	0.0	980956.4937816986
7.21554505728e6	0.0	0.0	0.0	0.0	1.0300043181763007e6
7.55914244096e6	0.0	0.0	0.0	0.0	1.0790521425709028e6
7.90273982464e6	0.0	0.0	0.0	0.0	1.1280999669655047e6
8.246337208320001e6	0.0	0.0	0.0	0.0	1.1771477913601066e6
8.589934592e6	0.0	0.0	0.0	0.0	1.2261956157547084e6
8.933531975680001e6	0.0	0.0	0.0	0.0	1.2752434401493103e6
9.27712935936e6	0.0	0.0	0.0	0.0	1.3242912645439124e6
9.620726743040001e6	0.0	0.0	0.0	0.0	1.3733390889385142e6
9.96432412672e6	0.0	0.0	0.0	0.0	1.422386913333116e6
1.0307921510400001e7	0.0	0.0	0.0	0.0	1.471434737727718e6
1.065151889408e7	0.0	0.0	0.0	0.0	1.52048256212232e6
1.099511627776e7	0.0	0.0	0.0	0.0	1.569530386516922e6
1.168231104512e7	0.0	0.0	0.0	0.0	1.6676260353061256e6
1.236950581248e7	0.0	0.0	0.0	0.0	1.7657216840953294e6
1.305670057984e7	0.0	0.0	0.0	0.0	1.8638173328845333e6
1.37438953472e7	0.0	0.0	0.0	0.0	1.9619129816737373e6
1.443109011456e7	0.0	0.0	0.0	0.0	2.0600086304629415e6
1.511828488192e7	0.0	0.0	0.0	0.0	2.1581042792521454e6
1.580547964928e7	0.0	0.0	0.0	0.0	2.2561999280413496e6
1.6492674416640002e7	0.0	0.0	0.0	0.0	2.354295576830554e6
1.7179869184e7	0.0	0.0	0.0	0.0	2.4523912256197575e6
1.7867063951360002e7	0.0	0.0	0.0	0.0	2.5504868744089613e6
1.855425871872e7	0.0	0.0	0.0	0.0	2.648582523198165e6
1.9241453486080002e7	0.0	0.0	0.0	0.0	2.746678171987369e6
1.992864825344e7	0.0	0.0	0.0	0.0	2.8447738207765734e6
2.0615843020800002e7	0.0	0.0	0.0	0.0	2.942869469565777e6
2.130303778816e7	0.0	0.0	0.0	0.0	3.0409651183549813e6
2.199023255552e7	0.0	0.0	0.0	0.0	3.1390607671441855e6
2.336462209024e7	0.0	0.0	0.0	0.0	3.3352520647225934e6
2.473901162496e7	0.0	0.0	0.0	0.0	3.531443362301002e6
2.611340115968e7	0.0	0.0	0.0	0.0	3.7276346598794097e6
2.74877906944e7	0.0	0.0	0.0	0.0	3.923825957457818e6
2.886218022912e7	0.0	0.0	0.0	0.0	4.1200172550362265e6
3.023656976384e7	0.0	0.0	0.0	0.0	4.316208552614634e6
3.161095929856e7	0.0	0.0	0.0	0.0	4.512399850193041e6
3.2985348833280005e7	0.0	0.0	0.0	0.0	4.708591147771449e6
3.4359738368e7	0.0	0.0	0.0	0.0	4.904782445349856e6
3.5734127902720004e7	0.0	0.0	0.0	0.0	5.100973742928265e6
3.710851743744e7	0.0	0.0	0.0	0.0	5.297165040506673e6
3.8482906972160004e7	0.0	0.0	0.0	0.0	5.493356338085081e6
3.985729650688e7	0.0	0.0	0.0	0.0	5.68954763566349e6
4.1231686041600004e7	0.0	0.0	0.0	0.0	5.885738933241898e6
4.260607557632e7	0.0	0.0	0.0	0.0	6.081930230820306e6
4.398046511104e7	0.0	0.0	0.0	0.0	6.278121528398713e6
4.672924418048e7	0.0	0.0	0.0	0.0	6.670504123555528e6
4.947802324992e7	0.0	0.0	0.0	0.0	7.062886718712345e6
5.222680231936e7	0.0	0.0	0.0	0.0	7.455269313869161e6
5.49755813888e7	0.0	0.0	0.0	0.0	7.847651909025977e6
5.772436045824e7	0.0	0.0	0.0	0.0	8.240034504182793e6
6.047313952768e7	0.0	0.0	0.0	0.0	8.63241709933961e6
6.322191859712e7	0.0	0.0	0.0	0.0	9.024799694496427e6
6.597069766656001e7	0.0	0.0	0.0	0.0	9.417182289653242e6
6.8719476736e7	0.0	0.0	0.0	0.0	9.809564884810058e6
7.146825580544001e7	0.0	0.0	0.0	0.0	1.0201947479966875e7
7.421703487488e7	0.0	0.0	0.0	0.0	1.0594330075123692e7
7.696581394432001e7	0.0	0.0	0.0	0.0	1.0986712670280507e7
7.971459301376e7	0.0	0.0	0.0	0.0	1.1379095265437324e7
8.246337208320001e7	0.0	0.0	0.0	0.0	1.1771477860594139e7
8.521215115264e7	0.0	0.0	0.0	0.0	1.2163860455750953e7
8.796093022208e7	0.0	0.0	0.0	0.0	1.2556243050907768e7
9.345848836096e7	0.0	0.0	0.0	0.0	1.3341008241221398e7
9.895604649984e7	0.0	0.0	0.0	0.0	1.4125773431535032e7
1.0445360463872e8	0.0	0.0	0.0	0.0	1.4910538621848663e7
1.099511627776e8	0.0	0.0	0.0	0.0	1.5695303812162295e7
1.1544872091648e8	0.0	0.0	0.0	0.0	1.6480069002475927e7
1.2094627905536e8	0.0	0.0	0.0	0.0	1.726483419278956e7
1.2644383719424e8	0.0	0.0	0.0	0.0	1.8049599383103188e7
1.3194139533312002e8	0.0	0.0	0.0	0.0	1.883436457341682e7
1.37438953472e8	0.0	0.0	0.0	0.0	1.9619129763730455e7
1.4293651161088002e8	0.0	0.0	0.0	0.0	2.040389495404409e7
1.4843406974976e8	0.0	0.0	0.0	0.0	2.118866014435772e7
1.5393162788864002e8	0.0	0.0	0.0	0.0	2.1973425334671352e7
1.5942918602752e8	0.0	0.0	0.0	0.0	2.2758190524984982e7
1.6492674416640002e8	0.0	0.0	0.0	0.0	2.354295571529861e7
1.7042430230528e8	0.0	0.0	0.0	0.0	2.432772090561224e7
1.7592186044416e8	0.0	0.0	0.0	0.0	2.511248609592587e7
1.8691697672192e8	0.0	0.0	0.0	0.0	2.668201647655314e7
1.9791209299968e8	0.0	0.0	0.0	0.0	2.82515468571804e7
2.0890720927744e8	0.0	0.0	0.0	0.0	2.9821077237807665e7
2.199023255552e8	0.0	0.0	0.0	0.0	3.139060761843493e7
2.3089744183296e8	0.0	0.0	0.0	0.0	3.2960137999062195e7
2.4189255811072e8	0.0	0.0	0.0	0.0	3.452966837968946e7
2.5288767438848e8	0.0	0.0	0.0	0.0	3.609919876031672e7
2.6388279066624004e8	0.0	0.0	0.0	0.0	3.766872914094398e7
2.74877906944e8	0.0	0.0	0.0	0.0	3.923825952157124e7
2.8587302322176003e8	0.0	0.0	0.0	0.0	4.08077899021985e7
2.9686813949952e8	0.0	0.0	0.0	0.0	4.237732028282577e7
3.0786325577728003e8	0.0	0.0	0.0	0.0	4.394685066345303e7
3.1885837205504e8	0.0	0.0	0.0	0.0	4.551638104408029e7
3.2985348833280003e8	0.0	0.0	0.0	0.0	4.708591142470755e7
3.4084860461056e8	0.0	0.0	0.0	0.0	4.8655441805334814e7
3.5184372088832e8	0.0	0.0	0.0	0.0	5.022497218596207e7
3.7383395344384e8	0.0	0.0	0.0	0.0	5.336403294721661e7
3.9582418599936e8	0.0	0.0	0.0	0.0	5.6503093708471134e7
4.1781441855488e8	0.0	0.0	0.0	0.0	5.964215446972565e7
4.398046511104e8	0.0	0.0	0.0	0.0	6.278121523098017e7
4.6179488366592e8	0.0	0.0	0.0	0.0	6.59202759922347e7
4.8378511622144e8	0.0	0.0	0.0	0.0	6.905933675348923e7
5.0577534877696e8	0.0	0.0	0.0	0.0	7.219839751474376e7
5.277655813324801e8	0.0	0.0	0.0	0.0	7.53374582759983e7
5.49755813888e8	0.0	0.0	0.0	0.0	7.847651903725281e7
5.717460464435201e8	0.0	0.0	0.0	0.0	8.161557979850735e7
5.9373627899904e8	0.0	0.0	0.0	0.0	8.475464055976188e7
6.157265115545601e8	0.0	0.0	0.0	0.0	8.789370132101642e7
6.3771674411008e8	0.0	0.0	0.0	0.0	9.103276208227094e7
6.597069766656001e8	0.0	0.0	0.0	0.0	9.417182284352545e7
6.8169720922112e8	0.0	0.0	0.0	0.0	9.731088360477997e7
7.0368744177664e8	0.0	0.0	0.0	0.0	1.0044994436603451e8
7.4766790688768e8	0.0	0.0	0.0	0.0	1.0672806588854356e8
7.9164837199872e8	0.0	0.0	0.0	0.0	1.1300618741105263e8
8.3562883710976e8	0.0	0.0	0.0	0.0	1.1928430893356168e8
8.796093022208e8	0.0	0.0	0.0	0.0	1.2556243045607075e8
9.2358976733184e8	0.0	0.0	0.0	0.0	1.318405519785798e8
9.6757023244288e8	0.0	0.0	0.0	0.0	1.3811867350108886e8
1.01155069755392e9	0.0	0.0	0.0	0.0	1.4439679502359793e8
1.0555311626649601e9	0.0	0.0	0.0	0.0	1.50674916546107e8
1.099511627776e9	0.0	0.0	0.0	0.0	1.5695303806861606e8
1.1434920928870401e9	0.0	0.0	0.0	0.0	1.632311595911251e8
1.18747255799808e9	0.0	0.0	0.0	0.0	1.6950928111363417e8
1.2314530231091201e9	0.0	0.0	0.0	0.0	1.7578740263614324e8
1.27543348822016e9	0.0	0.0	0.0	0.0	1.820655241586523e8
1.3194139533312001e9	0.0	0.0	0.0	0.0	1.8834364568116134e8
1.36339441844224e9	0.0	0.0	0.0	0.0	1.946217672036704e8
1.40737488355328e9	0.0	0.0	0.0	0.0	2.0089988872617945e8
1.49533581377536e9	0.0	0.0	0.0	0.0	2.134561317711976e8
1.58329674399744e9	0.0	0.0	0.0	0.0	2.260123748162157e8
1.67125767421952e9	0.0	0.0	0.0	0.0	2.3856861786123383e8
1.7592186044416e9	0.0	0.0	0.0	0.0	2.5112486090625194e8
1.84717953466368e9	0.0	0.0	0.0	0.0	2.6368110395127007e8
1.93514046488576e9	0.0	0.0	0.0	0.0	2.762373469962882e8
2.02310139510784e9	0.0	0.0	0.0	0.0	2.887935900413063e8
2.1110623253299203e9	0.0	0.0	0.0	0.0	3.0134983308632445e8
2.199023255552e9	0.0	0.0	0.0	0.0	3.1390607613134253e8
2.2869841857740803e9	0.0	0.0	0.0	0.0	3.264623191763606e8
2.37494511599616e9	0.0	0.0	0.0	0.0	3.3901856222137874e8
2.4629060462182403e9	0.0	0.0	0.0	0.0	3.515748052663969e8
2.55086697644032e9	0.0	0.0	0.0	0.0	3.64131048311415e8
2.6388279066624002e9	0.0	0.0	0.0	0.0	3.766872913564331e8
2.72678883688448e9	0.0	0.0	0.0	0.0	3.8924353440145123e8
2.81474976710656e9	0.0	0.0	0.0	0.0	4.0179977744646937e8
2.99067162755072e9	0.0	0.0	0.0	0.0	4.2691226353650564e8
3.16659348799488e9	0.0	0.0	0.0	0.0	4.5202474962654185e8
3.34251534843904e9	0.0	0.0	0.0	0.0	4.771372357165781e8
3.5184372088832e9	0.0	0.0	0.0	0.0	5.0224972180661434e8
3.69435906932736e9	0.0	0.0	0.0	0.0	5.273622078966506e8
3.87028092977152e9	0.0	0.0	0.0	0.0	5.524746939866868e8
4.04620279021568e9	0.0	0.0	0.0	0.0	5.775871800767231e8
4.2221246506598406e9	0.0	0.0	0.0	0.0	6.026996661667594e8
4.398046511104e9	0.0	0.0	0.0	0.0	6.278121522567955e8
4.573968371548161e9	0.0	0.0	0.0	0.0	6.529246383468317e8
4.74989023199232e9	0.0	0.0	0.0	0.0	6.780371244368678e8
4.9258120924364805e9	0.0	0.0	0.0	0.0	7.031496105269041e8
5.10173395288064e9	0.0	0.0	0.0	0.0	7.282620966169403e8
5.2776558133248005e9	0.0	0.0	0.0	0.0	7.533745827069764e8
5.45357767376896e9	0.0	0.0	0.0	0.0	7.784870687970126e8
5.62949953421312e9	0.0	0.0	0.0	0.0	8.035995548870487e8
5.98134325510144e9	0.0	0.0	0.0	0.0	8.538245270671211e8
6.33318697598976e9	0.0	0.0	0.0	0.0	9.040494992471936e8
6.68503069687808e9	0.0	0.0	0.0	0.0	9.542744714272659e8
7.0368744177664e9	0.0	0.0	0.0	0.0	1.0044994436073384e9
7.38871813865472e9	0.0	0.0	0.0	0.0	1.0547244157874109e9
7.74056185954304e9	0.0	0.0	0.0	0.0	1.1049493879674833e9
8.09240558043136e9	0.0	0.0	0.0	0.0	1.1551743601475558e9
8.444249301319681e9	0.0	0.0	0.0	0.0	1.2053993323276284e9
8.796093022208e9	0.0	0.0	0.0	0.0	1.255624304507701e9
9.147936743096321e9	0.0	0.0	0.0	0.0	1.3058492766877732e9
9.49978046398464e9	0.0	0.0	0.0	0.0	1.3560742488678458e9
9.851624184872961e9	0.0	0.0	0.0	0.0	1.4062992210479183e9
1.020346790576128e10	0.0	0.0	0.0	0.0	1.4565241932279909e9
1.0555311626649601e10	0.0	0.0	0.0	0.0	1.5067491654080632e9
1.090715534753792e10	0.0	0.0	0.0	0.0	1.5569741375881357e9
1.125899906842624e10	0.0	0.0	0.0	0.0	1.607199109768208e9
1.196268651020288e10	0.0	0.0	0.0	0.0	1.7076490541283526e9
1.266637395197952e10	0.0	0.0	0.0	0.0	1.8080989984884973e9
1.337006139375616e10	0.0	0.0	0.0	0.0	1.908548942848642e9
1.40737488355328e10	0.0	0.0	0.0	0.0	2.008998887208787e9
1.477743627730944e10	0.0	0.0	0.0	0.0	2.109448831568932e9
1.548112371908608e10	0.0	0.0	0.0	0.0	2.209898775929077e9
1.618481116086272e10	0.0	0.0	0.0	0.0	2.310348720289222e9
1.6888498602639362e10	0.0	0.0	0.0	0.0	2.4107986646493664e9
1.7592186044416e10	0.0	0.0	0.0	0.0	2.511248609009511e9
1.8295873486192642e10	0.0	0.0	0.0	0.0	2.6116985533696556e9
1.899956092796928e10	0.0	0.0	0.0	0.0	2.7121484977298007e9
1.9703248369745922e10	0.0	0.0	0.0	0.0	2.8125984420899453e9
2.040693581152256e10	0.0	0.0	0.0	0.0	2.91304838645009e9
2.1110623253299202e10	0.0	0.0	0.0	0.0	3.013498330810235e9
2.181431069507584e10	0.0	0.0	0.0	0.0	3.1139482751703796e9
2.251799813685248e10	0.0	0.0	0.0	0.0	3.2143982195305243e9
2.392537302040576e10	0.0	0.0	0.0	0.0	3.4152981082508135e9
2.533274790395904e10	0.0	0.0	0.0	0.0	3.6161979969711027e9
2.674012278751232e10	0.0	0.0	0.0	0.0	3.817097885691393e9
2.81474976710656e10	0.0	0.0	0.0	0.0	4.0179977744116826e9
2.955487255461888e10	0.0	0.0	0.0	0.0	4.2188976631319723e9
3.096224743817216e10	0.0	0.0	0.0	0.0	4.4197975518522625e9
3.236962232172544e10	0.0	0.0	0.0	0.0	4.620697440572552e9
3.3776997205278725e10	0.0	0.0	0.0	0.0	4.821597329292841e9
3.5184372088832e10	0.0	0.0	0.0	0.0	5.02249721801313e9
3.6591746972385284e10	0.0	0.0	0.0	0.0	5.223397106733419e9
3.799912185593856e10	0.0	0.0	0.0	0.0	5.42429699545371e9
3.9406496739491844e10	0.0	0.0	0.0	0.0	5.625196884174e9
4.081387162304512e10	0.0	0.0	0.0	0.0	5.826096772894289e9
4.2221246506598404e10	0.0	0.0	0.0	0.0	6.026996661614578e9
4.362862139015168e10	0.0	0.0	0.0	0.0	6.2278965503348675e9
4.503599627370496e10	0.0	0.0	0.0	0.0	6.428796439055157e9
4.785074604081152e10	0.0	0.0	0.0	0.0	6.830596216495737e9
5.066549580791808e10	0.0	0.0	0.0	0.0	7.2323959939363165e9
5.348024557502464e10	0.0	0.0	0.0	0.0	7.634195771376897e9
5.62949953421312e10	0.0	0.0	0.0	0.0	8.035995548817476e9
5.910974510923776e10	0.0	0.0	0.0	0.0	8.437795326258055e9
6.192449487634432e10	0.0	0.0	0.0	0.0	8.839595103698633e9
6.473924464345088e10	0.0	0.0	0.0	0.0	9.241394881139214e9
6.755399441055745e10	0.0	0.0	0.0	0.0	9.643194658579794e9
7.0368744177664e10	0.0	0.0	0.0	0.0	1.0044994436020374e10
7.318349394477057e10	0.0	0.0	0.0	0.0	1.0446794213460955e10
7.599824371187712e10	0.0	0.0	0.0	0.0	1.0848593990901535e10
7.881299347898369e10	0.0	0.0	0.0	0.0	1.1250393768342115e10
8.162774324609024e10	0.0	0.0	0.0	0.0	1.1652193545782694e10
8.444249301319681e10	0.0	0.0	0.0	0.0	1.2053993323223272e10
8.725724278030336e10	0.0	0.0	0.0	0.0	1.245579310066385e10
9.007199254740993e10	0.0	0.0	0.0	0.0	1.285759287810443e10
9.570149208162305e10	0.0	0.0	0.0	0.0	1.3661192432985588e10
1.0133099161583617e11	0.0	0.0	0.0	0.0	1.4464791987866747e10
1.0696049115004929e11	0.0	0.0	0.0	0.0	1.5268391542747908e10
1.125899906842624e11	0.0	0.0	0.0	0.0	1.6071991097629066e10
1.1821949021847552e11	0.0	0.0	0.0	0.0	1.6875590652510227e10
1.2384898975268864e11	0.0	0.0	0.0	0.0	1.7679190207391388e10
1.2947848928690176e11	0.0	0.0	0.0	0.0	1.848278976227255e10
1.351079888211149e11	0.0	0.0	0.0	0.0	1.928638931715371e10
1.40737488355328e11	0.0	0.0	0.0	0.0	2.008998887203487e10
1.4636698788954114e11	0.0	0.0	0.0	0.0	2.0893588426916027e10
1.5199648742375424e11	0.0	0.0	0.0	0.0	2.1697187981797188e10
1.5762598695796738e11	0.0	0.0	0.0	0.0	2.250078753667835e10
1.6325548649218048e11	0.0	0.0	0.0	0.0	2.330438709155951e10
1.6888498602639362e11	0.0	0.0	0.0	0.0	2.4107986646440666e10
1.7451448556060672e11	0.0	0.0	0.0	0.0	2.491158620132183e10
1.8014398509481985e11	0.0	0.0	0.0	0.0	2.5715185756202988e10
1.914029841632461e11	0.0	0.0	0.0	0.0	2.7322384865965305e10
2.0266198323167233e11	0.0	0.0	0.0	0.0	2.8929583975727627e10
2.1392098230009857e11	0.0	0.0	0.0	0.0	3.0536783085489944e10
2.251799813685248e11	0.0	0.0	0.0	0.0	3.2143982195252266e10
2.3643898043695105e11	0.0	0.0	0.0	0.0	3.3751181305014584e10
2.476979795053773e11	0.0	0.0	0.0	0.0	3.53583804147769e10
2.5895697857380353e11	0.0	0.0	0.0	0.0	3.696557952453922e10
2.702159776422298e11	0.0	0.0	0.0	0.0	3.8572778634301544e10
2.81474976710656e11	0.0	0.0	0.0	0.0	4.0179977744063866e10
2.927339757790823e11	0.0	0.0	0.0	0.0	4.178717685382618e10
3.039929748475085e11	0.0	0.0	0.0	0.0	4.33943759635885e10
3.1525197391593475e11	0.0	0.0	0.0	0.0	4.500157507335082e10
3.2651097298436096e11	0.0	0.0	0.0	0.0	4.660877418311314e10
3.3776997205278723e11	0.0	0.0	0.0	0.0	4.821597329287545e10
3.4902897112121344e11	0.0	0.0	0.0	0.0	4.9823172402637764e10
3.602879701896397e11	0.0	0.0	0.0	0.0	5.143037151240009e10
3.828059683264922e11	0.0	0.0	0.0	0.0	5.464476973192473e10
4.0532396646334467e11	0.0	0.0	0.0	0.0	5.785916795144937e10
4.2784196460019714e11	0.0	0.0	0.0	0.0	6.107356617097401e10
4.503599627370496e11	0.0	0.0	0.0	0.0	6.428796439049865e10
4.728779608739021e11	0.0	0.0	0.0	0.0	6.75023626100233e10
4.953959590107546e11	0.0	0.0	0.0	0.0	7.071676082954794e10
5.1791395714760706e11	0.0	0.0	0.0	0.0	7.393115904907259e10
5.404319552844596e11	0.0	0.0	0.0	0.0	7.714555726859723e10
5.62949953421312e11	0.0	0.0	0.0	0.0	8.035995548812187e10
5.854679515581646e11	0.0	0.0	0.0	0.0	8.357435370764651e10
6.07985949695017e11	0.0	0.0	0.0	0.0	8.678875192717116e10
6.305039478318695e11	0.0	0.0	0.0	0.0	9.000315014669579e10
6.530219459687219e11	0.0	0.0	0.0	0.0	9.321754836622041e10
6.755399441055745e11	0.0	0.0	0.0	0.0	9.643194658574504e10
6.980579422424269e11	0.0	0.0	0.0	0.0	9.964634480526967e10
7.205759403792794e11	0.0	0.0	0.0	0.0	1.028607430247943e11
7.656119366529844e11	0.0	0.0	0.0	0.0	1.0928953946384358e11
8.106479329266893e11	0.0	0.0	0.0	0.0	1.1571833590289285e11
8.556839292003943e11	0.0	0.0	0.0	0.0	1.2214713234194214e11
9.007199254740992e11	0.0	0.0	0.0	0.0	1.2857592878099141e11
9.457559217478042e11	0.0	0.0	0.0	0.0	1.3500472522004066e11
9.907919180215092e11	0.0	0.0	0.0	0.0	1.4143352165908994e11
1.0358279142952141e12	0.0	0.0	0.0	0.0	1.478623180981392e11
1.0808639105689192e12	0.0	0.0	0.0	0.0	1.5429111453718845e11
1.125899906842624e12	0.0	0.0	0.0	0.0	1.6071991097623773e11
1.170935903116329e12	0.0	0.0	0.0	0.0	1.67148707415287e11
1.215971899390034e12	0.0	0.0	0.0	0.0	1.7357750385433624e11
1.261007895663739e12	0.0	0.0	0.0	0.0	1.800063002933855e11
1.3060438919374438e12	0.0	0.0	0.0	0.0	1.8643509673243475e11
1.351079888211149e12	0.0	0.0	0.0	0.0	1.9286389317148404e11
1.3961158844848538e12	0.0	0.0	0.0	0.0	1.9929268961053333e11
1.4411518807585588e12	0.0	0.0	0.0	0.0	2.0572148604958258e11
