# z G G´ G´´
1.5999999999999998e6	9.60301440512031e6	4244.117741389791	9.603013467261866e6
1.0666666666666665e6	6.405497189735374e6	8063.377444116045	6.4054921145570045e6
799999.9999999999	4.806733727652576e6	9377.763475298649	4.806724579805361e6
640000.0	3.8474869359232546e6	10024.960102673567	3.8474738754506256e6
533333.3333333333	3.207995551837621e6	10405.031713562272	3.207978677598248e6
457142.8571428571	2.751219512010286e6	10653.325178105228	2.7511988859275086e6
399999.99999999994	2.4086394558200897e6	10827.57588505921	2.408615119053634e6
355555.55555555556	2.14218944270802e6	10956.325905887745	2.1421614242097493e6
320000.0	1.9290301045734144e6	11055.219553329185	1.9289984257306033e6
290909.0909090909	1.7546274052699842e6	11133.514683746773	1.7545920825580128e6
266666.6666666666	1.6092920485150528e6	11197.02440887969	1.6092530950904402e6
246153.84615384613	1.4863160963452067e6	11249.575516255101	1.4862735230453236e6
228571.42857142855	1.380908186995264e6	11293.786303413835	1.3808620029899727e6
213333.3333333333	1.2895546695556412e6	11331.506667417023	1.2895048827861822e6
199999.99999999997	1.2096203153217111e6	11364.07955887364	1.209566932804785e6
188235.29411764705	1.1393610473385686e6	12284.021156795494	1.1392948253269035e6
177777.77777777778	1.0767528914832918e6	12492.809630540298	1.0766804163841584e6
168421.05263157893	1.0206844423364826e6	12492.299104712376	1.02060799197871e6
160000.0	970205.5527445519	12436.296522297556	970125.8439528199
152380.95238095237	924527.6515100987	12371.012844958408	924444.8801567178
145454.54545454544	882999.340795093	12309.489959688224	882913.536141281
139130.4347826087	845080.5110108795	12254.684649400046	844991.6524999244
133333.3333333333	810320.4175560479	12206.615984874315	810228.472490572
128000.0	778340.214614976	12164.555434322923	778245.1498583028
123076.92307692306	748819.2609426063	12127.676716416554	748721.0461955061
118518.51851851851	721484.3852901557	12095.23108529246	721382.9937020328
114285.71428571428	696101.4249320925	12066.58012607764	695996.8329213507
110344.8275862069	672468.5058722986	12041.188789411599	672360.6927555026
106666.66666666666	650410.663953141	12018.609770971598	650299.6115661908
103225.80645161291	629775.505929053	11998.468096940856	629661.1982896209
99999.99999999999	610429.6836347675	11980.448011391316	610312.1066535455
94117.64705882352	575106.5873673345	11780.252694002656	574985.9237231525
88888.88888888889	543749.1608478341	11764.25840737887	543621.8834326376
84210.52631578947	515691.68288405304	11752.021169124491	515557.7579614404
80000.0	490439.2229011972	11742.626469343053	490298.62541468715
76190.47619047618	467591.1207149087	11735.43443628732	467443.83165254834
72727.27272727272	446819.55666856375	11729.974140788363	446665.5616097443
69565.21739130435	427853.7163937644	11725.888779301924	427693.0045772215
66666.66666666666	410467.9155014235	11722.903141799212	410300.4791588863
64000.0	394472.5744728793	11720.80217670894	394298.4083249586
61538.46153846153	379707.27621094644	11719.41619285508	379526.37706967694
59259.259259259255	366035.3662001011	11718.61010254798	365847.73265185964
57142.85714285714	353339.7096886009	11718.27560525744	353145.3418348655
55172.41379310345	341519.3265761222	11718.325246989236	341318.22582219925
53333.33333333333	330486.6992795072	11718.688020180873	330278.8681580296
51612.903225806454	320165.6015776101	11719.305908877222	319951.0436028724
49999.99999999999	310489.33453084546	11720.131312288324	310268.0540749079
47058.82352941176	292799.52917361195	11549.939555481766	292571.6376899059
44444.444444444445	277116.259319853	11561.994003371854	276874.9563866223
42105.26315789473	263083.2033336832	11573.569232498425	262828.50753206486
40000.0	250452.81098829192	11584.502649992666	250184.7513944233
38095.23809523809	239024.7046511809	11594.774337796527	238743.31538629482
36363.63636363636	228634.94394599437	11604.408716555154	228340.26209043188
34782.608695652176	219148.10024928278	11613.442524945522	218840.1649505627
33333.33333333333	210451.3156562485	11621.914703080618	210130.16765824053
32000.0	202449.78856718275	11629.862679524535	202115.46992982106
30769.230769230766	195063.30144017466	11637.321527905737	194715.85532872405
29629.629629629628	188223.52009203384	11644.323441246688	187862.99062729705
28571.42857142857	181871.87183522052	11650.898003539	181498.303960555
27586.206896551725	175957.86249603113	11657.072105408362	175571.30188075016
26666.666666666664	170437.73012182655	11662.870361908726	170038.22306764408
25806.451612903227	165273.3591444478	11668.315097507195	164860.9525196155
24999.999999999996	160431.39822867032	11673.426757905769	160006.1393988806
23529.41176470588	151559.10679830352	11512.311039849797	151121.24122048932
22222.222222222223	143710.9609624332	11529.998479653583	143247.68562111285
21052.631578947367	136687.83823570743	11546.128148246986	136199.31000682485
20000.0	130365.91746717866	11560.570739514638	129852.32243296967
19047.619047619046	124645.00589479614	11573.417635991113	124106.54091842499
18181.81818181818	119443.14143643623	11584.808502137092	118880.00777327246
17391.304347826088	114692.62033163747	11594.879905963811	114105.02144298216
16666.666666666664	110337.02413870141	11603.754164053826	109725.16477583701
16000.0	106328.9615409245	11611.536879109555	105693.04742354855
15384.615384615383	102628.33236895369	11618.319743659	101968.5699182181
14814.814814814814	99200.9770799286	11624.181594058795	98517.57333532361
14285.714285714284	96017.61616756459	11629.191469001646	95310.77861542764
13793.103448275862	93053.00855516607	11633.409249941906	92322.94509162485
13333.333333333332	90285.27876100909	11636.888050896017	89532.19754615672
12903.225806451614	87695.37385370354	11639.674369135877	86919.48329299543
12499.999999999998	85266.62264859196	11641.809966981973	84468.13126019809
11764.70588235294	80798.90549026418	11481.66789465396	79978.96242626254
11111.111111111111	76860.05238564772	11491.34684906002	75996.16174728241
10526.315789473683	73333.59606730063	11498.913510794357	72426.45442262986
10000.0	70157.55662384002	11503.993855072573	69207.95385510086
9523.809523809523	67281.83612127604	11506.647765690046	66290.59155752485
9090.90909090909	64665.47117165239	11507.047942755025	63633.41111000528
8695.652173913044	62274.630400951755	11505.376485348388	61202.58085657448
8333.333333333332	60081.124762021616	11501.804147875122	58969.90803802843
8000.0	58061.27630233552	11496.479878139311	56911.71018575778
7692.3076923076915	56195.05118441841	11489.537248998904	55007.94771142868
7407.407407407407	54465.38360996917	11481.091729172324	53241.54904289909
7142.857142857142	52857.64674484137	11471.24814704129	51597.880628485516
6896.551724137931	51359.23119194855	11460.097897397198	50064.32646915459
6666.666666666666	49959.20966938975	11447.725433083771	48629.95181160241
6451.612903225807	48648.064765419884	11434.205033114511	47285.23195122539
6249.999999999999	47417.46951352263	11419.60648217983	46021.831806850154
5882.35294117647	45141.63747252977	11246.244899746169	43718.29604817916
5555.555555555556	43140.51072871628	11219.743892604953	41655.98411895749
5263.157894736842	41345.686735940035	11190.465693470549	39802.50355479849
5000.0	39726.08620072063	11157.725957362205	38126.986194656034
4761.9047619047615	38256.660844653496	11121.585587568341	36604.40455739222
4545.454545454545	36916.95745806585	11082.32600612469	35214.25561125233
4347.826086956522	35690.09088600285	11040.250497513818	33939.585389384025
4166.666666666666	34561.99786319809	10995.662083919633	32766.249581420845
4000.0	33520.865382354845	10948.825285034773	31682.35535530366
3846.1538461538457	32556.701386788638	10899.99110932529	30677.8258519921
3703.7037037037035	31660.99287398514	10849.37457640736	29744.067325558277
3571.428571428571	30826.445614498018	10797.181625130865	28873.701151351215
3448.2758620689656	30046.769932676627	10743.588261794031	28060.35806343607
3333.333333333333	29316.51692568527	10688.765535414286	27298.506478980322
3225.8064516129034	28630.939114904068	10632.85922484545	26583.321449848263
3124.9999999999995	27985.884261018684	10576.012977254544	25910.57057218302
2941.176470588235	26787.727018058777	10364.32215017947	24701.480626904442
2777.777777777778	25729.861991117967	10254.399787739872	23598.15846788002
2631.578947368421	24776.3391323522	10143.573852518439	22604.753710222794
2500.0	23911.547463810286	10031.176174648079	21705.70447295422
2380.9523809523807	23122.950417513734	9917.413674582414	20888.172299605445
2272.7272727272725	22400.333776027954	9802.791503623519	20141.505207256614
2173.913043478261	21735.258019314395	9687.76539060797	19456.840516967524
2083.333333333333	21120.698061676212	9572.802492959358	18826.718754028392
2000.0	20550.74102956066	9458.251509743692	18244.846813347027
1923.0769230769229	20020.387123598844	9344.458165209167	17705.84655353757
1851.8518518518517	19525.36535848466	9231.663275303601	17205.123816866988
1785.7142857142856	19062.017437679453	9120.113590851166	16738.69878109907
1724.1379310344828	18627.178759276514	9009.967948164742	16303.136695221756
1666.6666666666665	18218.10891221086	8901.39884451963	15895.42673060278
1612.9032258064517	17832.41125341277	8794.504567755306	15512.948801519764
1562.4999999999998	17467.990804011857	8689.402252049062	15153.382171354602
1470.5882352941176	16790.83025121531	8446.155309620253	14511.872415746384
1388.888888888889	16184.734534978395	8254.519994018126	13921.513266742137
1315.7894736842104	15634.396172359237	8070.961325090585	13390.068221005193
1250.0	15131.838049002292	7894.767653548691	12909.111760214751
1190.4761904761904	14670.600353723808	7725.583142275019	12471.643029307614
1136.3636363636363	14245.417447944505	7563.409729425947	12071.733576045597
1086.9565217391305	13851.894067147203	7408.016618271847	11704.540103347761
1041.6666666666665	13486.370693483554	7259.332067011483	11365.926817594369
1000.0	13145.731252941114	7117.053002097337	11052.502284093409
961.5384615384614	12827.341686710231	6981.023468553039	10761.319904134705
925.9259259259259	12528.92300464794	6850.9017155761	10489.950302070683
892.8571428571428	12248.525192638634	6726.491039511222	10236.243827209202
862.0689655172414	11984.438063317542	6607.445543576302	9998.420829419414
833.3333333333333	11735.183462130974	6493.5575701804355	9774.878054105058
806.4516129032259	11499.449718454085	6384.4969647350845	9564.2847267604
781.2499999999999	11276.09346228451	6280.061788856097	9365.420850037923
735.2941176470588	10861.603028218506	6075.023953934645	9003.804990209732
694.4444444444445	10486.886386407656	5896.074977673915	8672.432527213443
657.8947368421052	10145.241710624136	5730.473888727019	8371.833632938818
625.0	9832.218551774555	5577.068283462291	8097.458305632619
595.2380952380952	9544.104726133965	5434.3666582137375	7845.864773720456
568.1818181818181	9277.87198326451	5301.518293335584	7613.987938214288
543.4782608695652	9030.935537827807	5177.356043735904	7399.512219382608
520.8333333333333	8801.152082143479	5061.212556744723	7200.305926033146
500.0	8586.659425624184	4952.1664101543865	7014.753590668689
480.7692307692307	8385.893444836896	4849.697018600406	6841.319148814559
462.96296296296293	8197.475213164946	4753.077660743368	6678.836172672303
446.4285714285714	8020.234096968549	4661.9035609109405	6526.1635099760415
431.0344827586207	7853.125281149541	4575.599406989677	6382.434233753276
416.66666666666663	7695.253675283897	4493.849224283346	6246.779032139547
403.2258064516129	7545.811907300102	4416.1941315908225	6118.537957098475
390.62499999999994	7404.102835604913	4342.385431793791	5997.034897510415
367.6470588235294	7141.258035021383	4202.390785283499	5773.861620312856
347.22222222222223	6902.944291502456	4077.7184607065615	5569.816159156355
328.9473684210526	6685.342177935236	3962.754468708905	5384.271265158122
312.5	6485.740991736658	3856.9135126445876	5214.3124539936025
297.6190476190476	6301.826719128207	3758.9033069551547	5058.029846380879
284.09090909090907	6131.718407002349	3668.043591686277	4913.596120181293
271.7391304347826	5973.790506353837	3583.3221214228197	4779.746393682943
260.41666666666663	5826.704253540755	3504.2354529921386	4655.1924072183
250.0	5689.285755639766	3430.0402235529054	4539.0303451436275
240.38461538461536	5560.555559739373	3360.3733037942234	4430.312561444796
231.48148148148147	5439.643455135056	3294.679809311386	4328.372196693525
223.2142857142857	5325.815020685513	3232.691233080911	4232.494893809236
215.51724137931035	5218.410305464894	3173.983446205697	4142.177591484269
208.33333333333331	5116.866834723431	3118.352826691846	4056.8709435420246
201.61290322580646	5020.674207798327	3065.4685510694894	3976.1881322763493
195.31249999999997	4929.393696115642	3015.1729994810653	3899.699218466085
183.8235294117647	4760.112283760633	2921.313286280414	3758.2705646893487
173.61111111111111	4606.259290794127	2835.900846052355	3629.778374141699
164.4736842105263	4465.566291858786	2756.819337604283	3513.0086032909894
156.25	4336.347160130876	2683.9770234135067	3405.902821714601
148.8095238095238	4217.138087412403	2616.4725204576125	3307.3138946877316
142.04545454545453	4106.747223115778	2553.830237726955	3216.1038340576997
135.8695652173913	4004.1412113189353	2495.3273807445785	3131.5312712934983
130.20833333333331	3908.470687371468	2440.631159307202	3052.7794971567764
125.0	3818.9891063847413	2389.227291877657	2979.3070909915077
120.19230769230768	3735.074568589904	2340.884162819383	2910.505689599052
115.74074074074073	3656.173094813459	2295.221036295809	2845.972960831325
111.60714285714285	3581.817791667025	2252.0680980341003	2785.248278793026
107.75862068965517	3511.5879963346006	2211.134231905972	2728.0277976030306
104.16666666666666	3445.125682627807	2172.2909793318036	2673.9564076879387
100.80645161290323	3382.105100453847	2135.3108073553294	2622.800538833912
97.65624999999999	3322.246665705901	2100.094443964609	2574.2816928655952
91.91176470588235	3211.2631893273324	2035.9183040960872	2483.3944370911486
86.80555555555556	3110.0709330353247	1975.5700313299317	2402.012543643823
82.23684210526315	3017.3651694811524	1919.543702594805	2328.0559571940385
78.125	2932.082701392492	1867.9358660838038	2260.0718059395463
74.4047619047619	2853.284399459351	1820.0713585808353	2197.4012182284373
71.02272727272727	2780.2052420727514	1775.6001522258011	2139.3422558030584
67.93478260869566	2712.1806354321516	1734.004906900812	2085.461767105083
65.10416666666666	2648.665229184368	1695.063146685554	2035.2367000029133
62.5	2589.1781816558346	1658.4139426220388	1988.3427398915508
60.09615384615384	2533.3195170434838	1623.9055603026677	1944.3864087808033
57.87037037037037	2480.7316066639173	1591.2697849357066	1903.1263163153437
55.80357142857142	2431.1135939898177	1560.3956445105075	1864.2635917366208
53.87931034482759	2384.193300405446	1531.0768868226967	1827.6162781983346
52.08333333333333	2339.7396091160936	1503.2297358421808	1792.9533735562052
50.403225806451616	2297.541295028422	1476.6920984301546	1760.1353495668525
48.82812499999999	2257.4175720765825	1451.399360491511	1728.9806219518382
45.955882352941174	2183.0475102265223	1406.6625837276786	1669.4300846237286
43.40277777777778	2114.9853935735064	1362.9147486603888	1617.2898945189972
41.118421052631575	2052.509652238042	1322.2994557216891	1569.815282741397
39.0625	1994.9370322620662	1284.9254405929296	1526.0210925172844
37.20238095238095	1941.6521328470358	1250.249293653588	1485.560402241574
35.51136363636363	1892.1553967817727	1218.008480440948	1448.001169593561
33.96739130434783	1846.0106333033284	1187.8208732807739	1413.0947708018225
32.55208333333333	1802.861428323983	1159.5347972549325	1380.5029459198392
31.25	1762.3912853137836	1132.8859349375866	1350.0342591840254
30.04807692307692	1724.3381751716834	1107.7727212302368	1321.4317010169566
28.935185185185183	1688.4659497867206	1083.997911082618	1294.5523521116065
27.90178571428571	1654.5770717857347	1061.4879813949287	1269.199965266772
26.939655172413794	1622.4912868060453	1040.0906538295465	1245.2668017649726
26.041666666666664	1592.0565470106067	1019.7509960041795	1222.6004887238594
25.201612903225808	1563.1325839379115	1000.3489046995302	1201.1184553718515
24.414062499999996	1535.6002507142193	981.8424424246155	1180.700448143914
22.977941176470587	1484.590100904348	950.0479336392335	1140.7965162512571
21.70138888888889	1437.7107684677837	917.7226929791419	1106.7056124188298
20.559210526315788	1394.5956934031947	887.7593539249688	1075.5372971577783
19.53125	1354.7944955935382	860.2001451611802	1046.6727452051257
18.601190476190474	1317.892399184922	834.598427858664	1019.9440377026751
17.755681818181817	1283.5566687347023	810.7661037362974	995.0759000626986
16.983695652173914	1251.4936853403133	788.417615067949	971.9228923619643
16.276041666666664	1221.4661384397696	767.453265444199	950.2604972921889
15.625	1193.2603531783482	747.6751384126494	929.9742780673785
15.02403846153846	1166.7015716112203	729.0178158010772	910.8927387155514
14.467592592592592	1141.6298522510065	711.3328896349938	892.9301426618907
13.950892857142856	1117.9132461178501	694.5737515396285	875.9550956058852
13.469827586206897	1095.4292950298209	678.6253448761654	859.9028908552616
13.020833333333332	1074.076302540102	663.4533969047108	844.6712341578923
12.600806451612904	1053.7586985981575	648.9667855074921	830.2105191933882
12.207031249999998	1034.3967019024687	635.1397528959586	816.439851549375
11.488970588235293	998.556641824574	611.998127924342	789.0333696042717
10.850694444444445	965.4504347959991	587.6681444260952	765.9900091219034
10.279605263157894	934.9486380241002	565.1830330367295	744.7798969564922
9.765625	906.7456628042802	544.506927073298	725.0516556656963
9.300595238095237	880.5531779268915	525.2802135523569	706.7210173806479
8.877840909090908	856.1458334977121	507.37812527779374	689.6036007773478
8.491847826086957	833.3204181965114	490.5842214678601	673.6097097206825
8.138020833333332	811.9165041400163	474.83614163771676	658.5886791386193
7.8125	791.7856258619375	459.98094804423425	644.470328842149
7.51201923076923	772.8095299440103	445.97850454378084	631.1400344275231
7.233796296296296	754.8766001851224	432.7128374585809	618.5452948698202
6.975446428571428	737.897456766828	420.1559467740854	606.5984150105609
6.734913793103448	721.7862577472573	408.21705432379304	595.259807505929
6.510416666666666	706.4740491986188	396.87604995991643	584.4612760134809
6.300403225806452	691.8935369268795	386.0603942115378	574.1724814569392
6.103515624999999	677.9905770769269	375.75534983521527	564.3395606151666
5.744485294117647	652.3265132811943	358.9490193668431	544.6884260062644
5.425347222222222	628.4962902342021	340.88671437990956	528.0187826180281
5.139802631578947	606.5346732894975	324.3095611429265	512.5501131144932
4.8828125	586.2265542810673	309.1364541686838	498.09258742553715
4.650297619047619	567.3633189959716	295.08230164518346	484.5901061700554
4.438920454545454	549.7895716933353	282.07057297911746	471.91605715632676
4.2459239130434785	533.3585979558047	269.9276876624708	460.0113449107243
4.069010416666666	517.9598175397609	258.61582269584034	448.77636840321276
3.90625	503.48520815711646	248.00819214064052	438.1658264449043
3.756009615384615	489.8531038426602	238.0808335117948	428.1046368104614
3.616898148148148	476.9816572252317	228.7359985115674	418.5586509848347
3.487723214285714	464.8090108341346	219.9573822274396	409.47059302990084
3.367456896551724	453.27172074078476	211.66749491920658	400.8143266126345
3.255208333333333	442.32196401331976	203.85498872324132	392.54536479399127
3.150201612903226	431.9096209554849	196.45728201676374	384.6432854171465
3.0517578124999996	421.9970606526229	189.46636352855847	377.0729588431364
2.8722426470588234	403.8092935837089	178.39597837313218	362.2662287391235
2.712673611111111	386.90526965987516	166.45590824614152	349.267974914009
2.5699013157894735	371.3893739324617	155.67259377407782	337.18853868065685
2.44140625	357.1035368454607	145.9627770984259	325.9107296933511
2.3251488095238093	343.88829897104443	137.09821067746802	315.3779364480576
2.219460227272727	331.6329349123396	129.03341895251336	305.50086793984275
2.1229619565217392	320.22449267491675	121.6201334602354	296.2300944300263
2.034505208333333	309.58386330619896	114.83499840790698	287.49798531511016
1.953125	299.6271256097865	108.56756379978093	279.26599952690856
1.8780048076923075	290.29570130971325	102.8034978897468	271.48302897332474
1.808449074074074	281.5255674262081	97.45756315798	264.1186636683534
1.743861607142857	273.27227363682545	92.52060493993497	257.1335707374447
1.683728448275862	265.48593945760445	87.92544104506608	250.50329512147624
1.6276041666666665	258.13217046878185	83.66628757426199	244.19698965070216
1.575100806451613	251.1714250354002	79.68938657566473	238.19463978332493
1.5258789062499998	244.57663774872245	75.99118604950426	232.47165714396115
1.4361213235294117	232.56383551835302	70.32102328789858	221.67744872844054
1.3563368055555556	221.48844716177507	64.28843885148889	211.95312891338216
1.2849506578947367	211.41103199714308	58.97291181738398	203.01926047022263
1.220703125	202.21417844732585	54.31999596355266	194.78170346222606
1.1625744047619047	193.7744748500095	50.162936021728996	187.1689796763259
1.1097301136363635	186.01190119424564	46.48013326430956	180.11114512330943
1.0614809782608696	178.83939045247263	43.16144134905001	173.55292437203263
1.0172526041666665	172.20001613347048	40.19705517044412	167.4426538012097
0.9765625	166.02982461749332	37.50761192345855	161.7376941541916
0.9390024038461537	160.2869853805072	35.08838685719421	156.3992416545899
0.904224537037037	154.9234126405923	32.880690706694686	151.39393634772136
0.8719308035714285	149.90762584211964	30.882453782286944	146.6920936315446
0.841864224137931	145.20277088367817	29.049466287535605	142.2672596935334
0.8138020833333333	140.78468515686512	27.381133062245762	138.09634726141468
0.7875504032258065	136.62466438570038	25.843673098712603	134.1581286365912
0.7629394531249999	132.70383728423346	24.437270631710938	130.4343828675278
0.7180606617647058	125.5814359367457	22.3184308443626	123.58229928505284
0.6781684027777778	119.10266871308436	20.117474159681187	117.39136649691613
0.6424753289473684	113.25504923772779	18.215438580686087	111.7806064357919
0.6103515625	107.95813119395407	16.589959589832254	106.67582355763058
0.5812872023809523	103.13036552791021	15.159975836632807	102.01003591094889
0.5548650568181818	98.71772910091583	13.917917593811746	97.73168170400871
0.5307404891304348	94.66426882712453	12.813372155731868	93.79307696505545
0.5086263020833333	90.93179450153953	11.842449697810665	90.1573493200917
0.48828125	87.48047215267808	10.971614760009397	86.78972679766557
0.46950120192307687	84.28242080199679	10.198371473810111	83.66313211640501
0.4521122685185185	81.30855548026564	9.499815415956956	80.75168543968715
0.43596540178571425	78.53800385882597	8.874113836955935	78.03504439505184
0.4209321120689655	75.94906781863348	8.305302330052694	75.49359479933254
0.40690104166666663	73.52579263196138	7.79192189301656	73.1117510074223
0.39377520161290325	71.25168484635572	7.322653108842102	70.87440542884266
0.38146972656249994	69.11432788877299	6.896271387781909	68.76941006336236
0.3590303308823529	65.22622505874106	6.247111510049477	64.92637394152355
0.3390842013888889	61.72909575318452	5.597223426385663	61.47481071480369
0.3212376644736842	58.58708132366842	5.04155810338355	58.369759207284254
0.30517578125	55.75020405872994	4.5681647310375775	55.56273142656085
0.29064360119047616	53.1747488613455	4.156604538358635	53.01204160545848
0.2774325284090909	50.827086790373876	3.7999020179483467	50.68484483798082
0.2653702445652174	48.6776000410686	3.4861814151843435	48.55260327622676
0.25431315104166663	46.70271917178631	3.210657281349939	46.59222744042671
0.244140625	44.88163070996971	2.965981686735949	44.78352071711249
0.23475060096153844	43.19732551056247	2.748744131834704	43.109782381301756
0.22605613425925924	41.63474525116699	2.55421407662612	41.55632325627879
0.21798270089285712	40.181313875436686	2.379912728971155	40.110771622580906
0.21046605603448276	38.825864550076716	2.2226879306298577	38.76219055244345
0.20345052083333331	37.558903911265745	2.0807116882688925	37.501225338460536
0.19688760080645162	36.37197335890454	1.9518181035341202	36.31956569277196
0.19073486328124997	35.25777586932586	1.8346416336307168	35.21001064083573
0.17951516544117646	33.228677198161385	1.6549276953356065	33.18744043554461
0.16954210069444445	31.414399674058703	1.4786612212260133	31.379580428589897
0.1606188322368421	29.78796951566656	1.3290815826766338	29.758304219374967
0.152587890625	28.32169587375852	1.201226152667808	28.29621022143809
0.14532180059523808	26.992991635204632	1.0909380119170557	26.97093716711345
0.13871626420454544	25.78338776010989	0.9952249535794633	25.764173025345823
0.1326851222826087	24.67753977938851	0.9115642981592355	24.660697883345147
0.12715657552083331	23.662658532696433	0.8380552745135047	23.64781326448286
0.1220703125	22.72795416058436	0.7730876514305411	22.71480213008314
0.11737530048076922	21.864292692922596	0.7154092801813382	21.852585305258938
0.11302806712962962	21.06386621722426	0.6639514662377168	21.05339945157556
0.10899135044642856	20.31997864640088	0.617863294040555	20.310582885285815
0.10523302801724138	19.626840850995162	0.5764122373314807	19.61837482369391
0.10172526041666666	18.979432887807345	0.5390041595290083	18.971777651522103
0.09844380040322581	18.373371836248523	0.5051230862618505	18.3664270695412
0.09536743164062499	17.804820720921622	0.4743442181426609	17.798501017413646
0.08975758272058823	16.768827930222226	0.4271740374911516	16.763386068903102
0.08477105034722222	15.845167122896706	0.3810897008145139	15.840583694815662
0.08030941611842105	15.017957114740804	0.3420825332800784	15.014060591346322
0.0762939453125	14.272841169758902	0.30878146632960446	14.269500659210749
0.07266090029761904	13.598173142238084	0.2801175349405779	13.595287675253656
0.06935813210227272	12.984413928479276	0.25527286337193955	12.981904360736621
0.06634256114130435	12.423669747078458	0.2335932652001354	12.421473510454613
0.06357828776041666	11.9093565110341	0.2145660021533083	11.907423480234094
0.06103515625	11.435935503801923	0.1977725489555804	11.434225241178213
0.05868765024038461	10.998716600113005	0.18287830097967323	10.997196114311691
0.05651403356481481	10.593699509436751	0.1696054550307521	10.592341728147948
0.05449567522321428	10.21745324154898	0.15772816111294333	10.216235733891017
0.05261651400862069	9.867016839611232	0.14705618291904632	9.865920929757996
0.05086263020833333	9.539822755727899	0.1374326232192112	9.538832763225223
0.049221900201612906	9.233632615626734	0.12872367551080102	9.232735320354893
0.04768371582031249	8.94648693099137	0.12081760138914423	8.945671104707234
0.044878791360294115	8.423078960399392	0.10870900054174047	8.422377427206888
0.04238552517361111	7.957114303895943	0.09689733939953887	7.956524300904428
0.04015470805921052	7.540004593830644	0.08691097183313576	7.539503681142561
0.03814697265625	7.164449082433302	0.07839362111252325	7.164020176894273
0.03633045014880952	6.8245320485723715	0.07106951948199308	6.824161985576838
0.03467906605113636	6.515410387342597	0.06472652577060523	6.51508887064125
0.033171280570652176	6.23308013689506	0.05919624248186579	6.232799033967947
0.03178914388020833	5.974202978036939	0.0543460391124958	5.973955785810455
0.030517578125	5.7359728602262745	0.05006839015897	5.7357543365767745
0.029343825120192304	5.516014432932361	0.04627693995622789	5.51582030790946
0.028257016782407406	5.312303093781814	0.04290042915735162	5.312129866012497
0.02724783761160714	5.123102852915923	0.03988068298255953	5.122947625408649
0.026308257004310345	4.94691642283006	0.03716896700416416	4.946776785176141
0.025431315104166664	4.782445761696613	0.034724935125161685	4.782319692623074
0.024610950100806453	4.628559822051086	0.03251434735849709	4.628445618511838
0.023841857910156247	4.484268680202508	0.030508513472976027	4.4841648973750745
0.022439395680147058	4.2212045277558214	0.02743782630123189	4.221115353888604
0.021192762586805556	3.9871891100688104	0.024445513059155818	3.9871141714707123
0.02007735402960526	3.777758576927393	0.02191758590074096	3.7776949962876523
0.019073486328125	3.589232024946572	0.019762992181636182	3.5891776151427917
0.01816522507440476	3.4186283079420696	0.017911433004288987	3.4185813853747273
0.01733953302556818	3.2635075472987185	0.016308795670043178	3.263466796898582
0.016585640285326088	3.1218534247274294	0.01491222473173802	3.1218178087511657
0.015894571940104164	2.991985243997854	0.013687945310019878	2.991953933544781
0.0152587890625	2.87249076698453	0.01260863965795956	2.8724630943873497
0.014671912560096152	2.7621747651212782	0.011652347959357346	2.7621501870571454
0.014128508391203703	2.6600188019011606	0.010800996769482426	2.6599968731065213
0.01362391880580357	2.565149770418919	0.01003980975550542	2.5651301228008503
0.013154128502155173	2.47681481499747	0.009356446753158054	2.476797142419037
0.012715657552083332	2.3943613558168875	0.008740670102270238	2.3943454017571164
0.012305475050403226	2.3172209008781044	0.00818382323687287	2.317206449262465
0.011920928955078123	2.2448959491896527	0.0076786320497594885	2.244882816829858
0.011219697840073529	2.113023308802041	0.0069053573612561795	2.113012025422581
0.010596381293402778	1.995757664352915	0.006151994806157755	1.9957481824577235
0.01003867701480263	1.8908236734934252	0.005515672387244959	1.8908156286643305
0.0095367431640625	1.7963732783771509	0.004973357097228243	1.796366393859186
0.00908261253720238	1.7109101171630454	0.004507364969116132	1.7109041798627709
0.00866976651278409	1.633209684144264	0.004104017674429366	1.6332045277372746
0.008292820142663044	1.5622602573368576	0.003752547687368058	1.5622557505223267
0.007947285970052082	1.4972186138922514	0.003444423669395677	1.4972146518555782
0.00762939453125	1.4373763447023238	0.003172787054037208	1.4373728429785098
0.007335956280048076	1.3821339534158157	0.0029320945339700462	1.38213084330192
0.007064254195601851	1.3309806954102406	0.0027178100959708005	1.3309779205768253
0.006811959402901785	1.2834787436373922	0.002526206021188993	1.2834762575334837
0.006577064251077586	1.2392506210654843	0.0023541853982588855	1.2392483849585196
0.006357828776041666	1.1979691512142696	0.002199166968269599	1.1979671326566865
0.006152737525201613	1.1593493475584775	0.0020589779110911704	1.1593475192082092
0.005960464477539062	1.123141827146887	0.0019317851320552872	1.1231401658266216
0.005609848920036764	1.0571198969773734	0.0017370815151745288	1.057118469772079
0.005298190646701389	0.9984222600645853	0.001547378509078614	0.9984210609819006
0.005019338507401315	0.9459002764669924	0.0013871387980339872	0.9458992593644883
0.00476837158203125	0.8986280234802966	0.0012505657979909354	0.8986271533118112
0.00454130626860119	0.8558558659318956	0.0011332105231199629	0.8558551157082284
0.004334883256392045	0.8169704133936128	0.0010316319855070506	0.8169697620450692
0.004146410071331522	0.7814649076312093	0.000943118912040527	0.7814643385246522
0.003973642985026041	0.7489170204252087	0.0008655256994807529	0.7489165202796877
0.003814697265625	0.7189719694248043	0.0007971238707198704	0.7189715275392458
0.003667978140024038	0.6913295366594946	0.0007365195170430377	0.691329144327673
0.0035321270978009257	0.6657339641768059	0.0006825685683982709	0.6657336142622768
0.0034059797014508925	0.641966020152851	0.0006343337241011244	0.6419657067566905
0.003288532125538793	0.6198367007457231	0.0005910333259631597	0.6198364189614471
0.003178914388020833	0.5991821958568334	0.0005520183480472931	0.5991819415733088
0.0030763687626008066	0.5798598248506724	0.0005167400391368301	0.5798595946050945
0.002980232238769531	0.5617447377808109	0.00048473748145661606	0.5617445286373567
0.002804924460018382	0.5287122390886106	0.0004357514605977578	0.5287120595208291
0.0026490953233506945	0.4993471367070317	0.00038804820527237375	0.49934698592872406
0.0025096692537006577	0.47307233611959015	0.0003477659126176296	0.473072208294375
0.002384185791015625	0.44942439954865704	0.00031344616422552965	0.449424290243833
0.002270653134300595	0.4280281417702585	0.00028396450324210266	0.428028047575695
0.0021674416281960225	0.40857658105272365	0.00025845546332428464	0.4085764993064412
0.002073205035665761	0.39081611168993763	0.00023623393968566443	0.3908160402925749
0.0019868214925130205	0.3745353888602203	0.00021676032844931942	0.37453532613578183
0.0019073486328125	0.3595568756772205	0.00019959809948199577	0.35955682027652164
0.001833989070012019	0.34573034464717867	0.00018439673041418836	0.3457302954727901
0.0017660635489004629	0.33292781970362917	0.00017086751321894624	0.3329277758567241
0.0017029898507254463	0.3210396046218486	0.00015877477059047718	0.3210395653596689
0.0016442660627693966	0.3099711308035359	0.00014792144291408033	0.30997109550870944
0.0015894571940104165	0.29964043722116845	0.00013814435139271187	0.2996404053765633
0.0015381843813004033	0.2899761365586764	0.00012930530531708492	0.2899761077289544
0.0014901161193847654	0.28091576386650957	0.0001212884281095847	0.28091573768271116
0.001402462230009191	0.26439413237166937	0.0001090172446205336	0.26439410989620815
0.0013245476616753472	0.24970751748015238	9.707305090015837e-5	0.2497074986117225
0.0012548346268503288	0.2365666721530316	8.69893821769952e-5	0.2365666561593314
0.0011920928955078125	0.22473975760059267	7.839963101041477e-5	0.22473974392588197
0.0011353265671502975	0.21403908973536165	7.102209038703294e-5	0.21403907795214608
0.0010837208140980113	0.20431110564428537	6.463926720102806e-5	0.20431109541910708
0.0010366025178328805	0.19542894620253887	5.907978045748686e-5	0.19542893727238647
0.0009934107462565103	0.18728689360934975	5.420803877842751e-5	0.1872868857644027
0.00095367431640625	0.17979614327766058	4.991497105295963e-5	0.17979613634896807
0.0009169945350060095	0.1728815517286905	4.611250878707948e-5	0.17288154557892066
0.0008830317744502314	0.1664791068570583	4.2728577221250325e-5	0.1664791013736935
0.0008514949253627231	0.16053394042406482	3.970397251510434e-5	0.16053393551418266
0.0008221330313846983	0.15499875159669033	3.698952735299406e-5	0.15499874718302525
0.0007947285970052083	0.14983254584850428	3.454425901933143e-5	0.14983254186637263
0.0007690921906502017	0.14499961786034807	3.233369933439955e-5	0.14499961425527608
0.0007450580596923827	0.14046872516095604	3.0328753343377448e-5	0.14046872188679915
0.0007012311150045955	0.13220656520971896	2.7259657840674222e-5	0.13220656239938594
0.0006622738308376736	0.12486224298418623	2.4272702261073753e-5	0.12486224062492987
0.0006274173134251644	0.11829095987590701	2.1751179143639155e-5	0.11829095787611854
0.0005960464477539062	0.11237676661944655	1.9603172332934495e-5	0.11237676490964309
0.0005676632835751488	0.10702579835102229	1.775837578560832e-5	0.10702579687773306
0.0005418604070490056	0.1021612556800587	1.6162288940685416e-5	0.10216125440159171
0.0005183012589164402	0.09771969497652795	1.4772126051089803e-5	0.09771969385998891
0.0004967053731282551	0.09364824605054645	1.355392477022307e-5	0.09364824506970118
0.000476837158203125	0.08990249755709818	1.248044590118686e-5	0.08990249669081785
0.00045849726750300476	0.08644487036554364	1.1529638923503542e-5	0.08644486959665722
0.0004415158872251157	0.08324335238700702	1.068349848787337e-5	0.08324335170144392
0.00042574746268136157	0.08027050450000824	9.927205965001293e-6	0.08027050388615001
0.00041106651569234915	0.07750267213852319	9.24847547197933e-6	0.07750267158670802
0.00039736429850260413	0.07491935455672787	8.637051757587459e-6	0.07491935405886811
0.00038454609532510083	0.07250269616703245	8.08432022825726e-6	0.07250269571631657
0.00037252902984619135	0.07023707324893386	7.583001800026738e-6	0.07023707283959223
0.0003506155575022978	0.0661056572663086	6.815604364130699e-6	0.06610565691495847
0.0003311369154188368	0.0624332424852995	6.068755197972301e-6	0.062433242190346135
0.0003137086567125822	0.05914738582415573	5.438287672639856e-6	0.05914738557414491
0.0002980232238769531	0.05619010521460075	4.901214842772249e-6	0.05619010500084508
0.0002838316417875744	0.0535144624997561	4.439957985570897e-6	0.05351446231557013
0.0002709302035245028	0.05108205351610433	4.040888352900443e-6	0.05108205335627541
0.0002591506294582201	0.048861152921620035	3.693307871563026e-6	0.0488611527820355
0.00024835268656412757	0.046825322806566115	3.388724106516596e-6	0.04682532268394602
0.0002384185791015625	0.04495235523048953	3.1203261641129777e-6	0.044952355122192256
0.00022924863375150238	0.0432234587840515	2.8826003765692792e-6	0.043223458687930254
0.00022075794361255786	0.041622625911230914	2.671044697820911e-6	0.04162262582552657
0.00021287373134068078	0.04013613580266812	2.48195384089073e-6	0.04013613572592811
0.00020553325784617457	0.038752160136709554	2.3122558785643227e-6	0.03875216006772595
0.00019868214925130207	0.037460447670764216	2.159386598786999e-6	0.0374604476085259
0.00019227304766255041	0.03625206987840329	2.021192042957115e-6	0.03625206982205868
0.00018626451492309568	0.03511921427866365	1.8958521922698411e-6	0.035119214227491445
0.0001753077787511489	0.03305342228540501	1.7039876343507285e-6	0.03305342224148257
0.0001655684577094184	0.031217151480228904	1.5172615311958062e-6	0.031217151443356825
0.0001568543283562911	0.029574169374576288	1.3596336255119613e-6	0.0295741693433226
0.00014901161193847656	0.028095483075925846	1.2253565139969701e-6	0.028095483049204496
0.0001419158208937872	0.02675762207445832	1.1100350315264865e-6	0.02675762205143352
0.0001354651017622514	0.025541383171532928	1.0102616294232206e-6	0.025541383151553028
0.00012957531472911006	0.024430902814365635	9.233615232390241e-7	0.024430902796916495
0.00012417634328206378	0.023412961344458184	8.472113995513213e-7	0.023412961329129768
0.00011920928955078125	0.022476454224605504	7.801083809166391e-7	0.02247645421106758
0.00011462431687575119	0.02161198528916449	7.206739280579306e-7	0.021611985277148683
0.00011037897180627893	0.020811550382238593	6.67782435313411e-7	0.02081155037152499
0.00010643686567034039	0.020068288787009777	6.205075052101647e-7	0.02006828877741679
0.00010276662892308729	0.01937628608299798	5.780810967591659e-7	0.01937628607437461
9.934107462565103e-5	0.01873041643149753	5.398621078158076e-7	0.018730416423717373
9.613652383127521e-5	0.01812621538614126	5.053120088039633e-7	0.018126215379097865
9.313225746154784e-5	0.017559776551274858	4.739757671289664e-7	0.01755977654487805
8.765388937557444e-5	0.016526859554094647	4.2600772679243145e-7	0.01652685954860411
8.27842288547092e-5	0.015608708298135527	3.7932447393405945e-7	0.015608708293526336
7.842716417814555e-5	0.014787203801770805	3.399161207541338e-7	0.014787203797863949
7.450580596923828e-5	0.014047849154159828	3.0634572920392636e-7	0.014047849150819542
7.09579104468936e-5	0.013378908742560569	2.7751444996602805e-7	0.013378908739682371
6.77325508811257e-5	0.012770780688440972	2.525703500107103e-7	0.012770780685943403
6.478765736455503e-5	0.012215532994972442	2.308447003283199e-7	0.012215532992791234
6.208817164103189e-5	0.011706555657003088	2.1180664631448816e-7	0.01170655565508698
5.9604644775390625e-5	0.011238296264189419	1.9503045060105906e-7	0.01123829626249713
5.7312158437875595e-5	0.010806056618468708	1.801714610180304e-7	0.010806056616966691
5.5189485903139464e-5	0.010405834547423878	1.6694826696675968e-7	0.010405834546084644
5.3218432835170196e-5	0.010034199614612332	1.551292570714952e-7	0.010034199613413178
5.138331446154364e-5	0.009688194544882282	1.4452241508198638e-7	0.009688194543804336
4.9670537312825516e-5	0.009365256364529381	1.349674591742898e-7	0.009365256363556838
4.8068261915637603e-5	0.009063152804582704	1.2632975181826802e-7	0.009063152803702259
4.656612873077392e-5	0.008779930628422288	1.184955319536792e-7	0.00877993062762267
4.382694468778722e-5	0.008263466879686451	1.0650328390233952e-7	0.00826346687900012
4.13921144273546e-5	0.007804387288401358	9.483225494667641e-8	0.007804387287825198
3.9213582089072776e-5	0.0073936316793631555	8.497999441436233e-8	0.007393631678874789
3.725290298461914e-5	0.007023951481009168	7.658725743782678e-8	0.007023951480591624
3.54789552234468e-5	0.006689478797511405	6.937932405146137e-8	0.006689478797151624
3.386627544056285e-5	0.00638541261980217	6.314320543096048e-8	0.006385412619489968
3.2393828682277515e-5	0.006107786894358685	5.771171497358145e-8	0.00610778689408603
3.1044085820515946e-5	0.005853296574630122	5.295213625248653e-8	0.005853296574390605
2.9802322387695312e-5	0.005619165420009585	4.875803190453527e-8	0.005619165419798046
2.8656079218937797e-5	0.005403044302656236	4.504323767790697e-8	0.005403044302468482
2.7594742951569732e-5	0.0052029321127441035	4.173739898613344e-8	0.005202932112576697
2.6609216417585098e-5	0.0050171136125441084	3.878261200835126e-8	0.005017113612394212
2.569165723077182e-5	0.0048441101482522035	3.613087111723309e-8	0.004844110148117458
2.4835268656412758e-5	0.0046826402194289135	3.3742106658717624e-8	0.004682640219307344
2.4034130957818802e-5	0.004531587680141505	3.158265653604404e-8	0.004531587680031448
2.328306436538696e-5	0.004389975902382235	2.9624081857260937e-8	0.004389975902282282
2.191347234389361e-5	0.004131742715476906	2.6625990000994122e-8	0.004131742715391113
2.06960572136773e-5	0.003902201929012584	2.370820569892584e-8	0.003902201928940563
1.9606791044536388e-5	0.0036968232842832026	2.1245119275058002e-8	0.003696823284222156
1.862645149230957e-5	0.0035119824664718723	1.9146917417828154e-8	0.003511982466419679
1.77394776117234e-5	0.003344745505300751	1.7344919922209333e-8	0.003344745505255778
1.6933137720281426e-5	0.003192711878785648	1.5785878682338125e-8	0.0031927118787466223
1.6196914341138758e-5	0.003053898546388091	1.4427996205927433e-8	0.0030538985463540087
1.5522042910257973e-5	0.002926652973839076	1.3238093397432907e-8	0.0029266529738091363
1.4901161193847656e-5	0.00280958703197645	1.2189560431106824e-8	0.002809587031950007
1.4328039609468899e-5	0.002701526149677353	1.126085592455882e-8	0.0027015261496538836
1.3797371475784866e-5	0.0026014697661246094	1.0434391312826043e-8	0.0026014697661036834
1.3304608208792549e-5	0.002508560257576641	9.69569015976386e-9	0.0025085602575579038
1.284582861538591e-5	0.002422058293074561	9.032751209947521e-9	0.002422058293057718
1.2417634328206379e-5	0.0023413231190015553	8.435556728921673e-9	0.002341323118986359
1.2017065478909401e-5	0.0022657966595298756	7.895691649443483e-9	0.0022657966595161184
1.164153218269348e-5	0.0021949905982307466	7.4060453590421915e-9	0.0021949905982182522
1.0956736171946805e-5	0.0020658736766435938	6.656518568954576e-9	0.0020658736766328697
1.034802860683865e-5	0.0019511030357065944	5.9270691702759765e-9	0.0019511030356975918
9.803395522268194e-6	0.0018484135032897787	5.31129496841029e-9	0.0018484135032821479
9.313225746154785e-6	0.0017559929147258821	4.7867422009231284e-9	0.001755992914719358
8.8697388058617e-6	0.001672374279285069	4.336241159894329e-9	0.0016723742792794474
8.466568860140713e-6	0.0015963573316125773	3.946479264329453e-9	0.0015963573316076993
8.098457170569379e-6	0.0015269505479950701	3.607007502473434e-9	0.0015269505479908099
7.761021455128987e-6	0.0014633276585495334	3.3095307960744524e-9	0.001463327658545791
7.450580596923828e-6	0.0014047945964802465	3.0473966525940295e-9	0.0014047945964769412
7.164019804734449e-6	0.0013507640744252105	2.8152197882704433e-9	0.0013507640744222767
6.898685737892433e-6	0.0013007358104997425	2.6086029820721423e-9	0.0013007358104971268
6.6523041043962745e-6	0.0012542809916138834	2.4239272629052264e-9	0.0012542809916115413
6.422914307692955e-6	0.0012110299512738277	2.2581918790610968e-9	0.0012110299512717224
6.2088171641031895e-6	0.001170662311822088	2.10889297031094e-9	0.0011706623118201884
6.0085327394547004e-6	0.0011328990346292738	1.9739263818770168e-9	0.0011328990346275542
5.82076609134674e-6	0.001097495960874864	1.851514385159609e-9	0.0010974959608733021
5.478368085973403e-6	0.0010329374180476796	1.6641322759080113e-9	0.0010329374180463391
5.174014303419325e-6	0.0009755520356530434	1.481769531498441e-9	0.0009755520356519181
4.901697761134097e-6	0.0009242072169316371	1.3278256029181799e-9	0.0009242072169306832
4.656612873077393e-6	0.0008779968777352021	1.1966871739219724e-9	0.0008779968777343866
4.43486940293085e-6	0.0008361875213009975	1.084061669516549e-9	0.0008361875213002949
4.2332844300703565e-6	0.0007981790138610811	9.866210841067937e-10	0.0007981790138604714
4.049228585284689e-6	0.0007634755926976405	9.017529229614503e-10	0.000763475592697108
3.880510727564493e-6	0.0007316641221821286	8.273836058712071e-10	0.0007316641221816608
3.725290298461914e-6	0.0007023975683630063	7.618499362908258e-10	0.0007023975683625931
3.5820099023672247e-6	0.0006753822871091529	7.038057119091679e-10	0.0006753822871087862
3.4493428689462165e-6	0.0006503681371091473	6.521513867155254e-10	0.0006503681371088203
3.3261520521981373e-6	0.0006271407115132496	6.059824090704014e-10	0.0006271407115129568
3.2114571538464777e-6	0.000605515176820991	5.645484702923134e-10	0.0006055151768207278
3.1044085820515948e-6	0.0005853313439913184	5.272237492110448e-10	0.000585331343991081
3.0042663697273502e-6	0.0005664496935306572	4.934820141414348e-10	0.0005664496935304422
2.91038304567337e-6	0.0005487481458772554	4.6287895286700804e-10	0.0005487481458770603
2.7391840429867014e-6	0.0005164688539552672	4.1603342352729324e-10	0.0005164688539550997
2.5870071517096626e-6	0.0004877761472764074	3.7044263602697623e-10	0.00048777614727626674
2.4508488805670485e-6	0.000462103724787481	3.319566631496353e-10	0.0004621037247873618
2.3283064365386963e-6	0.00043899854396062943	2.991719725822283e-10	0.00043899854396052746
2.217434701465425e-6	0.00041809385606509655	2.710156106963908e-10	0.0004180938560650087
2.1166422150351783e-6	0.00039908959394420256	2.466553966403398e-10	0.00039908959394412634
2.0246142926423447e-6	0.0003817378760238357	2.2543838562311778e-10	0.00038173787602376914
1.9402553637822466e-6	0.00036583213431788794	2.0684600283088906e-10	0.00036583213431782945
1.862645149230957e-6	0.00035119885171221795	1.9046259268402409e-10	0.0003511988517121663
1.7910049511836123e-6	0.00033769120602869675	1.7595152063780678e-10	0.0003376912060286509
1.7246714344731083e-6	0.000325184126519382	1.6303792387561536e-10	0.00032518412651934113
1.6630760260990686e-6	0.00031357040968318467	1.5149565235200166e-10	0.0003135704096831481
1.6057285769232388e-6	0.0003027576387065175	1.4113721326297628e-10	0.0003027576387064846
1.5522042910257974e-6	0.00029266571901571194	1.3180598259722764e-10	0.0002926657190156823
1.5021331848636751e-6	0.00028322489081932846	1.2337055892598132e-10	0.00028322489081930157
1.455191522836685e-6	0.000274374114298583	1.1571979185753184e-10	0.0002743741142985586
1.3695920214933507e-6	0.0002582344632104784	1.0400838828707547e-10	0.00025823446321045744
1.2935035758548313e-6	0.0002438881060006767	9.261070704475742e-11	0.00024388810600065914
1.2254244402835243e-6	0.00023105189147414623	8.298918816772245e-11	0.00023105189147413133
1.1641532182693481e-6	0.00021949929825357161	7.479301999180732e-11	0.00021949929825355887
1.1087173507327124e-6	0.00020904695188619295	6.775392832892301e-11	0.00020904695188618197
1.0583211075175891e-6	0.00019954481872551426	6.166385591064706e-11	0.00019954481872550475
1.0123071463211724e-6	0.00019086895793066826	5.6359620284128824e-11	0.00019086895793065994
9.701276818911233e-7	0.00018291608546565054	5.1711517910940274e-11	0.00018291608546564322
9.313225746154785e-7	0.00017559944273878292	4.76156527932911e-11	0.00017559944273877646
8.955024755918062e-7	0.00016884561863287953	4.3987902248132824e-11	0.00016884561863287378
8.623357172365541e-7	0.0001625920777508938	4.075949662881522e-11	0.0001625920777508887
8.315380130495343e-7	0.0001567852183232309	3.7873910326798926e-11	0.00015678521832322633
8.028642884616194e-7	0.00015137883192725771	3.528430623439801e-11	0.0001513788319272536
7.761021455128987e-7	0.000146332871262872	3.295151032300058e-11	0.0001463328712628683
7.510665924318376e-7	0.00014161245642316359	3.0842648156109006e-11	0.00014161245642316022
7.275957614183425e-7	0.00013718706748927945	2.892995618048233e-11	0.00013718706748927641
6.847960107466753e-7	0.0001291172406634515	2.6002104848878898e-11	0.00012911724066344888
6.467517879274156e-7	0.00012194406109095342	2.315267827395552e-11	0.00012194406109095122
6.127122201417621e-7	0.00011552595300717509	2.07473013395531e-11	0.00011552595300717323
5.820766091346741e-7	0.0001097496556950988	1.8698256120368103e-11	0.0001097496556950972
5.543586753663562e-7	0.00010452348190650627	1.6938483063431914e-11	0.0001045234819065049
5.291605537587946e-7	9.977241480111204e-5	1.541596780070695e-11	9.977241480111085e-5
5.061535731605862e-7	9.543448394502089e-5	1.4089908797043423e-11	9.543448394501985e-5
4.850638409455617e-7	9.145804730950095e-5	1.292788012746267e-11	9.145804730950004e-5
4.6566128730773926e-7	8.779972559006053e-5	1.1903913753755131e-11	8.779972559005972e-5
4.477512377959031e-7	8.442281322107068e-5	1.0996976082610833e-11	8.442281322106996e-5
4.3116785861827706e-7	8.129604249824483e-5	1.0189868593660103e-11	8.12960424982442e-5
4.1576900652476716e-7	7.839261253202798e-5	9.4684840138909e-12	7.839261253202741e-5
4.014321442308097e-7	7.568941910712977e-5	8.821079935620578e-12	7.568941910712925e-5
3.8805107275644935e-7	7.316643857018791e-5	8.23787490831771e-12	7.316643857018745e-5
3.755332962159188e-7	7.080623096495773e-5	7.710668370473752e-12	7.080623096495731e-5
3.6379788070917124e-7	6.859353632963535e-5	7.232486304078851e-12	6.859353632963497e-5
3.4239800537333767e-7	6.455862259627864e-5	6.50052793304725e-12	6.455862259627831e-5
3.233758939637078e-7	6.0972032568130245e-5	5.788168273133082e-12	6.097203256812997e-5
3.0635611007088106e-7	5.7762978321113594e-5	5.186828481896658e-12	5.7762978321113364e-5
2.9103830456733704e-7	5.487482948962778e-5	4.674564171654098e-12	5.4874829489627576e-5
2.771793376831781e-7	5.22617424441057e-5	4.234620888257605e-12	5.226174244410552e-5
2.645802768793973e-7	4.988620876014405e-5	3.853990561349872e-12	4.98862087601439e-5
2.530767865802931e-7	4.771724321743182e-5	3.5224772926216303e-12	4.7717243217431686e-5
2.4253192047278083e-7	4.572902479891989e-5	3.2319716169064e-12	4.572902479891978e-5
2.3283064365386963e-7	4.389986385019721e-5	2.975977010162664e-12	4.389986385019711e-5
2.2387561889795154e-7	4.221140758669394e-5	2.749247089509935e-12	4.2211407586693854e-5
2.1558392930913853e-7	4.064802215482195e-5	2.5474642008714983e-12	4.064802215482187e-5
2.0788450326238358e-7	3.9196307108616345e-5	2.3671210512070677e-12	3.919630710861628e-5
2.0071607211540486e-7	3.784471033944057e-5	2.205273035006922e-12	3.7844710339440506e-5
1.9402553637822467e-7	3.658322001978238e-5	2.0594687654975297e-12	3.6583220019782326e-5
1.877666481079594e-7	3.5403116170821274e-5	1.9276641164612535e-12	3.540311617082122e-5
1.8189894035458562e-7	3.429676881106743e-5	1.8081231151839272e-12	3.4296768811067385e-5
1.7119900268666884e-7	3.2279311864277364e-5	1.625132009169107e-12	3.227931186427732e-5
1.616879469818539e-7	3.0486016789728732e-5	1.4470420932183469e-12	3.0486016789728698e-5
1.5317805503544053e-7	2.888148961493793e-5	1.2967071417589906e-12	2.88814896149379e-5
1.4551915228366852e-7	2.74374151553335e-5	1.1686410642849695e-12	2.7437415155333476e-5
1.3858966884158905e-7	2.6130871594766e-5	1.058655235063265e-12	2.613087159476598e-5
1.3229013843969864e-7	2.4943104719969253e-5	9.634976569998594e-13	2.4943104719969233e-5
1.2653839329014654e-7	2.3858621919946275e-5	8.806193353733491e-13	2.3858621919946258e-5
1.2126596023639041e-7	2.286451268550231e-5	8.079936613453019e-13	2.2864512685502298e-5
1.1641532182693481e-7	2.1949932188890352e-5	7.439935115788671e-13	2.194993218889034e-5
1.1193780944897577e-7	2.110570403738643e-5	6.873125307960918e-13	2.110570403738642e-5
1.0779196465456927e-7	2.0324011303836075e-5	6.368653088043434e-13	2.0324011303836065e-5
1.0394225163119179e-7	1.959815376495938e-5	5.917825261004962e-13	1.959815376495937e-5
1.0035803605770243e-7	1.8922355366188403e-5	5.513167608800419e-13	1.8922355366188397e-5
9.701276818911234e-8	1.8291610193563512e-5	5.148679505225076e-13	1.8291610193563505e-5
9.38833240539797e-8	1.7701558257496046e-5	4.819137742842881e-13	1.770155825749604e-5
9.094947017729281e-8	1.7148384567096574e-5	4.52033047261172e-13	1.7148384567096567e-5
8.559950134333442e-8	1.6139656073673205e-5	4.06283006349255e-13	1.6139656073673198e-5
8.084397349092696e-8	1.524300852127998e-5	3.617594115366145e-13	1.5243008521279974e-5
7.658902751772027e-8	1.444074492106446e-5	3.2417753233751e-13	1.4440744921064456e-5
7.275957614183426e-8	1.3718707680296663e-5	2.9216026867691325e-13	1.371870768029666e-5
6.929483442079453e-8	1.3065435890561399e-5	2.646641867470121e-13	1.3065435890561395e-5
6.614506921984932e-8	1.247155244495914e-5	2.4087516258341813e-13	1.2471552444959136e-5
6.326919664507327e-8	1.1929311037780529e-5	2.2015408734743696e-13	1.1929311037780525e-5
6.063298011819521e-8	1.1432256414261651e-5	2.0199841821910355e-13	1.143225641426165e-5
5.820766091346741e-8	1.0974966160393218e-5	1.859983793483835e-13	1.0974966160393216e-5
5.5968904724487885e-8	1.0552852079702679e-5	1.7182700927764707e-13	1.0552852079702677e-5
5.389598232728463e-8	1.016200570852482e-5	1.5921783004565182e-13	1.0162005708524818e-5
5.1971125815595895e-8	9.79907693514189e-6	1.479445033633292e-13	9.799076935141889e-6
5.0179018028851214e-8	9.461177732211742e-6	1.3783031935667764e-13	9.46117773221174e-6
4.850638409455617e-8	9.145805142699534e-6	1.2871623615411434e-13	9.145805142699532e-6
4.694166202698985e-8	8.850779171769885e-6	1.204791981078582e-13	8.850779171769883e-6
4.5474735088646405e-8	8.574192323938497e-6	1.1300750868430057e-13	8.574192323938496e-6
4.279975067166721e-8	8.069828072220137e-6	1.0157037957248372e-13	8.069828072220135e-6
4.042198674546348e-8	7.621504292244245e-6	9.044059641833006e-14	7.621504292244244e-6
3.829451375886013e-8	7.220372488931004e-6	8.104438362419698e-14	7.220372488931003e-6
3.637978807091713e-8	6.859353865805709e-6	7.303969525876551e-14	6.8593538658057085e-6
3.464741721039726e-8	6.532717968575148e-6	6.616567287956221e-14	6.532717968575148e-6
3.307253460992466e-8	6.235776243723096e-6	6.021879104191851e-14	6.235776243723096e-6
3.1634598322536636e-8	5.964655538342314e-6	5.503889700970869e-14	5.964655538342314e-6
3.0316490059097604e-8	5.716128225008398e-6	5.049941831011401e-14	5.716128225008398e-6
2.9103830456733704e-8	5.487483096683718e-6	4.6499970432342334e-14	5.487483096683718e-6
2.7984452362243943e-8	5.276426055103906e-6	4.2956940061441034e-14	5.276426055103906e-6
2.6947991163642316e-8	5.081002868413701e-6	3.9803706390457844e-14	5.081002868413701e-6
2.5985562907797947e-8	4.8995384807368984e-6	3.69870660497244e-14	4.8995384807368984e-6
2.5089509014425607e-8	4.730588878384899e-6	3.445682746059662e-14	4.730588878384899e-6
2.4253192047278084e-8	4.572902582829412e-6	3.2179434953002995e-14	4.572902582829412e-6
2.3470831013494924e-8	4.425389596640152e-6	3.011923422985384e-14	4.425389596640152e-6
2.2737367544323203e-8	4.287096172067051e-6	2.8252442337296664e-14	4.287096172067051e-6
2.1399875335833604e-8	4.034914044956024e-6	2.539268780117171e-14	4.034914044956024e-6
2.021099337273174e-8	3.8107521540229837e-6	2.2609777805227036e-14	3.8107521540229837e-6
1.9147256879430066e-8	3.6101862515651937e-6	2.026109645723542e-14	3.6101862515651937e-6
1.8189894035458565e-8	3.4296769393173234e-6	1.826020382025961e-14	3.4296769393173234e-6
1.732370860519863e-8	3.2663589901112606e-6	1.6541511910169636e-14	3.2663589901112606e-6
1.653626730496233e-8	3.1178881271724293e-6	1.5054698227736087e-14	3.1178881271724293e-6
1.5817299161268318e-8	2.982327774034118e-6	1.375972436617113e-14	2.982327774034118e-6
1.5158245029548802e-8	2.858064116973591e-6	1.2624760761351794e-14	2.858064116973591e-6
1.4551915228366852e-8	2.7437415524635354e-6	1.1624805065784843e-14	2.7437415524635354e-6
1.3992226181121971e-8	2.638213031365043e-6	1.0739141383498743e-14	2.638213031365043e-6
1.3473995581821158e-8	2.540501437744849e-6	9.951208177467315e-15	2.540501437744849e-6
1.2992781453898974e-8	2.44976924365976e-6	9.246578662352701e-15	2.44976924365976e-6
1.2544754507212804e-8	2.365294442262283e-6	8.6141132003902e-15	2.365294442262283e-6
1.2126596023639042e-8	2.2864512942846177e-6	8.04504742673665e-15	2.2864512942846177e-6
1.1735415506747462e-8	2.2126948010090053e-6	7.529997300064214e-15	2.2126948010090053e-6
1.1368683772161601e-8	2.1435480885578507e-6	7.06292217680696e-15	2.1435480885578507e-6
1.0699937667916802e-8	2.0174570246894765e-6	6.348125654594507e-15	2.0174570246894765e-6
1.010549668636587e-8	1.9053760789867951e-6	5.652584131399935e-15	1.9053760789867951e-6
9.573628439715033e-9	1.805093127557507e-6	5.065227480050794e-15	1.805093127557507e-6
9.094947017729282e-9	1.7148384712622033e-6	4.564911078628616e-15	1.7148384712622033e-6
8.661854302599316e-9	1.6331794965115518e-6	4.135424811622446e-15	1.6331794965115518e-6
8.268133652481165e-9	1.5589440649139223e-6	3.7636280500048266e-15	1.5589440649139223e-6
7.908649580634159e-9	1.491163888232812e-6	3.4399779913439483e-15	1.491163888232812e-6
7.579122514774401e-9	1.429032059604144e-6	3.1561434335005192e-15	1.429032059604144e-6
7.275957614183426e-9	1.3718707772622498e-6	2.9063418911475755e-15	1.3718707772622498e-6
6.996113090560986e-9	1.3191065166358201e-6	2.684832252278584e-15	1.3191065166358201e-6
6.736997790910579e-9	1.2702507197568618e-6	2.4877083025930803e-15	1.2702507197568618e-6
6.496390726949487e-9	1.224884622652746e-6	2.3116917570132184e-15	1.224884622652746e-6
6.272377253606402e-9	1.1826472218985997e-6	2.1534814635254984e-15	1.1826472218985997e-6
6.063298011819521e-9	1.143225647859736e-6	2.011167842601661e-15	1.143225647859736e-6
5.867707753373731e-9	1.1063474011766972e-6	1.8824521936053945e-15	1.1063474011766972e-6
5.684341886080801e-9	1.0717740449100443e-6	1.7657776984207e-15	1.0717740449100443e-6
5.349968833958401e-9	1.008728512897623e-6	1.5870778098257765e-15	1.008728512897623e-6
5.052748343182935e-9	9.526880399871857e-7	1.4130762548010703e-15	9.526880399871857e-7
4.786814219857517e-9	9.025465642225064e-7	1.2663768398205719e-15	9.025465642225064e-7
4.547473508864641e-9	8.574192360320124e-7	1.1412511186428117e-15	8.574192360320124e-7
4.330927151299658e-9	8.1658974861975e-7	1.033856137707603e-15	8.1658974861975e-7
4.1340668262405825e-9	7.79472032788907e-7	9.409536811686536e-16	7.79472032788907e-7
3.9543247903170795e-9	7.455819444203316e-7	8.599711781182061e-16	7.455819444203316e-7
3.7895612573872004e-9	7.145160300814089e-7	7.890124790309762e-16	7.145160300814089e-7
3.637978807091713e-9	6.859353888887139e-7	7.265387354269665e-16	6.859353888887139e-7
3.498056545280493e-9	6.595532585562217e-7	6.711845782412064e-16	6.595532585562217e-7
3.3684988954552896e-9	6.351253600995714e-7	6.21997467363592e-16	6.351253600995714e-7
3.2481953634747434e-9	6.124423115320704e-7	5.778760418167154e-16	6.124423115320704e-7
3.136188626803201e-9	5.913236111411707e-7	5.383703185100187e-16	5.913236111411707e-7
3.0316490059097605e-9	5.716128241092501e-7	5.028390034817362e-16	5.716128241092501e-7
2.9338538766868654e-9	5.531737007564097e-7	4.7063658727905e-16	5.531737007564097e-7
2.8421709430404003e-9	5.358870226127829e-7	4.4139732077634146e-16	5.358870226127829e-7
2.6749844169792006e-9	5.043642565870264e-7	3.9676941201119476e-16	5.043642565870264e-7
2.5263741715914674e-9	4.763440201170493e-7	3.532690783756556e-16	4.763440201170493e-7
2.3934071099287583e-9	4.5127328222218197e-7	3.1659417374782656e-16	4.5127328222218197e-7
2.2737367544323206e-9	4.2870961811623073e-7	2.853127928528504e-16	4.2870961811623073e-7
2.165463575649829e-9	4.0829487440086227e-7	2.5844074744868556e-16	4.0829487440086227e-7
2.0670334131202913e-9	3.897360164774399e-7	2.352618410144137e-16	3.897360164774399e-7
1.9771623951585398e-9	3.727909722861409e-7	2.1495770886775476e-16	3.727909722861409e-7
1.8947806286936002e-9	3.5725801511054496e-7	1.9726483149836343e-16	3.5725801511054496e-7
1.8189894035458565e-9	3.429676945087605e-7	1.8163461823708058e-16	3.429676945087605e-7
1.7490282726402464e-9	3.297766293377046e-7	1.678431286024832e-16	3.297766293377046e-7
1.6842494477276448e-9	3.1756268010505514e-7	1.5547593099146675e-16	3.1756268010505514e-7
1.6240976817373717e-9	3.062211558174595e-7	1.4444549366833387e-16	3.062211558174595e-7
1.5680943134016004e-9	2.956618056185594e-7	1.346160914403333e-16	2.956618056185594e-7
1.5158245029548803e-9	2.8580641209945157e-7	1.256627027366144e-16	2.8580641209945157e-7
1.4669269383434327e-9	2.765868504202233e-7	1.1768270781164283e-16	2.765868504202233e-7
1.4210854715202002e-9	2.67943511345838e-7	1.1034936816144059e-16	2.67943511345838e-7
1.3374922084896003e-9	2.521821283280732e-7	9.921557094704007e-17	2.521821283280732e-7
1.2631870857957337e-9	2.3817201008938247e-7	8.829400758092194e-17	2.3817201008938247e-7
1.1967035549643792e-9	2.2563664113882628e-7	7.916022398074467e-17	2.2563664113882628e-7
1.1368683772161603e-9	2.1435480908317462e-7	7.133986588485421e-17	2.1435480908317462e-7
1.0827317878249145e-9	2.041474372231811e-7	6.461017045466559e-17	2.041474372231811e-7
1.0335167065601456e-9	1.9486800825945715e-7	5.879207912072997e-17	1.9486800825945715e-7
9.885811975792699e-10	1.8639548616207844e-7	5.377455074223859e-17	1.8639548616207844e-7
9.473903143468001e-10	1.7862900757272792e-7	4.930449275235502e-17	1.7862900757272792e-7
9.094947017729282e-10	1.7148384727048118e-7	4.540865981371226e-17	1.7148384727048118e-7
8.745141363201232e-10	1.6488831468374134e-7	4.194903457067672e-17	1.6488831468374134e-7
8.421247238638224e-10	1.5878134006635128e-7	3.888071041205206e-17	1.5878134006635128e-7
8.120488408686859e-10	1.531105779215891e-7	3.6111378107775846e-17	1.531105779215891e-7
7.840471567008002e-10	1.4783090282126693e-7	3.3642276019348565e-17	1.4783090282126693e-7
7.579122514774401e-10	1.4290320606094195e-7	3.1427452220449096e-17	1.4290320606094195e-7
7.334634691717164e-10	1.3829342522061316e-7	2.9420681189159823e-17	1.3829342522061316e-7
7.105427357601001e-10	1.3397175568277747e-7	2.7575566052689814e-17	1.3397175568277747e-7
6.687461042448001e-10	1.2609106417267352e-7	2.4803910597804747e-17	1.2609106417267352e-7
6.315935428978668e-10	1.1908600505241047e-7	2.2079336092908824e-17	1.1908600505241047e-7
5.983517774821896e-10	1.1281832057634703e-7	1.979587121273296e-17	1.1281832057634703e-7
5.684341886080801e-10	1.0717740454784589e-7	1.7817478102746114e-17	1.0717740454784589e-7
5.413658939124572e-10	1.0207371861727963e-7	1.6158393288652073e-17	1.0207371861727963e-7
5.167583532800728e-10	9.743400413491762e-8	1.4703874949006465e-17	9.743400413491762e-8
4.942905987896349e-10	9.319774308578335e-8	1.3431938050909391e-17	9.319774308578335e-8
4.736951571734001e-10	8.931450379073101e-8	1.2331976305253419e-17	8.931450379073101e-8
4.547473508864641e-10	8.574192363926429e-8	1.1346322749861192e-17	8.574192363926429e-8
4.372570681600616e-10	8.244415734559767e-8	1.0498986339829334e-17	8.244415734559767e-8
4.210623619319112e-10	7.939067003662681e-8	9.70843960627844e-18	7.939067003662681e-8
4.0602442043434293e-10	7.655528896400776e-8	9.021973824140114e-18	7.655528896400776e-8
3.920235783504001e-10	7.39154514136366e-8	8.428198322407195e-18	7.39154514136366e-8
3.7895612573872006e-10	7.145160303327026e-8	7.845101017034639e-18	7.145160303327026e-8
3.667317345858582e-10	6.914671261293193e-8	7.355172414576722e-18	6.914671261293193e-8
3.5527136788005004e-10	6.69858778438565e-8	6.899776173052489e-18	6.69858778438565e-8
3.3437305212240007e-10	6.304553208849674e-8	6.203877356371191e-18	6.304553208849674e-8
3.157967714489334e-10	5.954300252813344e-8	5.5169205712394764e-18	5.954300252813344e-8
2.991758887410948e-10	5.6409160289904614e-8	4.943157768101778e-18	5.6409160289904614e-8
2.842170943040401e-10	5.358870227549306e-8	4.4660263175374465e-18	5.358870227549306e-8
2.706829469562286e-10	5.1036859310059726e-8	4.033758002078943e-18	5.1036859310059726e-8
2.583791766400364e-10	4.8717002068753703e-8	3.670123452565757e-18	4.8717002068753703e-8
2.4714529939481747e-10	4.659887154408085e-8	3.3638320103244193e-18	4.659887154408085e-8
2.3684757858670003e-10	4.465725189645725e-8	3.085920634669784e-18	4.465725189645725e-8
2.2737367544323206e-10	4.287096182063883e-8	2.8365724808107797e-18	4.287096182063883e-8
2.186285340800308e-10	4.122207867372821e-8	2.6218188422232223e-18	4.122207867372821e-8
2.105311809659556e-10	3.969533501917699e-8	2.4241716029251392e-18	3.969533501917699e-8
2.0301221021717146e-10	3.827764448280956e-8	2.261371924682228e-18	3.827764448280956e-8
1.9601178917520005e-10	3.695772570756433e-8	2.0982371850380094e-18	3.695772570756433e-8
1.8947806286936003e-10	3.572580151733891e-8	1.9701015007349546e-18	3.572580151733891e-8
1.833658672929291e-10	3.4573356307121516e-8	1.8358539373490576e-18	3.4573356307121516e-8
1.7763568394002502e-10	3.3492938922544413e-8	1.7249450687203668e-18	3.3492938922544413e-8
1.6718652606120003e-10	3.152276604478759e-8	1.5495214159782522e-18	3.152276604478759e-8
1.578983857244667e-10	2.9771501264549555e-8	1.3806853865935695e-18	2.9771501264549555e-8
1.495879443705474e-10	2.8204580145386256e-8	1.2372432461271445e-18	2.8204580145386256e-8
1.4210854715202004e-10	2.67943511381367e-8	1.113595099366367e-18	2.67943511381367e-8
1.353414734781143e-10	2.551842965538601e-8	1.009899335940408e-18	2.551842965538601e-8
1.291895883200182e-10	2.4358501034702142e-8	9.204549970735306e-19	2.4358501034702142e-8
1.2357264969740873e-10	2.329943577233654e-8	8.394971982231587e-19	2.329943577233654e-8
1.1842378929335001e-10	2.2328625948500775e-8	7.700157677948532e-19	2.2328625948500775e-8
1.1368683772161603e-10	2.1435480910570302e-8	7.062166022558703e-19	2.1435480910570302e-8
1.093142670400154e-10	2.0611039337098024e-8	6.598511371626039e-19	2.0611039337098024e-8
1.052655904829778e-10	1.984766750980439e-8	6.045759549229704e-19	1.984766750980439e-8
1.0150610510858573e-10	1.9138822241605014e-8	5.638731805446216e-19	1.9138822241605014e-8
9.800589458760003e-11	1.8478862853971046e-8	5.2896867713798365e-19	1.8478862853971046e-8
9.473903143468002e-11	1.7862900758843024e-8	4.88113345756864e-19	1.7862900758843024e-8
9.168293364646455e-11	1.7286678153725043e-8	4.589640135935028e-19	1.7286678153725043e-8
8.881784197001251e-11	1.6746469461426645e-8	4.3271115055382074e-19	1.6746469461426645e-8
8.359326303060002e-11	1.57613830225288e-8	3.8738258641609607e-19	1.57613830225288e-8
7.894919286223336e-11	1.4885750632395101e-8	3.4444628891016296e-19	1.4885750632395101e-8
7.47939721852737e-11	1.410229007280162e-8	3.1003771357551443e-19	1.410229007280162e-8
7.105427357601002e-11	1.3397175569166292e-8	2.7839769762855327e-19	1.3397175569166292e-8
6.767073673905715e-11	1.2759214827781851e-8	2.524738080677422e-19	1.2759214827781851e-8
6.45947941600091e-11	1.2179250517431807e-8	2.2938530336560177e-19	1.2179250517431807e-8
6.178632484870437e-11	1.16497178862423e-8	2.0914260399429887e-19	1.16497178862423e-8
5.921189464667501e-11	1.1164312974319214e-8	1.9470189550692248e-19	1.1164312974319214e-8
5.6843418860808015e-11	1.0717740455348465e-8	1.7728746216626394e-19	1.0717740455348465e-8
5.46571335200077e-11	1.030551966860631e-8	1.6276405788043835e-19	1.030551966860631e-8
5.26327952414889e-11	9.923833754956368e-9	1.5114539432822148e-19	9.923833754956368e-9
5.0753052554292866e-11	9.56941112085316e-9	1.42438974704912e-19	9.56941112085316e-9
4.9002947293800014e-11	9.239431427031757e-9	1.3077353097608255e-19	9.239431427031757e-9
4.736951571734001e-11	8.931450379465898e-9	1.2349913813165965e-19	8.931450379465898e-9
4.584146682323227e-11	8.643339076903594e-9	1.1474030842145403e-19	8.643339076903594e-9
4.4408920985006255e-11	8.373234730751535e-9	1.0744178828262389e-19	8.373234730751535e-9
4.179663151530001e-11	7.880691511298052e-9	9.648279088664726e-20	7.880691511298052e-9
3.947459643111668e-11	7.442875316228021e-9	8.720254930423385e-20	7.442875316228021e-9
3.739698609263685e-11	7.051145036427538e-9	7.641915601400813e-20	7.051145036427538e-9
3.552713678800501e-11	6.698587784607729e-9	6.996403888565224e-20	6.698587784607729e-9
3.383536836952858e-11	6.379607413913038e-9	6.275388380379103e-20	6.379607413913038e-9
3.229739708000455e-11	6.089625258736283e-9	5.771092167575078e-20	6.089625258736283e-9
3.0893162424352184e-11	5.824858943139853e-9	5.265120876064762e-20	5.824858943139853e-9
2.9605947323337503e-11	5.5821564871764185e-9	4.8309376156374844e-20	5.5821564871764185e-9
2.8421709430404007e-11	5.358870227689861e-9	4.3955537877231044e-20	5.358870227689861e-9
2.732856676000385e-11	5.1527598343180695e-9	4.179126526259818e-20	5.1527598343180695e-9
2.631639762074445e-11	4.961916877491627e-9	3.7419612128428036e-20	4.961916877491627e-9
2.5376526277146433e-11	4.784705560438747e-9	3.4507631432732685e-20	4.784705560438747e-9
2.4501473646900007e-11	4.619715713527928e-9	3.37957279623942e-20	4.619715713527928e-9
2.3684757858670004e-11	4.4657251897436455e-9	3.0139657133871473e-20	4.4657251897436455e-9
2.2920733411616136e-11	4.3216695384620624e-9	2.8685689220103466e-20	4.3216695384620624e-9
2.2204460492503128e-11	4.1866173653855165e-9	2.7228703105259656e-20	4.1866173653855165e-9
2.0898315757650004e-11	3.940345755657535e-9	2.4302366857200303e-20	3.940345755657535e-9
1.973729821555834e-11	3.7214376581213825e-9	2.143675503168997e-20	3.7214376581213825e-9
1.8698493046318424e-11	3.525572518220647e-9	1.9286123096699064e-20	3.525572518220647e-9
1.7763568394002505e-11	3.34929389230996e-9	1.7491112263996008e-20	3.34929389230996e-9
1.691768418476429e-11	3.1898037069621946e-9	1.6053332143057084e-20	3.1898037069621946e-9
1.6148698540002275e-11	3.0448126293730404e-9	1.3880195423400415e-20	3.0448126293730404e-9
1.5446581212176092e-11	2.912429471574553e-9	1.3162891357618568e-20	2.912429471574553e-9
1.4802973661668752e-11	2.791078243592461e-9	1.2077119619305082e-20	2.791078243592461e-9
1.4210854715202004e-11	2.6794351138489875e-9	1.1355458235911833e-20	2.6794351138489875e-9
1.3664283380001925e-11	2.5763799171625676e-9	1.0264260319818694e-20	2.5763799171625676e-9
1.3158198810372225e-11	2.4809584387491753e-9	9.1712593635364e-21	2.4809584387491753e-9
1.2688263138573216e-11	2.392352780222713e-9	9.17784486483369e-21	2.392352780222713e-9
1.2250736823450003e-11	2.309857856766731e-9	8.081772413338496e-21	2.309857856766731e-9
1.1842378929335002e-11	2.232862594874647e-9	7.718674727034913e-21	2.232862594874647e-9
1.1460366705808068e-11	2.160834769233649e-9	7.35501261278e-21	2.160834769233649e-9
1.1102230246251564e-11	2.093308682695098e-9	6.6231759372406425e-21	2.093308682695098e-9
1.0449157878825002e-11	1.970172877830847e-9	5.985096517987768e-21	1.970172877830847e-9
9.86864910777917e-12	1.8607188290626084e-9	5.450141493012638e-21	1.8607188290626084e-9
9.349246523159212e-12	1.7627862591119947e-9	4.730775958537625e-21	1.7627862591119947e-9
8.881784197001252e-12	1.6746469461565043e-9	4.373015260438315e-21	1.6746469461565043e-9
8.458842092382144e-12	1.5949018534824667e-9	4.0135589352299384e-21	1.5949018534824667e-9
8.074349270001138e-12	1.5224063146878185e-9	3.470095466103571e-21	1.5224063146878185e-9
7.723290606088046e-12	1.4562147357884332e-9	3.2907674231251328e-21	1.4562147357884332e-9
7.401486830834376e-12	1.3955391217973186e-9	3.110889787080357e-21	1.3955391217973186e-9
7.105427357601002e-12	1.3397175569254334e-9	2.7472826428636964e-21	1.3397175569254334e-9
6.8321416900009626e-12	1.2881899585821418e-9	2.3830417159291907e-21	1.2881899585821418e-9
6.5790994051861124e-12	1.240479219375526e-9	2.5680190960742363e-21	1.240479219375526e-9
6.344131569286608e-12	1.1961763901120424e-9	2.0191987598266916e-21	1.1961763901120424e-9
6.125368411725002e-12	1.1549289283841555e-9	2.204221833840798e-21	1.1549289283841555e-9
5.921189464667501e-12	1.1164312974379795e-9	1.8377328729086125e-21	1.1164312974379795e-9
5.730183352904034e-12	1.0804173846174529e-9	1.8389061818640254e-21	1.0804173846174529e-9
5.551115123125782e-12	1.046654341348158e-9	1.6557098268834887e-21	1.046654341348158e-9
5.224578939412501e-12	9.850864389159672e-10	1.5414726802402953e-21	9.850864389159672e-10
4.934324553889585e-12	9.303594145317709e-10	1.3626671479401383e-21	9.303594145317709e-10
4.674623261579606e-12	8.813931295564268e-10	1.182720974516855e-21	8.813931295564268e-10
4.440892098500626e-12	8.373234730786083e-10	1.0019911792986928e-21	8.373234730786083e-10
4.229421046191072e-12	7.974509267415756e-10	1.0035026835390256e-21	7.974509267415756e-10
4.037174635000569e-12	7.612031573442458e-10	9.132673668505509e-22	7.612031573442458e-10
3.861645303044023e-12	7.281073678945056e-10	8.227949837969714e-22	7.281073678945056e-10
3.700743415417188e-12	6.977695608989063e-10	7.319602317074472e-22	6.977695608989063e-10
3.552713678800501e-12	6.698587784630007e-10	8.242011996676366e-22	6.698587784630007e-10
3.4160708450004813e-12	6.440949792912976e-10	5.499429389287718e-22	6.440949792912976e-10
3.2895497025930562e-12	6.202396096879361e-10	5.5023281079522895e-22	6.202396096879361e-10
3.172065784643304e-12	5.980881950562671e-10	6.424011393596538e-22	5.980881950562671e-10
3.062684205862501e-12	5.774644641922259e-10	4.592014527083061e-22	5.774644641922259e-10
2.9605947323337505e-12	5.582156487191909e-10	5.513583239675676e-22	5.582156487191909e-10
2.865091676452017e-12	5.40208692308884e-10	4.598030598001186e-22	5.40208692308884e-10
2.775557561562891e-12	5.233271706742191e-10	3.6804369892533276e-22	5.233271706742191e-10
2.6122894697062505e-12	4.925432194581076e-10	3.6279905426275894e-22	4.925432194581076e-10
2.4671622769447924e-12	4.651797072660084e-10	3.6340497075629794e-22	4.651797072660084e-10
2.337311630789803e-12	4.40696564778315e-10	2.7294261257152875e-22	4.40696564778315e-10
2.220446049250313e-12	4.186617365394242e-10	3.1888385465061423e-22	4.186617365394242e-10
2.114710523095536e-12	3.9872546337086746e-10	2.2800162271153864e-22	3.9872546337086746e-10
2.0185873175002844e-12	3.8060157867220117e-10	2.282862390117264e-22	3.8060157867220117e-10
1.9308226515220115e-12	3.64053683947319e-10	1.828736776890867e-22	3.64053683947319e-10
1.850371707708594e-12	3.4888478044952126e-10	1.8300073944263873e-22	3.4888478044952126e-10
1.7763568394002505e-12	3.3492938923154686e-10	1.8319200551981636e-22	3.3492938923154686e-10
1.7080354225002406e-12	3.220474896457117e-10	1.3753134904670675e-22	3.220474896457117e-10
1.6447748512965281e-12	3.10119804844036e-10	1.8346317367191976e-22	3.10119804844036e-10
1.586032892321652e-12	2.9904409752817024e-10	1.3766785053128104e-22	2.9904409752817024e-10
1.5313421029312504e-12	2.887322320961686e-10	1.3779315228635727e-22	2.887322320961686e-10
1.4802973661668753e-12	2.7910782435962113e-10	9.192510574025752e-23	2.7910782435962113e-10
1.4325458382260085e-12	2.7010434615448755e-10	1.37959528631084e-22	2.7010434615448755e-10
1.3877787807814455e-12	2.616635853371508e-10	9.198988537443889e-23	2.616635853371508e-10
1.3061447348531253e-12	2.462716097290939e-10	1.133735239669431e-22	2.462716097290939e-10
1.2335811384723962e-12	2.3258985363302574e-10	6.813442194938998e-23	2.3258985363302574e-10
1.1686558153949015e-12	2.2034828238918592e-10	6.826686293701363e-23	2.2034828238918592e-10
1.1102230246251565e-12	2.0933086826972977e-10	6.833957903593137e-23	2.0933086826972977e-10
1.057355261547768e-12	1.9936273168545974e-10	6.844963721108895e-23	1.9936273168545974e-10
1.0092936587501422e-12	1.9030078933611702e-10	4.568959249807634e-23	1.9030078933611702e-10
9.654113257610057e-13	1.8202684197367913e-10	4.572399238701115e-23	1.8202684197367913e-10
9.25185853854297e-13	1.7444239022477764e-10	4.5755525618534757e-23	1.7444239022477764e-10
8.881784197001252e-13	1.6746469461579431e-10	6.869026947572889e-23	1.6746469461579431e-10
8.540177112501203e-13	1.6102374482286854e-10	2.2928464748242402e-23	1.6102374482286854e-10
8.223874256482641e-13	1.5505990242202885e-10	4.5870540758312585e-23	1.5505990242202885e-10
7.93016446160826e-13	1.4952204876410045e-10	4.589233537207207e-23	1.4952204876410045e-10
7.656710514656252e-13	1.44366116048092e-10	2.2960733392057405e-23	1.44366116048092e-10
7.401486830834376e-13	1.395539121798293e-10	4.596255287013493e-23	1.395539121798293e-10
7.162729191130043e-13	1.35052173077249e-10	2.3008763681035856e-23	1.35052173077249e-10
6.938893903907227e-13	1.308317926685857e-10	2.301600215887185e-23	1.308317926685857e-10
