# z G G´ G´´
1.5999999999999998e6	9.602459872540921e6	3463.214401360114	9.60245924802103e6
1.0666666666666665e6	6.404486013239469e6	6579.434043623992	6.404482633658058e6
799999.9999999999	4.8054951670366675e6	7651.615268105021	4.805489075338384e6
640000.0	3.8461099408847345e6	8179.472248513525	3.8461012432859996e6
533333.3333333333	3.2065251340925484e6	8489.395011414643	3.206513896077729e6
457142.8571428571	2.749681766039985e6	8691.806833049957	2.7496680285057593e6
399999.99999999994	2.407050894258194e6	8833.81169103252	2.4070346842786e6
355555.55555555556	2.140561186761012e6	8938.696010025711	2.1405425232826727e6
320000.0	1.9273700045061642e6	9019.22344164616	1.927348901439125e6
290909.0909090909	1.752941210124456e6	9082.947162408154	1.7529176781079702e6
266666.6666666666	1.6075840952700095e6	9134.6099008157	1.6075581427329634e6
246153.84615384613	1.4845897377036235e6	9177.333809707647	1.4845613715300083e6
228571.42857142855	1.3791660684676722e6	9213.255074168237	1.3791352944303595e6
213333.3333333333	1.2877989153981304e6	9243.882965353705	1.287765738451029e6
199999.99999999997	1.207852657105768e6	9270.313152838882	1.2078170815862443e6
188235.29411764705	1.1375336868897504e6	10021.388696601063	1.1374895430629596e6
177777.77777777778	1.074900712958688e6	10191.682977812832	1.0748523955954025e6
168421.05263157893	1.0188192731749341e6	10191.105476784664	1.0187683018046163e6
160000.0	968331.8534316509	10145.242786353867	968278.7059618642
152380.95238095237	922647.4404162202	10091.815695080488	922592.2471832176
145454.54545454544	881113.7643815511	10041.466128816362	881056.5445762328
139130.4347826087	843190.3584818859	9996.605032972937	843131.0980651976
133333.3333333333	808426.2991680712	9957.246557213255	808364.9760025373
128000.0	776442.6304092181	9922.79526577378	776379.2220628391
123076.92307692306	746918.6321713595	9892.576263062534	746853.1181026254
118518.51851851851	719581.0720069265	9865.978109574025	719513.4339722776
114285.71428571428	694195.7376506142	9842.47951418903	694125.959584637
110344.8275862069	670560.7141545479	9821.643612259883	670488.7819227187
106666.66666666666	648501.0030972158	9803.105196393986	648426.9042433414
103225.80645161291	627864.1823274536	9786.558123751185	627787.9058486333
99999.99999999999	608516.8791353633	9771.744606271845	608438.4152894951
94117.64705882352	573199.2694137075	9608.032180103575	573118.7382855618
88888.88888888889	541839.426777967	9594.79393211698	541754.4686852855
84210.52631578947	513779.9746378459	9584.60965167623	513690.5659993091
80000.0	488525.9077879653	9576.747316131068	488432.03057426383
76190.47619047618	465676.5042325134	9570.68895344463	465578.14436157816
72727.27272727272	444903.8944193867	9566.051393214904	444801.04083767516
69565.21739130435	425937.22382585966	9562.54366197491	425829.8679040648
66666.66666666666	408550.7755977139	9559.941128522874	408438.9106918105
64000.0	392554.9437704044	9558.06818487518	392438.5648877524
61538.46153846153	377789.2895353796	9556.786253041608	377668.3930701119
59259.259259259255	364117.14040970244	9555.984995240058	363991.7239318907
57142.85714285714	351421.34666522505	9555.575959879221	351291.40874788736
55172.41379310345	339600.9156285179	9555.487708493949	339466.45570715907
53333.33333333333	328568.31909544836	9555.662244559284	328429.3373501769
51612.903225806454	318247.32181587286	9556.052170753303	318103.81907466246
49999.99999999999	308571.21713386424	9556.618604826766	308423.1947897503
47058.82352941176	290889.633081395	9417.224186676649	290737.15710732003
44444.444444444445	275206.5816092277	9426.921005740081	275045.07943496836
42105.26315789473	261173.91693974234	9436.216456768718	261003.39597144793
40000.0	248544.07210850748	9445.006130975493	248364.54585843126
38095.23809523809	237116.64885802538	9453.282115849632	236928.13387797208
36363.63636363636	226727.6879561043	9461.066576592988	226530.20263345432
34782.608695652176	217241.7447612481	9468.389795186062	217035.30879006226
33333.33333333333	208545.94804187602	9475.283354566234	208330.58212858604
32000.0	200545.4851203123	9481.777418485222	200321.21080686315
30769.230769230766	193160.1292182361	9487.900260679604	192926.968742706
29629.629629629628	186321.53839230438	9493.677777119421	186079.5145929266
28571.42857142857	179971.13340156898	9499.133800245647	179720.26962724703
27586.206896551725	174058.41449175964	9504.289945123386	173798.73454091727
26666.666666666664	168539.61493754943	9509.166026629748	168271.142994797
25806.451612903227	163376.61505605432	9513.779967756442	163099.37565146983
24999.999999999996	158536.05995327106	9518.148206044489	158250.07791541502
23529.41176470588	149673.584682476	9386.238424736244	149378.98272493464
22222.222222222223	141828.02522907904	9401.275541033163	141516.09363808008
21052.631578947367	134807.58797091173	9415.068112329707	134478.40818129614
20000.0	128488.46021319559	9427.56346890288	128142.12989878759
19047.619047619046	122770.44204933073	9438.850848796408	122407.06489268603
18181.81818181818	117571.5611002283	9449.047246101954	117191.24321247578
17391.304347826088	112824.10363290449	9458.263315312943	112426.95235408
16666.666666666664	108471.64243111687	9466.59721353533	108057.76579635893
16000.0	104466.77861333202	9474.13304460975	104036.28519367633
15384.615384615383	100769.40554278578	9480.943709426647	100322.4042765379
14814.814814814814	97345.3581003211	9487.091521890014	96881.95826950976
14285.714285714284	94165.3519687407	9492.631005042216	93685.66308672277
13793.103448275862	91204.14187024937	9497.60913447589	90708.27368557564
13333.333333333332	88439.84865218982	9502.067541641643	87927.91105249983
12903.225806451614	85853.41613561382	9506.042382665655	85325.5191626388
12499.999999999998	83428.17026387677	9509.566102975436	82884.4240259384
11764.70588235294	78972.81684069238	9379.960264167272	78413.78797887645
11111.111111111111	75040.79604495416	9391.970078209912	74450.73518179936
10526.315789473683	71521.24352951343	9402.417485903057	70900.5135484134
10000.0	68352.20681645551	9411.082486056774	67701.22379337129
9523.809523809523	65483.58673747314	9418.03140060819	64802.78401844574
9090.90909090909	62874.41107528966	9423.402144670918	62164.226530089785
8695.652173913044	60490.83833437275	9427.333427675103	59751.71049299475
8333.333333333332	58304.669885558	9429.953500643662	57537.03596327841
8000.0	56292.219115658845	9431.372156592624	55496.51477533699
7692.3076923076915	54433.44445833959	9431.68726131694	53610.10306839423
7407.407407407407	52711.2732136692	9430.981869297466	51860.726034129744
7142.857142857142	51111.0723515825	9429.331039508499	50233.747949720644
6896.551724137931	49620.2268976358	9426.798899514317	48716.551395608614
6666.666666666666	48227.80450312245	9423.444518732174	47298.20102914882
6451.612903225807	46924.2831576933	9419.31871699947	45969.172113177796
6249.999999999999	45701.33167144678	9414.46917804423	44721.130203062174
5882.35294117647	43443.31938226839	9279.981280055112	42440.59314372978
5555.555555555556	41457.299423069504	9273.424787294714	40406.822049852264
5263.157894736842	39677.558141239235	9264.897871258943	38580.69837997443
5000.0	38073.048699796476	9253.917073863073	36931.31538528163
4761.9047619047615	36618.718629185525	9240.514985563595	35433.64837051123
4545.454545454545	35294.10036918441	9224.877880619631	34067.215162935136
4347.826086956522	34082.293174673	9207.203437828837	32815.08971340464
4166.666666666666	32969.218770502615	9187.690067488498	31663.16057441258
4000.0	31943.05095068368	9166.507300656916	30599.569407836065
3846.1538461538457	30993.785655365733	9143.816839315048	29614.27633523759
3703.7037037037035	30112.89962617837	9119.754327799532	28698.724795657297
3571.428571428571	29293.08930226217	9094.45087863853	27845.574946234046
3448.2758620689656	28528.057147739873	9068.016396663492	27048.495766947082
3333.333333333333	27812.34705583901	9040.559112074554	26301.994975581652
3225.8064516129034	27141.20558569185	9012.1696779134	25601.285872808978
3124.9999999999995	26510.47498618507	8982.938915080715	24942.174974149162
2941.176470588235	25339.92790066553	8828.170076572109	23752.37586242783
2777.777777777778	24309.806234900265	8772.185948573177	22671.908452136337
2631.578947368421	23383.48485965121	8714.747192585539	21698.8604666434
2500.0	22545.371866558955	8655.25772896122	20817.788216971683
2380.9523809523807	21782.93097661355	8593.814598669918	20016.054370819387
2272.7272727272725	21085.94170790038	8530.755065126494	19283.235094967633
2173.913043478261	20445.962218459834	8466.396401535676	18610.68249717755
2083.333333333333	19855.965038892326	8401.072139934959	17991.146003668666
2000.0	19310.039902387296	8335.04037859159	17418.517242263686
1923.0769230769229	18803.18931620768	8268.560686022121	16887.594045414404
1851.8518518518517	18331.148722754268	8201.825043517827	16393.934227367732
1785.7142857142856	17890.265330555074	8135.030670769138	15933.702318774072
1724.1379310344828	17477.383372813947	8068.318112719305	15503.585791431575
1666.6666666666665	17089.769920994415	8001.83679009237	15100.690180824507
1612.9032258064517	16725.03856091543	7935.68829315477	14722.491846762707
1562.4999999999998	16381.102937744135	7869.9854243160435	14366.762435497518
1470.5882352941176	15741.730458118098	7689.172419711313	13736.036739758447
1388.888888888889	15173.499526863376	7567.377269524379	13151.801745479926
1315.7894736842104	14659.313837708292	7448.89858303528	12625.743229294694
1250.0	14191.26590011101	7333.173073318202	12149.757220801344
1190.4761904761904	13762.980657742035	7220.116063769597	11717.06279794888
1136.3636363636363	13369.263200684187	7109.923162397833	11321.934073026887
1086.9565217391305	13005.798291759642	7002.65729121331	10959.63412107152
1041.6666666666665	12668.99256447862	6898.45853932766	10626.13016953923
1000.0	12355.803543649672	6797.313390889906	10318.062408964899
961.5384615384614	12063.657968734022	6699.272557911102	10032.526639955615
925.9259259259259	11790.34381478135	6604.262661372276	9767.08359595416
892.8571428571428	11533.966372059607	6512.275829706091	9519.592627293863
862.0689655172414	11292.8759319972	6423.205771395877	9288.243883199251
833.3333333333333	11065.644274934475	6337.010778092248	9071.426437872535
806.4516129032259	10851.014052049564	6253.569754014019	8867.771495108462
781.2499999999999	10647.886730042725	6172.823075664263	8676.044438127708
735.2941176470588	10270.565966188922	6000.806834338426	8335.15702328369
694.4444444444445	9930.924869774393	5859.042102771098	8018.409718083704
657.8947368421052	9621.718046495973	5725.904338784095	7732.494918805945
625.0	9338.71507422323	5600.572243589942	7472.963922156596
595.2380952380952	9078.445320981826	5482.237975793459	7236.244621544026
568.1818181818181	8838.072597488055	5370.482786577606	7019.21946355454
543.4782608695652	8615.20946320238	5264.70362841999	6819.437645418663
520.8333333333333	8407.866947177188	5164.55205984709	6634.728978832808
500.0	8214.34010696589	5069.520176051147	6463.38522583319
480.7692307692307	8033.187670724971	4979.306807025913	6303.856587406878
462.96296296296293	7863.155990927685	4893.484933491501	6154.918955059735
446.4285714285714	7703.172509677502	4811.79942312315	6015.434566636304
431.0344827586207	7552.292746293265	4733.894016423002	5884.502796922469
416.66666666666663	7409.700398960968	4659.555296520563	5761.267607135559
403.2258064516129	7274.669016639526	4588.486596306436	5645.050934860666
390.62499999999994	7146.565226328779	4520.510118857195	5535.194919736921
367.6470588235294	6908.5944768635145	4387.816284994592	5336.267037441559
347.22222222222223	6692.760319372836	4271.2871866566775	5152.586385658573
328.9473684210526	6495.4872834375055	4163.106606909783	4985.970159237062
312.5	6314.3084063362385	4062.6491653702733	4833.7741371980455
297.6190476190476	6147.160447642562	3968.956834680715	4694.141371273595
284.09090909090907	5992.352793915187	3881.475897902974	4565.3517784220585
271.7391304347826	5848.444791290724	3799.4540485272278	4446.173119650838
260.41666666666663	5714.236654290257	3722.464482622672	4335.407560639142
250.0	5588.6894524472955	3649.9306985353433	4232.192775829682
240.38461538461536	5470.9259819214485	3581.5279884571314	4135.660572092612
231.48148148148147	5360.176238978563	3516.8105709421925	4045.1863641888763
223.2142857142857	5255.782473896115	3455.5288022361387	3960.122486720587
215.51724137931035	5157.160577954658	3397.3328266024137	3880.0044964019407
208.33333333333331	5063.806616678587	3342.027935317535	3804.3378833477773
201.61290322580646	4975.268580260246	3289.335498806895	3732.7696717067347
195.31249999999997	4891.153149922046	3239.1015276295925	3664.9147916015727
183.8235294117647	4734.85716288829	3144.5566945888227	3539.8637752703376
173.61111111111111	4592.527604410249	3058.8051934669907	3425.64163124071
164.4736842105263	4462.121545939395	2979.274633989192	3321.814465921471
156.25	4342.105126633538	2905.7481365120407	3226.531372525929
148.8095238095238	4231.1732857534835	2837.4333003595007	3138.757658705896
142.04545454545453	4128.253820805207	2773.87020822379	3057.4701432591783
135.8695652173913	4032.4252268994214	2714.4074742088965	2982.020334352824
130.20833333333331	3942.920870934927	2658.707578269094	2911.683191507745
125.0	3859.072503467088	2606.2941279719907	2845.992182967912
120.19230769230768	3780.3168505200965	2556.9261230410507	2784.407350162049
115.74074074074073	3706.156490080222	2510.246320149118	2726.5838225041894
111.60714285714285	3636.167308603096	2466.076257237331	2672.1116349516915
107.75862068965517	3569.9705605492686	2424.140483267995	2620.731333152956
104.16666666666666	3507.24014299964	2384.3031295470905	2572.1259703016267
100.80645161290323	3447.682017135658	2346.3474054126214	2526.0968200752045
97.65624999999999	3391.0408673319926	2310.1677611836635	2482.3946259818103
91.91176470588235	3285.780266932461	2243.781574809951	2400.374180644787
86.80555555555556	3189.6418838754767	2181.695199319741	2326.8049777834617
82.23684210526315	3101.3888324465083	2124.0126317666063	2259.907748143674
78.125	3020.031405838249	2070.7700163717714	2198.2950738117497
74.4047619047619	2944.7140141501354	2021.328129390939	2141.3951570098247
71.02272727272727	2874.732712914162	1975.330695102171	2088.5777016156217
67.93478260869566	2809.4796325437474	1932.2697202754866	2039.4875664697347
65.10416666666666	2748.4498937892517	1891.9101588162614	1993.6531216934347
62.5	2691.201589334058	1853.8951222800295	1950.8046724417272
60.09615384615384	2637.362834752308	1818.0636323352842	1910.5829871828553
57.87037037037037	2586.603850566807	1784.150090783736	1872.7861419082053
55.80357142857142	2538.6439419334765	1752.036541888402	1837.1393577525005
53.87931034482759	2493.231402500097	1721.5182612329068	1803.4904221132506
52.08333333333333	2450.149928561379	1692.5059602449405	1771.6258766919957
50.403225806451616	2409.2036743032713	1664.8383803240738	1741.4291578115651
48.82812499999999	2370.222952244634	1638.4464924045512	1712.731717133332
45.955882352941174	2297.77002288968	1591.2787980332644	1657.582234768535
43.40277777777778	2231.397652712712	1545.5713362470674	1609.454792500633
41.118421052631575	2170.3523673030477	1503.093307177243	1565.6116722153424
39.0625	2113.980624664599	1463.932811793844	1525.0622295535015
37.20238095238095	2061.7080676695205	1427.5495753106647	1487.5289463818608
35.51136363636363	2013.0626429211195	1393.6691607156902	1452.620898512267
33.96739130434783	1967.6348983211242	1361.905976442147	1420.1405579809145
32.55208333333333	1925.085753949643	1332.1005224509163	1389.7709732707262
31.25	1885.1167754388653	1303.9867938188713	1361.3536273088655
30.04807692307692	1847.4776256183536	1277.457819427049	1334.6441835729547
28.935185185185183	1811.9449512898832	1252.314718678426	1309.5237118457503
27.90178571428571	1778.329390087026	1228.4796844784928	1285.8044503231886
26.939655172413794	1746.4600139333647	1205.7987968305736	1263.3969454728272
26.041666666666664	1716.1906260710707	1184.213699370342	1242.1546519004075
25.201612903225808	1687.3879080325821	1163.6027439534832	1222.0092497352457
24.414062499999996	1659.9369801901998	1143.9212465527837	1202.844528560564
22.977941176470587	1608.9065145561199	1109.676657821416	1164.9883637476446
21.70138888888889	1561.9928529001209	1075.216395034078	1133.0187007993204
20.559210526315788	1518.7555459540433	1043.2305838775872	1103.7610054846984
19.53125	1478.7538255653828	1013.7491124222565	1076.580518905735
18.601190476190474	1441.5921185106051	986.3109430908719	1051.369849144957
17.755681818181817	1406.9479799064409	960.7157600476806	1027.875404199761
16.983695652173914	1374.5392953955045	936.6716281967261	1005.9843614677438
16.276041666666664	1344.1344468235081	914.0734707368315	985.4781079418564
15.625	1315.5272260949869	892.7191091678385	966.2631498322554
15.02403846153846	1288.546345866821	872.5391548013365	948.1704007114472
14.467592592592592	1263.036995215704	853.3813890968624	931.1297739985679
13.950892857142856	1238.869414029782	835.1960853186243	915.0108874144291
13.469827586206897	1215.9247773889172	817.8648145252819	899.7611957790878
13.020833333333332	1194.102779502578	801.3508848252625	885.2786043983843
12.600806451612904	1173.3104788632436	785.5602233742	871.5231581906307
12.207031249999998	1153.4689722962714	770.4651956034163	858.4136837294743
11.488970588235293	1116.5967374968072	744.881867092723	831.8288755897889
10.850694444444445	1082.5340915288348	718.2011032982521	809.9797741569434
10.279605263157894	1051.0742580031063	693.4942834870512	789.8245214017869
9.765625	1021.9128839329587	670.711931544026	771.006775088688
9.300595238095237	994.7688259270399	649.4699065678692	753.4944309674655
8.877840909090908	969.4181934146386	629.6323638264482	737.1124202898909
8.491847826086957	945.6612333104688	610.9735050289278	721.7939763803406
8.138020833333332	923.3374728175282	593.4268716631325	707.3871900855767
7.8125	902.3003552594303	576.8327334966863	693.8371052833908
7.51201923076923	882.4311110304997	561.1482302076272	681.0266730821708
7.233796296296296	863.6192312081931	546.251716778052	668.9149710012935
6.975446428571428	845.7746591928588	532.1132981233181	657.4117523235504
6.734913793103448	828.8121906842574	518.637382053504	646.4865917894397
6.510416666666666	812.6621563894241	505.802576640822	636.0688122294744
6.300403225806452	797.2576101819025	493.5322244164549	626.1354809108843
6.103515624999999	782.5437102583122	481.81074499246233	616.6304115713509
5.744485294117647	755.2631987539886	462.47173174950746	597.1117120980952
5.425347222222222	729.9106145678776	441.7426435120965	581.0619090611615
5.139802631578947	706.4720174447051	422.64729764997645	566.1024405719904
4.8828125	684.7292790718428	405.08622090860683	552.0501238549168
4.650297619047619	664.4735684292692	388.7439779051414	538.8907521785966
4.438920454545454	645.5466695592621	373.53616272325826	526.4990386667754
4.2459239130434785	627.8009439469172	359.2768058296777	514.8341500070331
4.069010416666666	611.123284435547	345.9263605045048	503.79224079713447
3.90625	595.4045731684657	333.3487554940611	493.3408689339284
3.756009615384615	580.561014095748	321.5195433040901	483.4007388920838
3.616898148148148	566.5096699235625	310.3332918370308	473.94773350496774
3.487723214285714	553.186910063523	299.77376575404617	464.92090384415553
3.367456896551724	540.5282590362889	289.7569247187863	456.3022281277104
3.255208333333333	528.4844197397256	280.2718369178839	448.0440595949349
3.150201612903226	517.0043147525936	271.25024980172606	440.1326657444322
3.0517578124999996	506.0490820691293	262.6847660893618	432.53021527702043
2.8722426470588234	485.8604860380798	248.97038914350605	417.2219519906524
2.712673611111111	467.0344468783749	234.10519533245565	404.1236594030871
2.5699013157894735	449.6801234713408	220.58773809656248	391.8587286850232
2.44140625	433.6331224971661	208.31349302799507	380.3198306019786
2.3251488095238093	418.7284632293392	197.01923309479488	369.4819991679472
2.219460227272727	404.85088198362496	186.65583251580864	359.2545571468084
2.1229619565217392	391.88324101085084	177.0565812739895	349.60469335055524
2.034505208333333	379.7429983000308	168.19864102045386	340.4613956335868
1.953125	368.3426046318123	159.95667016251372	331.79833944350656
1.8780048076923075	357.62075695638345	152.31749933177926	323.5614087053184
1.808449074074074	347.5102471596289	145.18318713492158	315.7296534288357
1.743861607142857	337.9644154692732	138.54584797613023	308.2612433181676
1.683728448275862	328.9305553322285	132.3272329079526	301.1391931683631
1.6276041666666665	320.3724586074428	126.52285438642278	294.330561702467
1.575100806451613	312.24806190954905	121.06924135831719	287.8212830267962
1.5258789062499998	304.52879277550016	115.96411247899937	281.5849964864277
1.4361213235294117	290.4271186204927	108.06166415524932	269.5748281464719
1.3563368055555556	277.3431944421775	99.55795473926581	258.8579941812224
1.2849506578947367	265.3826419214671	91.99971032345375	248.92569159011734
1.220703125	254.41799570971685	85.31197723583016	239.68809540956073
1.1625744047619047	244.31347780390067	79.28273229909534	231.0915917895479
1.1097301136363635	234.982626439643	73.88776705553605	223.0637411324836
1.0614809782608696	226.32884395083403	68.98660185370083	215.55879561919977
1.0172526041666665	218.29036097413453	64.56975284826845	208.5220101364158
0.9765625	210.79528156293512	60.53352763084727	201.91667281768125
0.9390024038461537	203.79798505589113	56.87433988181999	195.70111950586394
0.904224537037037	197.24370007487403	53.513563817788345	189.84566285998307
0.8719308035714285	191.09793357630446	50.450623214346194	184.3180805955231
0.841864224137931	185.31816678112833	47.62480218508031	179.09411256641036
0.8138020833333333	179.87782362905602	45.03719652237119	174.1484492119614
0.7875504032258065	174.74337807305807	42.6402742342157	169.4610727973082
0.7629394531249999	169.8940085410873	40.43598577835072	165.01183349169858
0.7180606617647058	161.08311112629607	37.110790724074256	156.749985333207
0.6781684027777778	153.0136989337798	33.601506342578915	149.2787018730637
0.6424753289473684	145.7072105639587	30.552179192006278	142.46808609983268
0.6103515625	139.07094691139116	27.92950190083766	136.23755428809665
0.5812872023809523	133.00544209104822	25.60769184223391	130.51702472991164
0.5548650568181818	127.4491253031094	23.5805671237113	125.24869817547736
0.5307404891304348	122.33295937598419	21.767758731295483	120.38071950899075
0.5086263020833333	117.61332505480846	20.16815257744615	115.8712209828691
0.48828125	113.24040069266594	18.726258997116414	111.6813125505268
0.46950120192307687	109.18224298330985	17.442421345701902	107.77998014689702
0.4521122685185185	105.40204035615656	16.277348944797655	104.1375917839958
0.43596540178571425	101.87580067435175	15.231768029132317	100.73069048580453
0.4209321120689655	98.57578305280965	14.277336508392295	97.53636586781734
0.40690104166666663	95.48358650590328	13.414791741601483	94.53654666085373
0.39377520161290325	92.5779464774833	12.623377714175264	91.71328425627895
0.38146972656249994	89.84449082564826	11.903695138813761	89.05242598470957
0.3590303308823529	84.8758639076623	10.815146813459616	84.18399416442135
0.3390842013888889	80.3868200891117	9.706722191961111	79.79862397514948
0.3212376644736842	76.3468896873993	8.75557586815046	75.84317672775171
0.30517578125	72.69549400781247	7.946740090596691	72.25983788365707
0.29064360119047616	69.375659744575	7.239630660581843	68.99688335637639
0.2774325284090909	66.34674403336409	6.627545322618363	66.01489291686667
0.2653702445652174	63.570136759378535	6.08654441632629	63.278086765279
0.25431315104166663	61.01714278380933	5.611961213571655	60.75851878409432
0.244140625	58.66060121585423	5.188738419685138	58.43066941784564
0.23475060096153844	56.479639226764704	4.81334758992493	56.27416220757144
0.22605613425925924	54.45460603569664	4.4760131696618615	54.27033650722964
0.21798270089285712	52.56995145387512	4.173992813111485	52.40398438915576
0.21046605603448276	50.81111269282906	3.900767191162978	50.661160551291374
0.20345052083333331	49.16626970585205	3.654180334305935	49.03028699562095
0.19688760080645162	47.62440249451427	3.429776633355264	47.50074047006833
0.19073486328124997	46.17636909371599	3.2258486563305255	46.06355352255772
0.17951516544117646	43.54027305662434	2.913357480468227	43.442694737278984
0.16954210069444445	41.17836258848351	2.6054305019155644	41.09585474677837
0.1606188322368421	39.05938527304183	2.343537199157287	38.98901654702364
0.152587890625	37.147938393441216	2.119790519596663	37.08740776915977
0.14532180059523808	35.41475466402443	1.926384351178828	35.362323046493614
0.13871626420454544	33.83613594845714	1.7585216905026104	33.7904083637133
0.1326851222826087	32.392202311367086	1.6115754372965558	32.3520879572005
0.12715657552083331	31.066482124023782	1.4824190809984348	31.031093200700823
0.1220703125	29.844989135030254	1.3681431505735695	29.813613682168963
0.11737530048076922	28.715925699544425	1.2666471456300956	28.687976467332494
0.11302806712962962	27.669163567877444	1.1760202936380182	27.644160121351273
0.10899135044642856	26.696035002369566	1.09481499450186	26.673576156480312
0.10523302801724138	25.789024353920368	1.0217306566052617	25.76877652494295
0.10172526041666666	24.94162246158914	0.9557465278974475	24.923303946123593
0.09844380040322581	24.14813451046835	0.8959504885803344	24.131507890260092
0.09536743164062499	23.40357841647224	0.8416076384593241	23.3884411468326
0.08975758272058823	22.04717519679302	0.758282230077969	22.034131301633685
0.08477105034722222	20.83658115008692	0.6768058108672915	20.825586376343256
0.08030941611842105	19.752023244658275	0.6077957228985112	19.74266969324937
0.0762939453125	18.774795613634726	0.5488462712075353	18.76677164843062
0.07266090029761904	17.88971154208478	0.4980768314341566	17.88277658891342
0.06935813210227272	17.084327444577873	0.45405050133956343	17.078292724268138
0.06634256114130435	16.348338953083633	0.4156152745932263	16.34305511428131
0.06357828776041666	15.673148569850115	0.3818685231515711	15.668495860280295
0.06103515625	15.051519771159885	0.35207232000213473	15.047401519967002
0.05868765024038461	14.477323049647742	0.3256366869248635	14.47366033289404
0.05651403356481481	13.945327968549694	0.30207125471338675	13.942055985667617
0.05449567522321428	13.451047399574236	0.2809773000626411	13.448112428978362
0.05261651400862069	12.990607362437192	0.2620186756536957	12.9879646541949
0.05086263020833333	12.560647919064545	0.244918106391496	12.558259882159712
0.049221900201612906	12.158238856825555	0.2294389437688974	12.156073785178544
0.04768371582031249	11.780814604851575	0.21538355006277052	11.77884555804373
0.044878791360294115	11.09293747608447	0.19385141329382627	11.091243549660394
0.04238552517361111	10.480223736926852	0.17283809903104147	10.478798431479078
0.04015470805921052	9.931658101405471	0.15506570915863643	9.930447485841514
0.03814697265625	9.437667607142792	0.13990241622417549	9.436630605086064
0.03633045014880952	8.9904927873615	0.12685927749526796	8.989597726445412
0.03467906605113636	8.583779613965138	0.11555992315199426	8.583001710665366
0.033171280570652176	8.212273514211919	0.10570556004881272	8.211593183225856
0.03178914388020833	7.871592623696832	0.09706070203255694	7.870994197276435
0.030517578125	7.558052862729934	0.08943444919417336	7.55752370523027
0.029343825120192304	7.268535114343047	0.08267337480439918	7.268064929645052
0.028257016782407406	7.000380302865697	0.07665090379131914	6.999960644439224
0.02724783761160714	6.751308094010539	0.07126361460705231	6.7509319710307665
0.026308257004310345	6.519351365857988	0.06642490441529486	6.519012959305099
0.025431315104166664	6.302804558366145	0.06206300887212833	6.302498987218546
0.024610950100806453	6.100181310541134	0.05811705610905141	6.099904460666951
0.023841857910156247	5.910180582086367	0.054535988589690054	5.9099289622481335
0.022439395680147058	5.563805775063009	0.049052782781674374	5.5635895361830805
0.021192762586805556	5.255594530885558	0.04370800560125841	5.255412779536974
0.02007735402960526	4.979739815527722	0.03919167203134777	4.979585589503956
0.019073486328125	4.731400409263607	0.03534150984078917	4.731268414544032
0.01816522507440476	4.506654799687628	0.03203227631132929	4.506540959186086
0.01733953302556818	4.302293096145032	0.029167487572899504	4.3021942242076765
0.016585640285326088	4.115662278890975	0.026670726051557313	4.1155758608313775
0.015894571940104164	3.9445507201329906	0.024481742800526677	3.944474746778225
0.0152587890625	3.7870998359724797	0.02255178519739634	3.7870326886108594
0.014671912560096152	3.641736518134214	0.020841666798669913	3.6416768791914205
0.014128508391203703	3.507120204825661	0.019319108041426596	3.5070669943930173
0.01362391880580357	3.382101558802161	0.017957734088043943	3.3820538839347947
0.013154128502155173	3.265689446983985	0.01673549035767693	3.26564656500134
0.012715657552083332	3.1570247050511058	0.015634099378905808	3.1569859935133753
0.012305475050403226	3.055358813918187	0.014638081289968768	3.055323748535284
0.011920928955078123	2.9600366984542275	0.013734447166043757	2.9600048346509245
0.011219697840073529	2.7862390117378695	0.012351255178647312	2.78621163536181
0.010596381293402778	2.631670818909473	0.011003697028774372	2.6316478141558672
0.01003867701480263	2.493351300500808	0.009865483845910968	2.493331782963823
0.0095367431640625	2.3688461931779976	0.008895454416388908	2.3688294910830154
0.00908261253720238	2.256184322617153	0.008061951539723514	2.256169918813916
0.00866976651278409	2.153752545663064	0.007340528154151835	2.153740036447423
0.008292820142663044	2.060217945063099	0.006711906820593994	2.0602070117992635
0.007947285970052082	1.9744695455691625	0.006160835276673878	1.9744599338778157
0.00762939453125	1.8955739406020429	0.005675034956126749	1.895565445524845
0.007335956280048076	1.8227411965290206	0.005244592993652067	1.8227336513512817
0.007064254195601851	1.7552982926403187	0.004861389877431473	1.7552915606914075
0.006811959402901785	1.6926682731790776	0.004518757971168208	1.6926622415158432
0.006577064251077586	1.634353690115825	0.0042111548179019735	1.6343482647741618
0.006357828776041666	1.5799233690905397	0.003933962552005164	1.5799184713576333
0.006152737525201613	1.5290017237603668	0.0036832933834063317	1.5289972873134945
0.005960464477539062	1.4812600807345953	0.0034558674377355107	1.4812560493574742
0.005609848920036764	1.3942081273046805	0.0031077429155743665	1.3942046636618295
0.005298190646701389	1.3168080998410292	0.002768557875903602	1.3168051894240962
0.005019338507401315	1.2475499977486935	0.0024820573645798556	1.2475475286633386
0.00476837158203125	1.1852132905341406	0.0022378675652589457	1.1852111778107417
0.00454130626860119	1.1288097918115487	0.0020280365253460397	1.1288079700097284
0.004334883256392045	1.077530889269083	0.0018464067136990253	1.0775293073096752
0.004146410071331522	1.0307085215438012	0.0016881338787223719	1.0307071390977245
0.003973642985026041	0.9877859160183234	0.0015493786215493568	0.9877847008888351
0.003814697265625	0.9482953376794288	0.0014270536943552033	0.9482942639193254
0.003667978140024038	0.9118409781032644	0.0013186649017180696	0.9118400246047521
0.0035321270978009257	0.8780856384840547	0.0012221694033892649	0.8780847879412895
0.0034059797014508925	0.8467402711075334	0.001135890110295703	0.8467395092169234
0.003288532125538793	0.8175556783495992	0.0010584316248123907	0.8175549932109576
0.003178914388020833	0.7903158760838268	0.0009886327033796054	0.7903152577266395
0.0030763687626008066	0.7648327366829992	0.0009255138894189238	0.76483217670679
0.002980232238769531	0.740941640061113	0.0008682505244673653	0.7409411313441026
0.002804924460018382	0.6973771223380829	0.0007805936011379304	0.6973766854678863
0.0026490953233506945	0.6586479451090497	0.0006952109886119268	0.6586475782070826
0.0025096692537006577	0.6239941567873013	0.0006231008210382755	0.6239938456828417
0.002384185791015625	0.5928046411528741	0.0005616540392998377	0.5928043750826474
0.002270653134300595	0.5645846480656217	0.0005088627756810178	0.5645844187453789
0.0021674416281960225	0.5389293596085007	0.0004631786075834144	0.5389291605708548
0.002073205035665761	0.5155043398866347	0.0004233776980425961	0.5155041660290243
0.0019868214925130205	0.49403087982358823	0.00038849456439434444	0.4940307270719526
0.0019073486328125	0.47427485109646106	0.0003577490021823382	0.4742747161700924
0.001833989070012019	0.45603813780582125	0.0003305138094439238	0.4560380180358025
0.0017660635489004629	0.4391519665895219	0.00030627267575169463	0.4391518597894043
0.0017029898507254463	0.423471670104545	0.00028460388353889973	0.4234715744672387
0.0016442660627693966	0.4088725299528449	0.0002651548047442952	0.4088724439760762
0.0015894571940104165	0.39524645403785935	0.0002476334478575012	0.3952463764630577
0.0015381843813004033	0.3824992941757683	0.00023179237951246137	0.38249922394333524
0.0014901161193847654	0.37054866886700893	0.00021742425307206547	0.3705486050787486
0.001402462230009191	0.3487567546490996	0.0001954319959365819	0.34875669989221314
0.0013245476616753472	0.32938487271370814	0.00017402299129823297	0.32938482674316405
0.0012548346268503288	0.3120517955060247	0.0001559477630208305	0.3120517565386054
0.0011920928955078125	0.29645175032598786	0.00014055025918500354	0.29645171700795814
0.0011353265671502975	0.2823371974545333	0.00012732513422559642	0.2823371687447303
0.0010837208140980113	0.2695055989216106	0.0001158831641549407	0.2695055740076414
0.0010366025178328805	0.2577896354806664	0.0001059168074953557	0.2577896137218968
0.0009934107462565103	0.24704987127439518	9.718339661934813e-5	0.24704985215960493
0.00095367431640625	0.23716917709289784	8.94871713535342e-5	0.23716916021053094
0.0009169945350060095	0.22804844169281926	8.267049869645541e-5	0.22804842670825826
0.0008830317744502314	0.21960323509385846	7.660401477734394e-5	0.2196032217330005
0.0008514949253627231	0.2117611875307957	7.118173561729225e-5	0.21176117556722557
0.0008221330313846983	0.20445991008599224	6.631541791699939e-5	0.20445989933147618
0.0007947285970052083	0.19764533156965883	6.193168371851747e-5	0.1976453218665874
0.0007690921906502017	0.19127035694631167	5.796867797567362e-5	0.19127034816197164
0.0007450580596923827	0.1852937775227244	5.4374297904103856e-5	0.18529376954467902
0.0007012311150045955	0.17439540981082263	4.8872202168202435e-5	0.174395402962901
0.0006622738308376736	0.16470764904750446	4.351724925669084e-5	0.1647076432986791
0.0006274173134251644	0.15603956751504286	3.8996652858603926e-5	0.1560395626421155
0.0005960464477539062	0.14823822518615998	3.514570940629605e-5	0.14823822101982265
0.0005676632835751488	0.14117981133382465	3.183833214730604e-5	0.14117980774379504
0.0005418604070490056	0.1347630247393342	2.8976845583767362e-5	0.13476302162402273
0.0005183012589164402	0.12890418060038866	2.648452750052407e-5	0.128904177879646
0.0004967053731282551	0.12353354069606805	2.4300503683864244e-5	0.12353353830597026
0.000476837158203125	0.11859252422480197	2.2375933779325447e-5	0.11859252211386614
0.00045849726750300476	0.11403156228069844	2.0671291162259666e-5	0.11403156040708436
0.0004415158872251157	0.10980842907291839	1.9154293675072795e-5	0.10980842740234095
0.00042574746268136157	0.10588693073026975	1.779837675328745e-5	0.10588692923441839
0.00041106651569234915	0.10223586536825222	1.6581513490595357e-5	0.10223586402358423
0.00039736429850260413	0.0988281911354603	1.5485319193994947e-5	0.09882818992226845
0.00038454609532510083	0.09564035527331435	1.4494349320608435e-5	0.09564035417500098
0.00037252902984619135	0.09265174897235634	1.3595554282619065e-5	0.0926517479748625
0.0003506155575022978	0.08720196265843354	1.2219713707421346e-5	0.0872019618022521
0.0003311369154188368	0.08235762744498189	1.088070832171889e-5	0.08235762672622748
0.0003137086567125822	0.07802320099414299	9.750357063485612e-6	0.07802320038490457
0.0002980232238769531	0.07412219994950962	8.787448605894583e-6	0.07412219942861809
0.0002838316417875744	0.07059270868929024	7.960467332902914e-6	0.07059270824045465
0.0002709302035245028	0.06738406858842824	7.244979191467913e-6	0.06738406819894653
0.0002591506294582201	0.06445443092442055	6.621804249724214e-6	0.064454430584271
0.00024835268656412757	0.06176892153823165	6.0757168944341355e-6	0.0617689212394217
0.0002384185791015625	0.059298245963649375	5.594506216420321e-6	0.05929824569974191
0.00022924863375150238	0.057017616440744094	5.168287008318014e-6	0.0570176162065078
0.00022075794361255786	0.05490591736421035	4.788987731382035e-6	0.05490591715535851
0.00021287373134068078	0.0529450495594185	4.449965323805688e-6	0.052945049372411485
0.00020553325784617457	0.05111941022197467	4.145712213547402e-6	0.05111941005386896
0.00019868214925130207	0.04941547686673832	3.871631105992844e-6	0.049415476715069975
0.00019227304766255041	0.04782147180086344	3.623860230099837e-6	0.047821471663557304
0.00018626451492309568	0.04632708950664031	3.399136506869497e-6	0.046327089381938656
0.0001753077787511489	0.043602045737212325	3.055139309765878e-6	0.043602045630177486
0.0001655684577094184	0.041179764428487906	2.7203543036651404e-6	0.041179764338633976
0.0001568543283562911	0.03901245478489313	2.4377396388167134e-6	0.039012454708730604
0.00014901161193847656	0.037061871796101716	2.1969908285054623e-6	0.037061871730984006
0.0001419158208937872	0.035297055084742616	1.990227798126565e-6	0.03529705502863303
0.0001354651017622514	0.03369267333570884	1.8113411564614135e-6	0.03369267328701937
0.00012957531472911006	0.03222780060672924	1.655535270494846e-6	0.03222780056420699
0.00012417634328206378	0.03088499855667661	1.5190032409225505e-6	0.03088499851932238
0.00011920928955078125	0.029649618935851826	1.3986919616780177e-6	0.029649618902860858
0.00011462431687575119	0.028509267037765244	1.2921298336121175e-6	0.028509267008483545
0.00011037897180627893	0.02745338438221704	1.1972987447383426e-6	0.027453384356108706
0.00010643686567034039	0.026472920822229035	1.1125377435519463e-6	0.026472920798851555
0.00010276662892308729	0.025560074490048358	1.0364697905753711e-6	0.025560074469033755
9.934107462565103e-5	0.024708083753290734	9.679454470054419e-7	0.02470808373433098
9.613652383127521e-5	0.023911059437141387	9.059991719955775e-7	0.02391105941997706
9.313225746154784e-5	0.023163848504521772	8.498151208452216e-7	0.023163848488933134
8.765388937557444e-5	0.021801288966536853	7.638111908259522e-7	0.021801288953156736
8.27842288547092e-5	0.020590119887398874	6.801107311639739e-7	0.02059011987616653
7.842716417814555e-5	0.019506440961619922	6.094537083502645e-7	0.01950644095209912
7.450580596923828e-5	0.018531128851050044	5.492637926501636e-7	0.018531128842909937
7.09579104468936e-5	0.017648702725413346	4.975708205993969e-7	0.017648702718399325
6.77325508811257e-5	0.016846496426533353	4.5284733464486217e-7	0.016846496420446902
6.478765736455503e-5	0.016114046588034305	4.1389434377032473e-7	0.0161140465827188
6.208817164103189e-5	0.01544263372396221	3.7976006265835304e-7	0.015442633719292744
5.9604644775390625e-5	0.014824933455327597	3.4968116707277224e-7	0.014824933451203568
5.7312158437875595e-5	0.01425474822226082	3.2303971853725404e-7	0.014254748218600472
5.5189485903139464e-5	0.013726798615280356	2.9933116261510273e-7	0.013726798612016698
5.3218432835170196e-5	0.013236559420985373	2.781402377252204e-7	0.01323655941806309
5.138331446154364e-5	0.012780129589113329	2.5912266486032706e-7	0.012780129586486416
4.9670537312825516e-5	0.012354128206021046	2.419910709530703e-7	0.012354128203651001
4.8068261915637603e-5	0.011955610602204916	2.2650405680546985e-7	0.01195561060005931
4.656612873077392e-5	0.01158200018957176	2.1245765460894178e-7	0.011582000187623122
4.382694468778722e-5	0.010900711007242117	1.909560932249849e-7	0.010900711005569556
4.13921144273546e-5	0.010295119361569788	1.7003045241608153e-7	0.010295119360165708
3.9213582089072776e-5	0.009753273872755226	1.5236577701254105e-7	0.009753273871565096
3.725290298461914e-5	0.0092656126634824	1.3731795869538048e-7	0.009265612662464862
3.54789552234468e-5	0.00882439515821933	1.2439443922386684e-7	0.008824395157342558
3.386627544056285e-5	0.008423288152724506	1.1321333963853525e-7	0.008423288151963682
3.2393828682277515e-5	0.008057059865002023	1.0347490174192757e-7	0.008057059864337572
3.1044085820515946e-5	0.007721350473228697	9.494117209086969e-8	0.007721350472645001
2.9802322387695312e-5	0.007412497724375965	8.742131385034258e-8	0.007412497723860451
2.8656079218937797e-5	0.00712740278685373	8.076083731157241e-8	0.007127402786396178
2.7594742951569732e-5	0.00686342591357616	7.483360036743172e-8	0.006863425913168196
2.6609216417585098e-5	0.006618304462865463	6.953578462953265e-8	0.006618304462500171
2.569165723077182e-5	0.006390087880494271	6.478131779671006e-8	0.006390087880165902
2.4835268656412758e-5	0.006177085685278959	6.049835699277902e-8	0.006177085684982699
2.4034130957818802e-5	0.005977825521943157	5.662654708203959e-8	0.005977825521674952
2.328306436538696e-5	0.005791019079052436	5.311489811193657e-8	0.005791019078808853
2.191347234389361e-5	0.005450372134550852	4.7739435261360385e-8	0.005450372134341779
2.06960572136773e-5	0.005147574535200135	4.250795922946205e-8	0.005147574535024623
1.9606791044536388e-5	0.004876650284320417	3.80917380258668e-8	0.004876650284171649
1.862645149230957e-5	0.004632818391194043	3.432974108537655e-8	0.004632818391066849
1.77394776117234e-5	0.004412208527956812	3.109882651760762e-8	0.004412208527847214
1.6933137720281426e-5	0.004211654061200182	2.8303523141041785e-8	0.004211654061105078
1.6196914341138758e-5	0.0040285390752244086	2.586888991075659e-8	0.004028539075141351
1.5522042910257973e-5	0.0038606836394064494	2.3735437513441585e-8	0.003860683639333487
1.4901161193847656e-5	0.003706256611348747	2.1855456238814205e-8	0.0037062566112843072
1.4328039609468899e-5	0.0035637085623424995	2.0190322708531577e-8	0.0035637085622853048
1.3797371475784866e-5	0.003431719608258698	1.8708501369225568e-8	0.003431719608207702
1.3304608208792549e-5	0.003309158419514079	1.738403687045282e-8	0.003309158419468417
1.284582861538591e-5	0.003195049711721032	1.6195410912406353e-8	0.0031950497116799855
1.2417634328206379e-5	0.0030885482381969973	1.512466263480971e-8	0.0030885482381599644
1.2017065478909401e-5	0.002988917816173316	1.4156703508105515e-8	0.00298891781613979
1.164153218269348e-5	0.0028955142855852265	1.3278785228260603e-8	0.0028955142855547787
1.0956736171946805e-5	0.0027251902249998956	1.1934910231583945e-8	0.0027251902249737616
1.034802860683865e-5	0.002573790981197359	1.062703312804332e-8	0.00257379098117542
9.803395522268194e-6	0.002438328479140457	9.522971196512214e-9	0.0024383284791218607
9.313225746154785e-6	0.002316412210455664	8.582466729345761e-9	0.002316412210439765
8.8697388058617e-6	0.0022061070011863302	7.774733750006307e-9	0.0022061070011726307
8.466568860140713e-6	0.0021058295268062462	7.075904266718881e-9	0.002105829526794358
8.098457170569379e-6	0.0020142718232902157	6.467243092607314e-9	0.0020142718232798334
7.761021455128987e-6	0.0019303439203987955	5.933877479073656e-9	0.001930343920389675
7.450580596923828e-6	0.0018531302429623867	5.463879968614874e-9	0.0018531302429543315
7.164019804734449e-6	0.001781856073398296	5.047594944563534e-9	0.0017818560733911465
6.898685737892433e-6	0.0017158614669953052	4.677137930486036e-9	0.0017158614669889308
6.6523041043962745e-6	0.0016545807567758862	4.34602054870381e-9	0.0016545807567701783
6.422914307692955e-6	0.0015975262987276897	4.048862958930742e-9	0.0015975262987225588
6.2088171641031895e-6	0.0015442754679867027	3.781174776387859e-9	0.0015442754679820736
6.0085327394547004e-6	0.001494460171886029	3.539184243112048e-9	0.0014944601718818382
5.82076609134674e-6	0.001447758329306386	3.319703862969452e-9	0.00144775832930258
5.478368085973403e-6	0.0013625961519300816	2.9837339890424687e-9	0.0013625961519268147
5.174014303419325e-6	0.0012868964189971738	2.6567636694077104e-9	0.0012868964189944314
4.901697761134097e-6	0.001219165073814627	2.3807474327183752e-9	0.0012191650738123025
4.656612873077393e-6	0.001158206858941914	2.1456205988294067e-9	0.0011582068589399267
4.43486940293085e-6	0.0011030541848946536	1.943686803967157e-9	0.001103054184892941
4.2332844300703565e-6	0.0010529153874542722	1.768979072959836e-9	0.0010529153874527862
4.049228585284689e-6	0.0010071364830642406	1.616813318424291e-9	0.0010071364830629428
3.880510727564493e-6	0.0009651724853729656	1.4834715849098954e-9	0.0009651724853718256
3.725290298461914e-6	0.0009265656058029394	1.3659720043975829e-9	0.0009265656058019325
3.5820099023672247e-6	0.0008909284847556704	1.261900543502501e-9	0.0008909284847547767
3.4493428689462165e-6	0.0008579311492139409	1.1692860641171013e-9	0.000857931149213144
3.3261520521981373e-6	0.0008272907651424641	1.0865065338570624e-9	0.0008272907651417506
3.2114571538464777e-6	0.0007987635100804613	1.0122169907368803e-9	0.00079876351007982
3.1044085820515948e-6	0.0007721380712152722	9.452948696583187e-10	0.0007721380712146936
3.0042663697273502e-6	0.0007472304018927112	8.847970708005049e-10	0.0007472304018921874
2.91038304567337e-6	0.0007238794612815261	8.299269420321493e-10	0.0007238794612810503
2.7391840429867014e-6	0.0006812983358224495	7.459342992407798e-10	0.0006812983358220411
2.5870071517096626e-6	0.0006434484415981119	6.641915967206081e-10	0.0006434484415977691
2.4508488805670485e-6	0.0006095827454683199	5.95187423636985e-10	0.0006095827454680293
2.3283064365386963e-6	0.0005791036178994114	5.364056549859532e-10	0.000579103617899163
2.217434701465425e-6	0.0005515272635226439	4.859221356051343e-10	0.0005515272635224299
2.1166422150351783e-6	0.0005264578497398545	4.42245104584286e-10	0.0005264578497396687
2.0246142926423447e-6	0.0005035683843868661	4.0420366556921167e-10	0.0005035683843867039
1.9402553637822466e-6	0.0004825863739798442	3.7086818696773076e-10	0.00048258637397970166
1.862645149230957e-6	0.00046328292398186116	3.414932170476801e-10	0.0004632829239817353
1.7910049511836123e-6	0.00044546435439194007	3.1547538950169737e-10	0.00044546435439182835
1.7246714344731083e-6	0.0004289656785360163	2.923217137379869e-10	0.0004289656785359167
1.6630760260990686e-6	0.0004136454792598326	2.7162677637142955e-10	0.0004136454792597434
1.6057285769232388e-6	0.0003993818452193696	2.5305441595212013e-10	0.00039938184521928945
1.5522042910257974e-6	0.00038606911991309953	2.3632388030267535e-10	0.00038606911991302716
1.5021331848636751e-6	0.00037361527993376626	2.2119939395115059e-10	0.0003736152799337008
1.455191522836685e-6	0.0003619398047978198	2.0748182568714248e-10	0.0003619398047977603
1.3695920214933507e-6	0.00034064923287556545	1.8648368874680287e-10	0.0003406492328755144
1.2935035758548313e-6	0.00032172427882392197	1.6604797628625744e-10	0.0003217242788238791
1.2254244402835243e-6	0.00030479142487440443	1.487969364285474e-10	0.0003047914248743681
1.1641532182693481e-6	0.0002895518560568062	1.3410146704392082e-10	0.00028955185605677514
1.1087173507327124e-6	0.0002757636745301415	1.214805842542149e-10	0.0002757636745301147
1.0583211075175891e-6	0.00026322896387310504	1.1056132412768756e-10	0.0002632289638730818
1.0123071463211724e-6	0.0002517842279071135	1.010509623209679e-10	0.0002517842279070932
9.701276818911233e-7	0.00024129321981325677	9.271708309670329e-11	0.00024129321981323896
9.313225746154785e-7	0.00023164149226102978	8.537333918815532e-11	0.00023164149226101403
8.955024755918062e-7	0.0002227322051994856	7.886886521125335e-11	0.00022273220519947165
8.623357172365541e-7	0.0002144828652502706	7.308046898824626e-11	0.00021448286525025816
8.315380130495343e-7	0.00020682276380206641	6.790670993461065e-11	0.00020682276380205527
8.028642884616194e-7	0.00019969094515446444	6.326361909558805e-11	0.0001996909451544544
7.761021455128987e-7	0.0001930345810329119	5.908099241277915e-11	0.00019303458103290286
7.510665924318376e-7	0.00018680765971373364	5.529986226169309e-11	0.00018680765971372545
7.275957614183425e-7	0.00018096992093817775	5.187047767385767e-11	0.00018096992093817032
6.847960107466753e-7	0.00017032463267886407	4.662093450388478e-11	0.0001703246326788577
6.467517879274156e-7	0.00016086215391817723	4.151200566018367e-11	0.00016086215391817186
6.127122201417621e-7	0.00015239572547226033	3.7199241235816145e-11	0.0001523957254722558
5.820766091346741e-7	0.000144775939805178	3.35253734626487e-11	0.00014477593980517412
5.543586753663562e-7	0.000137881847957276	3.037015633707913e-11	0.00013788184795727267
5.291605537587946e-7	0.00013161449168734492	2.7640333083713993e-11	0.00013161449168734202
5.061535731605862e-7	0.0001258921228819756	2.5262746331204342e-11	0.00012589212288197308
4.850638409455617e-7	0.00012064661811246054	2.317927235441827e-11	0.00012064661811245832
4.6566128730773926e-7	0.00011582075369803801	2.1343336207979686e-11	0.00011582075369803604
4.477512377959031e-7	0.00011136610960062518	1.9717229427641062e-11	0.00011136610960062344
4.3116785861827706e-7	0.00010724143912069574	1.827011045124595e-11	0.00010724143912069418
4.1576900652476716e-7	0.0001034113879440729	1.697668642371472e-11	0.00010341138794407151
4.014321442308097e-7	9.984547821342705e-5	1.581590568083399e-11	9.98454782134258e-5
3.8805107275644935e-7	9.651729578554417e-5	1.4770244947728037e-11	9.651729578554304e-5
3.755332962159188e-7	9.340383479358022e-5	1.382497028102501e-11	9.340383479357919e-5
3.6379788070917124e-7	9.04849651039044e-5	1.2967620085461523e-11	9.048496510390347e-5
3.4239800537333767e-7	8.516232039970297e-5	1.1655238098599059e-11	8.516232039970217e-5
3.233758939637078e-7	8.043108058564157e-5	1.0377999920920076e-11	8.04310805856409e-5
3.0635611007088106e-7	7.619786599489513e-5	9.299812680114688e-12	7.619786599489456e-5
2.9103830456733704e-7	7.238797284678253e-5	8.381343700731268e-12	7.238797284678204e-5
2.771793376831781e-7	6.894092665168911e-5	7.592541347839533e-12	6.894092665168869e-5
2.645802768793973e-7	6.580724828137083e-5	6.9100835362196484e-12	6.580724828137047e-5
2.530767865802931e-7	6.294606367309222e-5	6.315686808686251e-12	6.294606367309191e-5
2.4253192047278083e-7	6.03233111076896e-5	5.794822245584761e-12	6.032331110768932e-5
2.3283064365386963e-7	5.791037874089945e-5	5.3358322414177176e-12	5.7910378740899204e-5
2.2387561889795154e-7	5.5683056550531756e-5	4.9293075073700745e-12	5.568305655053154e-5
2.1558392930913853e-7	5.362072118423919e-5	4.567527746826606e-12	5.3620721184238994e-5
2.0788450326238358e-7	5.170569548279544e-5	4.2441717257792525e-12	5.170569548279527e-5
2.0071607211540486e-7	4.992274051576289e-5	3.9539785175648184e-12	4.992274051576274e-5
1.9402553637822467e-7	4.825864921004425e-5	3.692559351463246e-12	4.8258649210044106e-5
1.877666481079594e-7	4.670191863096804e-5	3.456242663023209e-12	4.670191863096791e-5
1.8189894035458562e-7	4.524248371065618e-5	3.2419051108018057e-12	4.524248371065607e-5
1.7119900268666884e-7	4.258116121491875e-5	2.9138096001414962e-12	4.258116121491865e-5
1.616879469818539e-7	4.021554119945935e-5	2.5945000444177526e-12	4.0215541199459264e-5
1.5317805503544053e-7	3.809893381213911e-5	2.324955187782519e-12	3.809893381213904e-5
1.4551915228366852e-7	3.6193987159439706e-5	2.095335968902129e-12	3.6193987159439645e-5
1.3858966884158905e-7	3.447046399410709e-5	1.8981353709865e-12	3.447046399410704e-5
1.3229013843969864e-7	3.290362475010951e-5	1.7275189407659826e-12	3.290362475010947e-5
1.2653839329014654e-7	3.147303239457225e-5	1.578921731129896e-12	3.147303239457221e-5
1.2126596023639041e-7	3.016165606670939e-5	1.448706574795082e-12	3.0161656066709356e-5
1.1641532182693481e-7	2.8955189843420118e-5	1.3339580830305511e-12	2.8955189843420088e-5
1.1193780944897577e-7	2.7841528712820954e-5	1.2323278923739247e-12	2.7841528712820927e-5
1.0779196465456927e-7	2.6810360998092177e-5	1.1418809636278031e-12	2.6810360998092153e-5
1.0394225163119179e-7	2.5852848119088023e-5	1.0610449310750756e-12	2.5852848119088e-5
1.0035803605770243e-7	2.4961370610142998e-5	9.884926571055716e-13	2.4961370610142978e-5
9.701276818911234e-8	2.4129324934341246e-5	9.231428301329031e-13	2.4129324934341226e-5
9.38833240539797e-8	2.3350959624027443e-5	8.640567010276381e-13	2.3350959624027426e-5
9.094947017729281e-8	2.2621242145004903e-5	8.104792673659912e-13	2.262124214500489e-5
8.559950134333442e-8	2.1290580861225944e-5	7.284514284221134e-13	2.1290580861225934e-5
8.084397349092696e-8	2.01077708263892e-5	6.486245301335032e-13	2.010777082638919e-5
7.658902751772027e-8	1.904946710974219e-5	5.812388058582424e-13	1.9049467109742182e-5
7.275957614183426e-8	1.80969937637321e-5	5.238344903526248e-13	1.8096993763732092e-5
6.929483442079453e-8	1.7235232164119194e-5	4.745338497875788e-13	1.7235232164119188e-5
6.614506921984932e-8	1.645181252741132e-5	4.3188072601450667e-13	1.6451812527411312e-5
6.326919664507327e-8	1.573651633679266e-5	3.9473043676360945e-13	1.5736516336792654e-5
6.063298011819521e-8	1.5080828161570448e-5	3.621756593978022e-13	1.5080828161570443e-5
5.820766091346741e-8	1.4477595039952662e-5	3.3348952392458943e-13	1.4477595039952658e-5
5.5968904724487885e-8	1.3920764465798982e-5	3.080814798301522e-13	1.3920764465798978e-5
5.389598232728463e-8	1.3405180600539638e-5	2.854712331809438e-13	1.3405180600539634e-5
5.1971125815595895e-8	1.2926424153966054e-5	2.6526024343327915e-13	1.292642415396605e-5
5.0179018028851214e-8	1.2480685393137557e-5	2.47124655959262e-13	1.2480685393137554e-5
4.850638409455617e-8	1.2064662549499607e-5	2.307842200128405e-13	1.2064662549499603e-5
4.694166202698985e-8	1.1675479889150515e-5	2.1601566901221357e-13	1.1675479889150511e-5
4.5474735088646405e-8	1.131062114492085e-5	2.0261832793216106e-13	1.1310621144920848e-5
4.279975067166721e-8	1.0645290494054747e-5	1.821128573349033e-13	1.0645290494054745e-5
4.042198674546348e-8	1.0053885469859677e-5	1.6215662488554742e-13	1.0053885469859675e-5
3.829451375886013e-8	9.52473360578932e-6	1.453099478632043e-13	9.524733605789318e-6
3.637978807091713e-8	9.048496927868912e-6	1.3095813027976784e-13	9.04849692786891e-6
3.464741721039726e-8	8.617616123825943e-6	1.1863321644482826e-13	8.617616123825941e-6
3.307253460992466e-8	8.225906301794732e-6	1.0797042883536092e-13	8.22590630179473e-6
3.1634598322536636e-8	7.8682582032729e-6	9.868236265395922e-14	7.868258203272899e-6
3.0316490059097604e-8	7.540414112839296e-6	9.054391462805446e-14	7.5404141128392955e-6
2.9103830456733704e-8	7.238797549537247e-6	8.337337085850986e-14	7.238797549537246e-6
2.7984452362243943e-8	6.960382260246618e-6	7.702012164528096e-14	6.960382260246617e-6
2.6947991163642316e-8	6.702590325642871e-6	7.136706612187425e-14	6.7025903256428704e-6
2.5985562907797947e-8	6.463212100588937e-6	6.631605224971548e-14	6.463212100588937e-6
2.5089509014425607e-8	6.2403427185848275e-6	6.178017159176438e-14	6.2403427185848275e-6
2.4253192047278084e-8	6.032331295332449e-6	5.769680011707942e-14	6.032331295332449e-6
2.3470831013494924e-8	5.837739963858987e-6	5.400292339511783e-14	5.837739963858987e-6
2.2737367544323203e-8	5.655310590565492e-6	5.065557685746619e-14	5.655310590565492e-6
2.1399875335833604e-8	5.3226452628878495e-6	4.5528336955343076e-14	5.3226452628878495e-6
2.021099337273174e-8	5.026942749095877e-6	4.0538543134601425e-14	5.026942749095877e-6
1.9147256879430066e-8	4.762366815624216e-6	3.6327610402548433e-14	4.762366815624216e-6
1.8189894035458565e-8	4.524248475435305e-6	3.2739779919584e-14	4.524248475435305e-6
1.732370860519863e-8	4.3088080723546576e-6	2.965855067750171e-14	4.3088080723546576e-6
1.653626730496233e-8	4.112953160419602e-6	2.6992607397255907e-14	4.112953160419602e-6
1.5817299161268318e-8	3.934129110355625e-6	2.4670590838614983e-14	3.934129110355625e-6
1.5158245029548802e-8	3.770207064433167e-6	2.2635979239132423e-14	3.770207064433167e-6
1.4551915228366852e-8	3.619398782158588e-6	2.084284861219364e-14	3.619398782158588e-6
1.3992226181121971e-8	3.4801911369601243e-6	1.9255030942075594e-14	3.4801911369601243e-6
1.3473995581821158e-8	3.3512951691649344e-6	1.7842262634162555e-14	3.3512951691649344e-6
1.2992781453898974e-8	3.2316060561956803e-6	1.657851735720628e-14	3.2316060561956803e-6
1.2544754507212804e-8	3.1201713647965588e-6	1.5445043020714657e-14	3.1201713647965588e-6
1.2126596023639042e-8	3.016165652811853e-6	1.4424448613569516e-14	3.016165652811853e-6
1.1735415506747462e-8	2.918869986750627e-6	1.3500979838267286e-14	2.918869986750627e-6
1.1368683772161601e-8	2.8276552998087795e-6	1.2663521369040026e-14	2.8276552998087795e-6
1.0699937667916802e-8	2.6613226354089936e-6	1.1381962014280327e-14	2.6613226354089936e-6
1.010549668636587e-8	2.513471378089596e-6	1.0134881161046279e-14	2.513471378089596e-6
9.573628439715033e-9	2.3811834109944797e-6	9.081902950041949e-15	2.3811834109944797e-6
9.094947017729282e-9	2.2621242405927805e-6	8.184760215922679e-15	2.2621242405927805e-6
8.661854302599316e-9	2.154404038787716e-6	7.414637505132089e-15	2.154404038787716e-6
8.268133652481165e-9	2.056476582590359e-6	6.748152148401777e-15	2.056476582590359e-6
7.908649580634159e-9	1.9670645573575888e-6	6.1675861912861024e-15	1.9670645573575888e-6
7.579122514774401e-9	1.8851035342199612e-6	5.6589950828003394e-15	1.8851035342199612e-6
7.275957614183426e-9	1.8096993929269e-6	5.21089766015921e-15	1.8096993929269e-6
6.996113090560986e-9	1.7400955701892817e-6	4.813819807325066e-15	1.7400955701892817e-6
6.736997790910579e-9	1.6756475861682067e-6	4.460317544370103e-15	1.6756475861682067e-6
6.496390726949487e-9	1.6158030295732754e-6	4.144877489164649e-15	1.6158030295732754e-6
6.272377253606402e-9	1.560085683774298e-6	3.861198972411441e-15	1.560085683774298e-6
6.063298011819521e-9	1.508082827692249e-6	3.6059260195593886e-15	1.508082827692249e-6
5.867707753373731e-9	1.4594349945805458e-6	3.375182949610291e-15	1.4594349945805458e-6
5.684341886080801e-9	1.4138276510359641e-6	3.1659423898082814e-15	1.4138276510359641e-6
5.349968833958401e-9	1.330661318695813e-6	2.8456128694227238e-15	1.330661318695813e-6
5.052748343182935e-9	1.2567356899301546e-6	2.533628383093349e-15	1.2567356899301546e-6
4.786814219857517e-9	1.1905917062928327e-6	2.2704755111145877e-15	1.1905917062928327e-6
4.547473508864641e-9	1.131062121015214e-6	2.046251746312238e-15	1.131062121015214e-6
4.330927151299658e-9	1.077202020046463e-6	1.853690385088988e-15	1.077202020046463e-6
4.1340668262405825e-9	1.0282382918903191e-6	1.6870379554002294e-15	1.0282382918903191e-6
3.9543247903170795e-9	9.83532279223747e-7	1.541896469593828e-15	9.83532279223747e-7
3.7895612573872004e-9	9.425517676108255e-7	1.4147486956648991e-15	9.425517676108255e-7
3.637978807091713e-9	9.048496969253102e-7	1.3026626614322889e-15	9.048496969253102e-7
3.498056545280493e-9	8.700477855219292e-7	1.2034238755637198e-15	8.700477855219292e-7
3.3684988954552896e-9	8.378237934805968e-7	1.1151723363806672e-15	8.378237934805968e-7
3.2481953634747434e-9	8.079015151554466e-7	1.036157328499277e-15	8.079015151554466e-7
3.136188626803201e-9	7.800428422311456e-7	9.652376736672338e-16	7.800428422311456e-7
3.0316490059097605e-9	7.540414141677555e-7	9.015745361851294e-16	7.540414141677555e-7
2.9338538766868654e-9	7.297174975915979e-7	8.438267888052668e-16	7.297174975915979e-7
2.8421709430404003e-9	7.069138258008592e-7	7.914546185475531e-16	7.069138258008592e-7
2.6749844169792006e-9	6.65330659595707e-7	7.113572930015632e-16	6.65330659595707e-7
2.5263741715914674e-9	6.28367845186437e-7	6.334377411236288e-16	6.28367845186437e-7
2.3934071099287583e-9	5.952958533453146e-7	5.67618962285093e-16	5.952958533453146e-7
2.2737367544323206e-9	5.655310606873005e-7	5.11547508561124e-16	5.655310606873005e-7
2.165463575649829e-9	5.386010101863705e-7	4.633917577927971e-16	5.386010101863705e-7
2.0670334131202913e-9	5.141191460939528e-7	4.2179044136318553e-16	5.141191460939528e-7
1.9771623951585398e-9	4.917661397481158e-7	3.854896381118338e-16	4.917661397481158e-7
1.8947806286936002e-9	4.7127588393061574e-7	3.5365631837995066e-16	4.7127588393061574e-7
1.8189894035458565e-9	4.524248485781369e-7	3.25696620509717e-16	4.524248485781369e-7
1.7490282726402464e-9	4.3502389286779925e-7	3.008870374823392e-16	4.3502389286779925e-7
1.6842494477276448e-9	4.189118968393969e-7	2.78746681440407e-16	4.189118968393969e-7
1.6240976817373717e-9	4.0395075766993404e-7	2.590393445513758e-16	4.0395075766993404e-7
1.5680943134016004e-9	3.900214212015887e-7	2.4134047728261864e-16	3.900214212015887e-7
1.5158245029548803e-9	3.770207071642605e-7	2.253470998670997e-16	3.770207071642605e-7
1.4669269383434327e-9	3.6485874887112194e-7	2.1094115355142966e-16	3.6485874887112194e-7
1.4210854715202002e-9	3.534569129711572e-7	1.9787916593009644e-16	3.534569129711572e-7
1.3374922084896003e-9	3.326653298598222e-7	1.7788527845741978e-16	3.326653298598222e-7
1.2631870857957337e-9	3.1418392264854196e-7	1.5831340145021483e-16	3.1418392264854196e-7
1.1967035549643792e-9	2.9764792672239016e-7	1.419354490313425e-16	2.9764792672239016e-7
1.1368683772161603e-9	2.8276553038857575e-7	1.278868858177971e-16	2.8276553038857575e-7
1.0827317878249145e-9	2.6930050513397413e-7	1.1584797760905804e-16	2.6930050513397413e-7
1.0335167065601456e-9	2.5705957308416637e-7	1.0543217844022201e-16	2.5705957308416637e-7
9.885811975792699e-10	2.458830699081164e-7	9.637241706930534e-17	2.458830699081164e-7
9.473903143468001e-10	2.356379419966169e-7	8.842954801158545e-17	2.356379419966169e-7
9.094947017729282e-10	2.2621242431793463e-7	8.142413694895335e-17	2.2621242431793463e-7
8.745141363201232e-10	2.1751194646059993e-7	7.520628673717427e-17	2.1751194646059993e-7
8.421247238638224e-10	2.094559484444876e-7	6.971760497569692e-17	2.094559484444876e-7
8.120488408686859e-10	2.0197537885801542e-7	6.474434750276986e-17	2.0197537885801542e-7
7.840471567008002e-10	1.9501071062228997e-7	6.031962351250807e-17	1.9501071062228997e-7
7.579122514774401e-10	1.8851035360223632e-7	5.635228902468846e-17	1.8851035360223632e-7
7.334634691717164e-10	1.8242937445439792e-7	5.2750808335149953e-17	1.8242937445439792e-7
7.105427357601001e-10	1.7672845650325426e-7	4.945427684530039e-17	1.7672845650325426e-7
6.687461042448001e-10	1.6633266494539506e-7	4.446367952389303e-17	1.6633266494539506e-7
6.315935428978668e-10	1.5709196133811012e-7	3.9586029088542874e-17	1.5709196133811012e-7
5.983517774821896e-10	1.488239633736242e-7	3.548386681721884e-17	1.488239633736242e-7
5.684341886080801e-10	1.4138276520551718e-7	3.196405012856791e-17	1.4138276520551718e-7
5.413658939124572e-10	1.3465025257718222e-7	2.8954269800320116e-17	1.3465025257718222e-7
5.167583532800728e-10	1.2852978655138488e-7	2.6365768440058157e-17	1.2852978655138488e-7
4.942905987896349e-10	1.2294153496257287e-7	2.4093094383741628e-17	1.2294153496257287e-7
4.736951571734001e-10	1.1781897100613366e-7	2.210739061153032e-17	1.1781897100613366e-7
4.547473508864641e-10	1.1310621216618182e-7	2.0348327511787905e-17	1.1310621216618182e-7
4.372570681600616e-10	1.0875597323698132e-7	1.8817042242829363e-17	1.0875597323698132e-7
4.210623619319112e-10	1.0472797422843488e-7	1.7421672402671382e-17	1.0472797422843488e-7
4.0602442043434293e-10	1.0098768943476986e-7	1.61783537672693e-17	1.0098768943476986e-7
3.920235783504001e-10	9.750535531652307e-8	1.5087659756838872e-17	9.750535531652307e-8
3.7895612573872006e-10	9.425517680614264e-8	1.4088075142655624e-17	9.425517680614264e-8
3.667317345858582e-10	9.121468723190407e-8	1.317995782569703e-17	9.121468723190407e-8
3.5527136788005004e-10	8.836422825604814e-8	1.2363581727717978e-17	8.836422825604814e-8
3.3437305212240007e-10	8.316633247657159e-8	1.1123567614796892e-17	8.316633247657159e-8
3.157967714489334e-10	7.854598067251278e-8	9.892672720874162e-18	7.854598067251278e-8
2.991758887410948e-10	7.441198168991936e-8	8.870968982885021e-18	7.441198168991936e-8
2.842170943040401e-10	7.069138260556694e-8	7.991006848438761e-18	7.069138260556694e-8
2.706829469562286e-10	6.7325126291143e-8	7.246275814432897e-18	6.7325126291143e-8
2.583791766400364e-10	6.426489327801471e-8	6.583731319628432e-18	6.426489327801471e-8
2.4714529939481747e-10	6.147076748341403e-8	6.019419564374165e-18	6.147076748341403e-8
2.3684757858670003e-10	5.890948550502415e-8	5.530714754279166e-18	5.890948550502415e-8
2.2737367544323206e-10	5.655310608489556e-8	5.087071052236719e-18	5.655310608489556e-8
2.186285340800308e-10	5.4377986620158886e-8	4.704262225697341e-18	5.4377986620158886e-8
2.105311809659556e-10	5.236398711576518e-8	4.351542052514032e-18	5.236398711576518e-8
2.0301221021717146e-10	5.0493844718828573e-8	4.052337400950095e-18	5.0493844718828573e-8
1.9601178917520005e-10	4.875267765960396e-8	3.768040985613958e-18	4.875267765960396e-8
1.8947806286936003e-10	4.7127588404327417e-8	3.52202546083741e-18	4.7127588404327417e-8
1.833658672929291e-10	4.5607343617130384e-8	3.2988694419715148e-18	4.5607343617130384e-8
1.7763568394002502e-10	4.4182114129129314e-8	3.0908869742938546e-18	4.4182114129129314e-8
1.6718652606120003e-10	4.158316623925276e-8	2.7789818801133153e-18	4.158316623925276e-8
1.578983857244667e-10	3.927299033712132e-8	2.4731737428393676e-18	3.927299033712132e-8
1.495879443705474e-10	3.7205990845737e-8	2.219664157940157e-18	3.7205990845737e-8
1.4210854715202004e-10	3.5345691303485025e-8	1.995829955884021e-18	3.5345691303485025e-8
1.353414734781143e-10	3.3662563146207923e-8	1.809645277198579e-18	3.3662563146207923e-8
1.291895883200182e-10	3.213244663959001e-8	1.6497901927940673e-18	3.213244663959001e-8
1.2357264969740873e-10	3.073538374223944e-8	1.5048592444324126e-18	3.073538374223944e-8
1.1842378929335001e-10	2.9454742753000887e-8	1.3826795903841484e-18	2.9454742753000887e-8
1.1368683772161603e-10	2.8276553042897913e-8	1.2679009766729633e-18	2.8276553042897913e-8
1.093142670400154e-10	2.718899331049755e-8	1.1799362143724201e-18	2.718899331049755e-8
1.052655904829778e-10	2.6181993558270052e-8	1.0878892215221805e-18	2.6181993558270052e-8
1.0150610510858573e-10	2.5246922359773644e-8	1.011151072915183e-18	2.5246922359773644e-8
9.800589458760003e-11	2.4376338830138112e-8	9.420109927266122e-19	2.4376338830138112e-8
9.473903143468002e-11	2.356379420247774e-8	8.805044705475285e-19	2.356379420247774e-8
9.168293364646455e-11	2.2803671808858732e-8	8.227737006622941e-19	2.2803671808858732e-8
8.881784197001251e-11	2.2091057064840965e-8	7.727224199266868e-19	2.2091057064840965e-8
8.359326303060002e-11	2.0791583119868898e-8	6.96659711692387e-19	2.0791583119868898e-8
7.894919286223336e-11	1.9636495168776645e-8	6.173369778812126e-19	1.9636495168776645e-8
7.47939721852737e-11	1.8602995423062583e-8	5.549145436959142e-19	1.8602995423062583e-8
7.105427357601002e-11	1.7672845651918427e-8	4.999194492583352e-19	1.7672845651918427e-8
6.767073673905715e-11	1.6831281573263326e-8	4.52411834613306e-19	1.6831281573263326e-8
6.45947941600091e-11	1.6066223319939635e-8	4.105216342552086e-19	1.6066223319939635e-8
6.178632484870437e-11	1.5367691871252825e-8	3.7621528161122816e-19	1.5367691871252825e-8
5.921189464667501e-11	1.472737137662317e-8	3.476029973097368e-19	1.472737137662317e-8
5.6843418860808015e-11	1.4138276521562007e-8	3.1697567703065253e-19	1.4138276521562007e-8
5.46571335200077e-11	1.3594496655352523e-8	2.940170134299795e-19	1.3594496655352523e-8
5.26327952414889e-11	1.3090996779231634e-8	2.710032933118937e-19	1.3090996779231634e-8
5.0753052554292866e-11	1.262346117997718e-8	2.537537783773337e-19	1.262346117997718e-8
4.9002947293800014e-11	1.2188169415152826e-8	2.3453561291697767e-19	1.2188169415152826e-8
4.736951571734001e-11	1.178189710131764e-8	2.2109836198918675e-19	1.178189710131764e-8
4.584146682323227e-11	1.1401835904503538e-8	2.07636866391689e-19	1.1401835904503538e-8
4.4408920985006255e-11	1.1045528532489302e-8	1.9221093984706682e-19	1.1045528532489302e-8
4.179663151530001e-11	1.0395791559994563e-8	1.732084436547641e-19	1.0395791559994563e-8
3.947459643111668e-11	9.818247584442705e-9	1.5529269414245718e-19	9.818247584442705e-9
3.739698609263685e-11	9.301497711579681e-9	1.3824872743402066e-19	9.301497711579681e-9
3.552713678800501e-11	8.836422826003066e-9	1.2497915181261961e-19	8.836422826003066e-9
3.383536836952858e-11	8.415640786671374e-9	1.1262203954287965e-19	8.415640786671374e-9
3.229739708000455e-11	8.033111660006364e-9	1.0311314782024703e-19	8.033111660006364e-9
3.0893162424352184e-11	7.68384593565982e-9	9.453519179604416e-20	7.68384593565982e-9
2.9605947323337503e-11	7.363685688341746e-9	8.593465036808201e-20	7.363685688341746e-9
2.8421709430404007e-11	7.0691382608092676e-9	7.924492051992471e-20	7.0691382608092676e-9
2.732856676000385e-11	6.797248327702587e-9	7.447191784029057e-20	6.797248327702587e-9
2.631639762074445e-11	6.545498389640098e-9	6.775175042261801e-20	6.545498389640098e-9
2.5376526277146433e-11	6.311730590010921e-9	6.295512526036247e-20	6.311730590010921e-9
2.4501473646900007e-11	6.094084707597619e-9	5.911852059697931e-20	6.094084707597619e-9
2.3684757858670004e-11	5.89094855067812e-9	5.430419527483173e-20	5.89094855067812e-9
2.2920733411616136e-11	5.700917952270182e-9	5.2394214780866535e-20	5.700917952270182e-9
2.2204460492503128e-11	5.522764266261856e-9	4.756728924400583e-20	5.522764266261856e-9
2.0898315757650004e-11	5.197895780012632e-9	4.4020160506156385e-20	5.197895780012632e-9
1.973729821555834e-11	4.909123792234688e-9	3.834370427497931e-20	4.909123792234688e-9
1.8698493046318424e-11	4.650748855802001e-9	3.456284058355918e-20	4.650748855802001e-9
1.7763568394002505e-11	4.418211413012494e-9	3.1245413741947873e-20	4.418211413012494e-9
1.691768418476429e-11	4.207820393345743e-9	2.8396227095966855e-20	4.207820393345743e-9
1.6148698540002275e-11	4.016555830012186e-9	2.5536717342965845e-20	4.016555830012186e-9
1.5446581212176092e-11	3.841922967838196e-9	2.3633915574028638e-20	3.841922967838196e-9
1.4802973661668752e-11	3.6818428441784776e-9	2.124219421410052e-20	3.6818428441784776e-9
1.4210854715202004e-11	3.5345691304118286e-9	2.0294402444771514e-20	3.5345691304118286e-9
1.3664283380001925e-11	3.3986241638576804e-9	1.8375842095682186e-20	3.3986241638576804e-9
1.3158198810372225e-11	3.272749194826119e-9	1.693731110842958e-20	3.272749194826119e-9
1.2688263138573216e-11	3.1558652950111715e-9	1.598133496609647e-20	3.1558652950111715e-9
1.2250736823450003e-11	3.047042353803979e-9	1.4537169753379512e-20	3.047042353803979e-9
1.1842378929335002e-11	2.9454742753441455e-9	1.40610997750015e-20	2.9454742753441455e-9
1.1460366705808068e-11	2.8504589761394973e-9	1.2613817322869093e-20	2.8504589761394973e-9
1.1102230246251564e-11	2.761382133135359e-9	1.2134407680863341e-20	2.761382133135359e-9
1.0449157878825002e-11	2.5989478900099927e-9	1.0766207600397413e-20	2.5989478900099927e-9
9.86864910777917e-12	2.454561896120808e-9	9.825810997697388e-21	2.454561896120808e-9
9.349246523159212e-12	2.325374427903977e-9	8.400942874924458e-21	2.325374427903977e-9
8.881784197001252e-12	2.20910570650902e-9	7.931353210791326e-21	2.20910570650902e-9
8.458842092382144e-12	2.103910196675387e-9	7.219181798135967e-21	2.103910196675387e-9
8.074349270001138e-12	2.0082779150083458e-9	6.264063420585965e-21	2.0082779150083458e-9
7.723290606088046e-12	1.920961483921203e-9	6.029248280854844e-21	1.920961483921203e-9
7.401486830834376e-12	1.8409214220911734e-9	5.310809298828821e-21	1.8409214220911734e-9
7.105427357601002e-12	1.7672845652075835e-9	4.8319264607902e-21	1.7672845652075835e-9
6.8321416900009626e-12	1.6993120819304697e-9	4.5940125503525e-21	1.6993120819304697e-9
6.5790994051861124e-12	1.63637459741461e-9	4.355554484990158e-21	1.63637459741461e-9
6.344131569286608e-12	1.5779326475069494e-9	3.8741535365470815e-21	1.5779326475069494e-9
6.125368411725002e-12	1.5235211769033807e-9	3.8768927673887634e-21	1.5235211769033807e-9
5.921189464667501e-12	1.472737137673247e-9	3.394161592375334e-21	1.472737137673247e-9
5.730183352904034e-12	1.425229488070916e-9	3.153339733528819e-21	1.425229488070916e-9
5.551115123125782e-12	1.3806910665687224e-9	2.9122404907401993e-21	1.3806910665687224e-9
5.224578939412501e-12	1.299473945005996e-9	2.8707757570074583e-21	1.299473945005996e-9
4.934324553889585e-12	1.227280948061189e-9	2.2766329893268213e-21	1.227280948061189e-9
4.674623261579606e-12	1.1626872139527806e-9	2.160166389914979e-21	1.1626872139527806e-9
4.440892098500626e-12	1.1045528532551707e-9	1.9229060494075172e-21	1.1045528532551707e-9
4.229421046191072e-12	1.0519550983383057e-9	1.804944446848247e-21	1.0519550983383057e-9
4.037174635000569e-12	1.0041389575047517e-9	1.5659351162173444e-21	1.0041389575047517e-9
3.861645303044023e-12	9.604807419610949e-10	1.4470928238106066e-21	9.604807419610949e-10
3.700743415417188e-12	9.204607110461023e-10	1.4485210566350849e-21	9.204607110461023e-10
3.552713678800501e-12	8.83642282604274e-10	1.3287746938858918e-21	8.83642282604274e-10
3.4160708450004813e-12	8.496560409656258e-10	1.0880631272521765e-21	8.496560409656258e-10
3.2895497025930562e-12	8.181872987076436e-10	9.678278996911728e-22	8.181872987076436e-10
3.172065784643304e-12	7.889663237538642e-10	1.0897034616411955e-21	7.889663237538642e-10
3.062684205862501e-12	7.617605884519725e-10	8.479696717105399e-22	7.617605884519725e-10
2.9605947323337505e-12	7.363685688369658e-10	9.698031371619132e-22	7.363685688369658e-10
2.865091676452017e-12	7.126147440357659e-10	8.489597062297936e-22	7.126147440357659e-10
2.775557561562891e-12	6.903455332846381e-10	7.280046146709328e-22	6.903455332846381e-10
2.6122894697062505e-12	6.497369725032076e-10	6.579136724180358e-22	6.497369725032076e-10
2.4671622769447924e-12	6.136404740308231e-10	5.991532571098563e-22	6.136404740308231e-10
2.337311630789803e-12	5.813436069765643e-10	4.800997797347482e-22	5.813436069765643e-10
2.220446049250313e-12	5.522764266277748e-10	5.408321214113834e-22	5.522764266277748e-10
2.114710523095536e-12	5.259775491692978e-10	4.2117866727576774e-22	5.259775491692978e-10
2.0185873175002844e-12	5.020694787525287e-10	4.21654982553206e-22	5.020694787525287e-10
1.9308226515220115e-12	4.802403709806787e-10	3.6173459168185748e-22	4.802403709806787e-10
1.850371707708594e-12	4.6023035552316387e-10	3.6209325881592063e-22	4.6023035552316387e-10
1.7763568394002505e-12	4.418211413022168e-10	2.4165720763385234e-22	4.418211413022168e-10
1.7080354225002406e-12	4.248280204829268e-10	3.0226180019513717e-22	4.248280204829268e-10
1.6447748512965281e-12	4.090936493539389e-10	3.024215484249519e-22	4.090936493539389e-10
1.586032892321652e-12	3.944831618770049e-10	2.4221840702303487e-22	3.944831618770049e-10
1.5313421029312504e-12	3.8088029422608114e-10	2.423232896056921e-22	3.8088029422608114e-10
1.4802973661668753e-12	3.6818428441853564e-10	1.8184195954193216e-22	3.6818428441853564e-10
1.4325458382260085e-12	3.563073720179599e-10	2.4259187104595075e-22	3.563073720179599e-10
1.3877787807814455e-12	3.451727666423882e-10	1.8205004341116523e-22	3.451727666423882e-10
1.3061447348531253e-12	3.2486848625166826e-10	1.7942037033258272e-22	3.2486848625166826e-10
1.2335811384723962e-12	3.068202370154566e-10	1.1985554937028632e-22	3.068202370154566e-10
1.1686558153949015e-12	2.906718034883417e-10	1.5001365232048408e-22	2.906718034883417e-10
1.1102230246251565e-12	2.761382133139226e-10	1.2019430952974104e-22	2.761382133139226e-10
1.057355261547768e-12	2.6298877458468514e-10	9.029514222002136e-23	2.6298877458468514e-10
1.0092936587501422e-12	2.510347393763026e-10	1.2047147693293159e-22	2.510347393763026e-10
9.654113257610057e-13	2.401201854903723e-10	9.044099948089106e-23	2.401201854903723e-10
9.25185853854297e-13	2.30115177761602e-10	6.035827012985473e-23	2.30115177761602e-10
8.881784197001252e-13	2.2091057065115686e-10	1.2082860381695266e-22	2.2091057065115686e-10
8.540177112501203e-13	2.124140102414838e-10	6.047903015715917e-23	2.124140102414838e-10
8.223874256482641e-13	2.045468246769866e-10	6.050999202096858e-23	2.045468246769866e-10
7.93016446160826e-13	1.9724158093852483e-10	6.053874232307732e-23	1.9724158093852483e-10
7.656710514656252e-13	1.9044014711306032e-10	6.060779605295789e-23	1.9044014711306032e-10
7.401486830834376e-13	1.8409214220929333e-10	6.063136953385976e-23	1.8409214220929333e-10
7.162729191130043e-13	1.7815368600899514e-10	6.065342214502605e-23	1.7815368600899514e-10
6.938893903907227e-13	1.7258638332120737e-10	3.036149310569356e-23	1.7258638332120737e-10
