# z G G´ G´´
1.5999999999999998e6	9.601169204098579e6	1645.935463765005	9.601169063016618e6
1.0666666666666665e6	6.4021320435192725e6	3126.0301761503615	6.402131280330918e6
799999.9999999999	4.802611441355998e6	3634.543990121729	4.802610066071731e6
640000.0	3.8429034040839043e6	3884.4508404046983	3.84290144085967e6
533333.3333333333	3.203100511179943e6	4030.813853767483	3.2030979749706206e6
457142.8571428571	2.746099769614826e6	4126.096002478641	2.746096669822528e6
399999.99999999994	2.4033499434957686e6	4192.677453135572	2.4033462864008774e6
355555.55555555556	2.1367671568193925e6	4241.62235755836	2.1367629468665463e6
320000.0	1.923501160117932e6	4278.995251166266	1.9234964006139108e6
290909.0909090909	1.7490109271299539e6	4308.385005613669	1.7490056206423764e6
266666.6666666666	1.6036024640666272e6	4332.04513960723	1.60359661266338e6
246153.84615384613	1.4805645585718425e6	4351.4591645542805	1.4805581639713363e6
228571.42857142855	1.375103496258554e6	4367.642110021549	1.375096559927665e6
213333.3333333333	1.2837038921552715e6	4381.311125747271	1.2836964153753067e6
199999.99999999997	1.203729211208997e6	4392.98683589333	1.203721195121401e6
188235.29411764705	1.1332690265974025e6	4748.271577008699	1.1332590791880095e6
177777.77777777778	1.0705770639330337e6	4828.029599171432	1.0705661772864228e6
168421.05263157893	1.0144644895284072e6	4826.79627656444	1.01445300657637e6
160000.0	963956.4201233201	4804.124731454453	963944.4487534183
152380.95238095237	918256.089350859	4777.88822109121	918243.6590655444
145454.54545454544	876709.1764469672	4753.124022047258	876696.2916987562
139130.4347826087	838774.3759908442	4730.970599674495	838761.0337491931
133333.3333333333	804000.3454190373	4711.432186398185	803986.5408330442
128000.0	772007.8711215978	4694.225067246845	771993.5992770403
123076.92307692306	742476.049133521	4679.028383200965	742461.3055441421
118518.51851851851	715131.5042146015	4665.551639405177	715116.284913257
114285.71428571428	689739.9085386177	4653.547244991658	689724.210049857
110344.8275862069	666099.251641584	4642.807741631332	666083.070925656
106666.66666666666	644034.4551911849	4633.159719175194	644017.7895869204
103225.80645161291	623393.0296262206	4624.457825186662	623375.8768001702
99999.99999999999	604041.5450000603	4616.57967500033	604023.902902993
94117.64705882352	568735.7592043204	4537.613793994961	568717.6574177834
88888.88888888889	537368.8057747523	4529.659382487155	537349.7144371271
84210.52631578947	509303.28262566274	4523.14478249773	509283.19710604264
80000.0	484044.0025553738	4517.732040631371	484022.91940262064
76190.47619047618	461190.09692695684	4513.178269869688	461168.01355406275
72727.27272727272	440413.5790558263	4509.302579637223	440390.49354749685
69565.21739130435	421443.5005561956	4505.967180794259	421419.41153775254
66666.66666666666	404054.06881768187	4503.065608217801	404028.97535727813
64000.0	388055.61621794844	4500.514575780389	388029.51775199384
61538.46153846153	373287.65334910346	4498.248380759189	373260.54962235887
59259.259259259255	359613.4658686126	4496.214689920241	359585.356886926
57142.85714285714	346915.86916359013	4494.371578762263	346886.75515453337
55172.41379310345	335093.8412824947	4492.685169717263	335063.7226639488
53333.33333333333	324059.8292926895	4491.127985005666	324028.7066459226
51612.903225806454	313737.5769287018	4489.677551553817	313705.45097682974
49999.99999999999	304060.3595774755	4488.315456357734	304027.2311664663
47058.82352941176	286395.95510345616	4419.837506445533	286361.84825503116
44444.444444444445	270710.3857917028	4421.232073846236	270674.27968398057
42105.26315789473	256675.62148804247	4422.428933744902	256637.52022765265
40000.0	244044.04134864727	4423.397437172276	244003.95011739683
38095.23809523809	232615.19439783794	4424.139546752822	232573.11894115104
36363.63636363636	222225.0760323077	4424.667553510887	222181.02244477553
34782.608695652176	212738.20389685323	4424.996211069708	212692.17852518958
33333.33333333333	204041.6756483571	4425.140619954165	203993.6850294219
32000.0	196040.65285951173	4425.114982458522	195990.70368508706
30769.230769230766	188654.88732787425	4424.932681681269	188602.98641181565
29629.629629629628	181816.0191479148	4424.605865734687	181762.17340725168
28571.42857142857	175465.45392929108	4424.145803777875	175409.6703620387
27586.206896551725	169552.67904334774	4423.562621531398	169494.96471727378
26666.666666666664	164033.91676891365	4422.865683909332	163974.27880522294
25806.451612903227	158871.03796499592	4422.063372618502	158809.48353169506
24999.999999999996	154030.6795701043	4421.163450215711	153967.21586940065
23529.41176470588	145186.90965522412	4354.424293733966	145121.59634011867
22222.222222222223	137341.12422260415	4355.770972608283	137272.0352510407
21052.631578947367	130320.71238237956	4356.550335599891	130247.87347601603
20000.0	124001.85577948028	4356.774404186776	123925.29505127696
19047.619047619046	118284.330285559	4356.4960561575635	118204.07663535084
18181.81818181818	113086.13758340197	4355.77370481594	113002.22010635257
17391.304347826088	108339.54058428053	4354.659768580077	108251.98839888752
16666.666666666664	103988.09208477117	4353.200434849966	103896.93422524493
16000.0	99984.37623965158	4351.434598384248	99889.64165001387
15384.615384615383	96288.27206153382	4349.39621395858	96189.98954761331
14814.814814814814	92865.60218278489	4347.113839267093	92763.80042904514
14285.714285714284	89687.07181885152	4344.612733083544	89581.77935071036
13793.103448275862	86727.4266444813	4341.914240137714	86618.67185027241
13333.333333333332	83964.77968500573	4339.037533809618	83852.59078186996
12903.225806451614	81380.06791710042	4335.998877485718	81264.47297513421
12499.999999999998	78956.61130429813	4332.813106586501	78837.63821450647
11764.70588235294	74521.12313985193	4264.617558071936	74398.99751413563
11111.111111111111	70592.10640157352	4261.063013906321	70463.38643723133
10526.315789473683	67075.76218064946	4256.922458830297	66940.54439048543
10000.0	63910.16830779947	4252.160404989358	63768.556083868614
9523.809523809523	61045.21496255184	4246.824750397191	60897.3131538952
9090.90909090909	58439.909830973585	4240.983228727361	58285.82265273414
8695.652173913044	56060.39078725251	4234.697286005118	55900.22141383133
8333.333333333332	53878.44064235769	4228.023616233836	53712.290794124856
8000.0	51870.356432274464	4221.008281523437	51698.32652512562
7692.3076923076915	50016.08245276722	4213.693174113011	49838.27137608649
7407.407407407407	48298.533584574696	4206.111861834402	48115.038911197254
7142.857142857142	46703.06598511811	4198.295583689709	46513.98377479904
6896.551724137931	45217.055061180356	4190.269236141336	45022.48007534085
6666.666666666666	43829.55999515743	4182.056653360428	43629.58550705231
6451.612903225807	42531.051143558536	4173.676691531044	42325.76915131682
6249.999999999999	41313.190526081904	4165.147941434681	41102.691567223505
5882.35294117647	39077.92616231111	4092.7462280817663	38863.012511378496
5555.555555555556	37101.70101888637	4078.384629674861	36876.86262831026
5263.157894736842	35331.9262351596	4063.6108332444787	35097.46541393975
5000.0	33737.61400539489	4048.2979826674195	33493.84842356203
4761.9047619047615	32293.705678021302	4032.4679808032806	32040.952364161425
4545.454545454545	30979.710694165267	4016.1937769447172	30718.27895960658
4347.826086956522	29778.702303086848	3999.5398220480647	29508.893440244785
4166.666666666666	28676.577961844978	3982.574697192771	28398.683462144032
4000.0	27661.48929904782	3965.34854231868	27375.792247518028
3846.1538461538457	26723.412724310598	3947.9136005524406	26430.186640211577
3703.7037037037035	25853.807351997995	3930.3063401863865	25553.317723272572
3571.428571428571	25045.354087014755	3912.56653522946	24737.857313262786
3448.2758620689656	24291.741279026333	3894.720933537026	23977.486173846923
3333.333333333333	23587.500319240145	3876.8004229309336	23266.72709666997
3225.8064516129034	22927.866324980198	3858.8249027503275	22600.808051617863
3124.9999999999995	22308.671369907795	3840.818819686612	21975.552987010018
2941.176470588235	21167.92492094048	3761.2639325352297	20831.0810830447
2777.777777777778	20160.350228137457	3728.485187925639	19812.574782813594
2631.578947368421	19256.474537362497	3695.9369340353405	18898.4618894693
2500.0	18440.76050963893	3663.40459322636	18073.21540180902
2380.9523809523807	17700.65819562016	3630.8694410086246	17324.262975968843
2272.7272727272725	17025.917790893407	3598.413746296666	16641.312902914957
2173.913043478261	16408.066412317337	3566.0905470500006	16015.855943447325
2083.333333333333	15840.049528678299	3533.980659461395	15440.794985023744
2000.0	15315.93331472762	3502.1224602835687	14910.162694429619
1923.0769230769229	14830.701221829573	3470.5753817855384	14418.904440023221
1851.8518518518517	14380.072574591095	3439.3618537273173	13962.710241555267
1785.7142857142856	13960.38196236438	3408.5243666474735	13537.881155375799
1724.1379310344828	13568.463104264352	3378.073996537055	13141.225478839604
1666.6666666666665	13201.575192065931	3348.0409767919427	12769.972951008654
1612.9032258064517	12857.325399616257	3318.428576105322	12421.708747869794
1562.4999999999998	12533.622949197803	3289.258113793475	12094.316239188622
1470.5882352941176	11935.319090368008	3204.3538849101956	11497.128248791692
1388.888888888889	11405.585809862543	3151.6368721292456	10961.504125455283
1315.7894736842104	10928.852379601292	3100.801795497084	10479.73485161523
1250.0	10497.270994023458	3051.570909614628	10043.934154780187
1190.4761904761904	10104.49345798357	3003.799676610571	9647.692757609302
1136.3636363636363	9745.346739074643	2957.5103458194294	9285.737214629962
1086.9565217391305	9415.536482383206	2912.6420252677344	8953.705583931905
1041.6666666666665	9111.493366482831	2869.214453869042	8647.943095625087
1000.0	8830.199517616264	2827.162202216374	8365.379692713866
961.5384615384614	8569.10853107856	2786.4852217625394	8103.401824314424
925.9259259259259	8326.034934027146	2747.112930909203	7859.785510271376
892.8571428571428	8099.111666395907	2709.0322129559836	7632.611234297022
862.0689655172414	7886.715747419611	2672.1720530505654	7420.227880563507
833.3333333333333	7687.446042180583	2636.5121294545256	7221.193145365735
806.4516129032259	7500.07106167218	2601.9840607751044	7034.255104672047
781.2499999999999	7323.518055972295	2568.564068389383	6858.308489907055
735.2941176470588	6996.759587292526	2490.5454553087575	6538.488208860728
694.4444444444445	6705.896579474817	2432.1738518604866	6249.286302365909
657.8947368421052	6443.208319212246	2377.307568610032	5988.601019352964
625.0	6204.622789663985	2325.5794173483205	5752.3060015635065
595.2380952380952	5986.814078001513	2276.6084938600143	5537.056670311542
568.1818181818181	5787.079939062516	2230.249367709945	5340.063855323193
543.4782608695652	5603.154580964744	2186.2375075523255	5159.041269340418
520.8333333333333	5433.161296811823	2144.458537166984	4992.0476018909885
500.0	5275.497340873989	2104.6962886628507	4837.471005190352
480.7692307692307	5128.81572071347	2066.8514828381685	4693.91900706939
462.96296296296293	4991.948880571292	2030.7447746899743	4560.222504034901
446.4285714285714	4863.9037266403175	1996.290867732019	4435.355930862293
431.0344827586207	4743.808599839269	1963.3409888708077	4318.450207346243
416.66666666666663	4630.914495376291	1931.8226788023144	4208.732612218469
403.2258064516129	4524.556868923387	1901.6123335271925	4105.543251885074
390.62499999999994	4424.159649130857	1872.648685482444	4008.288350625307
367.6470588235294	4238.278625722501	1811.5749570046275	3831.6056535622097
347.22222222222223	4071.8870707135006	1761.9078913721821	3670.9596700269267
328.9473684210526	3921.1265513382505	1715.6956927655424	3525.8504961832355
312.5	3783.7942202537074	1672.6119880383774	3394.0341540261006
297.6190476190476	3658.0682726436976	1632.2323235870092	3273.725878744309
284.09090909090907	3542.4716562174194	1594.3580331696132	3163.4044789073855
271.7391304347826	3435.754292049345	1558.6846204090239	3061.847450386102
260.41666666666663	3336.8840155775515	1525.062936269191	2967.9922462558693
250.0	3244.9720085760314	1493.2606763424872	2880.9748157405234
240.38461538461536	3159.27375411023	1463.161572481312	2800.03015452044
231.48148148148147	3079.138927886823	1434.584811028089	2724.5298598465597
223.2142857142857	3004.016218615571	1407.4386501104173	2653.9084173876004
215.51724137931035	2933.41818933916	1381.580314712044	2587.6974528615215
208.33333333333331	2866.927381685147	1356.9366394786316	2525.469375838181
201.61290322580646	2804.1708147531904	1333.3933635642882	2466.867668991648
195.31249999999997	2744.8262389092515	1310.8914948804215	2411.5626822570634
183.8235294117647	2634.945457860179	1266.2970423257773	2310.7205297255177
173.61111111111111	2536.023216692027	1227.8704407789467	2218.9519905266743
164.4736842105263	2446.105005456351	1192.1777082824074	2135.917135469708
156.25	2363.9576395923054	1159.0293744631358	2060.3268262385986
148.8095238095238	2288.5470857839473	1128.0875413747722	1991.19719336012
142.04545454545453	2219.0346909530376	1099.1803250642233	1927.671541690843
135.8695652173913	2154.704688309904	1072.0486773317014	1869.081038172511
130.20833333333331	2094.967341693993	1046.5619053713438	1814.8268074364282
125.0	2039.3109957599315	1022.5246200480459	1764.4355298006676
120.19230769230768	1987.3082724592805	999.837947273887	1717.474380879153
115.74074074074073	1938.583075957242	978.35207855961	1673.598384549272
111.60714285714285	1892.8176010923871	957.9909809963735	1632.4863709491558
107.75862068965517	1849.728737070526	938.6376362761098	1593.8807322100736
104.16666666666666	1809.0748923181977	920.2325699924678	1557.5377950923555
100.80645161290323	1770.6385515953373	902.6828371646174	1523.2611647002857
97.65624999999999	1734.2325338141554	885.9411990819353	1490.8623924120993
91.91176470588235	1666.8512229936084	854.4084994958237	1431.2159570045965
86.80555555555556	1605.8467405682707	825.8508897829079	1377.2124244424017
82.23684210526315	1550.2296524719181	799.3328928284366	1328.2616089632822
78.125	1499.287214746807	774.7829316464573	1283.5784203283254
74.4047619047619	1452.4090736024875	751.9394259040292	1242.609840961335
71.02272727272727	1409.1001836950022	730.6629222569752	1204.8630717754554
67.93478260869566	1368.9335546548198	710.7406739849462	1169.9687053093792
65.10416666666666	1331.5589149530222	692.0678821362064	1137.5812896256582
62.5	1296.6694223180075	674.4867483393588	1107.4381323979746
60.09615384615384	1264.01014636349	657.9206752636845	1079.287744380723
57.87037037037037	1233.3545075665586	642.2503137374312	1052.9377359744115
55.80357142857142	1204.5121935910338	627.4182110664362	1028.2003758663373
53.87931034482759	1177.3119207239658	613.3319937284214	1004.931452462243
52.08333333333333	1151.6084998544372	599.9475982073942	982.9878007087201
50.403225806451616	1127.2698227552169	587.1921883978205	962.2591060515647
48.82812499999999	1104.1830377157094	575.0313669597554	942.6341325198695
45.955882352941174	1061.490166577594	553.1199497863148	905.9910015498568
43.40277777777778	1022.6184614326637	532.2966866726432	873.160211542094
41.118421052631575	987.0814761767374	512.9357435545425	843.3426134112965
39.0625	954.4540109886508	495.03515238451604	816.0408427253886
37.20238095238095	924.3612190453579	478.3911838667236	790.9396553932637
35.51136363636363	896.5002629760633	462.8979003617706	767.7488230904785
33.96739130434783	870.606690561582	448.38936014583	746.259332510223
32.55208333333333	846.465555422755	434.79071072237133	726.2650854795983
31.25	823.8862347855735	421.98227119894983	707.6153550220099
30.04807692307692	802.7119322157137	409.91155789216566	690.1586490278175
28.935185185185183	782.8014358471333	398.4891236180785	673.7837236995483
27.90178571428571	764.0374082326944	387.6764148067502	658.3769122482329
26.939655172413794	746.3127547647256	377.4045337037697	643.8544446257661
26.041666666666664	729.5377506273009	367.644286880434	630.1293580801636
25.201612903225808	713.6295376572104	358.3414439540948	617.1373644187639
24.414062499999996	698.5182231720023	349.4734136271753	604.8107483098663
22.977941176470587	670.621500031802	334.18717096544293	581.4225065019568
21.70138888888889	645.0568223934911	318.9283088141016	560.6987051468595
20.559210526315788	621.628257830036	304.7641244728614	541.7937978300378
19.53125	600.0746681508799	291.7065042769511	524.4014900044714
18.601190476190474	580.157430085828	279.5918887819478	508.34143979330986
17.755681818181817	561.6861291205076	268.3425971298368	493.440531586121
16.983695652173914	544.4915378136614	257.831635205577	479.5767744979985
16.276041666666664	528.4383863635047	248.0078962645795	466.62534390330995
15.625	513.4042056352947	238.78029034522342	454.49736116578146
15.02403846153846	499.2900631837859	230.11346950982212	443.10084444088017
14.467592592592592	486.00475586956577	221.93867650510933	432.37003434442204
13.950892857142856	473.47401205270097	214.22994521722384	422.2359182512858
13.469827586206897	461.62828185553195	206.9337138875458	412.64889272309676
13.020833333333332	450.4105905281236	200.0303023348758	403.55616487387624
12.600806451612904	439.7668312367271	193.47709269110163	394.9195873336633
12.207031249999998	429.6524837688333	187.2588455704438	386.69804959988124
11.488970588235293	411.05501281216186	177.01853027452182	370.9860691420296
10.850694444444445	393.9227104959256	166.4259359097399	357.0399273204945
10.279605263157894	378.2243645885187	156.71053822834168	344.23172017780723
9.765625	363.79149299828936	147.8612682842191	332.38726768531103
9.300595238095237	350.4635120750214	139.7366824299905	321.400580085691
8.877840909090908	338.11626415883546	132.28008888766155	311.1664926893636
8.491847826086957	326.6354625249272	125.38819476877825	301.6098904072943
8.138020833333332	315.93272272039303	119.02509898129965	292.654251802383
7.8125	305.9246455842407	113.11545425778655	284.24423087179423
7.51201923076923	296.54625820782064	107.6342524639259	276.3232725515375
7.233796296296296	287.73490780048854	102.52385667964617	268.8498390895688
6.975446428571428	279.44157106865094	97.76588589850273	261.78125065748475
6.734913793103448	271.61807907706867	93.3150961719999	255.08562034722212
6.510416666666666	264.2266507840244	89.15762242719619	248.73005718584216
6.300403225806452	257.22953169221034	85.25731161298273	242.68956053180494
6.103515624999999	250.59707494592476	81.6035160589299	236.93830449776036
5.744485294117647	238.48174120512968	75.84936161000546	226.09824243364892
5.425347222222222	227.33847721399923	69.841448453541	216.3445291656145
5.139802631578947	217.18403054234872	64.46582311831911	207.39590346074212
4.8828125	207.90189221883332	59.69285797744242	199.14808433589383
4.650297619047619	199.3768907659203	55.4041979759277	191.5242006069466
4.438920454545454	191.5244378929832	51.5617896893718	184.45322484102078
4.2459239130434785	184.26267518610402	48.082991639168085	177.87849611959103
4.069010416666666	177.53131762972149	44.94432595918635	171.74800232730357
3.90625	171.27043678924792	42.085912587376626	166.01909070847083
3.756009615384615	165.4356728495182	39.4919533176213	160.65287882366638
3.616898148148148	159.9819860416339	37.11759149499926	155.6165809270847
3.487723214285714	154.87593563219338	34.95182254543335	150.880500856472
3.367456896551724	150.08296289298033	32.96038036791195	146.41895053830387
3.255208333333333	145.57735500700483	31.13547263955886	142.20882052231076
3.150201612903226	141.3321331087518	29.45053807711045	138.22965548694174
3.0517578124999996	137.32718857671154	27.899993300394883	134.46318119181032
2.8722426470588234	130.04620401995723	25.540215392570403	127.51357801309416
2.712673611111111	123.41556054290787	23.104856170162257	121.23351931490018
2.5699013157894735	117.42188343747131	20.981968215982718	115.53205494487922
2.44140625	111.98498549501736	19.150841119316457	110.33531737726568
2.3251488095238093	107.02572947180724	17.5390709640479	105.57882249149476
2.219460227272727	102.48796122215123	16.129778123567956	101.21073289507216
2.1229619565217392	98.31668821164547	14.875919654296192	97.18476318510444
2.034505208333333	94.47230323334297	13.767864064333194	93.46369347141567
1.953125	90.91536398996382	12.773581343283094	90.01354914174944
1.8780048076923075	87.61702852032954	11.886990742328155	86.80693024075927
1.808449074074074	84.54828323242475	11.085638293797507	83.81837997223167
1.743861607142857	81.68759632395904	10.365462544720405	81.02728293247951
1.683728448275862	79.01317342758631	9.710398875890512	78.41421891958713
1.6276041666666665	76.50860023802684	9.117611929413336	75.96337975029034
1.575100806451613	74.15720695952753	8.575416980183869	73.65971468621211
1.5258789062499998	71.94625154224906	8.081751047078642	71.49089739955443
1.4361213235294117	67.92557306850671	7.332475995435404	67.52864779085546
1.3563368055555556	64.3034303088664	6.5779771956903454	63.96609543735037
1.2849506578947367	61.0465701242857	5.929849628947991	60.757885145200675
1.220703125	58.10462876110276	5.377283932635464	57.85527375247126
1.1625744047619047	55.43239975464796	4.896141075638748	55.21574725679748
1.1097301136363635	52.99559525113186	4.478969815357073	52.80598399248811
1.0614809782608696	50.76349404981334	4.111400937963909	50.59672628216912
1.0172526041666665	48.71206224219752	3.7885360424200822	48.56451381969153
0.9765625	46.819672683259945	3.501334462448882	46.688568270505634
0.9390024038461537	45.068956627828385	3.2463421164630897	44.95188666100628
0.904224537037037	43.44424944169723	3.017662870241491	43.3393184112761
0.8719308035714285	41.932685931699524	2.812779654318433	41.83824112056819
0.841864224137931	40.52264306037489	2.6277322004545636	40.43735431604352
0.8138020833333333	39.204390553720266	2.4606471849311684	39.12709360685919
0.7875504032258065	37.969122552782245	2.3087939981552985	37.898861957877834
0.7629394531249999	36.80934584973643	2.1707558578972086	36.74528215827052
0.7180606617647058	34.69759140537798	1.9592571256275202	34.64223088731783
0.6781684027777778	32.80785938282801	1.7512906600826472	32.761083900068435
0.6424753289473684	31.113253438286414	1.5745087309393426	31.07338832137939
0.6103515625	29.585178926599646	1.4234765772819482	29.550914140730832
0.5812872023809523	28.200137120207916	1.2930647592885567	28.1704759833201
0.5548650568181818	26.939006101869403	1.1799034625946976	26.913154359448725
0.5307404891304348	25.785824741696437	1.0809170554336551	25.763159276935674
0.5086263020833333	24.727332698178977	0.9939427149170362	24.707348304621735
0.48828125	23.75230516541235	0.9170322095941389	23.73459611195103
0.46950120192307687	22.851260593932682	0.8487471642344565	22.835492965623157
0.4521122685185185	22.016074594083783	0.7878017242485484	22.001975115328452
0.43596540178571425	21.239789954655727	0.7332112995373182	21.22713071774245
0.4209321120689655	20.516381362563443	0.6840980987209808	20.504972909161985
0.40690104166666663	19.840629367171683	0.6397708859947085	19.830311820516314
0.39377520161290325	19.20797101202176	0.5996132021127647	19.19860969983296
0.38146972656249994	18.614414507639427	0.5631287628405363	18.60589458904567
0.3590303308823529	17.532952655906936	0.5072016822733741	17.52561483337384
0.3390842013888889	16.56836304329259	0.4525523857983788	16.562181325913922
0.3212376644736842	15.704381257574278	0.4062793376413147	15.699125064252975
0.30517578125	14.926050690378755	0.3667698199149677	14.921543791141573
0.29064360119047616	14.221231887319398	0.3327548434191425	14.217338379847725
0.2774325284090909	13.579981494936188	0.303268296518979	13.576594777157334
0.2653702445652174	12.994068314815307	0.2775341001549269	12.991104117562076
0.25431315104166663	12.456626440848979	0.2549457370558986	12.454017221684532
0.244140625	11.961878554129202	0.2350068206019505	11.959569822447909
0.23475060096153844	11.50493213618778	0.21732111656344122	11.502879421717934
0.22605613425925924	11.081613419064078	0.20155917181148986	11.079780226603763
0.21798270089285712	10.688342349357438	0.1874533137292337	10.686698434607369
0.21046605603448276	10.32202882772642	0.1747779361054414	10.320549006398156
0.20345052083333331	9.97999311707093	0.1633469691723568	9.978656241420751
0.19688760080645162	9.659898730566209	0.15300172206281343	9.658686968622622
0.19073486328124997	9.359700139299106	0.14360961318001275	9.358598344655997
0.17951516544117646	8.812526953719534	0.12922196598447805	8.811579483471757
0.16954210069444445	8.325304763515147	0.11518856408183287	8.324507853327592
0.1606188322368421	7.889137986130458	0.10332246126296891	7.888461360316415
0.152587890625	7.496401108400174	0.09320095897981306	7.495821713412653
0.14532180059523808	7.1409144593356	0.08449690643314725	7.140414524966424
0.13871626420454544	6.8176183036619475	0.07695826805959421	6.817183931756842
0.1326851222826087	6.5223291993401205	0.07038521715448084	6.521949409936484
0.12715657552083331	6.251558871916817	0.06462013389280996	6.2512248853594725
0.1220703125	6.002375004321241	0.05953540297226582	6.00207974191391
0.11737530048076922	5.772295169396527	0.055028375893179826	5.772032865506315
0.11302806712962962	5.559203366564403	0.051014468299628704	5.5589692924898495
0.10899135044642856	5.36128511549492	0.04742451556040933	5.361075359006925
0.10523302801724138	5.176975348300185	0.0442006643877865	5.176786653724055
0.10172526041666666	5.0049171830733945	0.04129494077016569	5.004746820498527
0.09844380040322581	4.843928248499148	0.03866669393187824	4.843773917452012
0.09536743164062499	4.692973647532492	0.03628180533618332	4.692833396471259
0.08975758272058823	4.4177685162378095	0.03263030674663925	4.41764800840262
0.08477105034722222	4.1729271768334755	0.029072358227404626	4.172825903526589
0.08030941611842105	3.9538010711922085	0.026066410339824826	3.953715145633617
0.0762939453125	3.756541044099643	0.02350424840033344	3.756467511680671
0.07266090029761904	3.5780295062543184	0.021302389969235617	3.577966092042813
0.06935813210227272	3.4157147681073132	0.019396466528549986	3.4156596953081557
0.06634256114130435	3.267488022228531	0.017735575939464003	3.2674398884681897
0.06357828776041666	3.1315913975495793	0.016279537271889934	3.131549082781993
0.06103515625	3.0065477568663095	0.014995899530370534	3.006510358757327
0.05868765024038461	2.8911068963003537	0.013858535805974024	2.8910736806281467
0.05651403356481481	2.7842035043890117	0.012845973799618474	2.784173869356796
0.05449567522321428	2.684924257589685	0.011940632385162662	2.6848977057407164
0.05261651400862069	2.5924816026950794	0.011127848863553063	2.592457720251599
0.05086263020833333	2.5061928639728412	0.010395441974420015	2.506171304243696
0.049221900201612906	2.4254633184789545	0.009733124601623818	2.425443789406885
0.04768371582031249	2.349772496645802	0.009132241563314283	2.349754750640389
0.044878791360294115	2.211764685934603	0.008212365479529702	2.211749439471077
0.04238552517361111	2.0890369922753576	0.007316342565209247	2.0890241803833534
0.04015470805921052	1.9792136042869877	0.0065595073502539274	1.9792027345014482
0.03814697265625	1.8803608906304015	0.0059144801794648715	1.880351588915372
0.03633045014880952	1.790913155363705	0.005360237652869068	1.790905133698345
0.03467906605113636	1.7095891214987309	0.004880506233349855	1.7095821550910353
0.033171280570652176	1.635330138056473	0.004462482495548396	1.6353240494427335
0.03178914388020833	1.567253849994296	0.004096016240303027	1.5672484975181513
0.030517578125	1.504618958942325	0.003772951428644858	1.504614228447346
0.029343825120192304	1.4467981243138164	0.003486692821987935	1.4467939229521052
0.028257016782407406	1.3932568711315798	0.00323184603616253	1.393253122776532
0.02724783761160714	1.343537022737129	0.003003975917901379	1.3435336644811076
0.026308257004310345	1.2972435522045132	0.0027993994328659936	1.2972405317052804
0.025431315104166664	1.254034067112133	0.0026150454305695647	1.2540313405235108
0.024610950100806453	1.2136103236605982	0.0024483298666620737	1.2136078540354154
0.023841857910156247	1.1757113347529657	0.002297071726547464	1.1757090907737693
0.022439395680147058	1.1066056216975906	0.002065502324888594	1.1066036940444655
0.021192762586805556	1.0451646880388428	0.0018399287177630137	1.0451630685140214
0.02007735402960526	0.9901875989798204	0.0016493883499650646	0.990186225258407
0.019073486328125	0.9407052844244125	0.001486991423203914	0.9407041091653221
0.01816522507440476	0.8959331651447874	0.0013474487398195724	0.8959321518888863
0.01733953302556818	0.8552292492838326	0.0012266664737101147	0.855228369571514
0.016585640285326088	0.8180631436220009	0.0011214213707557092	0.8180623749854407
0.015894571940104164	0.7839928179134247	0.0010291606751185944	0.783992142414793
0.0152587890625	0.7526469355863447	0.0009478297533728649	0.7526463387715866
0.014671912560096152	0.7237112674948158	0.0008757701532442302	0.7237107376055655
0.014128508391203703	0.6969181174762327	0.0008116220813963963	0.6969176448736343
0.01362391880580357	0.6720380185885558	0.0007542703317219343	0.6720375953060206
0.013154128502155173	0.6488731418571769	0.0007027859595624466	0.6488727612679539
0.012715657552083332	0.6272520271944724	0.0006563967378805676	0.6272516837465625
0.012305475050403226	0.6070253299205538	0.0006144505788518179	0.6070250189371468
0.011920928955078123	0.5880623680184116	0.0005763990635417586	0.5880620855348024
0.011219697840073529	0.5534839124539294	0.0005181506047654692	0.5534836699174238
0.010596381293402778	0.5227440828304917	0.0004614314571828388	0.5227438791753589
0.01003867701480263	0.49523911886868116	0.00041353503775063685	0.4952389462134418
0.0095367431640625	0.4704839184637858	0.0003727272231163437	0.47048377082260273
0.00908261253720238	0.4480857549160475	0.00033767213140217106	0.4480856276831649
0.00866976651278409	0.4277232916731577	0.000307340081536953	0.42772318125371156
0.008292820142663044	0.4091310627403251	0.0002809171149043424	0.40913096629881535
0.007947285970052082	0.39208783818376153	0.00025776122738559783	0.3920877534567552
0.00762939453125	0.3764077764629288	0.00023735377315400573	0.376407701628105
0.007335956280048076	0.36193362214951036	0.0002192777118600741	0.3619335557247347
0.007064254195601851	0.3485314116993559	0.00020319000915815252	0.34853135247057204
0.006811959402901785	0.3360863161932782	0.00018881026880925893	0.3360862631573189
0.006577064251077586	0.3244993418342262	0.00017590433456801847	0.32449929415718465
0.006357828776041666	0.3136846920563641	0.00016427807123522848	0.31368464903978216
0.006152737525201613	0.30356763860666547	0.00015376726075733165	0.30356759966250774
0.005960464477539062	0.2940827929740853	0.0001442340495278172	0.29408275760400787
0.005609848920036764	0.27678716498434724	0.00012964174799460433	0.27678713462350346
0.005298190646701389	0.2614124170140081	0.00011543831706554483	0.2614123915255369
0.005019338507401315	0.24765583771754665	0.00010344725384863544	0.24765581611229218
0.00476837158203125	0.23527473347182673	9.323259644639849e-5	0.23527471499913044
0.00454130626860119	0.22407263201720726	8.44594544928246e-5	0.22407261609960133
0.004334883256392045	0.21388877947636123	7.686915359137295e-5	0.2138887656634184
0.004146410071331522	0.20459037585346634	7.025793699739359e-5	0.20459036378990317
0.003973642985026041	0.19606675225434408	6.446454675049519e-5	0.1960667416567342
0.003814697265625	0.18822494487374342	5.9359298285773874e-5	0.18822493551386185
0.003667978140024038	0.18098629067291175	5.483745606431588e-5	0.18098628236524755
0.0035321270978009257	0.1742837792188725	5.0813319507523055e-5	0.17428377181143187
0.0034059797014508925	0.16805997213879623	4.7216482234791734e-5	0.16805996550605612
0.003288532125538793	0.16226535284986346	4.398847964287568e-5	0.1622653468874496
0.003178914388020833	0.15685700641877534	4.108057507631022e-5	0.15685700103930994
0.0030763687626008066	0.15179755483728855	3.8451781591300715e-5	0.15179754996718528
0.002980232238769531	0.14705429197068054	3.606749981362118e-5	0.14705428754760475
0.002804924460018382	0.13840487938913115	3.2417727382034506e-5	0.1384048755926282
0.0026490953233506945	0.13071629853876168	2.8865625601375607e-5	0.1307162953516138
0.0025096692537006577	0.12383698557769734	2.5867011072311357e-5	0.12383698287615279
0.002384185791015625	0.11764555817454857	2.331257994883757e-5	0.11764555586474446
0.002270653134300595	0.1120437530471625	2.1118725716882537e-5	0.112043751056866
0.0021674416281960225	0.10695117193510068	1.9220637016122616e-5	0.10695117020799062
0.002073205035665761	0.1023013981048946	1.7567433574581257e-5	0.10230139659653435
0.0019868214925130205	0.0980390836861409	1.6118727632603608e-5	0.09803908236109085
0.0019073486328125	0.09411773600922461	1.4842126506749669e-5	0.0941177348389419
0.001833989070012019	0.0904980147658688	1.3711407827002481e-5	0.09049801372715703
0.0017660635489004629	0.08714640755992145	1.27051596301886e-5	0.08714640663377264
0.0017029898507254463	0.08403418925663629	1.1805759616987035e-5	0.08403418842735501
0.0016442660627693966	0.08113659662928518	1.0998597383451783e-5	0.0811365958838192
0.0015894571940104165	0.07843216806968645	1.0271477333310611e-5	0.07843216739711006
0.0015381843813004033	0.07590221109134594	9.614154959527275e-6	0.07590221048245738
0.0014901161193847654	0.07353036967181197	9.01797390840068e-6	0.07353036911881697
0.001402462230009191	0.06920526378437704	8.105364079528039e-6	0.06920526330972436
0.0013245476616753472	0.06536067168040743	7.21718954334583e-6	0.06536067128194285
0.0012548346268503288	0.061920759380933534	6.46741858920785e-6	0.06192075904318329
0.0011920928955078125	0.058824826877215734	5.8287147792295605e-6	0.05882482658844382
0.0011353265671502975	0.05602373571958111	5.280173209730627e-6	0.05602373547075595
0.0010837208140980113	0.05347728146388127	4.805586314995252e-6	0.05347728124796098
0.0010366025178328805	0.05115225154880646	4.392231735284243e-6	0.0511522513602351
0.0009934107462565103	0.04902096869160792	4.030010075229509e-6	0.04902096852595451
0.00095367431640625	0.04706018386028194	3.7108216599419625e-6	0.04706018371397783
0.0009169945350060095	0.04525022470765757	3.4281095110049235e-6	0.04525022457780258
0.0008830317744502314	0.043574333237984285	3.176519668389196e-6	0.043574333122201936
0.0008514949253627231	0.042018145398950074	2.9516457236841885e-6	0.04201814529527805
0.0008221330313846983	0.040569278341965886	2.749834436559018e-6	0.04056927824877234
0.0007947285970052083	0.039217000228669356	2.5680363936764236e-6	0.039217000144588336
0.0007690921906502017	0.037951963944512	2.4036900295844664e-6	0.03795196386839307
0.0007450580596923827	0.03676599074008113	2.2546309262156403e-6	0.036765990670949836
0.0007012311150045955	0.03460333789690442	2.0264579374361802e-6	0.0346033378375672
0.0006622738308376736	0.032680966428464284	1.8043956424639963e-6	0.03268096637865175
0.0006274173134251644	0.03096094632626697	1.6169380116612611e-6	0.03096094628404461
0.0005960464477539062	0.02941292537583403	1.4572500319143476e-6	0.029412925339734636
0.0005676632835751488	0.02801233265003883	1.3201048183415431e-6	0.028012332618933305
0.0005418604070490056	0.026739064598543003	1.201449998293259e-6	0.026739064571550994
0.0005183012589164402	0.02557651389203263	1.0981046165488989e-6	0.025576513868459563
0.0004967053731282551	0.024510841052334937	1.0075435510100575e-6	0.024510841031626873
0.000476837158203125	0.02353042088916316	9.27741675340258e-7	0.023530420870873973
0.00045849726750300476	0.022625416680712402	8.570595760162342e-7	0.02262541666447953
0.0004415158872251157	0.02178744897970495	7.941586406785046e-7	0.0217874489652313
0.00042574746268136157	0.02100933538876894	7.379371597020466e-7	0.021009335375809197
0.00041106651569234915	0.020284884174817372	6.874817472345715e-7	0.020284884163167538
0.00039736429850260413	0.019608729160110215	6.420299818085735e-7	0.019608729149599526
0.00038454609532510083	0.018976196569558592	6.009414193519079e-7	0.018976196560043235
0.00037252902984619135	0.018383196843914613	5.636749135349146e-7	0.01838319683527277
0.0003506155575022978	0.017301845447374523	5.066290995590502e-7	0.01730184543995702
0.0003311369154188368	0.01634064085944202	4.5111119329949794e-7	0.016340640853215176
0.0003137086567125822	0.015480614820540523	4.042449232182501e-7	0.015480614815262505
0.0002980232238769531	0.014706590670927104	3.643214248728271e-7	0.014706590666414499
0.0002838316417875744	0.014006282521482416	3.300338944812542e-7	0.014006282517594077
0.0002709302035245028	0.01336963826498221	3.003691769725925e-7	0.013369638261608086
0.0002591506294582201	0.012788353974614163	2.745319897353045e-7	0.012788353971667426
0.00024835268656412757	0.012255509702098153	2.5189101678144416e-7	0.01225550969950956
0.0002384185791015625	0.01176529268372434	2.3193995168336655e-7	0.011765292681438116
0.00022924863375150238	0.011312784421539207	2.142689185394534e-7	0.011312784419510035
0.00022075794361255786	0.010893795079555938	1.985432506200907e-7	0.010893795077746678
0.00021287373134068078	0.010504733366287216	1.844875063813571e-7	0.010504733364667203
0.00020553325784617457	0.010142503337992435	1.7187332927457864e-7	0.010142503336536164
0.00019868214925130207	0.009804421841163648	1.6051010592844103e-7	0.009804421839849777
0.00019227304766255041	0.00948815193380374	1.5023771843130903e-7	0.00948815193261429
0.00018626451492309568	0.00919164879015446	1.4092087633602424e-7	0.009191648789074202
0.0001753077787511489	0.008650966848135619	1.2665910178912582e-7	0.008650966847208409
0.0001655684577094184	0.008170359840791497	1.127793338849523e-7	0.008170359840013124
0.0001568543283562911	0.007740342824429143	1.0106253336792891e-7	0.007740342823769376
0.00014901161193847656	0.007353327331054026	9.108147085605094e-8	0.007353327330489938
0.0001419158208937872	0.007003170309719496	8.250943485820417e-8	0.007003170309233445
0.0001354651017622514	0.006684845623801313	7.509312901817577e-8	0.006684845623379539
0.00012957531472911006	0.006394201244355286	6.863372680842716e-8	0.006394201243986938
0.00012417634328206378	0.006127777144943974	6.297339530023671e-8	0.006127777144620395
0.00011920928955078125	0.005882666901571227	5.798555457885396e-8	0.0058826669012854455
0.00011462431687575119	0.005656411230998175	5.3567732802458355e-8	0.005656411230744524
0.00011037897180627893	0.005446915187144502	4.9636261512299684e-8	0.005446915186918341
0.00010643686567034039	0.0052523831010666605	4.612227867725599e-8	0.005252383100864156
0.00010276662892308729	0.005071266981595258	4.296869382705429e-8	0.005071266981413221
9.934107462565103e-5	0.004902225235817002	4.012785266658941e-8	0.004902225235652766
9.613652383127521e-5	0.004744089379120379	3.755972503221496e-8	0.004744089378971696
9.313225746154784e-5	0.004595836987092625	3.523048777968461e-8	0.004595836986957591
8.765388937557444e-5	0.004325494455144583	3.166500367367941e-8	0.00432549445502868
8.27842288547092e-5	0.004085189773134315	2.819502531681279e-8	0.004085189773037017
7.842716417814555e-5	0.0038701802657302147	2.526579629915418e-8	0.003870180265647743
7.450580596923828e-5	0.0036766716644043604	2.27705070062978e-8	0.0036766716643338486
7.09579104468936e-5	0.0035015924170871417	2.0627478893784478e-8	0.0035015924170263848
6.77325508811257e-5	0.0033424294347135257	1.8773386664232956e-8	0.0033424294346608035
6.478765736455503e-5	0.0031971066864270392	1.7158522848999935e-8	0.003197106686380995
6.208817164103189e-5	0.003063894145934748	1.5743428987577364e-8	0.0030638941458943003
5.9604644775390625e-5	0.0029413385907032723	1.4496459413859473e-8	0.002941338590667549
5.7312158437875595e-5	0.002828210370547819	1.3391996108888407e-8	0.0028282103705161124
5.5189485903139464e-5	0.0027234620054064685	1.2409121523029507e-8	0.002723462005378198
5.3218432835170196e-5	0.002626195655007509	1.1530619929697895e-8	0.002626195654982196
5.138331446154364e-5	0.002535637318941521	1.0742218607519553e-8	0.0025356373189187663
4.9670537312825516e-5	0.002451116196712093	1.0032004040324156e-8	0.0024511161966915634
4.8068261915637603e-5	0.0023720480426100807	9.38996804711574e-9	0.0023720480425914953
4.656612873077392e-5	0.0022979216415459193	8.80765562040428e-9	0.00229792164152904
4.382694468778722e-5	0.0021627499853370817	7.916279427981754e-9	0.0021627499853225938
4.13921144273546e-5	0.002042597349748178	7.048780309948478e-9	0.002042597349736016
3.9213582089072776e-5	0.0019350923462409847	6.316469432342657e-9	0.0019350923462306757
3.725290298461914e-5	0.0018383378319189883	5.692644169327704e-9	0.0018383378319101744
3.54789552234468e-5	0.0017507980240982575	5.1568847087657354e-9	0.0017507980240906629
3.386627544056285e-5	0.0016712163730581476	4.6933597612361956e-9	0.0016712163730515574
3.2393828682277515e-5	0.0015985548592742894	4.289642105693861e-9	0.0015985548592685338
3.1044085820515946e-5	0.0015319484663316794	3.935867229785098e-9	0.0015319484663266234
2.9802322387695312e-5	0.0014706705803298786	3.624123775076963e-9	0.0014706705803254133
2.8656079218937797e-5	0.0014141063740350272	3.348006847144366e-9	0.0014141063740310638
2.7594742951569732e-5	0.0013617321056608362	3.102287323506357e-9	0.0013617321056573024
2.6609216417585098e-5	0.0013130988536215026	2.8826613655938133e-9	0.0013130988536183385
2.569165723077182e-5	0.0012678196165059675	2.6855601572498874e-9	0.0012678196165031232
2.4835268656412758e-5	0.0012255589930563007	2.5080061951752845e-9	0.0012255589930537346
2.4034130957818802e-5	0.0011860248595669497	2.347496648296061e-9	0.0011860248595646264
2.328306436538696e-5	0.0011489616077723257	2.201918139724606e-9	0.0011489616077702157
2.191347234389361e-5	0.0010813756821091837	1.9790733956837332e-9	0.0010813756821073728
2.06960572136773e-5	0.0010212992906688911	1.7621980720423774e-9	0.0010212992906673708
1.9606791044536388e-5	0.0009675467264640931	1.579119933846425e-9	0.0009675467264628045
1.862645149230957e-5	0.000919169415888372	1.4231631915089865e-9	0.0009191694158872702
1.77394776117234e-5	0.0008753994659375413	1.2892230720982924e-9	0.000875399465936592
1.6933137720281426e-5	0.0008356086004541843	1.1733415740481485e-9	0.0008356086004533605
1.6196914341138758e-5	0.0007992778086521295	1.0724119128644862e-9	0.00079927780865141
1.5522042910257973e-5	0.0007659745815067489	9.839680584079827e-10	0.0007659745815061169
1.4901161193847656e-5	0.0007353356114093524	9.060320934596319e-10	0.0007353356114087943
1.4328039609468899e-5	0.0007070534842076532	8.370026420756755e-10	0.0007070534842071578
1.3797371475784866e-5	0.0006808663285697299	7.755727742138749e-10	0.0006808663285692882
1.3304608208792549e-5	0.0006565496833400652	7.20666101533631e-10	0.0006565496833396697
1.284582861538591e-5	0.0006339100475117067	6.713907211290872e-10	0.0006339100475113512
1.2417634328206379e-5	0.000612779720203119	6.270021811102082e-10	0.0006127797202027982
1.2017065478909401e-5	0.0005930126393488784	5.868747479891789e-10	0.0005930126393485879
1.164153218269348e-5	0.0005744810006359445	5.504801021418207e-10	0.0005744810006356808
1.0956736171946805e-5	0.0005406880134146839	4.947687804492635e-10	0.0005406880134144575
1.034802860683865e-5	0.0005106497992830918	4.405499000662265e-10	0.0005106497992829018
9.803395522268194e-6	0.0004837735015678938	3.9478029616447274e-10	0.0004837735015677327
9.313225746154785e-6	0.0004595848329263662	3.5579105721026916e-10	0.0004595848329262285
8.8697388058617e-6	0.0004376998464408376	3.2230600184868473e-10	0.00043769984644071895
8.466568860140713e-6	0.0004178044037083457	2.933356165599868e-10	0.0004178044037082427
8.098457170569379e-6	0.000399638999079791	2.6810315471389454e-10	0.0003996389990797011
7.761021455128987e-6	0.00038298737783858057	2.459921710235277e-10	0.0003829873778385016
7.450580596923828e-6	0.0003676678860157515	2.2650814824652763e-10	0.00036766788601568174
7.164019804734449e-6	0.0003535268164013581	2.092508051414679e-10	0.0003535268164012961
6.898685737892433e-6	0.00034043323321966413	1.9389328313168543e-10	0.0003404332332196089
6.6523041043962745e-6	0.00032827490580235503	1.8016663610689126e-10	0.0003282749058023056
6.422914307692955e-6	0.00031695508357052437	1.6784776239359718e-10	0.0003169550835704799
6.2088171641031895e-6	0.000306389916020292	1.5675062434114603e-10	0.0003063899160202519
6.0085327394547004e-6	0.0002965063720657809	1.4671876336255934e-10	0.00029650637206574457
5.82076609134674e-6	0.0002872405495053991	1.376200743355673e-10	0.00028724054950536614
5.478368085973403e-6	0.0002703440497973602	1.2369225835647037e-10	0.0002703440497973319
5.174014303419325e-6	0.00025532493812869807	1.1013751654308549e-10	0.0002553249381286743
4.901697761134097e-6	0.00024188678536790672	9.869512559517254e-11	0.00024188678536788658
4.656612873077393e-6	0.0002297924477087241	8.894779515547835e-11	0.0002297924477087069
4.43486940293085e-6	0.00021884995158843152	8.05765296466163e-11	0.0002188499515884167
4.2332844300703565e-6	0.00020890222772448083	7.333393201419142e-11	0.00020890222772446796
4.049228585284689e-6	0.0001998195232283238	6.702580916464351e-11	0.00019981952322831254
3.880510727564493e-6	0.0001914937106905892	6.149806231828581e-11	0.00019149371069057932
3.725290298461914e-6	0.00018383396308564108	5.662704325188985e-11	0.00018383396308563235
3.5820099023672247e-6	0.0001767634267750577	5.231271934762022e-11	0.00017676342677504998
3.4493428689462165e-6	0.0001702166338435338	4.847333831960921e-11	0.00017021663384352692
3.3261520521981373e-6	0.00016413746893425437	4.5041669736585046e-11	0.0001641374689342482
3.2114571538464777e-6	0.00015847755673892741	4.196194456270848e-11	0.00015847755673892186
3.1044085820515948e-6	0.0001531949719898296	3.918767228599573e-11	0.0001531949719898246
3.0042663697273502e-6	0.00014825319913072598	3.6679706726576135e-11	0.00014825319913072143
2.91038304567337e-6	0.00014362028704955604	3.440502153406883e-11	0.00014362028704955192
2.7391840429867014e-6	0.00013517203567118307	3.092307328561418e-11	0.00013517203567117952
2.5870071517096626e-6	0.00012766247868613588	2.753438121491792e-11	0.00012766247868613293
2.4508488805670485e-6	0.00012094340132994097	2.467378630838806e-11	0.00012094340132993846
2.3283064365386963e-6	0.00011489623166574803	2.2236956554660466e-11	0.00011489623166574588
2.217434701465425e-6	0.00010942498288621861	2.0144136867068048e-11	0.00010942498288621675
2.1166422150351783e-6	0.00010445112032981436	1.8333477879890355e-11	0.00010445112032981274
2.0246142926423447e-6	9.990976753626998e-5	1.6756459565643697e-11	9.990976753626857e-5
1.9402553637822466e-6	9.574686078811937e-5	1.5374519581713472e-11	9.574686078811814e-5
1.862645149230957e-6	9.191698656226269e-5	1.4156761588865273e-11	9.191698656226159e-5
1.7910049511836123e-6	8.838171803112338e-5	1.3078183666690918e-11	8.83817180311224e-5
1.7246714344731083e-6	8.510832123019296e-5	1.2118341479505805e-11	8.51083212301921e-5
1.6630760260990686e-6	8.206873847539447e-5	1.126041169060287e-11	8.20687384753937e-5
1.6057285769232388e-6	7.923878210788226e-5	1.0490492945679514e-11	7.923878210788157e-5
1.5522042910257974e-6	7.659748948983363e-5	9.796915357349769e-12	7.659748948983301e-5
1.5021331848636751e-6	7.412660283982063e-5	9.169927088984583e-12	7.412660283982006e-5
1.455191522836685e-6	7.181014659899254e-5	8.60125576191076e-12	7.181014659899202e-5
1.3695920214933507e-6	6.758602052871718e-5	7.730770184759686e-12	6.758602052871673e-5
1.2935035758548313e-6	6.383124174851534e-5	6.8835971170739564e-12	6.383124174851497e-5
1.2254244402835243e-6	6.04717028264672e-5	6.1684467860056144e-12	6.0471702826466883e-5
1.1641532182693481e-6	5.744811778571987e-5	5.559239323022343e-12	5.7448117785719596e-5
1.1087173507327124e-6	5.4712493216109346e-5	5.036032814467454e-12	5.4712493216109116e-5
1.0583211075175891e-6	5.2225561781801656e-5	4.583369607673692e-12	5.222556178180145e-5
1.0123071463211724e-6	4.995488524866257e-5	4.189119714646499e-12	4.9954885248662396e-5
9.701276818911233e-7	4.787343175476474e-5	3.84362687559549e-12	4.7873431754764584e-5
9.313225746154785e-7	4.5958494535991554e-5	3.5391889237134815e-12	4.595849453599142e-5
8.955024755918062e-7	4.419086017646084e-5	3.2695491487726953e-12	4.4190860176460715e-5
8.623357172365541e-7	4.255416169220181e-5	3.029583879341292e-12	4.25541616922017e-5
8.315380130495343e-7	4.103437023976541e-5	2.815104564379403e-12	4.103437023976531e-5
8.028642884616194e-7	3.961939198854455e-5	2.6226217247876365e-12	3.961939198854446e-5
7.761021455128987e-7	3.8298745618647016e-5	2.4492289006376196e-12	3.829874561864694e-5
7.510665924318376e-7	3.7063302238524776e-5	2.292481819899913e-12	3.706330223852471e-5
7.275957614183425e-7	3.590507406804995e-5	2.1503139836185097e-12	3.590507406804989e-5
6.847960107466753e-7	3.379301093764025e-5	1.9326941389669587e-12	3.37930109376402e-5
6.467517879274156e-7	3.191562147561892e-5	1.7208977535990507e-12	3.1915621475618874e-5
6.127122201417621e-7	3.0235851953608017e-5	1.5421125071346541e-12	3.0235851953607977e-5
5.820766091346741e-7	2.8724059381071422e-5	1.389809852068046e-12	2.8724059381071388e-5
5.543586753663562e-7	2.7356247051305127e-5	1.2590090054024472e-12	2.7356247051305097e-5
5.291605537587946e-7	2.6112781295124256e-5	1.1458416376981336e-12	2.611278129512423e-5
5.061535731605862e-7	2.4977442994462563e-5	1.0472799477186378e-12	2.497744299446254e-5
4.850638409455617e-7	2.393671621755907e-5	9.609067279726334e-13	2.393671621755905e-5
4.6566128730773926e-7	2.2979247581711054e-5	8.847972462624682e-13	2.2979247581711037e-5
4.477512377959031e-7	2.209543037845479e-5	8.173872961529814e-13	2.2095430378454775e-5
4.3116785861827706e-7	2.127708111537746e-5	7.573959777098991e-13	2.1277081115377446e-5
4.1576900652476716e-7	2.0517185370399322e-5	7.037753667305618e-13	2.051718537039931e-5
4.014321442308097e-7	1.9809696227923563e-5	6.556562268926024e-13	1.9809696227923552e-5
3.8805107275644935e-7	1.914937302775606e-5	6.123072327301353e-13	1.914937302775605e-5
3.755332962159188e-7	1.8531651323916007e-5	5.731204618715818e-13	1.8531651323916e-5
3.6379788070917124e-7	1.795253722616361e-5	5.375792894948947e-13	1.7952537226163603e-5
3.4239800537333767e-7	1.6896505637140223e-5	4.831731517633236e-13	1.6896505637140216e-5
3.233758939637078e-7	1.5957810888150084e-5	4.3022483270957016e-13	1.5957810888150077e-5
3.0635611007088106e-7	1.5117926111897398e-5	3.8552774297495684e-13	1.5117926111897393e-5
2.9103830456733704e-7	1.4362029812588685e-5	3.4745285865786246e-13	1.436202981258868e-5
2.771793376831781e-7	1.3678123636465064e-5	3.147522573564838e-13	1.3678123636465061e-5
2.645802768793973e-7	1.3056390748617982e-5	2.8646002066280845e-13	1.3056390748617978e-5
2.530767865802931e-7	1.2488721589763991e-5	2.618195982514113e-13	1.2488721589763988e-5
2.4253192047278083e-7	1.1968358193823916e-5	2.4022747068935143e-13	1.1968358193823912e-5
2.3283064365386963e-7	1.1489623869284344e-5	2.211993134273043e-13	1.148962386928434e-5
2.2387561889795154e-7	1.1047715261783383e-5	2.043464319983e-13	1.1047715261783381e-5
2.1558392930913853e-7	1.0638540625007762e-5	1.8934860145885539e-13	1.063854062500776e-5
2.0788450326238358e-7	1.0258592747829131e-5	1.7594463007328706e-13	1.025859274782913e-5
2.0071607211540486e-7	9.904848172374495e-6	1.6391405689340455e-13	9.904848172374493e-6
1.9402553637822467e-7	9.574686568486166e-6	1.5307680934873024e-13	9.574686568486164e-6
1.877666481079594e-7	9.265825713121406e-6	1.432801175714472e-13	9.265825713121404e-6
1.8189894035458562e-7	8.976268661116146e-6	1.343940350840069e-13	8.976268661116144e-6
1.7119900268666884e-7	8.448252860650244e-6	1.207934829556549e-13	8.448252860650242e-6
1.616879469818539e-7	7.978905481660203e-6	1.0755640292651093e-13	7.978905481660201e-6
1.5317805503544053e-7	7.558963089722154e-6	9.638213194254266e-14	7.558963089722153e-6
1.4551915228366852e-7	7.18101493680743e-6	8.686282459953614e-14	7.181014936807429e-6
1.3858966884158905e-7	6.839061845935714e-6	7.868826076365614e-14	6.839061845935713e-6
1.3229013843969864e-7	6.5281953995729555e-6	7.161480995339213e-14	6.528195399572955e-6
1.2653839329014654e-7	6.244360818015229e-6	6.545489999651937e-14	6.244360818015229e-6
1.2126596023639041e-7	5.984179118173002e-6	6.005706406024158e-14	5.984179118173002e-6
1.1641532182693481e-7	5.744811954249274e-6	5.529943647306511e-14	5.744811954249274e-6
1.1193780944897577e-7	5.523857649030849e-6	5.108700144341575e-14	5.523857649030849e-6
1.0779196465456927e-7	5.319270329333639e-6	4.733695461220432e-14	5.319270329333639e-6
1.0394225163119179e-7	5.129296389571989e-6	4.398674777671284e-14	5.129296389571989e-6
1.0035803605770243e-7	4.952424100790322e-6	4.097812081786666e-14	4.952424100790322e-6
9.701276818911234e-8	4.787343297895173e-6	3.826939924857912e-14	4.787343297895173e-6
9.38833240539797e-8	4.632912869351397e-6	3.581943863780164e-14	4.632912869351397e-6
9.094947017729281e-8	4.488134342567031e-6	3.359949460210192e-14	4.488134342567031e-6
8.559950134333442e-8	4.224126440845051e-6	3.019807877373989e-14	4.224126440845051e-6
8.084397349092696e-8	3.989452750226312e-6	2.688890603307925e-14	3.989452750226312e-6
7.658902751772027e-8	3.779481553304389e-6	2.4095435806413374e-14	3.779481553304389e-6
7.275957614183426e-8	3.5905074760321197e-6	2.1715998897731623e-14	3.5905074760321197e-6
6.929483442079453e-8	3.4195309298935998e-6	1.96719673872469e-14	3.4195309298935998e-6
6.614506921984932e-8	3.264097706102549e-6	1.790389867464085e-14	3.264097706102549e-6
6.326919664507327e-8	3.122180414790949e-6	1.6363822875157863e-14	3.122180414790949e-6
6.063298011819521e-8	2.9920895644016837e-6	1.501406980983272e-14	2.9920895644016837e-6
5.820766091346741e-8	2.872405982026465e-6	1.3824859548701919e-14	2.872405982026465e-6
5.5968904724487885e-8	2.7619288290501342e-6	1.2771652342959784e-14	2.7619288290501342e-6
5.389598232728463e-8	2.65963516887434e-6	1.1834435704173634e-14	2.65963516887434e-6
5.1971125815595895e-8	2.564648198700191e-6	1.0996392055939835e-14	2.564648198700191e-6
5.0179018028851214e-8	2.476212054046088e-6	1.0244924248239606e-14	2.476212054046088e-6
4.850638409455617e-8	2.3936716523604758e-6	9.566955790429608e-15	2.3936716523604758e-6
4.694166202698985e-8	2.3164564378735036e-6	8.955056998510404e-15	2.3164564378735036e-6
4.5474735088646405e-8	2.244067174285542e-6	8.399577750359823e-15	2.244067174285542e-6
4.279975067166721e-8	2.11206322305256e-6	7.549568775098746e-15	2.11206322305256e-6
4.042198674546348e-8	1.994726377462275e-6	6.722372518814146e-15	1.994726377462275e-6
3.829451375886013e-8	1.8897407787630357e-6	6.023858596581876e-15	1.8897407787630357e-6
3.637978807091713e-8	1.7952537399230685e-6	5.428804258910815e-15	1.7952537399230685e-6
3.464741721039726e-8	1.7097654666782752e-6	4.918089472697408e-15	1.7097654666782752e-6
3.307253460992466e-8	1.6320488546302653e-6	4.475974541763937e-15	1.6320488546302653e-6
3.1634598322536636e-8	1.5610902088412685e-6	4.090857846929307e-15	1.5610902088412685e-6
3.0316490059097604e-8	1.4960447835296767e-6	3.7535663333302535e-15	1.4960447835296767e-6
2.9103830456733704e-8	1.436202992238742e-6	3.456411217738752e-15	1.436202992238742e-6
2.7984452362243943e-8	1.380964415658731e-6	3.1928148538996813e-15	1.380964415658731e-6
2.6947991163642316e-8	1.3298175854889963e-6	2.9585104936108565e-15	1.3298175854889963e-6
2.5985562907797947e-8	1.2823241003287375e-6	2.7492948059482996e-15	1.2823241003287375e-6
2.5089509014425607e-8	1.2381060279356699e-6	2.561034262882986e-15	1.2381060279356699e-6
2.4253192047278084e-8	1.196835827033566e-6	2.3919360402760137e-15	1.196835827033566e-6
2.3470831013494924e-8	1.1582282197361103e-6	2.238517781206336e-15	1.1582282197361103e-6
2.2737367544323203e-8	1.1220335878933838e-6	2.1001408742952885e-15	1.1220335878933838e-6
2.1399875335833604e-8	1.0560316121837748e-6	1.8873678407247373e-15	1.0560316121837748e-6
2.021099337273174e-8	9.973631893183774e-7	1.6805201904499938e-15	9.973631893183774e-7
1.9147256879430066e-8	9.448703899092346e-7	1.505989225909448e-15	9.448703899092346e-7
1.8189894035458565e-8	8.976268704383326e-7	1.3572743405329166e-15	8.976268704383326e-7
1.732370860519863e-8	8.548827337719868e-7	1.2294979079193706e-15	8.548827337719868e-7
1.653626730496233e-8	8.160244277098808e-7	1.118993660965835e-15	8.160244277098808e-7
1.5817299161268318e-8	7.805451047821026e-7	1.022739010293107e-15	7.805451047821026e-7
1.5158245029548802e-8	7.480223920970341e-7	9.383671077362445e-16	7.480223920970341e-7
1.4551915228366852e-8	7.181014964257021e-7	8.640291606286802e-16	7.181014964257021e-7
1.3992226181121971e-8	6.904822081127947e-7	7.982037349424876e-16	6.904822081127947e-7
1.3473995581821158e-8	6.649087930074879e-7	7.3970138993764e-16	6.649087930074879e-7
1.2992781453898974e-8	6.411620504089762e-7	6.872254172597511e-16	6.411620504089762e-7
1.2544754507212804e-8	6.190530141960312e-7	6.403077259238441e-16	6.190530141960312e-7
1.2126596023639042e-8	5.984179137300754e-7	5.979347318043197e-16	5.984179137300754e-7
1.1735415506747462e-8	5.791141100679546e-7	5.597279625244665e-16	5.791141100679546e-7
1.1368683772161601e-8	5.610167941343054e-7	5.250105709166111e-16	5.610167941343054e-7
1.0699937667916802e-8	5.280158062562551e-7	4.718055725234174e-16	5.280158062562551e-7
1.010549668636587e-8	4.986815948060218e-7	4.201787286445331e-16	4.986815948060218e-7
9.573628439715033e-9	4.7243519508654337e-7	3.7649732104665394e-16	4.7243519508654337e-7
9.094947017729282e-9	4.48813435338343e-7	3.3926976722933125e-16	4.48813435338343e-7
8.661854302599316e-9	4.274413669942091e-7	3.0737449014427845e-16	4.274413669942091e-7
8.268133652481165e-9	4.080122139536341e-7	2.797728889668281e-16	4.080122139536341e-7
7.908649580634159e-9	3.9027255248140864e-7	2.55660197062299e-16	3.9027255248140864e-7
7.579122514774401e-9	3.74011196131576e-7	2.346163288751762e-16	3.74011196131576e-7
7.275957614183426e-9	3.590507482894605e-7	2.1606868966281257e-16	3.590507482894605e-7
6.996113090560986e-9	3.452411041272516e-7	1.9953867891860514e-16	3.452411041272516e-7
6.736997790910579e-9	3.324543965694717e-7	1.8488848475673251e-16	3.324543965694717e-7
6.496390726949487e-9	3.2058102526565996e-7	1.7183092239673432e-16	3.2058102526565996e-7
6.272377253606402e-9	3.095265071550582e-7	1.6007697535132325e-16	3.095265071550582e-7
6.063298011819521e-9	2.9920895691835425e-7	1.494344949958562e-16	2.9920895691835425e-7
5.867707753373731e-9	2.8955705508394564e-7	1.3995665649255086e-16	2.8955705508394564e-7
5.684341886080801e-9	2.805083971140463e-7	1.3120335246391307e-16	2.805083971140463e-7
5.349968833958401e-9	2.640079031692343e-7	1.1798786382413654e-16	2.640079031692343e-7
5.052748343182935e-9	2.493407974397062e-7	1.0502035699014425e-16	2.493407974397062e-7
4.786814219857517e-9	2.362175975762565e-7	9.413653232791264e-17	2.362175975762565e-7
4.547473508864641e-9	2.2440671769897877e-7	8.484186455655033e-17	2.2440671769897877e-7
4.330927151299658e-9	2.1372068352415513e-7	7.683140929148458e-17	2.1372068352415513e-7
4.1340668262405825e-9	2.0400610700148707e-7	6.994322849605075e-17	2.0400610700148707e-7
3.9543247903170795e-9	1.9513627626329689e-7	6.391507691177883e-17	1.9513627626329689e-7
3.7895612573872004e-9	1.8700559808654932e-7	5.865410871249307e-17	1.8700559808654932e-7
3.637978807091713e-9	1.7952537416386765e-7	5.3992642462440504e-17	1.7952537416386765e-7
3.498056545280493e-9	1.7262055208134093e-7	4.988469418448199e-17	1.7262055208134093e-7
3.3684988954552896e-9	1.6622719830117598e-7	4.623443571882835e-17	1.6622719830117598e-7
3.2481953634747434e-9	1.602905126481163e-7	4.294545639373569e-17	1.602905126481163e-7
3.136188626803201e-9	1.5476325359178967e-7	4.001924857977644e-17	1.5476325359178967e-7
3.0316490059097605e-9	1.4960447847251948e-7	3.738326012272788e-17	1.4960447847251948e-7
2.9338538766868654e-9	1.447785275544615e-7	3.4989184632365385e-17	1.447785275544615e-7
2.8421709430404003e-9	1.4025419856874973e-7	3.278849433693139e-17	1.4025419856874973e-7
2.6749844169792006e-9	1.3200395159488715e-7	2.9490888015988753e-17	1.3200395159488715e-7
2.5263741715914674e-9	1.2467039872903337e-7	2.6267273317749433e-17	1.2467039872903337e-7
2.3934071099287583e-9	1.1810879879637111e-7	2.3528039289145373e-17	1.1810879879637111e-7
2.2737367544323206e-9	1.1220335885693626e-7	2.12043656089127e-17	1.1220335885693626e-7
2.165463575649829e-9	1.068603417688435e-7	1.9213965494552025e-17	1.068603417688435e-7
2.0670334131202913e-9	1.0200305350691109e-7	1.7485821572626643e-17	1.0200305350691109e-7
1.9771623951585398e-9	9.756813813729496e-8	1.5972641168564015e-17	9.756813813729496e-8
1.8947806286936002e-9	9.350279904846504e-8	1.4663519660738798e-17	9.350279904846504e-8
1.8189894035458565e-9	8.976268708672152e-8	1.3498153398859573e-17	8.976268708672152e-8
1.7490282726402464e-9	8.631027604510094e-8	1.2477318485582854e-17	8.631027604510094e-8
1.6842494477276448e-9	8.311359915469475e-8	1.1552456756981182e-17	8.311359915469475e-8
1.6240976817373717e-9	8.01452563278814e-8	1.0736366552686881e-17	8.01452563278814e-8
1.5680943134016004e-9	7.738162679946333e-8	1.0017125541310722e-17	7.738162679946333e-8
1.5158245029548803e-9	7.480223923958875e-8	9.33349312148065e-18	7.480223923958875e-8
1.4669269383434327e-9	7.238926378035298e-8	8.747298374750632e-18	7.238926378035298e-8
1.4210854715202002e-9	7.012709928730823e-8	8.197133517270948e-18	7.012709928730823e-8
1.3374922084896003e-9	6.600197580001275e-8	7.375765016909849e-18	6.600197580001275e-8
1.2631870857957337e-9	6.233519936680851e-8	6.56073011246867e-18	6.233519936680851e-8
1.1967035549643792e-9	5.905439940024876e-8	5.8881090410258944e-18	5.905439940024876e-8
1.1368683772161603e-9	5.610167943033151e-8	5.304138874920139e-18	5.610167943033151e-8
1.0827317878249145e-9	5.343017088611241e-8	4.8034989415577864e-18	5.343017088611241e-8
1.0335167065601456e-9	5.100152675499494e-8	4.362278355227391e-18	5.100152675499494e-8
9.885811975792699e-10	4.878406907006321e-8	4.005407632415835e-18	4.878406907006321e-8
9.473903143468001e-10	4.675139952552845e-8	3.659746237077043e-18	4.675139952552845e-8
9.094947017729282e-10	4.4881343544557664e-8	3.3745447067298266e-18	4.4881343544557664e-8
8.745141363201232e-10	4.315513802365724e-8	3.1193309427207537e-18	4.315513802365724e-8
8.421247238638224e-10	4.155679957837653e-8	2.894260952080982e-18	4.155679957837653e-8
8.120488408686859e-10	4.007262816489566e-8	2.6810230858493116e-18	4.007262816489566e-8
7.840471567008002e-10	3.869081340062044e-8	2.4981270565614877e-18	3.869081340062044e-8
7.579122514774401e-10	3.74011196206299e-8	2.3395323730307073e-18	3.74011196206299e-8
7.334634691717164e-10	3.6194631890957e-8	2.186821683464448e-18	3.6194631890957e-8
7.105427357601001e-10	3.5063549644386595e-8	2.0462013267490318e-18	3.5063549644386595e-8
6.687461042448001e-10	3.300098790064824e-8	1.843942264627182e-18	3.300098790064824e-8
6.315935428978668e-10	3.116759968397802e-8	1.6401834823798914e-18	3.116759968397802e-8
5.983517774821896e-10	2.952719970063935e-8	1.4720281642919117e-18	2.952719970063935e-8
5.684341886080801e-10	2.8050839715630767e-8	1.3245127001125994e-18	2.8050839715630767e-8
5.413658939124572e-10	2.6715085443478865e-8	1.2008755533220427e-18	2.6715085443478865e-8
5.167583532800728e-10	2.5500763377883965e-8	1.0921020235835204e-18	2.5500763377883965e-8
4.942905987896349e-10	2.4392034535383065e-8	9.98289839234701e-19	2.4392034535383065e-8
4.736951571734001e-10	2.3375699763089438e-8	9.164736475699348e-19	2.3375699763089438e-8
4.547473508864641e-10	2.2440671772578053e-8	8.436343723260781e-19	2.2440671772578053e-8
4.372570681600616e-10	2.1577569012106124e-8	7.828997532961212e-19	2.1577569012106124e-8
4.210623619319112e-10	2.0778399789443482e-8	7.189544494777176e-19	2.0778399789443482e-8
4.0602442043434293e-10	2.003631408268698e-8	6.702541604278035e-19	2.003631408268698e-8
3.920235783504001e-10	1.9345406700534072e-8	6.276101131240134e-19	1.9345406700534072e-8
3.7895612573872006e-10	1.870055981052218e-8	5.818046920389504e-19	1.870055981052218e-8
3.667317345858582e-10	1.809731594567405e-8	5.482450264969859e-19	1.809731594567405e-8
3.5527136788005004e-10	1.7531774822376836e-8	5.115508684484114e-19	1.7531774822376836e-8
3.3437305212240007e-10	1.6500493950484797e-8	4.617444873948947e-19	1.6500493950484797e-8
3.157967714489334e-10	1.558379984213224e-8	4.0928508200558754e-19	1.558379984213224e-8
2.991758887410948e-10	1.4763599850448616e-8	3.6876966939540936e-19	1.4763599850448616e-8
2.842170943040401e-10	1.4025419857931839e-8	3.311286044355376e-19	1.4025419857931839e-8
2.706829469562286e-10	1.3357542721845298e-8	3.0098155165587395e-19	1.3357542721845298e-8
2.583791766400364e-10	1.2750381689038194e-8	2.7226148483030114e-19	1.2750381689038194e-8
2.4714529939481747e-10	1.2196017267779809e-8	2.495728332058194e-19	1.2196017267779809e-8
2.3684757858670003e-10	1.1687849881626024e-8	2.298856584260505e-19	1.1687849881626024e-8
2.2737367544323206e-10	1.1220335886363627e-8	2.1014158077153624e-19	1.1220335886363627e-8
2.186285340800308e-10	1.0788784506121825e-8	1.9495867939068746e-19	1.0788784506121825e-8
2.105311809659556e-10	1.0389199894786167e-8	1.7974008388094697e-19	1.0389199894786167e-8
2.0301221021717146e-10	1.0018157041403695e-8	1.6910096093169044e-19	1.0018157041403695e-8
1.9601178917520005e-10	9.672703350322176e-9	1.553660938475355e-19	9.672703350322176e-9
1.8947806286936003e-10	9.35027990531352e-9	1.4621964558709223e-19	9.35027990531352e-9
1.833658672929291e-10	9.048657972885708e-9	1.3706253826307677e-19	9.048657972885708e-9
1.7763568394002502e-10	8.765887411234303e-9	1.2788798549067126e-19	8.765887411234303e-9
1.6718652606120003e-10	8.250246975282466e-9	1.1543545847883298e-19	8.250246975282466e-9
1.578983857244667e-10	7.791899921102138e-9	1.0270214191471352e-19	7.791899921102138e-9
1.495879443705474e-10	7.381799925256445e-9	9.219264335169496e-20	7.381799925256445e-9
1.4210854715202004e-10	7.012709928994932e-9	8.240086788216489e-20	7.012709928994932e-9
1.353414734781143e-10	6.678771360948913e-9	7.486298222442117e-20	6.678771360948913e-9
1.291895883200182e-10	6.375190844543252e-9	6.806556639175973e-20	6.375190844543252e-9
1.2357264969740873e-10	6.0980086339120754e-9	6.277590845117044e-20	6.0980086339120754e-9
1.1842378929335001e-10	5.8439249408330274e-9	5.67060024425365e-20	5.8439249408330274e-9
1.1368683772161603e-10	5.610167943200669e-9	5.291924487246539e-20	5.610167943200669e-9
1.093142670400154e-10	5.394392253078308e-9	4.9123129626385725e-20	5.394392253078308e-9
1.052655904829778e-10	5.194599947409293e-9	4.531869644607639e-20	5.194599947409293e-9
1.0150610510858573e-10	5.009078520716484e-9	4.150683653877644e-20	5.009078520716484e-9
9.800589458760003e-11	4.8363516751751814e-9	3.9226122647885436e-20	4.8363516751751814e-9
9.473903143468002e-11	4.67513995266966e-9	3.617044233356039e-20	4.67513995266966e-9
9.168293364646455e-11	4.524328986455126e-9	3.4651038273528e-20	4.524328986455126e-9
8.881784197001251e-11	4.382943705628518e-9	3.158771300530788e-20	4.382943705628518e-9
8.359326303060002e-11	4.125123487651351e-9	2.923957288322769e-20	4.125123487651351e-9
7.894919286223336e-11	3.895949960559866e-9	2.510470547573444e-20	3.895949960559866e-9
7.47939721852737e-11	3.6908999626363065e-9	2.3238408145567816e-20	3.6908999626363065e-9
7.105427357601002e-11	3.5063549645048725e-9	2.0981822251126333e-20	3.5063549645048725e-9
6.767073673905715e-11	3.3393856804810723e-9	1.8716218541629048e-20	3.3393856804810723e-9
6.45947941600091e-11	3.187595422277613e-9	1.6825740225244138e-20	3.187595422277613e-9
6.178632484870437e-11	3.049004316961426e-9	1.5311557009834232e-20	3.049004316961426e-9
5.921189464667501e-11	2.9219624704218275e-9	1.4942829958735613e-20	2.9219624704218275e-9
5.6843418860808015e-11	2.805083971604945e-9	1.3037746713409625e-20	2.805083971604945e-9
5.46571335200077e-11	2.697196126543348e-9	1.1897270912579309e-20	2.697196126543348e-9
5.26327952414889e-11	2.597299973708595e-9	1.1137707054218008e-20	2.597299973708595e-9
5.0753052554292866e-11	2.5045392603621084e-9	1.0761064340644998e-20	2.5045392603621084e-9
4.9002947293800014e-11	2.4181758375910103e-9	9.614647611054977e-21	2.4181758375910103e-9
4.736951571734001e-11	2.3375699763381576e-9	9.234988249939473e-21	2.3375699763381576e-9
4.584146682323227e-11	2.262164493230631e-9	8.855210271516351e-21	2.262164493230631e-9
4.4408920985006255e-11	2.1914718528171003e-9	7.704056660862888e-21	2.1914718528171003e-9
4.179663151530001e-11	2.0625617438281276e-9	7.215154362095402e-21	2.0625617438281276e-9
3.947459643111668e-11	1.9479749802822606e-9	6.466552435830494e-21	1.9479749802822606e-9
3.739698609263685e-11	1.8454499813200719e-9	5.524252191342563e-21	1.8454499813200719e-9
3.552713678800501e-11	1.7531774822542625e-9	5.340689078911741e-21	1.7531774822542625e-9
3.383536836952858e-11	1.6696928402421649e-9	4.5836385860942714e-21	1.6696928402421649e-9
3.229739708000455e-11	1.5937977111403805e-9	4.397586711171141e-21	1.5937977111403805e-9
3.0893162424352184e-11	1.5245021584821115e-9	3.827935926879287e-21	1.5245021584821115e-9
2.9605947323337503e-11	1.4609812352121132e-9	3.639891132489426e-21	1.4609812352121132e-9
2.8421709430404007e-11	1.4025419858036513e-9	3.2594796188189854e-21	1.4025419858036513e-9
2.732856676000385e-11	1.3485980632728004e-9	3.070332397248794e-21	1.3485980632728004e-9
2.631639762074445e-11	1.2986499868553364e-9	2.8804898115934448e-21	1.2986499868553364e-9
2.5376526277146433e-11	1.2522696301819173e-9	2.4981651615952503e-21	1.2522696301819173e-9
2.4501473646900007e-11	1.209087918796412e-9	2.4998116992378506e-21	1.209087918796412e-9
2.3684757858670004e-11	1.1687849881698853e-9	2.308782846206328e-21	1.1687849881698853e-9
2.2920733411616136e-11	1.1310822466160315e-9	2.1175208997764772e-21	1.1310822466160315e-9
2.2204460492503128e-11	1.0957359264092874e-9	1.9260477124543924e-21	1.0957359264092874e-9
2.0898315757650004e-11	1.0312808719147156e-9	1.8986221708566737e-21	1.0312808719147156e-9
1.973729821555834e-11	9.739874901416611e-10	1.5217259837143218e-21	9.739874901416611e-10
1.8698493046318424e-11	9.22724990660567e-10	1.4287273177879134e-21	9.22724990660567e-10
1.7763568394002505e-11	8.765887411275752e-10	1.3352964284188638e-21	8.765887411275752e-10
1.691768418476429e-11	8.348464201215285e-10	1.2413096886697352e-21	8.348464201215285e-10
1.6148698540002275e-11	7.9689885557052e-10	9.560939316282617e-22	7.9689885557052e-10
1.5446581212176092e-11	7.62251079241406e-10	9.570073189288697e-22	7.62251079241406e-10
1.4802973661668752e-11	7.304906176063569e-10	8.621457052742324e-22	7.304906176063569e-10
1.4210854715202004e-11	7.012709929021593e-10	9.58770594018508e-22	7.012709929021593e-10
1.3664283380001925e-11	6.742990316366693e-10	7.675288815352332e-22	6.742990316366693e-10
1.3158198810372225e-11	6.493249934278768e-10	5.76035310665138e-22	6.493249934278768e-10
1.2688263138573216e-11	6.261348150912394e-10	7.685953927710453e-22	6.261348150912394e-10
1.2250736823450003e-11	6.045439593984073e-10	5.768479263524318e-22	6.045439593984073e-10
1.1842378929335002e-11	5.843924940851446e-10	5.772136034117146e-22	5.843924940851446e-10
1.1460366705808068e-11	5.655411233082207e-10	5.775556884026569e-22	5.655411233082207e-10
1.1102230246251564e-11	5.478679632048279e-10	4.815287017324474e-22	5.478679632048279e-10
1.0449157878825002e-11	5.156404359574955e-10	4.272130788304686e-22	5.156404359574955e-10
9.86864910777917e-12	4.869937450709892e-10	4.280255126510917e-22	4.869937450709892e-10
9.349246523159212e-12	4.613624953304037e-10	3.333779447764839e-22	4.613624953304037e-10
8.881784197001252e-12	4.3829437056389866e-10	3.3383752599975047e-22	4.3829437056389866e-10
8.458842092382144e-12	4.174232100608564e-10	2.8651975312397783e-22	4.174232100608564e-10
8.074349270001138e-12	3.984494277853745e-10	2.86767159848268e-22	3.984494277853745e-10
7.723290606088046e-12	3.8112553962079046e-10	2.3926349833657663e-22	3.8112553962079046e-10
7.401486830834376e-12	3.6524530880325344e-10	1.915823370192015e-22	3.6524530880325344e-10
7.105427357601002e-12	3.506354964511308e-10	1.917825722869379e-22	3.506354964511308e-10
6.8321416900009626e-12	3.371495158184018e-10	1.919674048417716e-22	3.371495158184018e-10
6.5790994051861124e-12	3.2466249671403563e-10	2.400060111586383e-22	3.2466249671403563e-10
6.344131569286608e-12	3.130674075456575e-10	1.4412361730079366e-22	3.130674075456575e-10
6.125368411725002e-12	3.0227197969926025e-10	1.4425479492960136e-22	3.0227197969926025e-10
5.921189464667501e-12	2.921962470426226e-10	1.443123467829201e-22	2.921962470426226e-10
5.730183352904034e-12	2.82770561654155e-10	1.4442897329109107e-22	2.82770561654155e-10
5.551115123125782e-12	2.7393398160245347e-10	9.63036394051717e-23	2.7393398160245347e-10
5.224578939412501e-12	2.5782021797879166e-10	1.1869003777713106e-22	2.5782021797879166e-10
4.934324553889585e-12	2.434968725355245e-10	9.511905639464602e-23	2.434968725355245e-10
4.674623261579606e-12	2.3068124766523824e-10	9.523494291875788e-23	2.3068124766523824e-10
4.440892098500626e-12	2.1914718528197386e-10	7.154428065421161e-23	2.1914718528197386e-10
4.229421046191072e-12	2.0871160503045453e-10	7.165949987392075e-23	2.0871160503045453e-10
4.037174635000569e-12	1.9922471389270948e-10	7.172000784622329e-23	1.9922471389270948e-10
3.861645303044023e-12	1.9056276981042036e-10	7.177525425571696e-23	1.9056276981042036e-10
3.700743415417188e-12	1.8262265440164872e-10	4.7901175461035266e-23	1.8262265440164872e-10
3.552713678800501e-12	1.7531774822559106e-10	7.191141629656695e-23	1.7531774822559106e-10
3.4160708450004813e-12	1.6857475790921123e-10	2.400366727538632e-23	1.6857475790921123e-10
3.2895497025930562e-12	1.6233124835702598e-10	4.8021584096204504e-23	1.6233124835702598e-10
3.172065784643304e-12	1.565337037728479e-10	4.804440074192517e-23	1.565337037728479e-10
3.062684205862501e-12	1.5113598984964109e-10	2.403744911809011e-23	1.5113598984964109e-10
2.9605947323337505e-12	1.4609812352132717e-10	4.811791100433998e-23	1.4609812352132717e-10
2.865091676452017e-12	1.4138528082709193e-10	4.8135412267954306e-23	1.4138528082709193e-10
2.775557561562891e-12	1.369669908012399e-10	2.4095309646647195e-23	1.369669908012399e-10
2.6122894697062505e-12	1.2891010898940364e-10	2.373701887715392e-23	1.2891010898940364e-10
2.4671622769447924e-12	1.2174843626777134e-10	2.3797008361198352e-23	1.2174843626777134e-10
2.337311630789803e-12	1.1534062383262663e-10	2.382507239946109e-23	1.1534062383262663e-10
2.220446049250313e-12	1.095735926409963e-10	2.385033003389756e-23	1.095735926409963e-10
2.114710523095536e-12	1.0435580251523224e-10	1.1939786064657743e-23	1.0435580251523224e-10
2.0185873175002844e-12	9.961235694636189e-11	2.3916075243458914e-23	9.961235694636189e-11
1.9308226515220115e-12	9.528138490521322e-11	1.1959379671565296e-23	9.528138490521322e-11
1.850371707708594e-12	9.131132720082984e-11	1.198822706216084e-23	9.131132720082984e-11
1.7763568394002505e-12	8.765887411279712e-11	1.1995302481438196e-23	8.765887411279712e-11
1.7080354225002406e-12	8.428737895461303e-11	1.2001833637694216e-23	8.428737895461303e-11
1.6447748512965281e-12	8.116562417851665e-11	1.2007881004597942e-23	8.116562417851665e-11
1.586032892321652e-12	7.826685188642712e-11	1.201349641672283e-23	7.826685188642712e-11
1.5313421029312504e-12	7.556799492482651e-11	1.2018724559046005e-23	7.556799492482651e-11
1.4802973661668753e-12	7.304906176066269e-11	4.4729649832956445e-27	7.304906176066269e-11
1.4325458382260085e-12	7.069264041354794e-11	1.2043865864589923e-23	7.069264041354794e-11
1.3877787807814455e-12	6.848349540062483e-11	1.2047654823324457e-23	6.848349540062483e-11
1.3061447348531253e-12	6.445505449470455e-11	5.943384034748475e-24	6.445505449470455e-11
1.2335811384723962e-12	6.087421813388794e-11	5.951115825709516e-24	6.087421813388794e-11
1.1686558153949015e-12	5.7670311916315164e-11	5.958033743937816e-24	5.7670311916315164e-11
1.1102230246251565e-12	5.4786796320498054e-11	3.354723737471797e-27	5.4786796320498054e-11
1.057355261547768e-12	5.2177901257618944e-11	5.969893032329195e-24	5.2177901257618944e-11
1.0092936587501422e-12	4.980617847318192e-11	5.975014088680018e-24	4.980617847318192e-11
9.654113257610057e-13	4.7640692452608973e-11	5.979689835782945e-24	4.7640692452608973e-11
9.25185853854297e-13	4.565566360041548e-11	2.7956031145598572e-27	4.565566360041548e-11
8.881784197001252e-13	4.382943705640055e-11	5.99765124071937e-24	4.382943705640055e-11
8.540177112501203e-13	4.214368947730837e-11	6.000916818847372e-24	4.214368947730837e-11
8.223874256482641e-13	4.058281208925842e-11	2.4849805462754418e-27	4.058281208925842e-11
7.93016446160826e-13	3.9133425943215154e-11	6.0067482083616604e-24	3.9133425943215154e-11
7.656710514656252e-13	3.778399746241313e-11	2.3136025775667978e-27	3.778399746241313e-11
7.401486830834376e-13	3.6524530880332736e-11	2.2364824916479072e-27	3.6524530880332736e-11
7.162729191130043e-13	3.534632020677528e-11	6.021932932295185e-24	3.534632020677528e-11
6.938893903907227e-13	3.424174770031202e-11	2.096702335919918e-27	3.424174770031202e-11
