# τ	Fs	F	Δζ	ΔG	Δr²
0.0	1.0	1.0	968.1776260480577	98.41441267653107	0.0
3.125e-7	0.9999838611727643	0.9999882862696741	967.7364190820481	98.36947149395354	3.125e-7
6.25e-7	0.9999677239867879	0.9999765736787571	967.2955697367674	98.32456795626287	6.249527257018532e-7
9.375000000000001e-7	0.9999515898214432	0.9999648632284223	966.8550832678657	98.27970253751973	9.3731095304558e-7
1.25e-6	0.9999354586750252	0.9999531549174511	966.414959316349	98.23487519895706	1.2495747465234053e-6
1.5625e-6	0.9999193305457124	0.9999414487445409	965.9751975233969	98.19008590183658	1.5617441777132865e-6
1.8750000000000003e-6	0.9999032054316849	0.9999297447083897	965.5357975305806	98.14533460746314	1.87381931812419e-6
2.1875000000000002e-6	0.9998870833311243	0.9999180428076971	965.0967589798586	98.1006212771847	2.1858002391950857e-6
2.5e-6	0.999870964242214	0.9999063430411638	964.6580815135796	98.05594587239219	2.497687012295023e-6
2.8125e-6	0.999854848163139	0.999894645407491	964.2197647744821	98.01130835451967	2.809479708723208e-6
3.125e-6	0.9998387350920855	0.9998829499053817	963.7818084056896	97.96670868504394	3.121178399709081e-6
3.4375e-6	0.999822625027242	0.9998712565335401	963.3442120507141	97.9221468254849	3.4327831564123897e-6
3.7500000000000005e-6	0.9998065179667979	0.9998595652906712	962.9069753534571	97.87762273740512	3.744294049923269e-6
4.0625000000000005e-6	0.9997904139089446	0.9998478761754814	962.4700979582035	97.83313638241009	4.055711151262316e-6
4.3750000000000005e-6	0.9997743128518751	0.9998361891866782	962.0335795096256	97.7886877221479	4.367034531380667e-6
4.6875000000000004e-6	0.9997582147937838	0.9998245043229699	961.5974196527824	97.74427671830946	4.67826426116007e-6
5.0e-6	0.9997421197328669	0.9998128215830663	961.1616180331177	97.69990333262827	4.9894004114129675e-6
5.3125e-6	0.9997260295751292	0.9998011423332659	960.7262394636634	97.65557428290437	5.300380815751093e-6
5.625e-6	0.9997099430454002	0.9997894656594849	960.2912400148267	97.61128501289781	5.611247100005477e-6
5.9375e-6	0.9996938597173983	0.9997777912561536	959.8566048124078	97.5670339789384	5.922013187817738e-6
6.25e-6	0.9996777794478248	0.999766119020554	959.4223286647469	97.52282064126312	6.2326837677882435e-6
6.5625e-6	0.9996617021877149	0.9997544489175897	958.9884096070012	97.47864479466946	6.543260449813669e-6
6.875e-6	0.9996456279195525	0.999742780934707	958.554846749875	97.43450634546863	6.8537438174067445e-6
7.1875e-6	0.9996295566363049	0.9997311150668684	958.1216395627308	97.39040523715984	7.1641341118719725e-6
7.500000000000001e-6	0.9996134883344371	0.9997194513115414	957.6887876347072	97.34634142566246	7.474431460387233e-6
7.8125e-6	0.9995974230115787	0.999707789667031	957.2562905951113	97.30231487106282	7.78463595203877e-6
8.125000000000001e-6	0.9995813606657502	0.9996961301319203	956.8241480868859	97.25832553486381	8.094747663168736e-6
8.4375e-6	0.9995653012951029	0.9996844727048868	956.3923597577713	97.21437337906839	8.404766665825312e-6
8.750000000000001e-6	0.999549244897832	0.9996728173846405	955.9609252573633	97.17045836587403	8.714693030579742e-6
9.0625e-6	0.9995331914721498	0.9996611641699019	955.5298442361253	97.12658045757111	9.024526827465479e-6
9.375000000000001e-6	0.9995171410162753	0.9996495130593966	955.0991163450615	97.08273961650883	9.334268126291322e-6
9.6875e-6	0.9995010935284296	0.9996378640518533	954.6687412356118	97.0389358050839	9.643916996745866e-6
1.0e-5	0.9994850490068365	0.9996262171460009	954.2387185596083	96.99516898573657	9.953473508432352e-6
1.0625e-5	0.9994529688529533	0.9996029296326077	953.3797289929538	96.9077461600099	1.0572309825886223e-5
1.125e-5	0.9994209005420236	0.9995796505102043	952.522144950756	96.82047084857805	1.1190777572249808e-5
1.1875e-5	0.9993888440604203	0.9995563797690431	951.665963689091	96.73334275543006	1.1808877281249177e-5
1.25e-5	0.9993567993941908	0.9995331173991455	950.8111824515189	96.64636158324521	1.2426609499242798e-5
1.3125e-5	0.9993247665292891	0.9995098633904655	949.9577984814163	96.5595270347075	1.3043974776112173e-5
1.375e-5	0.9992927454516571	0.9994866177329486	949.1058090260826	96.47283881294302	1.366097366216831e-5
1.4375e-5	0.9992607361472462	0.9994633804165468	948.2552113380953	96.38629662166382	1.427760670718007e-5
1.5000000000000002e-5	0.9992287386020307	0.9994401514312287	947.4060026757508	96.29990016521569	1.4893874459993482e-5
1.5625e-5	0.9991967528020052	0.9994169307669781	946.558180303208	96.21364914859221	1.5509777468464672e-5
1.6250000000000002e-5	0.9991647787331914	0.9993937184137974	945.7117414905184	96.12754327743907	1.612531627938081e-5
1.6875e-5	0.9991328163816331	0.9993705143617054	944.8666835136353	96.04158225805402	1.6740491438493455e-5
1.7500000000000002e-5	0.9991008657333997	0.9993473186007386	944.0230036544014	95.95576579738623	1.7355303490473135e-5
1.8125e-5	0.9990689267745846	0.9993241311209512	943.180699200542	95.8700936030346	1.7969752978953776e-5
1.8750000000000002e-5	0.9990369994913056	0.9993009519124152	942.3397674456468	95.7845653832467	1.8583840446491083e-5
1.9375e-5	0.9990050838697047	0.9992777809652195	941.5002056891608	95.69918084691679	1.9197566434608117e-5
2.0e-5	0.9989731798959484	0.9992546182694708	940.662011236369	95.61393970358485	1.9810931483754152e-5
2.125e-5	0.9989094068184841	0.9992083175797603	938.9897125338806	95.44388633528744	2.1036581635219873e-5
2.25e-5	0.998845680160997	0.999162049773257	937.3228505440574	95.27440303645675	2.226079472401186e-5
2.375e-5	0.9987819998177696	0.9991158147743555	935.6614041334681	95.10548752943126	2.3483574876487297e-5
2.5e-5	0.9987183656807542	0.9990696125057865	934.0053521171266	94.93713753142634	2.4704926308612997e-5
2.625e-5	0.9986547776413653	0.9990234428898945	932.3546733538894	94.76935076469253	2.5924853255693383e-5
2.75e-5	0.9985912355911067	0.9989773058490903	930.7093467780481	94.60212495987484	2.7143359948070262e-5
2.875e-5	0.9985277394217474	0.9989312013059751	929.0693514094515	94.43545785709028	2.836045060397969e-5
3.0000000000000004e-5	0.9984642890254122	0.9988851291834058	927.4346663567134	94.2693472062645	2.957612942630687e-5
3.125e-5	0.9984008842945795	0.9988390894044916	925.8052708178964	94.1037907672034	3.0790400602459735e-5
3.2500000000000004e-5	0.9983375251221098	0.9987930818926176	924.1811440805623	93.93878630959526	3.2003268303467305e-5
3.375e-5	0.9982742114012227	0.9987471065714253	922.5622655214273	93.7743316129712	3.3214736684630315e-5
3.5000000000000004e-5	0.9982109430255213	0.9987011633648317	920.94861460606	93.61042446667085	3.4424809884882215e-5
3.625e-5	0.9981477198889663	0.9986552521970107	919.3401708884277	93.44706266979091	3.563349202752293e-5
3.7500000000000003e-5	0.9980845418858987	0.9986093729924082	917.7369140105561	93.28424403114684	3.684078721961125e-5
3.875e-5	0.9980214089110138	0.998563525675725	916.1388237020673	93.12196636922083	3.8046699552704536e-5
4.0e-5	0.9979583208593839	0.9985177101719326	914.545879779846	92.96022751212341	3.9251233102256695e-5
4.25e-5	0.9978322789706698	0.998426174206022	911.3753436679149	92.63835681538507	4.165618540173198e-5
4.5e-5	0.9977064154803879	0.998334764565998	908.2251508159338	92.31861527516863	4.405567280042611e-5
4.75e-5	0.9975807295928987	0.9982434806829608	905.0951444779186	92.00098603045365	4.6449726142490086e-5
5.0e-5	0.9974552204978332	0.9981523219774976	901.9851681836002	91.68545225487125	4.883837682311381e-5
5.25e-5	0.9973298873834162	0.9980612878691996	898.8950664476165	91.3719972320641	5.122165626663065e-5
5.5e-5	0.9972047294413763	0.9979703777801793	895.8246849987204	91.06060437996095	5.359959573982924e-5
5.75e-5	0.9970797458680574	0.9978795911358597	892.7738708463895	90.7512572577974	5.597222630497207e-5
6.000000000000001e-5	0.9969549358652541	0.9977889273655786	889.7424722965069	90.44393956768842	5.8339578791639384e-5
6.25e-5	0.9968302986399693	0.9976983859024054	886.7303389471497	90.13863515412136	6.070168380248578e-5
6.500000000000001e-5	0.9967058334047921	0.9976079661834205	883.7373216808572	89.83532800304178	6.30585717027757e-5
6.75e-5	0.9965815393775079	0.9975176676494281	880.7632726528053	89.53400224053881	6.54102726318947e-5
7.000000000000001e-5	0.9964574157814251	0.9974274897451969	877.8080452806714	89.23464213167765	6.775681649490182e-5
7.25e-5	0.9963334618449717	0.997337431919167	874.8714942321692	88.9372320791195	7.009823297456804e-5
7.500000000000001e-5	0.9962096768020149	0.9972474936236813	871.9534754148441	88.64175662194714	7.243455152320099e-5
7.75e-5	0.9960860598914587	0.9971576743146918	869.0538459637315	88.34820043430082	7.476580137463034e-5
8.0e-5	0.9959626103575602	0.997067973451995	866.1724642313192	88.05654832422393	7.70920115361104e-5
8.5e-5	0.9957162094514773	0.9968889242291955	860.4638340050421	87.47889100693007	8.172946488995772e-5
9.0e-5	0.9954704688042887	0.9967103421816599	854.8265100804654	86.9086694332255	8.634711372377923e-5
9.5e-5	0.9952253827711876	0.9965322232748541	849.2594133983852	86.34576797197882	9.094517385933931e-5
0.0001	0.9949809456413133	0.9963545634272964	843.7614756633344	85.79007220374292	9.552386335962159e-5
0.000105	0.9947371517294082	0.9961773585759583	838.3316441301292	85.24146942652197	0.00010008339895250166
0.00011	0.9944939954128942	0.9960006047028478	832.9688829976278	84.69984880121297	0.00010462399466968415
0.000115	0.9942514711361952	0.9958242978380024	827.672173637921	84.16510137412642	0.0001091458616310603
0.00012000000000000002	0.9940095734185752	0.9956484340651767	822.4405144859966	83.63712006307775	0.00011364920780795336
0.000125	0.9937682968488579	0.9954730095179746	817.2729207785397	83.11579962802793	0.0001181342381780032
0.00013000000000000002	0.9935276360899632	0.9952980203831752	812.1684242881564	82.60103664080907	0.00012260115461434416
0.000135	0.9932875858726742	0.9951234628961886	807.1260730187238	82.09272945125454	0.0001270501560777957
0.00014000000000000001	0.9930481409997629	0.9949493333440858	802.1449309321101	81.5907781562312	0.00013148143852069707
0.000145	0.9928092963397623	0.9947756280610581	797.2240776488261	81.09508456641966	0.00013589519507936596
0.00015000000000000001	0.9925710468310018	0.9946023434313832	792.3626081831416	80.60555217633231	0.00014029161598020414
0.000155	0.9923333874754912	0.9944294758849661	787.5596326540177	80.12208613226633	0.00014467088872839945
0.00016	0.9920963133429018	0.994257021900264	782.8142760300066	79.64459320345027	0.00014903319801493978
0.00017	0.9916238952430505	0.9939133364030294	773.492695020903	78.70713049398958	0.00015770787871282192
0.00018	0.9911537586307365	0.9935712627276987	764.3913697661094	77.79247250360854	0.0001663169217051134
0.00019	0.9906858676956725	0.9932307753014018	755.5038788303347	76.89993630118875	0.00017486165784184166
0.0002	0.9902201866622329	0.992891848579627	746.8239657217101	76.02885711130251	0.00018334341307000066
0.00021	0.9897566803200435	0.9925544574235257	738.3455636949271	75.1785908873305	0.00019176348794374185
0.00022	0.9892953142808054	0.9922185772844602	730.0627994649244	74.3485146557355	0.00020012314886894012
0.00023	0.9888360549498629	0.991884184182276	721.969989598566	73.53802609689689	0.00020842362865149494
0.00024000000000000003	0.9883788695942362	0.9915512547550531	714.0616351784009	72.74654294009106	0.00021666612481376638
0.00025	0.9879237262555304	0.9912197661955521	706.3324155491679	71.97350226974451	0.00022485180236140586
0.00026000000000000003	0.9874705937963489	0.9908896962855057	698.777182412804	71.21835986465999	0.00023298179287816278
0.00027	0.9870194418101852	0.9905610233299542	691.3909537034501	70.48058952152047	0.0002410571974138634
0.00028000000000000003	0.9865702406648317	0.9902337261893694	684.1689080061477	69.75968243195955	0.0002490790856566129
0.00029	0.9861229614152892	0.9899077842161804	677.1063788315794	69.05514655151109	0.0002570484987144846
0.00030000000000000003	0.9856775758462243	0.9895831772861934	670.1988494268289	68.36650602136766	0.0002649664482894425
0.00031	0.9852340563883948	0.9892598857376698	663.4419474509011	67.69330058256196	0.00027283391933401977
0.00032	0.9847923761603677	0.9889378904021888	656.8314401583768	67.03508504007814	0.0002806518692209293
0.00034	0.9839143981644369	0.9882976919806064	644.0319777849251	65.76177309392666	0.00029614398857262574
0.00036	0.983043461763256	0.9876624536235997	631.7702992734175	64.54340319491071	0.00031144915782144953
0.00038	0.9821793806820648	0.9870320425615061	620.0174359101072	63.376939335865934	0.00032657390425900977
0.0004	0.9813219728500435	0.9864063290639501	608.7459900295321	62.259514972426636	0.00034152457082992446
0.00042	0.980471062404062	0.9857851878461558	597.930176624387	61.1884367145918	0.0003563072409797448
0.00044	0.9796264811703415	0.9851684991390111	587.5457666171244	60.1611777599936	0.0003709276956906666
0.00046	0.9787880678011401	0.9845561480547893	577.5699978271022	59.17536808279452	0.00038539144092108026
0.00048000000000000007	0.9779556682627464	0.9839480249490253	567.9814851100282	58.228784537966774	0.0003997036993840998
0.0005	0.9771291347422092	0.9833440246237226	558.7601298468192	57.3193410042915	0.0004138694461710739
0.0005200000000000001	0.9763083260246237	0.9827440466098414	549.8870378640185	56.445079400735324	0.0004278934036728573
0.00054	0.9754931064562209	0.9821479944117776	541.3444395263928	55.60416102173098	0.0004417800751301991
0.0005600000000000001	0.9746833463072293	0.981555775779025	533.115618229514	54.794858737711664	0.0004555337393198152
0.00058	0.97387892081526	0.9809673020088746	525.1848408972784	54.01554948560084	0.00046915848120627286
0.0006000000000000001	0.9730797105423865	0.9803824882134197	517.5372959886718	53.26470752830863	0.0004826581861645313
0.00062	0.9722856004942826	0.9798012526771532	510.1590331011594	52.540897951868615	0.000496036567929667
0.00064	0.9714964804708156	0.979223517118829	503.03690921653634	51.842770838796966	0.0005092971624552509
0.00068	0.9699326813397426	0.97807817041825	489.50829038662727	50.51815826665848	0.0005354816795256701
0.00072	0.9683875976095508	0.9769459400079984	476.86406932458544	49.28192439076325	0.0005612343079068724
0.00076	0.9668605111234506	0.9758263162141476	465.0243112566049	48.125908964869325	0.0005865773905855899
0.0008	0.9653507413008731	0.9747188164164149	453.9170648950231	47.04278650660209	0.0006115318446864639
0.00084	0.9638576456158137	0.973622985141502	443.47785251511965	46.02600965388162	0.0006361171525097966
0.00088	0.962380626257571	0.972538398931077	433.6489436463127	45.06973088689628	0.0006603512156994845
0.00092	0.9609191211232754	0.971464659748808	424.37859776782335	44.168722242195365	0.0006842506427212534
0.0009600000000000001	0.9594726068025383	0.9704013972363504	415.6203925822703	43.31830406274993	0.0007078307082655751
0.001	0.9580405898332007	0.9693482623323928	407.33260566472546	42.51428003800031	0.0007311056275394923
0.0010400000000000001	0.9566226092946383	0.9683049292419891	399.4776885806049	41.75288180893699	0.0007540885181577708
0.00108	0.9552182291921102	0.9672710898762704	392.02178727736447	41.03071891893656	0.0007767916350577917
0.0011200000000000001	0.9538270409680213	0.9662464557542063	384.93433711548147	40.34473640330732	0.0007992263270812645
0.00116	0.9524486569235823	0.9652307531951568	378.1876918554524	39.69217631337289	0.0008214032367012887
0.0012000000000000001	0.9510827126424843	0.9642237251495098	371.7568113371686	39.07054518742265	0.0008433322531805152
0.00124	0.9497288612878346	0.9632251270267652	365.6189733834581	38.47758435271064	0.0008650226832245881
0.00128	0.9483867759131314	0.9622347284377628	359.75353197279145	37.9112448693059	0.0008864832028300026
0.00136	0.9457364240933473	0.960277490025879	348.76054800591663	36.8505875358468	0.000928752148275401
0.00144	0.943129559557668	0.9583505323036136	338.6521721341169	35.876138146808636	0.0009701938164521224
0.00152	0.9405641350198974	0.9564524145838468	329.31982181486785	34.977186882456394	0.001010860304205813
0.0016	0.938038262372625	0.9545818103876091	320.67114161628217	34.144646513896426	0.0010507986368643296
0.00168	0.9355501827075658	0.9527374844934482	312.62766119506745	33.370813332460784	0.001090051828113332
0.00176	0.9330982914143778	0.9509183116366557	305.1225509198627	32.6491389566304	0.001128658374973905
0.00184	0.9306810936420297	0.9491232437968072	298.09859556874216	31.974026952652796	0.0011666535669567913
0.0019200000000000003	0.9282972192245129	0.9473513216629229	291.5065946738007	31.34067197742076	0.0012040691773372257
0.002	0.9259453851493361	0.9456016471097443	285.30399360622255	30.7449235716031	0.0012409345331501592
0.0020800000000000003	0.9236244083515092	0.9438733930481319	279.4538280463767	30.18318070483358	0.0012772762275138538
0.00216	0.9213331754454606	0.9421657811983131	273.92381196119635	29.652301632499046	0.0013131189672999167
0.0022400000000000002	0.9190706541620292	0.940478090879301	268.6856370552833	29.149534242561128	0.001348485300746684
0.00232	0.9168358688026012	0.9388096409533313	263.714355407395	28.672455369358907	0.0013833962955233658
0.0024000000000000002	0.914627910407162	0.9371597976300544	258.98790625805367	28.218923913909286	0.0014178712874327916
0.00248	0.9124459166259155	0.9355279596347407	254.48668969605126	27.787039126704617	0.0014519284303812
0.00256	0.9102890807031092	0.9339135650999003	250.19324092684533	27.375108423182876	0.001485584468697781
0.00272	0.9060474500133665	0.9307347256728978	242.16373931473302	26.60473862386086	0.0015517586859788279
0.00288	0.9018977608526443	0.9276196158734588	234.79756545710592	25.897950724329657	0.0016165035180576858
0.00304	0.8978349968346242	0.9245647448321177	228.00853299436426	25.24641195975093	0.001679919649766247
0.0032	0.8938546036758833	0.9215669509680013	221.72472511687872	24.643178346998223	0.0017420956329247488
0.00336	0.8899523692900647	0.918623310375481	215.88596728964538	24.082446951791738	0.0018031119371601627
0.00352	0.8861244855787535	0.9157311845119376	210.44168833865288	23.559345769015263	0.0018630396006875567
0.00368	0.8823674234924211	0.9128881276995675	205.34901320164423	23.069748778921156	0.0019219436011229504
0.0038400000000000005	0.8786779713435093	0.910091917940547	200.57138307270966	22.610141027120573	0.0019798818247239182
0.004	0.8750531364815836	0.9073404841824498	196.07735968452906	22.17750306815071	0.002036907626943514
0.0041600000000000005	0.8714901764575119	0.9046319314937507	191.83977671144527	21.769228083621282	0.002093068943932635
0.00432	0.8679865228811248	0.9019644845950195	187.83498259288444	21.383048863983635	0.002148410254868925
0.0044800000000000005	0.8645398078334772	0.8993365091728458	184.0423054168104	21.016985564435632	0.002202971811767953
0.00464	0.8611478040327197	0.8967464673721183	180.44355737729467	20.669298004128994	0.002256791174667787
0.0048000000000000004	0.8578084473374777	0.8941929359447319	177.02268632862857	20.338451657666134	0.0023099025460811343
0.00496	0.8545197889356513	0.8916745705772817	173.7654408665613	20.023085470527818	0.0023623379953843443
0.00512	0.8512800145820026	0.8891901214087647	170.6591367161387	19.721989067649318	0.0024141268834922992
0.00544	0.8449400559693435	0.8843181426786353	164.85169640460464	19.158065219409877	0.0025158624076769636
0.00576	0.8387764170533936	0.8795686046434612	159.52641697457705	18.639635684325732	0.0026153142778020696
0.00608	0.8327778991424031	0.8749337854992819	154.62067046519485	18.16074712407143	0.002712660745757293
0.0064	0.8269345124174633	0.8704068176004748	150.08222037318546	17.71644232525604	0.002808053737812608
0.00672	0.8212371342006384	0.8659814253732312	145.8673273566019	17.302577189201894	0.002901629983757461
0.00704	0.8156775926372384	0.8616519984040757	141.93924390753102	16.915675061382704	0.002993508631121393
0.00736	0.8102483830162169	0.8574133789467175	138.26678867447538	16.55279017850723	0.003083798416381824
0.007680000000000001	0.8049427269666364	0.8532609164000039	134.8233760120719	16.21141436361015	0.0031725952430234233
0.008	0.799754359023436	0.8491903071545848	131.58612131607953	15.8893915436869	0.003259987413995149
0.008320000000000001	0.7946775772727425	0.8451976408132668	128.53524790501004	15.584860925823127	0.003346053524653371
0.00864	0.7897070814062394	0.8412792780462591	125.653519730484	15.296202849027834	0.0034308664570965467
0.008960000000000001	0.7848380165842574	0.8374318902081808	122.92586978061023	15.022003306265395	0.0035144915807262833
0.00928	0.7800658480458718	0.8336523642459674	120.33902801987121	14.761018442765035	0.0035969898809961177
0.009600000000000001	0.7753863989458502	0.8299378366487343	117.8812808209202	14.512151677139725	0.003678416421344302
0.00992	0.7707957514396848	0.8262856180271374	115.5422188219189	14.274429635894133	0.0037588228431237602
0.01024	0.766290279301054	0.8226932222664518	113.31257647811978	14.046986961680746	0.003838256045216964
0.01088	0.7575226977939626	0.8156797007702012	109.1482054306674	13.619804043299776	0.00399431676863995
0.01152	0.7490580827855127	0.8088796154131918	105.33274460271113	13.22546702079831	0.004146964711320062
0.01216	0.7408741639583396	0.802277628901339	101.81999428666808	12.859686452264057	0.004296490543150399
0.0128	0.732951580216706	0.7958604547162456	98.57169192944924	12.518911756789048	0.004443131454430494
0.01344	0.7252729180243681	0.7896161193957972	95.55587339471111	12.200179233657309	0.004587099823067023
0.01408	0.717822731744061	0.7835340204201098	92.74573979035075	11.90100781856141	0.0047285786619237465
0.01472	0.7105869599279406	0.7776044799647929	90.1185714780256	11.61929555719468	0.004867735911408405
0.015360000000000002	0.7035529944549666	0.7718188317997683	87.65503397720454	11.353255623788986	0.005004718424948267
0.016	0.6967092673121974	0.7661691028391435	85.33850515626446	11.101351893611747	0.005139662186349343
0.016640000000000002	0.6900453198976958	0.7606480928147596	83.15465379230172	10.862260565438671	0.00527268719702943
0.01728	0.6835514959424189	0.7552491353937205	81.09101148686734	10.63482909949406	0.005403905356084069
0.017920000000000002	0.6772190042982077	0.7499661675059311	79.13670847383978	10.418052552158093	0.005533416191684028
0.01856	0.6710396848488336	0.7447935455554903	77.28219136813391	10.211046446740617	0.005661313082715018
0.019200000000000002	0.6650060639750552	0.739726105200133	75.51905200283132	10.013031728988949	0.005787679660804631
0.01984	0.659111172583892	0.7347590171953675	73.83983531777972	9.823316246670453	0.005912594810000211
0.02048	0.6533485945902306	0.7298878388486504	72.2379252772162	9.641284932300284	0.006036129609268168
0.02176	0.6422032679797007	0.7204218652494425	69.24488576438165	9.298258625751993	0.006279150438004765
0.02304	0.631521132782681	0.7112937615067069	66.49780171276586	8.980076487366018	0.006517385267072728
0.02432	0.6212628281981235	0.7024759615375638	63.96355364579867	8.683627017771483	0.006751287150917623
0.0256	0.6113952328965606	0.6939453574184923	61.61532875415079	8.40636763539447	0.006981207805779397
0.02688	0.601889019181484	0.6856814015531988	59.430894909098015	8.146173075053236	0.007207463983968685
0.02816	0.5927183985538449	0.6776660368187117	57.39167220878628	7.901257596663936	0.007430326365361663
0.02944	0.5838600883773897	0.6698828760192342	55.48192157351332	7.670096443400483	0.007650046406751002
0.030720000000000004	0.5752933618934633	0.6623173337013513	53.68826182261647	7.451385170500066	0.007866841745111944
0.032	0.5669993618754993	0.6549560716767812	51.99918816620881	7.24399232629541	0.008080915703594291
0.033280000000000004	0.5589611672788476	0.6477871223824594	50.4047840398196	7.046935965020245	0.008292445529768093
0.03456	0.5511632899147204	0.6407994765104538	48.89641592726745	6.859353334837981	0.00850159772167809
0.035840000000000004	0.5435917362685118	0.6339831874838442	47.466553816989034	6.68048668965248	0.00870851845403914
0.03712	0.5362336288873014	0.6273290569673798	46.10857086548753	6.509663058235052	0.008913345791669506
0.038400000000000004	0.5290772624274321	0.6208287237260266	44.81662811623093	6.346285390839612	0.009116201728036415
0.03968	0.5221118137062637	0.6144744194622127	43.58553885561715	6.189818585079779	0.009317202066642149
0.04096	0.5153273918751725	0.608259044747158	42.41069250519051	6.039783808015581	0.009516449711933824
0.04352	0.5022829271553214	0.5962330995438591	40.217662676346684	5.757670357403813	0.009909704268762826
0.04608	0.4898612162927684	0.5846899765286321	38.20464770503739	5.496590474255651	0.010297032313368698
0.04864	0.47800260828806934	0.5735859841766543	36.34812558657272	5.254010241731	0.010679089773483929
0.0512	0.4666589344038961	0.5628860002018906	34.62941291748463	5.027879358757695	0.011056357982860926
0.05376	0.4557882628522103	0.5525592486486706	33.032921507453956	4.816467295848042	0.011429277674396315
0.05632	0.44535405936821154	0.5425789101617021	31.545486774412254	4.618302975390996	0.011798218251025085
0.05888	0.43532366187227794	0.5329208212832959	30.155847912337187	4.43211474891225	0.012163528083715706
0.06144000000000001	0.42566825920050977	0.5235636584764224	28.854354413394564	4.256804491534216	0.01252550080532594
0.064	0.41636190726240146	0.5144880764431407	27.632648934664108	4.091410972375438	0.012884414095174006
0.06656000000000001	0.40738154498578333	0.5056768750705273	26.48348212983746	3.9350943228506106	0.013240502991374895
0.06912	0.39870626844946394	0.49711435185199276	25.400503251214218	3.787111522216107	0.013593991125299158
0.07168000000000001	0.39031735829037056	0.4887864440237696	24.378141905202103	3.646806672178925	0.013945068790474078
0.07424	0.382197736906962	0.4806802345375838	23.411467619493063	3.513594103787057	0.014293918294520399
0.07680000000000001	0.37433200619937324	0.47278407759911334	22.49611344764129	3.386952192223193	0.014640695497690596
0.07936	0.36670603550977265	0.46508721592832375	21.62817928658592	3.2664114005649068	0.014985550702730643
0.08192	0.35930700475466054	0.4575798922472389	20.804181416142374	3.151550277573799	0.015328612903967859
0.08704	0.3451783265781247	0.4431288655398905	19.280699901778604	2.937853583950093	0.016009223705269224
0.09216	0.33182417521987967	0.42933437741365604	17.897781684814827	2.7426541288722905	0.01668405224875557
0.09728	0.31916863922416155	0.41613694159652165	16.63750568996975	2.563696495713492	0.01735390568536284
0.1024	0.3071529857145826	0.40349098384518384	15.485689837183857	2.399173112457565	0.01801932377632346
0.10752	0.2957261867841639	0.39135660838687647	14.430269393544048	2.2475459618635543	0.018680828611321004
0.11264	0.28484370936076775	0.37969904732741094	13.460904266076838	2.1074979816867145	0.01933882830296483
0.11776	0.2744656533665947	0.36848683944024757	12.568651026262206	1.9778833547430892	0.019993726549187064
0.12288000000000002	0.264556865686094	0.3576922913895532	11.745785439250605	1.8577088112640228	0.020645835884430305
0.128	0.25508566131660165	0.3472902013355296	10.985567177990859	1.7461014524790461	0.021295467274034776
0.13312000000000002	0.24602390506575128	0.3372582137281035	10.282114486620491	1.6422966781271076	0.021942860118736578
0.13824	0.23734603614923266	0.32757582998781387	9.630241453360759	1.5456159864447006	0.02258825590879371
0.14336000000000002	0.22902915451234457	0.31822470490975535	9.025376710424558	1.4554592769801489	0.023231839682015882
0.14848	0.22105228634726598	0.30918788426865146	8.463452026596398	1.3712893818097067	0.023873801082888634
0.15360000000000001	0.21339648309896347	0.3004500662471817	7.940849733497353	1.292627178619655	0.024514284519984483
0.15872	0.20604426205285006	0.2919970069306812	7.454324708821697	1.2190405815645051	0.02515344048404047
0.16384	0.19897970942161164	0.28381575154233923	7.000969619124628	1.1501413918526031	0.025791382648356773
0.17408	0.18571549752814895	0.268280391396258	6.187996106842243	1.0255041852025113	0.027063199673268232
0.18432	0.17342634144763483	0.2536882205373635	5.477483043843534	0.9156570830462234	0.02833144607638981
0.19456	0.1620174914570631	0.2399585007930666	4.854854468234852	0.8185562263451818	0.02959685527728935
0.2048	0.15141614854561547	0.22703035752406384	4.30838875509133	0.7325603172284032	0.03085977020289396
0.21504	0.14155672772653258	0.21484826821588557	3.8279856438987485	0.6562657222523021	0.03212063021246461
0.22528	0.13238044375762964	0.20336234344911824	3.404998488051617	0.5884719179945826	0.03337967771188152
0.23552	0.12383347973432979	0.19252612314396125	3.0319955843019653	0.5281403734994196	0.034637236173823464
0.24576000000000003	0.1158676733195869	0.1822978482368183	2.7026205707261104	0.4743781595340487	0.03589347003220401
0.256	0.10843895158512691	0.1726386635927476	2.411390867232115	0.42640885160900766	0.03714861345780804
0.26624000000000003	0.10150767591170477	0.16351344251326405	2.1535891049765286	0.38356042669271756	0.0384027753693413
0.27648	0.09503739891150337	0.1548893552295758	1.9251223965356488	0.3452450297108191	0.03965612700410183
0.28672000000000003	0.08899511890506434	0.1467364967075824	1.722448038881372	0.3109506114118905	0.0409087400575967
0.29696	0.08335034207057959	0.13902678716737302	1.5424766483150751	0.28022690522283505	0.04216074180015586
0.30720000000000003	0.07807529718223044	0.1317344799349842	1.382521057626504	0.2526796199871482	0.04341217915618058
0.31744	0.07314422387485851	0.12483531221026568	1.2402283499365812	0.22796055268717044	0.04466314828760717
0.32768	0.06853355202294988	0.1183069181488292	1.113543810440643	0.20576344789965492	0.04591367958172797
0.34816	0.06025929466166881	0.10636803948456379	0.9020881800492504	0.168134624619188	0.048412585804811004
0.36864	0.052998010802007695	0.0956494899943349	0.7328411494580789	0.13760207868494964	0.050910379315343125
0.38912	0.04661867820722038	0.08601700759346592	0.5971153434615143	0.11276323937341332	0.05340751780155073
0.4096	0.04101675129377182	0.0773636838192944	0.48815126436119566	0.09253235094587497	0.055903893509095665
0.43008	0.0360977101168065	0.06959036938458088	0.40048947956371345	0.07603086924266685	0.05839977207211955
0.45056	0.03177798366263855	0.06260762152742029	0.32979447413008667	0.06255223355638695	0.060895087815178994
0.47104	0.027983342274047716	0.05633374819892982	0.2726260433451982	0.05152561937425012	0.06339004505361327
0.49152000000000007	0.024649176805258827	0.050696147575418134	0.22626918956268002	0.04249238217154392	0.06588458887919066
0.512	0.0217185810177443	0.045629148754764745	0.18856849721986213	0.0350815445924564	0.06837886947613797
0.5324800000000001	0.019142085651596356	0.04107445309314716	0.15781871233900838	0.028993978739003685	0.07087283926148995
0.55296	0.016876162100212713	0.03697942758397436	0.13266013995938933	0.023986925901480816	0.0733666095676231
0.5734400000000001	0.014882913167576603	0.0332972684021123	0.11201210669720937	0.019863841828416218	0.07586014031389257
0.59392	0.013128987132237603	0.02998574154010879	0.09501029821656702	0.01646468510551588	0.07835351534641968
0.6144000000000001	0.011585303256963565	0.027007226996944307	0.08096454263087542	0.013659396708086656	0.08084670170843412
0.63488	0.010226263484126618	0.024327789298640858	0.06932060194487782	0.011341750420257804	0.08333976338319214
0.65536	0.009029517872052733	0.02191715603798819	0.05963397653801472	0.009425130278476017	0.08583267367749664
0.69632	0.0070779609776973045	0.017853604762048735	0.04501216774465781	0.006557271921007123	0.09081739444721199
0.73728	0.005550890880682042	0.014544288601306436	0.03454466370961308	0.004572112469688568	0.09580176798297543
0.77824	0.00435551577565299	0.01184802009108916	0.026967774861434132	0.003193844771979288	0.1007860863349302
0.8192	0.0034213612769286444	0.009654441879899537	0.02141711262942646	0.0022358595052407843	0.1057701051549222
0.86016	0.002691501124366839	0.007870647164783718	0.017291024606804324	0.0015687128605971195	0.11075400742970302
0.90112	0.002121025589306179	0.006420186205918954	0.014176793719442606	0.0011031048286009927	0.11573766930455685
0.94208	0.001674702228041985	0.005240384370892745	0.011789780205949587	0.0007773790959802813	0.12072122086010889
0.9830400000000001	0.0013251677877527436	0.0042804488201975835	0.00993270152829	0.0005490022084565848	0.1257045889103234
1.024	0.001051091336472348	0.003499039857969459	0.008466923905290774	0.00038851851942770183	0.1306878600590225
1.0649600000000001	0.0008359179138810915	0.002862700532097733	0.0072941016420813905	0.00027550860414210266	0.13567098929752902
1.10592	0.0006667434534486839	0.0023442299524006126	0.006343771244153102	0.0001957629039884245	0.14065403431286583
1.1468800000000001	0.000533537735135302	0.0019215960308969454	0.005564470888712021	0.00013937999636819487	0.14563696724018754
1.18784	0.0004284753535384797	0.0015768868588166526	0.004918357156695967	9.943740840148268e-5	0.1506198270207433
1.2288000000000001	0.00034546327074569806	0.0012955806830179117	0.004377251931621486	7.108865849746628e-5	0.15560259645456045
1.26976	0.00027974226728072455	0.0010658690118008124	0.003919872703381678	5.093083459743371e-5	0.16058530223829523
1.31072	0.00022759985049674458	0.0008781693727245366	0.003529986392529289	3.657126985159394e-5	0.1655679338438557
1.39264	0.00015491005423970736	0.0006057661721332183	0.0029181470647186903	1.9314465612106188e-5	0.17553284781780387
1.47456	0.0001075759240323394	0.00042035754621512413	0.0024491122180430344	1.029745731999008e-5	0.18549755267177961
1.55648	7.646073101564023e-5	0.00029382755861742204	0.0020828657063910075	5.555010936767868e-6	0.19546213464222675
1.6384	5.581622218664742e-5	0.00020742947219168774	0.0017921128099413093	3.0487640001844056e-6	0.20542655078978853
1.72032	4.1918649829557156e-5	0.00014824202541223203	0.001557645098103695	1.7141358505315232e-6	0.2153908508420147
1.80224	3.2390413662485234e-5	0.0001074867862502699	0.001365896264065714	9.960826067037873e-7	0.22535502184824585
1.88416	2.5719185158755433e-5	7.923767869044132e-5	0.0012071219487919738	6.045722872023503e-7	0.23531909445191754
1.9660800000000003	2.09398773222855e-5	5.9501207875990345e-5	0.001074195391879953	3.8736096931257693e-7	0.24528306520190543
2.048	1.7432174017207814e-5	4.558196274755974e-5	0.0009618081639980547	2.640421892108574e-7	0.2552469534187434
2.1299200000000003	1.4793673694120334e-5	3.56572562114814e-5	0.0008659436488591461	1.918685509323242e-7	0.2652107593117368
2.21184	1.2760560119193568e-5	2.8491042202294643e-5	0.000783517123955945	1.4794148590135852e-7	0.27517449574596237
2.2937600000000002	1.1157639913084776e-5	2.3242434348835794e-5	0.0007121288345315872	1.1989148133382566e-7	0.28513816429865596
2.37568	9.866978227069449e-6	1.933727856870354e-5	0.0006498892333061285	1.0097054295067418e-7	0.29510177397054
2.4576000000000002	8.807881144907461e-6	1.6381778338594603e-5	0.0005952946108184536	8.745415686607321e-8	0.3050653267513443
2.53952	7.924215172623977e-6	1.410452350557013e-5	0.000547136357863196	7.725696738680608e-8	0.3150288292034546
2.62144	7.176182376643823e-6	1.2317297105708453e-5	0.0005044344142570093	6.919041747199892e-8	0.32499228333239427
2.78528	6.006854077970003e-6	9.79286815242614e-6	0.00043393867633581583	5.71369847880011e-8	0.34491901711887646
2.94912	5.1044879254870636e-6	8.039080822835531e-6	0.0003765690111731768	4.8123250960680364e-8	0.36484559859903665
3.11296	4.389927902604537e-6	6.754592531052216e-6	0.0003292364703937794	4.104773631201218e-8	0.3847720550862219
3.2768	3.812438868392294e-6	5.77395599732174e-6	0.0002897258642307233	3.535836549954358e-8	0.4046983946023743
3.44064	3.3375762479339647e-6	4.999576489130331e-6	0.0002563900254990877	3.0724324273037274e-8	0.4246246348429254
3.60448	2.941430701439358e-6	4.371676101581419e-6	0.00022799463573956434	2.6921336705815913e-8	0.44455078305769663
3.76832	2.6069533744115016e-6	3.8520678254397e-6	0.00020360321837205965	2.3784574504634897e-8	0.4644768517112684
3.9321600000000005	2.3216580494831666e-6	3.4152182287553014e-6	0.0001824959088291416	2.118706102023641e-8	0.48440284677603807
4.096	2.076177828878029e-6	3.043325072897908e-6	0.00016410812764627934	1.9028399021059467e-8	0.5043287773438888
4.2598400000000005	1.8633969514020114e-6	2.7235574215993187e-6	0.00014800747905044414	1.722806545732175e-8	0.5242546482797852
4.42368	1.6777816523330777e-6	2.446359321807359e-6	0.00013383658717225664	1.5720947547814894e-8	0.5441804664147819
4.5875200000000005	1.51496748988741e-6	2.2044272650793434e-6	0.0001213116094970484	1.445414457960348e-8	0.5641062357078005
4.75136	1.371474201714697e-6	1.992070948331736e-6	0.00011020119078653974	1.338455351160948e-8	0.5840319614097372
4.9152000000000005	1.2444928864486955e-6	1.8047790174441924e-6	0.00010031479613252801	1.2476989668933379e-8	0.6039576467483814
5.07904	1.1317303485567288e-6	1.6389213066053676e-6	9.149395722194486e-5	1.1702696213324751e-8	0.6238832958287636
5.24288	1.0312940387197175e-6	1.4915371953403833e-6	8.360565096922303e-5	1.103814931413037e-8	0.6438089112883298
5.57056	8.659672835187807e-7	1.2493763954128666e-6	7.057082231163226e-5	9.984528109908302e-9	0.6836600237906864
5.89824	7.322961678634782e-7	1.0541389008405e-6	5.997750630968945e-5	9.169084547015722e-9	0.7235110331031535
6.22592	6.23487409981307e-7	8.956310508237401e-7	5.1313764448356214e-5	8.518595625412264e-9	0.7633619585510435
6.5536	5.344886250949642e-7	7.662506520377733e-7	4.4203037815168176e-5	7.984155630800004e-9	0.8032128095868768
6.88128	4.6141414116327983e-7	6.601794534694589e-7	3.834947328025456e-5	7.532377586677284e-9	0.8430635980192382
7.20896	4.012259257773891e-7	5.729114882041188e-7	3.351764628474045e-5	7.140401404658394e-9	0.8829143303527075
7.53664	3.515123815434533e-7	5.008975624222391e-7	2.951872065548587e-5	6.792530668428777e-9	0.9227650146122108
7.864320000000001	3.103398020441878e-7	4.4130582541883653e-7	2.6200321180874793e-5	6.477947139101219e-9	0.962615655292184
8.192	2.761474419188442e-7	3.9185747839813923e-7	2.3438942091101946e-5	6.189156612900542e-9	1.0024662579324
8.519680000000001	2.47669833493882e-7	3.507083540877505e-7	2.113414425674639e-5	5.920931897310416e-9	1.0423168256422601
8.84736	2.238775548594974e-7	3.1636018124133306e-7	1.9204045534326934e-5	5.669593550146784e-9	1.0821673623027435
9.175040000000001	2.0393118369870946e-7	2.875923087691599e-7	1.758177004841216e-5	5.432520390103855e-9	1.1220178700808852
9.50272	1.8714501048622474e-7	2.63408246671006e-7	1.621262335510222e-5	5.207816210829048e-9	1.1618683517428146
9.830400000000001	1.7295814592205008e-7	2.4299327933308985e-7	1.5051827530029169e-5	4.994082819922001e-9	1.2017188088148911
10.15808	1.6091133922222626e-7	2.2568055900853503e-7	1.4062694227488344e-5	4.790265374739053e-9	1.2415692433062322
10.48576	1.5062826957347732e-7	2.109237999824447e-7	1.3215144575837428e-5	4.595546956980466e-9	1.2814196563106743
11.14112	1.347932321415009e-7	1.882413176537156e-7	1.1900608438351205e-5	4.233827688936485e-9	1.3611204005239699
11.79648	1.226336911029712e-7	1.7089821271547327e-7	1.0882096646214552e-5	3.901625242081951e-9	1.4408210711373057
12.45184	1.1302110350393371e-7	1.572446996347239e-7	1.0068952371393202e-5	3.5959286583307795e-9	1.5205216775394137
13.1072	1.0521462538828481e-7	1.4619975058695041e-7	9.402095144990078e-6	3.314396913054652e-9	1.600222222291631
13.76256	9.870427286839066e-8	1.3702260533617776e-7	8.840705260168093e-6	3.055012188778479e-9	1.679922710698247
14.41792	9.313609026534242e-8	1.2920034192842774e-7	8.356390736576769e-6	2.81597941485716e-9	1.7596231446219628
15.07328	8.826348997459455e-8	1.2237596727543145e-7	7.929346564721021e-6	2.5956756079179065e-9	1.8393235278910638
15.728640000000002	8.391411892418612e-8	1.1630010876995314e-7	7.54571103037481e-6	2.3926203355303683e-9	1.9190238621092652
16.384	7.996702188411215e-8	1.1079787393618756e-7	7.195738835844728e-6	2.205456661809133e-9	1.9987241502336428
17.039360000000002	7.633685904555674e-8	1.0574597181350546e-7	6.872538007145819e-6	2.0329376165100158e-9	2.0784243937507973
17.69472	7.296299228927196e-8	1.0105689529148318e-7	6.571196330749674e-6	1.8739156713341534e-9	2.1581245950672105
18.350080000000002	6.98019361003275e-8	9.66679805073975e-8	6.288177045336388e-6	1.727334019788231e-9	2.2378247555995263
19.00544	6.68221343639299e-8	9.253383740552419e-8	6.020900667571087e-6	1.5922190047890476e-9	2.3175248773816737
19.660800000000002	6.400034527356182e-8	8.862111101671765e-8	5.767455527668602e-6	1.4676733821609818e-9	2.397224961769936
20.31616	6.131913825804086e-8	8.49048544300975e-8	5.526397309135601e-6	1.352870221600564e-9	2.4769250105291865
20.97152	5.876516000997243e-8	8.136601640407283e-8	5.296610154279536e-6	1.2470473479023365e-9	2.556625024952426
22.28224	5.407421310106646e-8	7.48682909807252e-8	4.874136665317473e-6	1.0623603962576411e-9	2.7160249284873323
23.59296	4.977802338247629e-8	6.891861670290593e-8	4.487108980009034e-6	9.051732066029542e-10	2.875424711133129
24.90368	4.583218878071114e-8	6.345479548421088e-8	4.131539275879541e-6	7.712515568981461e-10	3.0348243848474854
26.2144	4.220384764887215e-8	5.843095501332381e-8	3.804525014463619e-6	6.571444766746476e-10	3.1942239575861517
27.52512	3.886530122218583e-8	5.380854634800809e-8	3.503601026577009e-6	5.599198592313498e-10	3.3536234377622596
28.83584	3.5792272609252596e-8	4.9553856544749496e-8	3.2265948466308853e-6	4.770798474861866e-10	3.513022832295007
30.14656	3.296303928408075e-8	4.563675827452685e-8	2.971556602433754e-6	4.064961760009189e-10	3.672422148192129
31.457280000000004	3.035793063633192e-8	4.20299900348619e-8	2.7367174551385597e-6	3.4635546958542025e-10	3.831821391443015
32.768	2.7959009325956303e-8	3.870870302812563e-8	2.520462752092964e-6	2.951126523714732e-10	3.991220567936161
34.078720000000004	2.5749852008625265e-8	3.565015140813487e-8	2.321313237056626e-6	2.5145125154837657e-10	4.15061968280748
35.38944	2.3715386123939785e-8	3.2833463092731565e-8	2.137910848089029e-6	2.1424957368141354e-10	4.3100187410277195
36.700160000000004	2.1841759894142816e-8	3.0239458087326626e-8	1.969007266548058e-6	1.8255188577889534e-10	4.469417746977575
38.01088	2.011623329084123e-8	2.785049664001682e-8	1.8134542292378214e-6	1.555438601491296e-10	4.628816704864085
39.321600000000004	1.852708328269791e-8	2.5650347586715922e-8	1.6701950616648039e-6	1.3253165254173424e-10	4.788215618412487
40.63232	1.7063519595197928e-8	2.3624071470324364e-8	1.5382571239943893e-6	1.1292407578389973e-10	4.9476144911888795
41.94304	1.5715608762534877e-8	2.175791525562739e-8	1.4167449862096121e-6	9.62174110370296e-11	5.107013326355586
44.56448	1.3396211416633366e-8	1.8547005904248387e-8	1.2076056588837422e-6	7.053339343938088e-11	5.425810866188232
47.18592	1.1422448207882049e-8	1.581433374443281e-8	1.0296837803090475e-6	5.173939698034642e-11	5.7446082895519215
49.80736	9.739785057342214e-9	1.3484686598016076e-8	8.780000397010326e-7	3.795489040525857e-11	6.063405615829037
52.4288	8.305054760054963e-9	1.1498307203967086e-8	7.486655361417644e-7	2.7842999234114893e-11	6.382202858865637
55.05024	7.081698682861635e-9	9.804575594190278e-9	6.383853637756801e-7	2.0425137429080557e-11	6.7010000314705405
57.67168	6.0385675123689986e-9	8.360364966405976e-9	5.443516213096947e-7	1.4983545062402047e-11	7.019797143561505
60.29312	5.1491052060969696e-9	7.128908441552899e-9	4.6417042145616435e-7	1.0991697857301905e-11	7.338594204510062
62.91456000000001	4.390670186964745e-9	6.078858761375703e-9	3.958007403675578e-7	8.063351567705846e-12	7.657391221463138
65.536	3.743957889066083e-9	5.183488775413094e-9	3.375023658626653e-7	5.915167098306889e-12	7.976188201288787
68.15744000000001	3.1925086536550586e-9	4.4200101162544845e-9	2.8779153813109527e-7	4.339293691121441e-12	8.294985149128548
70.77888	2.722288280120157e-9	3.768992467424476e-9	2.4540313939601185e-7	3.1832567991638606e-12	8.613782070022319
73.40032000000001	2.3213304778388583e-9	3.2138685347886566e-9	2.0925846330577513e-7	2.335204432800296e-12	8.932578967661705
76.02176	1.9794320644800165e-9	2.7405120467582315e-9	1.784377389204979e-7	1.7130843022414517e-12	9.251375845750477
78.64320000000001	1.6878931188146315e-9	2.3368779947535798e-9	1.5215670699543306e-7	1.2567044709372455e-12	9.570172706933075
81.26464	1.4392954487155932e-9	1.9926959216176137e-9	1.297466500857249e-7	9.219092614950249e-13	9.888969553935851
83.88608	1.2273137199926505e-9	1.699208429237395e-9	1.106373668129982e-7	6.763068500619661e-13	10.207766388647876
89.12896	9.075448884400989e-10	1.2565282667260954e-9	8.180461501912201e-8	3.763294577125715e-13	10.84536001360519
94.37184	6.719172739368609e-10	9.302915685585945e-10	6.056609104284021e-8	2.0996242802784488e-13	11.482953608112375
99.61472	4.975230693649689e-10	6.88836515850044e-10	4.484640658946412e-8	1.1716721329807432e-13	12.120547182878704
104.8576	3.683969676288415e-10	5.100572746628843e-10	3.3207069783288265e-8	6.53851210000304e-14	12.758140741603146
110.10048	2.727849273060801e-10	3.7767936245831484e-10	2.458866320814657e-8	3.648829792536716e-14	13.395734289924158
115.34336	2.019881191556214e-10	2.7965893312537413e-10	1.8207084559056687e-8	2.0362430665065218e-14	14.033327829473794
120.58624	1.4956580999686522e-10	2.0707858397690127e-10	1.3481770915617982e-8	1.1363364390417622e-14	14.670921363599003
125.82912000000002	1.1074900186152487e-10	1.5333548423286407e-10	9.98284817056977e-9	6.341405825176173e-15	15.308514892931013
131.072	8.200649670066913e-11	1.1354057713553276e-10	7.392016564414873e-9	3.5388769045117746e-15	15.946108419492084
136.31488000000002	6.072361292830038e-11	8.407375252266006e-11	5.4735904642524825e-9	1.9749070349314406e-15	16.58370194343674
141.55776	4.4964298066096195e-11	6.225448404413939e-11	4.053055382895002e-9	1.1021206567517878e-15	17.221295466009856
146.80064000000002	3.329498885291131e-11	4.609795777098944e-11	3.001190863072588e-9	6.150535179524217e-16	17.858888987156863
152.04352	2.465419030751859e-11	3.413450020147034e-11	2.222314429188658e-9	3.4324003951169636e-16	18.49648250765931
157.28640000000001	1.825590660270817e-11	2.5275875197236938e-11	1.6455769158239983e-9	1.9155092087449416e-16	19.13407602738597
162.52928	1.3518136774625961e-11	1.871628400154795e-11	1.2185171205506016e-9	1.0689854674650717e-16	19.77166954683733
167.77216	1.0009929484555907e-11	1.3859060861998053e-11	9.022893566177051e-10	5.965688952118274e-17	20.40926306586779
178.25792	5.777965501275954e-12	8.000288377718593e-12	5.207301472977279e-10	2.0580645559669696e-17	21.684450099407186
188.74368	3.3524005497080857e-12	4.641767645631278e-12	3.021376605795029e-10	7.176357122409758e-18	22.959637132034402
199.22944	1.946175039629284e-12	2.694688648827542e-12	1.754011992101712e-10	2.505067551617668e-18	24.234824165808078
209.7152	1.1298823954720012e-12	1.5644434964916006e-12	1.01831942941556e-10	8.745444771516289e-19	25.510011199435592
220.20096	6.559748489610444e-13	9.082676102872955e-13	5.912048451663947e-11	3.0531555257135705e-19	26.785198233788915
230.68672	3.8083912721673163e-13	5.273126628155244e-13	3.432356244353679e-11	1.0658999830294926e-19	28.060385268112416
241.17248	2.211038013347041e-13	3.061419534846555e-13	1.9927233230121244e-11	3.7212106166478436e-20	29.335572302862726
251.65824000000003	1.283663427713325e-13	1.777369847761657e-13	1.1569163581018094e-11	1.2991294642930892e-20	30.610759337613427
262.144	7.45257702254532e-14	1.0318893108993882e-13	6.716720337433858e-12	4.535457555641617e-21	31.88594637260786
272.62976000000003	4.3267534632068506e-14	5.990854760216099e-14	3.89953607179822e-12	1.5833989630772769e-21	33.16113340760814
283.11552	2.5119917905854948e-14	3.478122365351903e-14	2.263961342378542e-12	5.527900799972156e-22	34.436320442745334
293.60128000000003	1.4583933786603982e-14	2.0193022333358084e-14	1.3143937157027752e-12	1.9298822425950454e-22	35.71150747788764
304.08704	8.467039036606857e-15	1.172352474059414e-14	7.631015768384372e-13	6.737551501716058e-23	36.98669451310611
314.57280000000003	4.915739441144401e-15	6.806369119570139e-15	4.4303663778099834e-13	2.352199374582651e-23	38.26188154832802
325.05856	2.8539513328128326e-15	3.951602090177774e-15	2.5721562609310104e-13	8.211961803501565e-24	39.537068583592074
335.54432	1.6569319941185557e-15	2.2942002785543797e-15	1.4933288928335322e-13	2.866952364626137e-24	40.812255618858224
356.51584	6.352563733908082e-16	8.797048615225459e-16	5.723093529719817e-14	4.515109022669892e-25	43.362629689267145
377.48736	2.488233898130046e-16	3.445631899013873e-16	2.2418447228626957e-14	7.42850780326232e-26	45.91300375966887
398.45888	9.77999618157092e-17	1.354296122064795e-16	8.811692955120686e-15	1.2305304369254085e-26	48.463377830151586
419.4304	3.84606108909118e-17	5.325873403019137e-17	3.4652744273801973e-15	2.040478112392221e-27	51.01375190063893
440.40192	1.5126083280738447e-17	2.0946001147351486e-17	1.362849912646678e-15	3.3840418532788834e-28	53.56412597115397
461.37344	5.948946803157765e-18	8.237866029117036e-18	5.359960900208772e-16	5.612364687140758e-29	56.1145000416706
482.34496	2.339660649205204e-18	3.2398694989410026e-18	2.1080183558874823e-16	9.307957432468372e-30	58.66487411219657
503.31648000000007	9.201624487187704e-19	1.2742045729657484e-18	8.290600828775925e-17	1.5436918051970936e-30	61.21524818272306
524.288	3.6188879068238304e-19	5.011292942629684e-19	3.2605931694275455e-17	2.560146404591238e-31	63.76562225325269
545.2595200000001	1.4232621561651474e-19	1.9708772072094013e-19	1.2823493915633643e-17	4.2458760434363594e-32	66.3159963237825
566.23104	5.597497902374183e-20	7.751194056478932e-20	5.0433068636393424e-18	7.041551697059558e-33	68.86637039431338
587.2025600000001	2.201417115090817e-20	3.0484355238631087e-20	1.9834615231690557e-18	1.1677992033822268e-33	71.41674446484433
608.17408	8.657852244013636e-21	1.1989052161839305e-20	7.800664488437708e-19	1.9367201019114604e-34	73.96711853537565
629.1456000000001	3.405002909545709e-21	4.7151137209609104e-21	3.0678837908742565e-19	3.211918651965075e-35	76.51749260590698
650.11712	1.3391349085359214e-21	1.854381218201816e-21	1.2065511490673256e-19	5.326737384192761e-36	79.06786667643846
671.08864	5.266604824273679e-22	7.292986763359811e-22	4.7451738452554847e-20	8.833995363746078e-37	81.61824074696993
713.03168	1.0002596583124677e-22	1.3855985978325802e-22	9.003581346012904e-21	3.6493027364045203e-38	86.71898888803281
754.97472	2.067202299187516e-23	2.863362424634299e-23	1.8611598244798573e-21	1.7890450667233536e-39	91.81973702909572
796.91776	4.400325830913138e-24	6.094849913201657e-24	3.9620835369363686e-22	9.301922002238454e-41	96.92048517015866
838.8608	9.455261403859916e-25	1.3096279387245696e-24	8.513792427379123e-23	4.9276845557998144e-42	102.0212333112216
880.80384	2.037637122933755e-25	2.822280272589697e-25	1.834761470763695e-23	2.6255928612492994e-43	107.12198145228453
922.74688	4.3950927065568253e-26	6.087528337454846e-26	3.957507998601356e-24	1.4014679637127512e-44	112.22272959334748
964.68992	9.482601166651853e-27	1.3134100599187447e-26	8.53849921895496e-25	7.484694913973638e-46	117.32347773441045
1006.6329600000001	2.04607976288648e-27	2.8339708904182877e-27	1.8423693591357886e-25	3.9979365170707296e-47	122.4242258754734
1048.576	4.41497268383797e-28	6.115061647857587e-28	3.975412347586558e-26	2.1355923255400112e-48	127.52497401653636
1090.5190400000001	9.526561786954065e-29	1.3194988244892606e-28	8.578085087977469e-27	1.140791313518361e-49	132.6257221575993
1132.46208	2.0556290839856483e-29	2.8471973776066486e-29	1.850967994061055e-27	6.093893534491213e-51	137.72647029866226
1174.4051200000001	4.4356068398310225e-30	6.1436415440025014e-30	3.9939920225296345e-28	3.255239783632085e-52	142.82721843972521
1216.34816	9.571078663584194e-31	1.3256647620115359e-30	8.618169416408061e-29	1.7388824390166e-53	147.9279665807882
1258.2912000000001	2.065229167923076e-31	2.860494251012502e-31	1.859612192414132e-29	9.288733828821712e-55	153.02871472185114
1300.23424	4.4563075249025624e-32	6.172313621863433e-32	4.012631534783452e-30	4.961830270568118e-56	158.12946286291412
1342.17728	9.615715866225617e-33	1.3318473645994614e-32	8.65836210196341e-31	2.6504915935642593e-57	163.23021100397713
1426.06336	-2.1095904313859723e-35	-2.870522838477296e-35	-2.0063046005803078e-33	1.8597437319071497e-62	173.431707286103
1509.94944	-7.368054187810172e-35	-1.0203689381717864e-34	-6.638166155476772e-33	2.6592077295942028e-61	183.63320356822888
1593.83552	-1.1201813673124934e-35	-1.5517322607897913e-35	-1.0083556634294322e-33	8.014315769923729e-63	193.83469985035475
1677.7216	-1.1876017084060248e-36	-1.6453240960436684e-36	-1.068643841390649e-34	1.1756741978378953e-64	204.03619613248065
1761.60768	-1.0112037129319507e-37	-1.401073546308498e-37	-9.096390966191982e-36	1.1126056114011388e-66	214.23769241460653
1845.49376	-6.900574988984797e-39	-9.562249325339634e-39	-6.2051154703840516e-37	6.762149159801649e-69	224.4391886967324
1929.37984	-3.241067972271478e-40	-4.4924444920832974e-40	-2.9118840387870425e-38	1.9449801356344776e-71	234.64068497885827
2013.2659200000003	5.057737143974154e-43	6.817651248913967e-43	4.939431283240366e-41	7.309756725808178e-77	244.84218126098415
2097.152	2.4477038279705e-42	3.3897899421244396e-42	2.205192539655448e-40	1.9029355329035559e-75	255.04367754311
2181.0380800000003	3.7352320936295025e-43	5.174234746959923e-43	3.3623573687994945e-41	5.778309588693169e-77	265.2451738252359
2264.92416	3.966773614602998e-44	5.495632120325534e-44	3.5694438586982603e-42	8.505428491982e-79	275.44667010736174
2348.8102400000002	3.382209968461865e-45	4.6862186350620976e-45	3.0425093948679685e-43	8.071253077039791e-81	285.6481663894876
2432.69632	2.31202993893997e-46	3.2038176978654535e-46	2.0790237440951416e-44	4.922412803800543e-83	295.8496626716135
2516.5824000000002	1.0901643169430204e-47	1.511071652688798e-47	9.794507513909832e-46	1.4269421461593124e-85	306.0511589537394
2600.46848	-1.0400791434307852e-50	-1.3775866051085295e-50	-1.065775911031992e-48	2.2067593885891731e-91	316.2526552358653
2684.35456	-8.131193743762058e-50	-1.1260736816281048e-49	-7.325654534624167e-48	1.3617521773052557e-89	326.45415151799114
2852.12672	-3.9829989886552933e-50	-5.5240407205161435e-50	-3.5745270838904224e-48	5.392217436566609e-90	346.8571440822429
3019.89888	-2.7102587588717846e-51	-3.756789076390146e-51	-2.435603899802923e-49	4.155591949023802e-92	367.26013664649463
3187.67104	-7.712681374224644e-53	-1.068183618559645e-52	-6.944254775407879e-51	5.606572426524819e-95	387.6631292107463
3355.4432	2.754455318548009e-54	3.8243930009482927e-54	2.4657647336333726e-52	1.173197888126195e-97	408.06612177499807
3523.21536	4.4745557858979635e-55	6.20426126408593e-55	4.018101314250511e-53	5.170484795171127e-99	428.4691143392498
3690.98752	2.472132438460672e-56	3.426155553934169e-56	2.2223638932121902e-54	2.625072594836787e-101	448.87210690350156
3858.75968	4.391103630931798e-58	6.07649767068952e-58	3.961182022029714e-56	1.3841464518365573e-104	469.2750994677533
4026.5318400000006	-4.484297350464326e-59	-6.221683706618764e-59	-4.020995898014886e-57	2.367124918061525e-106	489.67809203200505
4194.304	-4.7219941112332206e-60	-6.546487576082438e-60	-4.2415889498791694e-58	4.371520777289978e-108	510.08108459625674
4362.0761600000005	-2.1137378547106514e-61	-2.9289621391482015e-61	-1.9009125941018051e-59	1.4572066916227472e-110	530.4840771605085
4529.84832	-9.420399290604703e-64	-1.2949467258927422e-63	-8.627658868907734e-62	4.982006191950976e-115	550.8870697247602
4697.6204800000005	5.93140279939984e-64	8.22678894201351e-64	5.322574111337885e-62	3.14690215061755e-115	571.290062289012
4865.39264	4.718604213110727e-65	6.540994007542377e-65	4.23973089717015e-63	3.3138882623563715e-117	591.6930548532638
5033.1648000000005	1.6570427050259266e-66	2.2955726654822811e-66	1.4910327670467947e-64	6.802321024303481e-120	612.0960474175156
5200.93696	-2.4528219153719956e-68	-3.4108934610109555e-68	-2.1878093958576825e-66	2.4306542504968073e-123	632.4990399817673
5368.70912	-7.029579129252722e-69	-9.747993408776506e-69	-6.310949311606547e-67	3.356719693381878e-124	652.902032546019
5704.25344	-1.9529469529368763e-69	-2.717838989562944e-69	-1.736637540786019e-67	6.460549655219552e-125	693.7080176745225
6039.79776	-5.382080340627092e-71	-7.468881710357194e-71	-4.822450827618699e-69	1.256418231643826e-127	734.514002803026
6375.34208	4.05900390148703e-73	5.71321687936581e-73	3.508497573840508e-71	1.6759827354425082e-131	775.3199879315295
6710.8864	7.112004845349826e-74	9.893259211725357e-74	6.333100271091516e-72	1.3761267209597455e-132	816.125973060033
7046.43072	1.814952075514158e-75	2.517511338743716e-75	1.6275928783853245e-73	2.290408524725161e-135	856.9319581885366
7381.97504	-1.9470263817638326e-77	-2.7311768758242635e-77	-1.6976556849365287e-75	6.279369475364134e-139	897.7379433170402
7717.51936	-2.5821915333987346e-78	-3.591404422474346e-78	-2.3002933840019884e-76	2.905217640263085e-140	938.5439284455437
8053.063680000001	-6.076956625142213e-80	-8.426953908969858e-80	-5.453390730651958e-78	4.114725227536891e-143	979.349913574047
8388.608	8.694452826548251e-82	1.2172102279510549e-81	7.618942799644398e-80	2.02391575020549e-146	1020.1558987025505
8724.152320000001	9.335393040651912e-83	1.2982043450416656e-82	8.319353230011639e-81	6.081035357938037e-148	1060.961883831054
9059.69664	2.017775633234881e-84	2.797162419516121e-84	1.8121576043351948e-82	7.270859081272926e-151	1101.7678689595575
9395.240960000001	-3.7114093703417565e-86	-5.189107874502936e-86	-3.2631196061813248e-84	5.940940149730096e-154	1142.5738540880611
9730.78528	-3.3610547209747544e-87	-4.6732846328601e-87	-2.996336754558427e-85	1.2623094427605764e-155	1183.3798392165647
10066.329600000001	-6.635503858287929e-89	-9.195096871974547e-89	-5.964786253543285e-87	1.2605780907837162e-158	1224.1858243450683
10401.87392	1.5356634208287908e-90	2.1450637548998727e-90	1.353390543924881e-88	1.6353911952813145e-161	1264.9918094735717
10737.41824	1.2051889065613598e-91	1.6754792155018587e-91	1.0747946939124508e-89	2.5990929014700794e-163	1305.797794602075
11408.50688	1.8319390430006488e-92	2.5766086714369677e-92	1.5823988123159963e-90	2.8911998060688637e-164	1387.4097648590819
12079.59552	1.7171131023688195e-94	2.3874557941395223e-94	1.5316911195264773e-92	1.3467442540308147e-167	1469.0217351160886
12750.68416	-3.1470596462781156e-96	-4.454354757776263e-96	-2.683287781894673e-94	2.045792717428435e-170	1550.6337053730956
13421.7728	-8.485695255888223e-98	-1.1877345414819884e-97	-7.434887693670064e-96	7.76958258966614e-173	1632.2456756301026
14092.86144	-9.480739287289024e-101	-1.1906814135512226e-100	-1.0352532200205037e-98	7.451226396887228e-178	1713.8576458871094
14763.95008	2.2872984689435957e-101	3.2169579895665803e-101	1.980513205360765e-99	1.3488723159230026e-178	1795.4696161441163
15435.03872	2.9184919119652377e-103	4.064471546667385e-103	2.587534428636523e-101	1.1388531579097308e-181	1877.0815864011233
16106.127360000002	-3.080013515215816e-105	-4.37839289139086e-105	-2.5968382629550035e-103	5.6736856035172057e-185	1958.6935566581303
16777.216	-1.1814478834829836e-106	-1.6556701762510478e-106	-1.0319538172083772e-104	4.4317574275755913e-187	2040.3055269151375
17448.304640000002	-4.98922919435176e-109	-6.816463536224117e-109	-4.621919864282184e-107	4.397241040845817e-191	2121.9174971721445
18119.39328	2.759651781588339e-110	3.8876763210326093e-110	2.3798672197034927e-108	5.766614192342595e-193	2203.5294674291513
18790.481920000002	4.607488485125257e-112	6.430893468509038e-112	4.063615011560155e-110	8.316116152852006e-196	2285.141437686158
19461.57056	-2.457291132536642e-114	-3.531176790326784e-114	-2.0145790682472044e-112	1.010983485318434e-199	2366.753407943165
20132.659200000002	-1.586457952292516e-115	-2.2260481676340016e-115	-1.381501122330902e-113	2.3515699573797953e-201	2448.3653782001716
20803.74784	-1.1441866430723845e-117	-1.5819630298797319e-117	-1.0317532667937828e-115	6.487645583206704e-205	2529.9773484571783
21474.83648	3.1561375430170735e-119	4.455796873750965e-119	2.7073857940051824e-117	2.2096103478648837e-207	2611.589318714185
22817.01376	6.582040394350295e-120	9.70633942122572e-120	4.961700654281672e-118	1.2189749633538103e-207	2774.813259228199
24159.19104	1.803309274033439e-122	2.5300913028288063e-122	1.5784825238647108e-120	1.782604560264659e-211	2938.037199742213
25501.36832	-2.54873434522003e-124	-3.806439781169982e-124	-1.9201986176475515e-122	3.681730402738096e-214	3101.261140256227
26843.5456	-1.7851927822512297e-126	-2.5549376904518644e-126	-1.477049709232844e-124	3.013472640328523e-217	3264.4850807702405
28185.72288	6.646814735880897e-129	1.0252059093028695e-128	4.643192607788544e-127	4.110060854309227e-221	3427.7090212842545
29527.90016	1.1459904463929357e-130	1.6616245174127854e-130	9.202764033535e-129	2.2271116476967733e-223	3590.932961798269
30870.07744	6.276106555272947e-134	6.073507578998252e-134	8.515105612440821e-132	2.6297453523096323e-228	3754.156902312283
32212.254720000004	-5.654612782560503e-135	-8.299405057570958e-135	-4.420657604947624e-133	9.775069498310042e-230	3917.380842826297
33554.432	-2.308982084094776e-137	-3.2295863754737776e-137	-1.989584522567615e-135	2.7307339995793945e-233	4080.6047833403104
34896.609280000004	2.088859492740316e-139	3.1211532443092663e-139	1.568370906213326e-137	2.340236123155779e-236	4243.828723854324
36238.78656	1.9180483563124613e-141	2.7530309639171855e-141	1.57134737113062e-139	3.2397671112733586e-239	4407.052664368338
37580.963840000004	-3.975570687374817e-144	-6.336056200885829e-144	-2.524105349032072e-142	1.1528997323554149e-243	4570.276604882351
38923.14112	-1.1233842235620525e-145	-1.634568706554666e-145	-8.945781479286029e-144	1.9971943877083586e-245	4733.500545396365
40265.318400000004	-1.9071905598065405e-148	-2.4923007860277614e-148	-1.8478683894464148e-146	1.1752574612653887e-249	4896.7244859103785
41607.49568	5.091666487181982e-150	7.50791495401602e-150	3.93900179184534e-148	7.364961457800986e-252	5059.948426424392
42949.67296	2.7667369717173294e-152	3.9156061708965864e-152	2.3314084709247333e-150	3.5582957249658083e-255	5223.1723669384055
45634.02752	9.625740273894297e-154	1.618099968385479e-153	2.489288374961817e-152	1.585366531505197e-256	5549.620247966433
48318.38208	-6.6689657298858545e-158	-1.0410400815931213e-157	-1.751009118563631e-156	3.7710848304718343e-261	5876.0681289944605
51002.73664	-2.2598431831990692e-159	-6.373397199119628e-159	1.10987409051519e-157	1.6627303933409634e-263	6202.516010022488
53687.0912	2.927030281733016e-162	3.993099979287041e-162	2.5031463074200938e-160	2.363435639566659e-267	6528.963891050516
56371.44576	-7.523970425493969e-166	1.952040926823346e-164	-8.339311201578653e-163	1.2814552345667746e-270	6855.411772078543
59055.80032	-3.577276926843513e-167	-5.353164961966488e-167	-2.2691220690891134e-165	6.115608661214152e-274	7181.859653106571
61740.15488	2.7601341032852988e-170	-6.4256457353664776e-170	2.499574766753365e-168	5.785748853872703e-278	7508.307534134599
64424.50944000001	2.5470052057498775e-172	4.3412286173221286e-172	1.1275186822581011e-170	1.0772393800744138e-280	7834.755415162626
67108.864	-1.0390053568410918e-175	3.2649988299665627e-175	-1.8330468220563541e-174	3.055112547216138e-286	8161.203296190653
69793.21856000001	-1.3083530895285252e-177	-2.6684652064837073e-177	-3.511009703520462e-176	1.450239967452255e-287	8487.65117721868
72477.57312	1.5748446808818175e-181	-2.0112572896808626e-180	-1.3303687084407634e-179	3.5244543513797147e-292	8814.099058246708
75161.92768000001	5.284971537543766e-183	1.3905684788256006e-182	5.1577097556048594e-182	1.517769567211289e-294	9140.546939274735
77846.28224	-2.0363347812909988e-187	1.1027849091999092e-185	1.0192814399502631e-185	2.1804515955101757e-298	9466.994820302763
80530.63680000001	-1.7880483129791654e-188	-6.678903230320083e-188	1.0819850034427049e-187	1.1662219008059494e-301	9793.44270133079
83214.99136	5.82535677462205e-192	-5.0717312356410114e-191	5.326048912871248e-190	5.619097777253336e-305	10119.890582358817
85899.34592	5.639908632780217e-194	3.1741845738299948e-193	-7.814941969861045e-193	5.231502238537255e-309	10446.338463386845
91268.05504	3.271828922138942e-194	1.666001180252616e-193	4.3213978568669673e-194	3.744278332828714e-309	11099.2342254429
96636.76416	9.205479248664865e-199	4.672474899195236e-198	2.6985238587220506e-197	3.5537913173e-314	11752.129987498955
102005.47328	-6.028585521462639e-200	-4.1557549881278334e-199	-1.1966297872071996e-199	1.06110736e-316	12405.02574955501
107374.1824	-3.323121463546913e-204	-2.4655582927828437e-203	-2.8852380083731776e-203	4.565e-321	13057.921511611066
112742.89152	1.0823749861520421e-205	1.0312022029849107e-204	-3.630888375439439e-206	5.0e-324	13710.817273667122
118111.60064	7.398842251204042e-210	9.109850607334255e-209	-8.783634395808786e-209	0.0	14363.713035723178
123480.30976	-1.9396424290629106e-211	-2.5578407877778665e-210	9.829344357337453e-212	0.0	15016.608797779232
128849.01888000002	-1.6871893127273549e-215	-3.0266485955573567e-214	6.460845873236442e-215	0.0	15669.504559835288
134217.728	3.4963862022423982e-217	6.346186971898808e-216	1.999944211542806e-218	0.0	16322.400321891342
139586.43712000002	3.9630130001835255e-221	9.459783175622407e-220	1.3949934267321028e-220	0.0	16975.296083947396
144955.14624	-6.300356555563319e-223	-1.5739175319410714e-221	-3.908761677666404e-224	0.0	17628.19184600345
150323.85536000002	-8.635419343721917e-227	-2.827673730809119e-225	-9.62569147220448e-227	0.0	18281.087608059504
155692.56448	1.1342414102115524e-228	3.9018805699915604e-227	8.08576381627233e-232	0.0	18933.98337011556
161061.27360000001	1.7881292372403105e-232	8.202738791066352e-231	-1.6462282094626024e-232	0.0	19586.879132171613
166429.98272	-2.0420717241649365e-234	-9.66959233933935e-233	-5.283022443558701e-236	0.0	20239.77489422767
171798.69184	-3.660759153138141e-238	-2.33020222255994e-236	1.10054222712017e-238	0.0	20892.670656283724
182536.11008	-1.6170727926845e-238	-1.0191090550832248e-236	-4.332392246752215e-239	0.0	22198.462180395833
193273.52832	-1.492893432494106e-243	-1.251966699063213e-241	-4.031599555998924e-243	0.0	23504.253704507944
204010.94656	1.4580918286389864e-244	1.2658305786770873e-242	1.885437959969357e-246	0.0	24810.045228620053
214748.3648	2.924071647967963e-249	3.468749041144176e-247	-2.0281280163717664e-249	0.0	26115.83675273216
225485.78304	-1.3139878111233178e-250	-1.5719840003742998e-248	3.647948085487452e-252	0.0	27421.62827684427
236223.20128	-4.0756870609814697e-255	-6.685734312654333e-253	2.1435499789349586e-256	0.0	28727.41980095638
246960.61952	1.1844064942193015e-256	1.951831975715294e-254	7.352938333029976e-259	0.0	30033.21132506849
257698.03776000004	4.978892139285944e-261	1.1256502030214774e-258	3.8736414751980134e-262	0.0	31339.0028491806
268435.456	-1.0673946929082459e-262	-2.4230168214853144e-260	-6.390379308594503e-266	0.0	32644.79437329271
279172.87424000003	-5.659532541142299e-267	-1.764695986957848e-264	9.454481250975353e-269	0.0	33950.585897404824
289910.29248	9.618023114616523e-269	3.0073932234181705e-266	-5.546998619084159e-272	0.0	35256.37742151693
300647.71072000003	6.1582373274288016e-273	2.6469195118942612e-270	-1.4301928588090223e-275	0.0	36562.16894562904
311385.12896	-8.665457745243685e-275	-3.732017655876027e-272	-7.677691283264662e-279	0.0	37867.96046974115
322122.54720000003	-6.503683078622402e-279	-3.852440274677381e-276	-1.3454657326586161e-281	0.0	39173.751993853264
332859.96544	7.806178814963308e-281	4.630380291712909e-278	8.260476171919632e-286	0.0	40479.54351796537
343597.38368	6.720693147320555e-285	5.485852325519695e-282	-2.380244637885191e-288	0.0	41785.33504207748
365072.22016	2.93210273945554e-285	2.392959584471404e-282	-1.0166100735255858e-288	0.0	44396.918090301704
386547.05664	1.3057294965688768e-290	1.4681739416868425e-287	-2.0987896188486663e-293	0.0	47008.50113852592
408021.89312	-1.321818339847229e-291	-1.4862602421302329e-288	-3.503144168106051e-296	0.0	49620.084186750144
429496.7296	-1.3139103510620889e-296	-2.035464180711161e-293	-4.881898410086427e-300	0.0	52231.66723497436
450971.56608	5.958476704309166e-298	9.230269799901737e-295	1.5904163555327096e-303	0.0	54843.250283198584
472446.40256	9.192762250159965e-303	1.9620645438546288e-299	-4.214004088060669e-307	0.0	57454.8333314228
493921.23904	-2.6857753885204454e-304	-5.731838641620575e-301	3.3271760611283e-310	0.0	60066.41637964702
515396.0755200001	-5.61800060707e-309	-1.65201385942697e-305	-6.87377805e-315	0.0	62677.99942787123
536870.912	1.21052878166614e-310	3.5590453417419225e-307	2.5309614e-317	0.0	65289.58247609546
558345.7484800001	3.1969594e-315	1.295178649088e-311	2.75e-321	0.0	67901.16552431967
579820.58496	-5.455713e-317	-2.2096987107e-313	0.0	0.0	70512.74857254389
601295.4214400001	-1.74e-321	-9.715307e-318	0.0	0.0	73124.3316207681
622770.25792	2.5e-323	1.3718e-319	0.0	0.0	75735.91466899232
644245.0944000001	0.0	5.0e-324	0.0	0.0	78347.49771721654
665719.93088	0.0	-0.0	0.0	0.0	80959.08076544075
687194.76736	0.0	0.0	0.0	0.0	83570.66381366499
730144.44032	0.0	0.0	0.0	0.0	88793.82991011342
773094.11328	0.0	0.0	0.0	0.0	94016.99600656187
816043.78624	0.0	0.0	0.0	0.0	99240.1621030103
858993.4592	0.0	0.0	0.0	0.0	104463.32819945875
901943.13216	0.0	0.0	0.0	0.0	109686.49429590718
944892.80512	0.0	0.0	0.0	0.0	114909.66039235562
987842.47808	0.0	0.0	0.0	0.0	120132.82648880406
1.0307921510400001e6	0.0	0.0	0.0	0.0	125355.9925852525
1.073741824e6	0.0	0.0	0.0	0.0	130579.15868170094
1.1166914969600001e6	0.0	0.0	0.0	0.0	135802.32477814937
1.15964116992e6	0.0	0.0	0.0	0.0	141025.49087459783
1.2025908428800001e6	0.0	0.0	0.0	0.0	146248.6569710463
1.24554051584e6	0.0	0.0	0.0	0.0	151471.82306749473
1.2884901888000001e6	0.0	0.0	0.0	0.0	156694.98916394316
1.33143986176e6	0.0	0.0	0.0	0.0	161918.1552603916
1.37438953472e6	0.0	0.0	0.0	0.0	167141.32135684002
1.46028888064e6	0.0	0.0	0.0	0.0	177587.65354973692
1.54618822656e6	0.0	0.0	0.0	0.0	188033.9857426338
1.63208757248e6	0.0	0.0	0.0	0.0	198480.3179355307
1.7179869184e6	0.0	0.0	0.0	0.0	208926.65012842757
1.80388626432e6	0.0	0.0	0.0	0.0	219372.98232132444
1.88978561024e6	0.0	0.0	0.0	0.0	229819.3145142213
1.97568495616e6	0.0	0.0	0.0	0.0	240265.64670711817
2.0615843020800003e6	0.0	0.0	0.0	0.0	250711.97890001503
2.147483648e6	0.0	0.0	0.0	0.0	261158.31109291193
2.2333829939200003e6	0.0	0.0	0.0	0.0	271604.6432858088
2.31928233984e6	0.0	0.0	0.0	0.0	282050.97547870566
2.4051816857600003e6	0.0	0.0	0.0	0.0	292497.3076716025
2.49108103168e6	0.0	0.0	0.0	0.0	302943.6398644994
2.5769803776000002e6	0.0	0.0	0.0	0.0	313389.97205739625
2.66287972352e6	0.0	0.0	0.0	0.0	323836.3042502931
2.74877906944e6	0.0	0.0	0.0	0.0	334282.63644319004
2.92057776128e6	0.0	0.0	0.0	0.0	355175.3008289838
3.09237645312e6	0.0	0.0	0.0	0.0	376067.96521477756
3.26417514496e6	0.0	0.0	0.0	0.0	396960.6296005713
3.4359738368e6	0.0	0.0	0.0	0.0	417853.2939863651
3.60777252864e6	0.0	0.0	0.0	0.0	438745.9583721588
3.77957122048e6	0.0	0.0	0.0	0.0	459638.6227579526
3.95136991232e6	0.0	0.0	0.0	0.0	480531.28714374633
4.1231686041600006e6	0.0	0.0	0.0	0.0	501423.9515295401
4.294967296e6	0.0	0.0	0.0	0.0	522316.61591533385
4.466765987840001e6	0.0	0.0	0.0	0.0	543209.2803011276
4.63856467968e6	0.0	0.0	0.0	0.0	564101.9446869213
4.8103633715200005e6	0.0	0.0	0.0	0.0	584994.609072715
4.98216206336e6	0.0	0.0	0.0	0.0	605887.2734585088
5.1539607552000005e6	0.0	0.0	0.0	0.0	626779.9378443025
5.32575944704e6	0.0	0.0	0.0	0.0	647672.6022300964
5.49755813888e6	0.0	0.0	0.0	0.0	668565.2666158901
5.84115552256e6	0.0	0.0	0.0	0.0	710350.5953874775
6.18475290624e6	0.0	0.0	0.0	0.0	752135.9241590651
6.52835028992e6	0.0	0.0	0.0	0.0	793921.2529306526
6.8719476736e6	0.0	0.0	0.0	0.0	835706.5817022402
7.21554505728e6	0.0	0.0	0.0	0.0	877491.9104738277
7.55914244096e6	0.0	0.0	0.0	0.0	919277.2392454153
7.90273982464e6	0.0	0.0	0.0	0.0	961062.5680170028
8.246337208320001e6	0.0	0.0	0.0	0.0	1.0028478967885902e6
8.589934592e6	0.0	0.0	0.0	0.0	1.0446332255601778e6
8.933531975680001e6	0.0	0.0	0.0	0.0	1.0864185543317653e6
9.27712935936e6	0.0	0.0	0.0	0.0	1.1282038831033527e6
9.620726743040001e6	0.0	0.0	0.0	0.0	1.1699892118749404e6
9.96432412672e6	0.0	0.0	0.0	0.0	1.2117745406465281e6
1.0307921510400001e7	0.0	0.0	0.0	0.0	1.2535598694181156e6
1.065151889408e7	0.0	0.0	0.0	0.0	1.2953451981897033e6
1.099511627776e7	0.0	0.0	0.0	0.0	1.3371305269612907e6
1.168231104512e7	0.0	0.0	0.0	0.0	1.4207011845044657e6
1.236950581248e7	0.0	0.0	0.0	0.0	1.5042718420476408e6
1.305670057984e7	0.0	0.0	0.0	0.0	1.587842499590816e6
1.37438953472e7	0.0	0.0	0.0	0.0	1.671413157133991e6
1.443109011456e7	0.0	0.0	0.0	0.0	1.754983814677166e6
1.511828488192e7	0.0	0.0	0.0	0.0	1.8385544722203412e6
1.580547964928e7	0.0	0.0	0.0	0.0	1.9221251297635164e6
1.6492674416640002e7	0.0	0.0	0.0	0.0	2.0056957873066918e6
1.7179869184e7	0.0	0.0	0.0	0.0	2.0892664448498667e6
1.7867063951360002e7	0.0	0.0	0.0	0.0	2.172837102393042e6
1.855425871872e7	0.0	0.0	0.0	0.0	2.2564077599362168e6
1.9241453486080002e7	0.0	0.0	0.0	0.0	2.3399784174793917e6
1.992864825344e7	0.0	0.0	0.0	0.0	2.423549075022567e6
2.0615843020800002e7	0.0	0.0	0.0	0.0	2.507119732565742e6
2.130303778816e7	0.0	0.0	0.0	0.0	2.590690390108917e6
2.199023255552e7	0.0	0.0	0.0	0.0	2.674261047652092e6
2.336462209024e7	0.0	0.0	0.0	0.0	2.841402362738442e6
2.473901162496e7	0.0	0.0	0.0	0.0	3.0085436778247925e6
2.611340115968e7	0.0	0.0	0.0	0.0	3.1756849929111423e6
2.74877906944e7	0.0	0.0	0.0	0.0	3.3428263079974926e6
2.886218022912e7	0.0	0.0	0.0	0.0	3.509967623083843e6
3.023656976384e7	0.0	0.0	0.0	0.0	3.6771089381701928e6
3.161095929856e7	0.0	0.0	0.0	0.0	3.8442502532565426e6
3.2985348833280005e7	0.0	0.0	0.0	0.0	4.011391568342893e6
3.4359738368e7	0.0	0.0	0.0	0.0	4.178532883429243e6
3.5734127902720004e7	0.0	0.0	0.0	0.0	4.345674198515593e6
3.710851743744e7	0.0	0.0	0.0	0.0	4.512815513601943e6
3.8482906972160004e7	0.0	0.0	0.0	0.0	4.679956828688293e6
3.985729650688e7	0.0	0.0	0.0	0.0	4.847098143774644e6
4.1231686041600004e7	0.0	0.0	0.0	0.0	5.014239458860993e6
4.260607557632e7	0.0	0.0	0.0	0.0	5.181380773947343e6
4.398046511104e7	0.0	0.0	0.0	0.0	5.348522089033694e6
4.672924418048e7	0.0	0.0	0.0	0.0	5.682804719206395e6
4.947802324992e7	0.0	0.0	0.0	0.0	6.017087349379095e6
5.222680231936e7	0.0	0.0	0.0	0.0	6.351369979551795e6
5.49755813888e7	0.0	0.0	0.0	0.0	6.685652609724496e6
5.772436045824e7	0.0	0.0	0.0	0.0	7.019935239897195e6
6.047313952768e7	0.0	0.0	0.0	0.0	7.354217870069896e6
6.322191859712e7	0.0	0.0	0.0	0.0	7.688500500242596e6
6.597069766656001e7	0.0	0.0	0.0	0.0	8.022783130415296e6
6.8719476736e7	0.0	0.0	0.0	0.0	8.357065760587997e6
7.146825580544001e7	0.0	0.0	0.0	0.0	8.691348390760697e6
7.421703487488e7	0.0	0.0	0.0	0.0	9.025631020933397e6
7.696581394432001e7	0.0	0.0	0.0	0.0	9.359913651106099e6
7.971459301376e7	0.0	0.0	0.0	0.0	9.6941962812788e6
8.246337208320001e7	0.0	0.0	0.0	0.0	1.00284789114515e7
8.521215115264e7	0.0	0.0	0.0	0.0	1.03627615416242e7
8.796093022208e7	0.0	0.0	0.0	0.0	1.06970441717969e7
9.345848836096e7	0.0	0.0	0.0	0.0	1.13656094321423e7
9.895604649984e7	0.0	0.0	0.0	0.0	1.2034174692487704e7
1.0445360463872e8	0.0	0.0	0.0	0.0	1.2702739952833103e7
1.099511627776e8	0.0	0.0	0.0	0.0	1.3371305213178504e7
1.1544872091648e8	0.0	0.0	0.0	0.0	1.4039870473523904e7
1.2094627905536e8	0.0	0.0	0.0	0.0	1.4708435733869305e7
1.2644383719424e8	0.0	0.0	0.0	0.0	1.5377000994214704e7
1.3194139533312002e8	0.0	0.0	0.0	0.0	1.6045566254560104e7
1.37438953472e8	0.0	0.0	0.0	0.0	1.6714131514905503e7
1.4293651161088002e8	0.0	0.0	0.0	0.0	1.73826967752509e7
1.4843406974976e8	0.0	0.0	0.0	0.0	1.80512620355963e7
1.5393162788864002e8	0.0	0.0	0.0	0.0	1.87198272959417e7
1.5942918602752e8	0.0	0.0	0.0	0.0	1.93883925562871e7
1.6492674416640002e8	0.0	0.0	0.0	0.0	2.0056957816632498e7
1.7042430230528e8	0.0	0.0	0.0	0.0	2.0725523076977897e7
1.7592186044416e8	0.0	0.0	0.0	0.0	2.13940883373233e7
1.8691697672192e8	0.0	0.0	0.0	0.0	2.27312188580141e7
1.9791209299968e8	0.0	0.0	0.0	0.0	2.40683493787049e7
2.0890720927744e8	0.0	0.0	0.0	0.0	2.54054798993957e7
2.199023255552e8	0.0	0.0	0.0	0.0	2.6742610420086503e7
2.3089744183296e8	0.0	0.0	0.0	0.0	2.80797409407773e7
2.4189255811072e8	0.0	0.0	0.0	0.0	2.9416871461468104e7
2.5288767438848e8	0.0	0.0	0.0	0.0	3.0754001982158903e7
2.6388279066624004e8	0.0	0.0	0.0	0.0	3.2091132502849706e7
2.74877906944e8	0.0	0.0	0.0	0.0	3.3428263023540504e7
2.8587302322176003e8	0.0	0.0	0.0	0.0	3.47653935442313e7
2.9686813949952e8	0.0	0.0	0.0	0.0	3.61025240649221e7
3.0786325577728003e8	0.0	0.0	0.0	0.0	3.74396545856129e7
3.1885837205504e8	0.0	0.0	0.0	0.0	3.87767851063037e7
3.2985348833280003e8	0.0	0.0	0.0	0.0	4.01139156269945e7
3.4084860461056e8	0.0	0.0	0.0	0.0	4.1451046147685304e7
3.5184372088832e8	0.0	0.0	0.0	0.0	4.27881766683761e7
3.7383395344384e8	0.0	0.0	0.0	0.0	4.54624377097577e7
3.9582418599936e8	0.0	0.0	0.0	0.0	4.8136698751139306e7
4.1781441855488e8	0.0	0.0	0.0	0.0	5.081095979252091e7
4.398046511104e8	0.0	0.0	0.0	0.0	5.348522083390251e7
4.6179488366592e8	0.0	0.0	0.0	0.0	5.615948187528411e7
4.8378511622144e8	0.0	0.0	0.0	0.0	5.883374291666571e7
5.0577534877696e8	0.0	0.0	0.0	0.0	6.1508003958047315e7
5.277655813324801e8	0.0	0.0	0.0	0.0	6.418226499942891e7
5.49755813888e8	0.0	0.0	0.0	0.0	6.685652604081052e7
5.717460464435201e8	0.0	0.0	0.0	0.0	6.953078708219212e7
5.9373627899904e8	0.0	0.0	0.0	0.0	7.220504812357374e7
6.157265115545601e8	0.0	0.0	0.0	0.0	7.487930916495533e7
6.3771674411008e8	0.0	0.0	0.0	0.0	7.755357020633695e7
6.597069766656001e8	0.0	0.0	0.0	0.0	8.022783124771854e7
6.8169720922112e8	0.0	0.0	0.0	0.0	8.290209228910014e7
7.0368744177664e8	0.0	0.0	0.0	0.0	8.557635333048174e7
7.4766790688768e8	0.0	0.0	0.0	0.0	9.092487541324495e7
7.9164837199872e8	0.0	0.0	0.0	0.0	9.627339749600816e7
8.3562883710976e8	0.0	0.0	0.0	0.0	1.0162191957877137e8
8.796093022208e8	0.0	0.0	0.0	0.0	1.0697044166153458e8
9.2358976733184e8	0.0	0.0	0.0	0.0	1.1231896374429777e8
9.6757023244288e8	0.0	0.0	0.0	0.0	1.1766748582706098e8
1.01155069755392e9	0.0	0.0	0.0	0.0	1.2301600790982418e8
1.0555311626649601e9	0.0	0.0	0.0	0.0	1.2836452999258739e8
1.099511627776e9	0.0	0.0	0.0	0.0	1.3371305207535058e8
1.1434920928870401e9	0.0	0.0	0.0	0.0	1.390615741581138e8
1.18747255799808e9	0.0	0.0	0.0	0.0	1.44410096240877e8
1.2314530231091201e9	0.0	0.0	0.0	0.0	1.497586183236402e8
1.27543348822016e9	0.0	0.0	0.0	0.0	1.551071404064034e8
1.3194139533312001e9	0.0	0.0	0.0	0.0	1.6045566248916662e8
1.36339441844224e9	0.0	0.0	0.0	0.0	1.658041845719298e8
1.40737488355328e9	0.0	0.0	0.0	0.0	1.71152706654693e8
1.49533581377536e9	0.0	0.0	0.0	0.0	1.8184975082021943e8
1.58329674399744e9	0.0	0.0	0.0	0.0	1.9254679498574585e8
1.67125767421952e9	0.0	0.0	0.0	0.0	2.0324383915127227e8
1.7592186044416e9	0.0	0.0	0.0	0.0	2.1394088331679866e8
1.84717953466368e9	0.0	0.0	0.0	0.0	2.2463792748232508e8
1.93514046488576e9	0.0	0.0	0.0	0.0	2.353349716478515e8
2.02310139510784e9	0.0	0.0	0.0	0.0	2.460320158133779e8
2.1110623253299203e9	0.0	0.0	0.0	0.0	2.567290599789043e8
2.199023255552e9	0.0	0.0	0.0	0.0	2.6742610414443073e8
2.2869841857740803e9	0.0	0.0	0.0	0.0	2.781231483099571e8
2.37494511599616e9	0.0	0.0	0.0	0.0	2.888201924754835e8
2.4629060462182403e9	0.0	0.0	0.0	0.0	2.9951723664100987e8
2.55086697644032e9	0.0	0.0	0.0	0.0	3.1021428080653626e8
2.6388279066624002e9	0.0	0.0	0.0	0.0	3.2091132497206265e8
2.72678883688448e9	0.0	0.0	0.0	0.0	3.3160836913758904e8
2.81474976710656e9	0.0	0.0	0.0	0.0	3.423054133031155e8
2.99067162755072e9	0.0	0.0	0.0	0.0	3.6369950163416827e8
3.16659348799488e9	0.0	0.0	0.0	0.0	3.850935899652211e8
3.34251534843904e9	0.0	0.0	0.0	0.0	4.064876782962739e8
3.5184372088832e9	0.0	0.0	0.0	0.0	4.2788176662732667e8
3.69435906932736e9	0.0	0.0	0.0	0.0	4.4927585495837945e8
3.87028092977152e9	0.0	0.0	0.0	0.0	4.706699432894323e8
4.04620279021568e9	0.0	0.0	0.0	0.0	4.9206403162048507e8
4.2221246506598406e9	0.0	0.0	0.0	0.0	5.134581199515379e8
4.398046511104e9	0.0	0.0	0.0	0.0	5.348522082825907e8
4.573968371548161e9	0.0	0.0	0.0	0.0	5.562462966136435e8
4.74989023199232e9	0.0	0.0	0.0	0.0	5.776403849446963e8
4.9258120924364805e9	0.0	0.0	0.0	0.0	5.990344732757491e8
5.10173395288064e9	0.0	0.0	0.0	0.0	6.204285616068019e8
5.2776558133248005e9	0.0	0.0	0.0	0.0	6.418226499378546e8
5.45357767376896e9	0.0	0.0	0.0	0.0	6.632167382689074e8
5.62949953421312e9	0.0	0.0	0.0	0.0	6.846108265999602e8
5.98134325510144e9	0.0	0.0	0.0	0.0	7.273990032620659e8
6.33318697598976e9	0.0	0.0	0.0	0.0	7.701871799241714e8
6.68503069687808e9	0.0	0.0	0.0	0.0	8.129753565862771e8
7.0368744177664e9	0.0	0.0	0.0	0.0	8.557635332483827e8
7.38871813865472e9	0.0	0.0	0.0	0.0	8.985517099104882e8
7.74056185954304e9	0.0	0.0	0.0	0.0	9.413398865725938e8
8.09240558043136e9	0.0	0.0	0.0	0.0	9.841280632346994e8
8.444249301319681e9	0.0	0.0	0.0	0.0	1.0269162398968049e9
8.796093022208e9	0.0	0.0	0.0	0.0	1.0697044165589106e9
9.147936743096321e9	0.0	0.0	0.0	0.0	1.1124925932210162e9
9.49978046398464e9	0.0	0.0	0.0	0.0	1.1552807698831217e9
9.851624184872961e9	0.0	0.0	0.0	0.0	1.1980689465452273e9
1.020346790576128e10	0.0	0.0	0.0	0.0	1.2408571232073328e9
1.0555311626649601e10	0.0	0.0	0.0	0.0	1.2836452998694384e9
1.090715534753792e10	0.0	0.0	0.0	0.0	1.326433476531544e9
1.125899906842624e10	0.0	0.0	0.0	0.0	1.3692216531936498e9
1.196268651020288e10	0.0	0.0	0.0	0.0	1.454798006517861e9
1.266637395197952e10	0.0	0.0	0.0	0.0	1.5403743598420722e9
1.337006139375616e10	0.0	0.0	0.0	0.0	1.6259507131662834e9
1.40737488355328e10	0.0	0.0	0.0	0.0	1.7115270664904947e9
1.477743627730944e10	0.0	0.0	0.0	0.0	1.7971034198147058e9
1.548112371908608e10	0.0	0.0	0.0	0.0	1.8826797731389172e9
1.618481116086272e10	0.0	0.0	0.0	0.0	1.9682561264631283e9
1.6888498602639362e10	0.0	0.0	0.0	0.0	2.0538324797873397e9
1.7592186044416e10	0.0	0.0	0.0	0.0	2.1394088331115508e9
1.8295873486192642e10	0.0	0.0	0.0	0.0	2.224985186435762e9
1.899956092796928e10	0.0	0.0	0.0	0.0	2.310561539759973e9
1.9703248369745922e10	0.0	0.0	0.0	0.0	2.396137893084184e9
2.040693581152256e10	0.0	0.0	0.0	0.0	2.4817142464083953e9
2.1110623253299202e10	0.0	0.0	0.0	0.0	2.5672905997326064e9
2.181431069507584e10	0.0	0.0	0.0	0.0	2.652866953056818e9
2.251799813685248e10	0.0	0.0	0.0	0.0	2.738443306381029e9
2.392537302040576e10	0.0	0.0	0.0	0.0	2.9095960130294514e9
2.533274790395904e10	0.0	0.0	0.0	0.0	3.080748719677874e9
2.674012278751232e10	0.0	0.0	0.0	0.0	3.2519014263262973e9
2.81474976710656e10	0.0	0.0	0.0	0.0	3.4230541329747195e9
2.955487255461888e10	0.0	0.0	0.0	0.0	3.5942068396231422e9
3.096224743817216e10	0.0	0.0	0.0	0.0	3.765359546271565e9
3.236962232172544e10	0.0	0.0	0.0	0.0	3.936512252919987e9
3.3776997205278725e10	0.0	0.0	0.0	0.0	4.1076649595684094e9
3.5184372088832e10	0.0	0.0	0.0	0.0	4.278817666216832e9
3.6591746972385284e10	0.0	0.0	0.0	0.0	4.449970372865254e9
3.799912185593856e10	0.0	0.0	0.0	0.0	4.621123079513677e9
3.9406496739491844e10	0.0	0.0	0.0	0.0	4.792275786162099e9
4.081387162304512e10	0.0	0.0	0.0	0.0	4.963428492810521e9
4.2221246506598404e10	0.0	0.0	0.0	0.0	5.134581199458943e9
4.362862139015168e10	0.0	0.0	0.0	0.0	5.305733906107366e9
4.503599627370496e10	0.0	0.0	0.0	0.0	5.476886612755789e9
4.785074604081152e10	0.0	0.0	0.0	0.0	5.819192026052633e9
5.066549580791808e10	0.0	0.0	0.0	0.0	6.161497439349479e9
5.348024557502464e10	0.0	0.0	0.0	0.0	6.503802852646323e9
5.62949953421312e10	0.0	0.0	0.0	0.0	6.846108265943169e9
5.910974510923776e10	0.0	0.0	0.0	0.0	7.188413679240013e9
6.192449487634432e10	0.0	0.0	0.0	0.0	7.530719092536859e9
6.473924464345088e10	0.0	0.0	0.0	0.0	7.873024505833703e9
6.755399441055745e10	0.0	0.0	0.0	0.0	8.2153299191305485e9
7.0368744177664e10	0.0	0.0	0.0	0.0	8.557635332427393e9
7.318349394477057e10	0.0	0.0	0.0	0.0	8.899940745724237e9
7.599824371187712e10	0.0	0.0	0.0	0.0	9.242246159021084e9
7.881299347898369e10	0.0	0.0	0.0	0.0	9.58455157231793e9
8.162774324609024e10	0.0	0.0	0.0	0.0	9.926856985614775e9
8.444249301319681e10	0.0	0.0	0.0	0.0	1.026916239891162e10
8.725724278030336e10	0.0	0.0	0.0	0.0	1.0611467812208464e10
9.007199254740993e10	0.0	0.0	0.0	0.0	1.0953773225505308e10
9.570149208162305e10	0.0	0.0	0.0	0.0	1.1638384052098999e10
1.0133099161583617e11	0.0	0.0	0.0	0.0	1.2322994878692688e10
1.0696049115004929e11	0.0	0.0	0.0	0.0	1.3007605705286379e10
1.125899906842624e11	0.0	0.0	0.0	0.0	1.3692216531880068e10
1.1821949021847552e11	0.0	0.0	0.0	0.0	1.4376827358473759e10
1.2384898975268864e11	0.0	0.0	0.0	0.0	1.5061438185067448e10
1.2947848928690176e11	0.0	0.0	0.0	0.0	1.5746049011661139e10
1.351079888211149e11	0.0	0.0	0.0	0.0	1.6430659838254827e10
1.40737488355328e11	0.0	0.0	0.0	0.0	1.7115270664848518e10
1.4636698788954114e11	0.0	0.0	0.0	0.0	1.7799881491442207e10
1.5199648742375424e11	0.0	0.0	0.0	0.0	1.8484492318035896e10
1.5762598695796738e11	0.0	0.0	0.0	0.0	1.9169103144629585e10
1.6325548649218048e11	0.0	0.0	0.0	0.0	1.9853713971223274e10
1.6888498602639362e11	0.0	0.0	0.0	0.0	2.0538324797816967e10
1.7451448556060672e11	0.0	0.0	0.0	0.0	2.122293562441066e10
1.8014398509481985e11	0.0	0.0	0.0	0.0	2.190754645100435e10
1.914029841632461e11	0.0	0.0	0.0	0.0	2.3276768104191727e10
2.0266198323167233e11	0.0	0.0	0.0	0.0	2.464598975737911e10
2.1392098230009857e11	0.0	0.0	0.0	0.0	2.6015211410566486e10
2.251799813685248e11	0.0	0.0	0.0	0.0	2.7384433063753864e10
2.3643898043695105e11	0.0	0.0	0.0	0.0	2.8753654716941242e10
2.476979795053773e11	0.0	0.0	0.0	0.0	3.0122876370128624e10
2.5895697857380353e11	0.0	0.0	0.0	0.0	3.1492098023316e10
2.702159776422298e11	0.0	0.0	0.0	0.0	3.2861319676503384e10
2.81474976710656e11	0.0	0.0	0.0	0.0	3.423054132969076e10
2.927339757790823e11	0.0	0.0	0.0	0.0	3.559976298287814e10
3.039929748475085e11	0.0	0.0	0.0	0.0	3.696898463606552e10
3.1525197391593475e11	0.0	0.0	0.0	0.0	3.833820628925291e10
3.2651097298436096e11	0.0	0.0	0.0	0.0	3.9707427942440285e10
3.3776997205278723e11	0.0	0.0	0.0	0.0	4.107664959562767e10
3.4902897112121344e11	0.0	0.0	0.0	0.0	4.2445871248815056e10
3.602879701896397e11	0.0	0.0	0.0	0.0	4.381509290200243e10
3.828059683264922e11	0.0	0.0	0.0	0.0	4.655353620837719e10
4.0532396646334467e11	0.0	0.0	0.0	0.0	4.929197951475195e10
4.2784196460019714e11	0.0	0.0	0.0	0.0	5.203042282112671e10
4.503599627370496e11	0.0	0.0	0.0	0.0	5.476886612750147e10
4.728779608739021e11	0.0	0.0	0.0	0.0	5.750730943387623e10
4.953959590107546e11	0.0	0.0	0.0	0.0	6.0245752740250984e10
5.1791395714760706e11	0.0	0.0	0.0	0.0	6.298419604662574e10
5.404319552844596e11	0.0	0.0	0.0	0.0	6.5722639353000496e10
5.62949953421312e11	0.0	0.0	0.0	0.0	6.846108265937525e10
5.854679515581646e11	0.0	0.0	0.0	0.0	7.119952596575002e10
6.07985949695017e11	0.0	0.0	0.0	0.0	7.393796927212477e10
6.305039478318695e11	0.0	0.0	0.0	0.0	7.667641257849953e10
6.530219459687219e11	0.0	0.0	0.0	0.0	7.941485588487428e10
6.755399441055745e11	0.0	0.0	0.0	0.0	8.215329919124904e10
6.980579422424269e11	0.0	0.0	0.0	0.0	8.48917424976238e10
7.205759403792794e11	0.0	0.0	0.0	0.0	8.763018580399855e10
7.656119366529844e11	0.0	0.0	0.0	0.0	9.310707241674808e10
8.106479329266893e11	0.0	0.0	0.0	0.0	9.858395902949759e10
8.556839292003943e11	0.0	0.0	0.0	0.0	1.0406084564224712e11
9.007199254740992e11	0.0	0.0	0.0	0.0	1.0953773225499663e11
9.457559217478042e11	0.0	0.0	0.0	0.0	1.1501461886774615e11
9.907919180215092e11	0.0	0.0	0.0	0.0	1.2049150548049567e11
1.0358279142952141e12	0.0	0.0	0.0	0.0	1.259683920932452e11
1.0808639105689192e12	0.0	0.0	0.0	0.0	1.3144527870599472e11
1.125899906842624e12	0.0	0.0	0.0	0.0	1.3692216531874423e11
1.170935903116329e12	0.0	0.0	0.0	0.0	1.4239905193149374e11
1.215971899390034e12	0.0	0.0	0.0	0.0	1.478759385442433e11
1.261007895663739e12	0.0	0.0	0.0	0.0	1.533528251569928e11
1.3060438919374438e12	0.0	0.0	0.0	0.0	1.588297117697423e11
1.351079888211149e12	0.0	0.0	0.0	0.0	1.6430659838249182e11
1.3961158844848538e12	0.0	0.0	0.0	0.0	1.6978348499524136e11
1.4411518807585588e12	0.0	0.0	0.0	0.0	1.7526037160799088e11
