# τ	Fs	F	Δζ	ΔG	Δr²
0.0	1.0	1.0	944.6752208326665	93.62429637005204	0.0
3.125e-7	0.9999838611727643	0.9999883907108581	944.2364401280997	93.57956633481106	3.125e-7
6.25e-7	0.9999677239532692	0.9999767825256421	943.7980162698577	93.5348738967398	6.249538732802328e-7
9.375000000000001e-7	0.999951589687382	0.9999651764124974	943.35995424346	93.49021950503477	9.37315542779167e-7
1.25e-6	0.9999354583734238	0.9999535723702351	942.922253690739	93.44560312098783	1.249585071723651e-6
1.5625e-6	0.9999193300096049	0.9999419703975866	942.4849142537186	93.40102470592107	1.5617625300844554e-6
1.8750000000000003e-6	0.999903204594137	0.9999303704932848	942.0479355748109	93.35648422119966	1.873847987764771e-6
2.1875000000000002e-6	0.9998870821252335	0.9999187726560633	941.6113172968217	93.31198162823179	2.185841514599279e-6
2.5e-6	0.9998709626011093	0.9999071768846572	941.1750590629384	93.26751688846866	2.497743180354225e-6
2.8125e-6	0.999854846019981	0.9998955831778024	940.7391605167418	93.22308996340433	2.8095530547274953e-6
3.125e-6	0.9998387323800667	0.999883991534236	940.3036213021948	93.1787008145757	3.1212712073486904e-6
3.4375e-6	0.999822621679586	0.9998724019526964	939.8684410636496	93.1343494035626	3.4328977077792005e-6
3.7500000000000005e-6	0.9998065139167603	0.999860814431923	939.4336194458447	93.09003569198754	3.744432625512281e-6
4.0625000000000005e-6	0.9997904090898124	0.9998492289706562	938.9991560939022	93.04575964151574	4.055876029973126e-6
4.3750000000000005e-6	0.9997743071969667	0.9998376455676377	938.5650506533328	93.00152121385517	4.3672279905189445e-6
4.6875000000000004e-6	0.9997582082364492	0.9998260642216101	938.1313027700285	92.9573203707563	4.678488576439032e-6
5.0e-6	0.9997421122064876	0.9998144849313176	937.6979120902691	92.91315707401226	4.989657856954849e-6
5.3125e-6	0.9997260209687702	0.9998029090185926	937.26494298047	92.86903800490826	5.300675176617315e-6
5.625e-6	0.9997099332777576	0.9997913355990866	936.8323518107233	92.82495863168997	5.611581149457847e-6
5.9375e-6	0.9996938487170671	0.9997797643771659	936.4001238072775	92.78091741888821	5.922389360729541e-6
6.25e-6	0.9996777671467217	0.9997681952534467	935.9682538125079	92.73691382951317	6.233104385160301e-6
6.5625e-6	0.9996616885188848	0.999756628193967	935.5367398734684	92.69294765932594	6.543727793628917e-6
6.875e-6	0.9996456128164369	0.9997450631865746	935.1055811053756	92.6490188149985	6.854260155587704e-6
7.1875e-6	0.9996295400324998	0.9997335002263873	934.6747769796526	92.6051272401894	7.164701706602516e-6
7.500000000000001e-6	0.9996134701636082	0.9997219393109471	934.2443270866746	92.56127289091059	7.475052570888059e-6
7.8125e-6	0.9995974032074376	0.9997103804386064	933.8142310567079	92.5174557273184	7.78531283549368e-6
8.125000000000001e-6	0.9995813391620435	0.9996988236079871	933.3844885335662	92.47367571097824	8.095482575034444e-6
8.4375e-6	0.9995652780256107	0.9996872688178022	932.9550991658278	92.42993280395301	8.4055618599357e-6
8.750000000000001e-6	0.9995492197963665	0.9996757160667954	932.5260626039172	92.38622696849932	8.715550759181577e-6
9.0625e-6	0.9995331644725539	0.9996641653537222	932.0973784991196	92.34255816696628	9.025449341231294e-6
9.375000000000001e-6	0.9995171120524223	0.9996526166773421	931.6690465032609	92.29892636176166	9.33525767432467e-6
9.6875e-6	0.9995010625342242	0.999641070036416	931.2410662686007	92.25533151534054	9.644975826584027e-6
1.0e-5	0.9994850159162145	0.9996295254297074	930.8134374477912	92.21177359020169	9.954603866048204e-6
1.0625e-5	0.9994529313714724	0.9996064423123603	929.9592325366064	92.12476834078542	1.0573589968648601e-5
1.125e-5	0.999420858405815	0.9995833673165267	929.1064290814962	92.03791032319664	1.1192216464629144e-5
1.1875e-5	0.999388797005852	0.9995603004327179	928.2550243449183	91.95119924187848	1.1810483875718302e-5
1.25e-5	0.9993567471578754	0.9995372416512197	927.4050155768869	91.86463479997039	1.242839273599031e-5
1.3125e-5	0.9993247088480863	0.9995141909622531	926.5564000272583	91.77821670061749	1.3045943582962473e-5
1.375e-5	0.999292682062672	0.9994911483560298	925.7091749497989	91.69194464740666	1.3663136954569761e-5
1.4375e-5	0.9992606667878308	0.9994681138227698	924.8633376035446	91.60581834451004	1.4279973388216616e-5
1.5000000000000002e-5	0.9992286630097815	0.9994450873527063	924.018885253241	91.51983749673238	1.4896453420403284e-5
1.5625e-5	0.9991966707147665	0.99942206893609	923.1758151694752	91.43400180952521	1.5512577586661777e-5
1.6250000000000002e-5	0.9991646898890506	0.9993990585631884	922.3341246287191	91.34831098899113	1.6128346421477115e-5
1.6875e-5	0.9991327205189235	0.9993760562242859	921.493810913328	91.26276474188366	1.6743760458321418e-5
1.7500000000000002e-5	0.9991007625906991	0.9993530619096842	920.6548713115384	91.1773627756066	1.7358820229608018e-5
1.8125e-5	0.9990688160907141	0.9993300756097012	919.8173031174481	91.09210479821249	1.797352626673641e-5
1.8750000000000002e-5	0.9990368810053311	0.9993070973146729	918.9811036310107	91.00699051840138	1.858787910005001e-5
1.9375e-5	0.9990049573209349	0.9992841270149516	918.1462701580181	90.92201964551906	1.920187925888227e-5
2.0e-5	0.9989730450239358	0.9992611647009074	917.3128000100909	90.8371918895559	1.981552727151497e-5
2.125e-5	0.9989092545199344	0.999215263978695	915.6499380113878	90.66796446991512	2.1041769663609817e-5
2.25e-5	0.9988455093971333	0.9991693950798725	913.992496888026	90.49930602092113	2.2266610013394154e-5
2.375e-5	0.9987818095516763	0.9991235579308473	912.340455555702	90.33121426839645	2.3490052354301328e-5
2.5e-5	0.9987181548774191	0.9990777524564081	910.6937928790331	90.16368693307737	2.471210080731469e-5
2.625e-5	0.9986545452676898	0.9990319785809689	909.0524877665031	89.99672174073656	2.5932759512307876e-5
2.75e-5	0.9985909806159051	0.9989862362290096	907.4165192018849	89.83031642553037	2.71520326042695e-5
2.875e-5	0.9985274608157451	0.9989405253251952	905.7858662543211	89.66446873107256	2.8369924206346055e-5
3.0000000000000004e-5	0.9984639857612394	0.9988948457944417	904.1605080815139	89.49917641076964	2.9586438426646073e-5
3.125e-5	0.9984005553467656	0.9988491975619107	902.540423930403	89.33443722789212	3.0801579358140915e-5
3.2500000000000004e-5	0.9983371694670801	0.9988035805530331	900.9255931372143	89.17024895557661	3.20153510777595e-5
3.375e-5	0.9982738280172911	0.9987579946934908	899.3159951271182	89.00660937678646	3.3227757647048485e-5
3.5000000000000004e-5	0.9982105308928872	0.9987124399092355	897.7116094139284	88.8435162842772	3.443880311152372e-5
3.625e-5	0.9981472779897065	0.9986669161264682	896.112415599642	88.68096748054545	3.564849150141162e-5
3.7500000000000003e-5	0.9980840692039646	0.9986214232716578	894.5183933741138	88.51896077779061	3.685682683103138e-5
3.875e-5	0.9980209044322245	0.9985759612715193	892.9295225145843	88.35749399786276	3.8063813099542054e-5
4.0e-5	0.9979577835714231	0.9985305300530339	891.3457828853491	88.19656497222465	3.9269454290330404e-5
4.25e-5	0.9978316730372919	0.9984397595746719	888.1936101151928	87.87631080281056	4.1676722502234146e-5
4.5e-5	0.9977057368753462	0.9983491113220639	885.0617205561764	87.55818162846005	4.4078659501303205e-5
4.75e-5	0.9975799743041112	0.9982585847415736	881.9499578263662	87.24216061380098	4.647529543452202e-5
5.0e-5	0.9974543845276708	0.9981681792693518	878.8581658216159	86.92823095827256	4.886666098681915e-5
5.25e-5	0.9973289667487419	0.9980778943405915	875.7861894213	86.61637597122005	5.125278687142804e-5
5.5e-5	0.9972037201735087	0.9979877293929571	872.7338747163406	86.30657909607854	5.363370364707807e-5
5.75e-5	0.9970786440127011	0.9978976838673457	869.7010690754846	85.9988239173692	5.600944167246287e-5
6.000000000000001e-5	0.9969537374824267	0.9978077572084786	866.6876211608645	85.6930941622614	5.838003107835702e-5
6.25e-5	0.996828999803922	0.9977179488647209	863.6933809237887	85.38937370006799	6.074550177361758e-5
6.500000000000001e-5	0.9967044302039343	0.9976282582883571	860.7181995970121	85.08764654132929	6.310588343459172e-5
6.75e-5	0.9965800279143271	0.9975386849353061	857.7619296829516	84.78789683650382	6.546120551673877e-5
7.000000000000001e-5	0.9964557921724105	0.9974492282653606	854.8244249435573	84.49010887479972	6.781149724601133e-5
7.25e-5	0.9963317222205378	0.9973598877418953	851.9055403879079	84.19426708280051	7.01567876309896e-5
7.500000000000001e-5	0.9962078173064259	0.9972706628321001	849.0051322619914	83.9003560232897	7.249710545453124e-5
7.75e-5	0.9960840766827505	0.9971815530066859	846.1230580364414	83.60836039389223	7.483247928585102e-5
8.0e-5	0.9959604996074671	0.9970925577401198	843.2591763964817	83.31826502591932	7.716293747224948e-5
8.5e-5	0.9957138322060612	0.9969149081245064	837.5853825199936	82.7437098553274	8.180925554090326e-5
9.0e-5	0.9954678099186463	0.9967377103142849	831.982678412172	82.1765754435265	8.643625720224228e-5
9.5e-5	0.9952224272032762	0.9965609603848902	826.4499875197521	81.61674633368708	9.104415336212265e-5
0.0001	0.9949776784535277	0.9963846543663603	820.9862440480853	81.06410828031548	9.563315710714167e-5
0.000105	0.9947335580883377	0.9962087883068469	815.5903977236954	80.51854875319957	0.00010020348021665067
0.00011	0.9944900605885212	0.9960333582985601	810.2614151799713	79.97995708222373	0.00010475533182768386
0.000115	0.9942471805008807	0.9958583604805792	804.9982801847913	79.4482244797873	0.00010928891823001319
0.00012000000000000002	0.9940049124460164	0.9956837910444738	799.7999935296025	78.92324402684135	0.00011380444262947823
0.000125	0.9937632511130162	0.9955096462304442	794.665572769111	78.40491064361433	0.00011830210530489972
0.00013000000000000002	0.9935221912640245	0.9953359223306446	789.5940519557271	77.89312105934486	0.0001227821034945005
0.000135	0.9932817277279938	0.9951626156846659	784.5844813360471	77.38777377851466	0.00012724463158917044
0.00014000000000000001	0.9930418554048516	0.9949897226825702	779.6359270778612	76.8887690498928	0.000131689881033281
0.000145	0.9928025692592601	0.9948172397603811	774.7474709719272	76.3960088334179	0.00013611804051812565
0.00015000000000000001	0.9925638643246935	0.9946451634030521	769.9182101673684	75.90939677022712	0.00014052929588502896
0.000155	0.9923257356973063	0.9944734901400386	765.1472568836882	75.42883815070805	0.0001449238303150325
0.00016	0.992088178539957	0.9943022165482269	760.4337381559332	74.9542398856547	0.00014930182423296678
0.00017	0.9916147536183431	0.993960850677469	751.1752895412864	74.02252889346246	0.00015800912090849117
0.00018	0.9911435563028616	0.9936210422577143	742.136383708706	73.11357324972847	0.0001666524203726337
0.00019	0.9906745514673183	0.9932827664361621	733.3106142401136	72.22669104347315	0.00017523302265575562
0.0002	0.9902077040245869	0.9929459983912825	724.6917394206175	71.36121850247419	0.00018375222287104575
0.00021	0.9897429794448533	0.9926107136978704	716.2737069022847	70.51651255597338	0.00019221129129569852
0.00022	0.9892803440091056	0.9922768885075599	708.0506573749087	69.69195117554173	0.00020061146475020512
0.00023	0.9888197647792729	0.9919444995262585	700.0169209617721	68.88693295646252	0.00020895394721448635
0.00024000000000000003	0.9883612096665532	0.9916135240636735	692.1670118879093	68.10087651290722	0.00021723990811231133
0.00025	0.9879046473441088	0.991283939970162	684.4956222453275	67.33321978583373	0.00022547048509027163
0.00026000000000000003	0.98745004729415	0.9909557256712128	676.9976160968371	66.5834193827331	0.00023364678306386397
0.00027	0.9869973797177383	0.9906288601022916	669.6680233701354	65.85094990279036	0.0002417698771121967
0.00028000000000000003	0.9865466155788879	0.990303322741186	662.5020342849631	65.13530331444409	0.0002498408116015321
0.00029	0.9860977265173828	0.9899790935450252	655.4949936457895	64.43598832589358	0.0002578606029738566
0.00030000000000000003	0.9856506848919117	0.9896561529819157	648.6423956602218	63.75252980728227	0.0002658302388739827
0.00031	0.9852054636963901	0.9893344819704762	641.9398786312745	63.08446820633257	0.00027375068081380227
0.00032	0.9847620366023312	0.9890140619109085	635.3832201478803	62.431359012820785	0.00028162286329701144
0.00034	0.983880432323721	0.9883768811554957	622.6898947316369	61.1681505330643	0.000297227117138655
0.00036	0.9830056956977388	0.9877444861507451	610.5323274117853	59.95974201105443	0.0003126492003327544
0.00038	0.9821376443606562	0.9871167481240184	598.8816202846072	58.80310207916617	0.00032789548338433547
0.0004	0.981276100122434	0.9864935412931953	587.7104438140175	57.69536865527578	0.00034297215542819276
0.00042	0.9804208908985724	0.9858747442086433	576.9930779009603	56.633852594929536	0.00035788515207416804
0.00044	0.9795718521793265	0.985260240804947	566.7053550513853	55.616031114185446	0.0003726401126796959
0.00046	0.9787288261587679	0.9846499197666804	556.8245715355133	54.63953799485608	0.0003872424081047359
0.00048000000000000007	0.9778916622312126	0.9840436748932639	547.329397653234	53.70215369570645	0.000401697131879016
0.0005	0.9770602158971515	0.9834414043085783	538.199787464139	52.8017955152473	0.0004160091358643311
0.0005200000000000001	0.9762343491506041	0.9828430107483098	529.4168968358806	51.93650861519881	0.00043018302452296504
0.00054	0.9754139294418183	0.9822484008107605	520.963003754958	51.10445737361628	0.0004442231884992186
0.0005600000000000001	0.97459883004973	0.9816574852331261	512.8214369278373	50.30391759109395	0.00045813379869688917
0.00058	0.9737889291247086	0.9810701781998249	504.9765064697903	49.53326899690177	0.0004719188369808265
0.0006000000000000001	0.972984110054588	0.9804863976136922	497.41344200168936	48.79098851282399	0.00048558208983954463
0.00062	0.9721842605828921	0.9799060644585261	490.11833242091274	48.07564376401132	0.000499127176402349
0.00064	0.9713892731677737	0.9793291030647423	483.0780722215279	47.38588725558554	0.00051255754178228
0.00068	0.9698133685932407	0.978184932924003	469.7094831389707	46.077744637986136	0.0005390903565246367
0.00072	0.9682556982537329	0.9770533961965387	457.2205498099565	44.85763084087782	0.0005652025272525406
0.00076	0.966715561869772	0.975934000629847	445.53157696867544	43.717401047077395	0.000590915818129254
0.0008	0.9651922962728794	0.974826280451997	434.5708380726663	42.64974433062941	0.000616250592888765
0.00084	0.9636852755496899	0.9737297962222382	424.2740645262775	41.64812694340875	0.0006412258175550709
0.00088	0.96219391771668	0.9726441396674543	414.58371960266317	40.70671401583078	0.0006658589111674017
0.00092	0.9607176756785445	0.9715689271217322	405.4482427880708	39.82028939650923	0.0006901660346845482
0.0009600000000000001	0.959256040314127	0.9705038018366858	396.8213789593531	38.984184436467466	0.0007141620443961771
0.001	0.9578085317264696	0.9694484276516474	388.661561597532	38.19421314884407	0.0007378607667956605
0.0010400000000000001	0.956374701934833	0.9684024910179371	380.931387648346	37.44661684016214	0.0007612749549869218
0.00108	0.9549541272524528	0.967365695481828	373.59713918693586	36.73801415932994	0.0007844165243160148
0.0011200000000000001	0.9535464108857019	0.9663377636339773	366.62837900290236	36.06535870294317	0.0008072965041839111
0.00116	0.9521511763462049	0.9653184323364719	359.9975806131319	35.425900619383974	0.0008299252386553009
0.0012000000000000001	0.9507680699523144	0.9643074545944255	353.67981635102757	34.81715408801736	0.0008523123354705792
0.00124	0.9493967551142746	0.9633045954113634	347.65247010349566	34.236867687126455	0.0008744668376884455
0.00128	0.9480369147143068	0.9623096335668708	341.89499578806846	33.682999341004525	0.0008963971719078922
0.00136	0.9453502252198498	0.9603424053401418	331.1108216099357	32.64670623015708	0.0009396218265588821
0.00144	0.9427059667081041	0.9584043510851595	321.20223685692565	31.695883137360738	0.0009820394920352273
0.00152	0.940102154462112	0.9564940883679751	312.06126700140874	30.81986286793764	0.001023700786439497
0.0016	0.9375369600666411	0.954610345902995	303.59611665780426	30.009597950425118	0.0010646513536236816
0.00168	0.935008680227156	0.9527519399246878	295.7288280596458	29.2574215217304	0.0011049329602055573
0.00176	0.9325157623141069	0.9509177930542528	288.39303806922595	28.55681901643773	0.0011445829607816932
0.00184	0.930056759677054	0.9491069017566307	281.53195797433597	27.902225255172127	0.0011836356174133732
0.0019200000000000003	0.9276303472282873	0.947318348188888	275.09677677184976	27.288863646610785	0.0012221217597114704
0.002	0.9252352838600623	0.9455512728703995	269.0452974974512	26.712610398333617	0.001260069862597905
0.0020800000000000003	0.9228704258119328	0.943804884868827	263.3408840066279	26.169889112691273	0.001297505732647061
0.00216	0.9205346963480628	0.9420784397191818	257.95155300366866	25.657580977434076	0.0013344533632866876
0.0022400000000000002	0.9182270976725474	0.9403712484889073	252.8492751974528	25.17295514503378	0.001370934641121443
0.00232	0.9159466863218526	0.9386826598272121	248.0093610714706	24.71360831312587	0.0014069700312504827
0.0024000000000000002	0.9136925837330249	0.9370120679965829	243.40998894192896	24.27741786462401	0.0014425783083702166
0.00248	0.9114639560507585	0.935358898116294	239.03178110088035	23.8625003659321	0.0014777771135607717
0.00256	0.909260023448634	0.9337226132435604	234.85747904849543	23.4671793939931	0.0015125827118976805
0.00272	0.9049229318620029	0.9304984282975711	227.0555758021385	22.729027458470686	0.0015810777381541812
0.00288	0.9006762195270257	0.9273360075037688	219.90370740015027	22.053198428415705	0.0016481700460335615
0.00304	0.8965150306327511	0.9242320109378188	213.31686848114055	21.431454691811364	0.001713957675151182
0.0032	0.8924349596166264	0.9211834165717139	207.2242027144166	20.856938519832422	0.0017785267745664892
0.00336	0.8884319285288067	0.9181874273886154	201.5664812193085	20.32392492155883	0.0018419557414789162
0.00352	0.8845022512664539	0.9152415204762622	196.29397154044702	19.827611637174762	0.001904313757412101
0.00368	0.8806425084626018	0.9123433551366424	191.36454665602824	19.36393563630188	0.001965664199883163
0.0038400000000000005	0.8768495883491547	0.9094908053283862	186.7423145587888	18.929438590167972	0.0020260635143036837
0.004	0.8731205884386328	0.906681887508189	182.39643537202866	18.521152485133605	0.002085563807592789
0.0041600000000000005	0.8694528487335044	0.9039147871135162	178.3002797439663	18.136517034902745	0.00214421188378114
0.00432	0.8658438755392657	0.901187802499711	174.4306810190155	17.773307543016614	0.0022020512357360114
0.0044800000000000005	0.8622913694878683	0.898499367277054	170.76740510008852	17.429582856664556	0.0022591212154063458
0.00464	0.8587931656144214	0.8958480060794705	167.29266175476698	17.103638332767073	0.0023154585951250914
0.0048000000000000004	0.8553472571447411	0.8932323535239578	163.99075975535334	16.79397196091039	0.0023710968544783362
0.00496	0.8519517475702372	0.890651118725526	160.84777706367052	16.499252691931552	0.0024260674277731876
0.00512	0.8486048709232746	0.8881031014671654	157.85132984546007	16.218297733440128	0.0024803990900669304
0.00544	0.8420501493141426	0.8831020893796635	152.25160222750267	15.69325289575124	0.002587241155190517
0.00576	0.835671230450428	0.8782212357153366	147.11942848349545	15.21196288507256	0.0026918244651913327
0.00608	0.829457175593811	0.8734531018095972	142.3937962030974	14.76862943497432	0.002794324343567558
0.0064	0.8233982233205459	0.8687910721397089	138.02387251976492	14.358431923462568	0.0028948901839082404
0.00672	0.8174854453516449	0.8642290923108632	133.96713347876275	13.977346954093465	0.0029936567179594674
0.00704	0.8117108383935883	0.85976174778398	130.1878806426033	13.622003656370635	0.003090741330349481
0.00736	0.8060670408025752	0.855384053166566	126.65584471256841	13.289550156130115	0.003186251356364302
0.007680000000000001	0.8005473985222002	0.8510915114419954	123.34523372253985	12.977561242313437	0.0032802814413886317
0.008	0.7951457517602541	0.8468799550318605	120.2338592861915	12.683955122393085	0.0033729188844439655
0.008320000000000001	0.7898564906836235	0.84274559557955	117.30255610035921	12.40693723032197	0.003464241364935605
0.00864	0.7846743932637721	0.8386849024969276	114.53462897985179	12.14494768394517	0.003554321032919001
0.008960000000000001	0.7795946729588049	0.8346946452785111	111.9154897309522	11.896626197506354	0.0036432225793710925
0.00928	0.7746128529323983	0.830771798762142	109.4322950786294	11.660777753502733	0.0037310064476724063
0.009600000000000001	0.7697248068427435	0.8269135791688852	107.07371190134113	11.43634996363616	0.0038177271908967476
0.00992	0.7649266594482644	0.8231173688226326	104.82967221590027	11.222409880813203	0.003903436043349718
0.01024	0.7602148215533898	0.8193807469582604	102.69121678989879	11.018128953132535	0.003988179514428773
0.01088	0.7510380372710385	0.8120782964728647	98.69881898351146	10.635541763825069	0.00415488395536874
0.01152	0.7421690801344958	0.8049889920046795	95.04296454049515	10.283688736077343	0.0043182030753141564
0.01216	0.7335858119034169	0.7980978392781586	91.67902631976811	9.958484922964349	0.004478425907309286
0.0128	0.7252689633009001	0.791391840774672	88.5700550278761	9.656554873866769	0.00463578827918517
0.01344	0.7172011707749164	0.7848592621559939	85.68519296182443	9.37508742312467	0.004790501786366322
0.01408	0.7093670151302516	0.7784897053576152	82.99857540897523	9.111733610277394	0.004942748558744964
0.01472	0.7017524348730916	0.772273663000405	80.48828008435957	8.864507923430986	0.0050926960136958525
0.015360000000000002	0.694344808199955	0.7662026158744465	78.13565492491003	8.631725622657703	0.005240490367074856
0.016	0.6871325363149622	0.7602687137800861	75.92466786859853	8.411941567528103	0.00538626724054313
0.016640000000000002	0.6801051221514726	0.7544648630539318	73.84149894830789	8.20391257313679	0.005530146166136156
0.01728	0.6732528598294396	0.7487844863922216	71.87412685243903	8.006558622739648	0.005672238789440691
0.017920000000000002	0.6665669045905365	0.7432215982285759	70.0120732819547	7.818939607248842	0.005812644284560103
0.01856	0.6600390354506748	0.7377706194107844	68.24613049126198	7.640229834917719	0.005951455848231186
0.019200000000000002	0.6536617162375411	0.7324264417716536	66.56819568043699	7.469703204281879	0.006088756836570918
0.01984	0.6474279106408699	0.7271842823726623	64.97108563362048	7.306715897257743	0.0062246259977066214
0.02048	0.6413311351357741	0.7220397388373727	63.44842634345564	7.150696670917526	0.006359134188884127
0.02176	0.6295313937715954	0.7120323112509425	60.60603015599842	6.857676003056438	0.006624161784227863
0.02304	0.6182129345842163	0.702369960348801	58.0005081650386	6.587072951534304	0.0068844772453381985
0.02432	0.6073357915308981	0.6930252376252705	55.59997290032666	6.336022586231945	0.007140533336385892
0.0256	0.5968662748987884	0.6839751122839388	53.37859961183232	6.102186885613101	0.007392681136009757
0.02688	0.5867744970940958	0.6751990664446587	51.31497725818281	5.883617057837293	0.007641237524273789
0.02816	0.5770341441488164	0.6666790560475984	49.391214351562525	5.678679325364261	0.007886472321103743
0.02944	0.5676214192208948	0.658398676489599	47.592156348574875	5.4859826958013675	0.008128636733145437
0.030720000000000004	0.5585151122138545	0.6503433161605141	45.904918946331904	5.304339571748018	0.008367947440197067
0.032	0.5496958953083291	0.6424995898425525	44.31842415029425	5.132722505942155	0.00860460737183915
0.033280000000000004	0.541146404862232	0.6348554790883193	42.82312218594365	4.970241366320007	0.008838792827982743
0.03456	0.5328507234535986	0.6273999094643952	41.41069792912445	4.816115874529995	0.009070669839710556
0.035840000000000004	0.5247944535898758	0.6201228685592113	40.07389777180269	4.6696617553544595	0.00930038365272791
0.03712	0.516964327011418	0.61301508248788	38.80633709890071	4.530272560240456	0.009528071809268873
0.038400000000000004	0.5093482701263419	0.6060681156540595	37.60238912983696	4.3974109714618885	0.009753855387026623
0.03968	0.5019351039730983	0.5992741187473899	36.45705466339241	4.27059634427281	0.00997784962123818
0.04096	0.4947146019344267	0.5926259136001766	35.36588867068506	4.149399083742245	0.010200156510014297
0.04352	0.48083235468210106	0.5797550606880967	33.33428939627482	3.922625327995428	0.01063973028633229
0.04608	0.46761590378733975	0.5673936743929768	31.476036667895343	3.714122696766931	0.011073623957187698
0.04864	0.4550031686614439	0.5554972489184231	29.768424100153425	3.5216371351402196	0.011502489952831577
0.0512	0.44294390995586025	0.5440299809844281	28.193394185345266	3.3433432265381016	0.011926803917788126
0.05376	0.4313943100435562	0.5329604361483805	26.735874745903836	3.177703887301197	0.012347002806240275
0.05632	0.42031613580048016	0.5222611975779489	25.383133739173722	3.0234148210145135	0.01276344914704146
0.05888	0.40967513625767404	0.5119075045414319	24.124276915619145	2.8793516292821932	0.01317648643909353
0.06144000000000001	0.399441045269084	0.5018774787665945	22.949963126415202	2.7445448519364835	0.013586401342142687
0.064	0.3895865476750156	0.49215122032700237	21.85209929130001	2.6181479209239713	0.01399346644139735
0.06656000000000001	0.38008731717829597	0.4827110102406061	20.823661339608122	2.4994221139138157	0.014397910042066635
0.06912	0.3709212525864624	0.4735406293548836	19.858493229696606	2.387715328684997	0.014799950677480408
0.07168000000000001	0.36206852290880837	0.46462552918690364	18.95119247756495	2.2824525916245983	0.015199772199523303
0.07424	0.3535109946499206	0.4559523104182949	18.09697546534861	2.1831215620735853	0.015597551894740906
0.07680000000000001	0.3452322838270028	0.44750887168255643	17.29160328329746	2.089266416860245	0.015993439482895035
0.07936	0.3372173199836167	0.43928400406715085	16.53128907070932	2.000477676575526	0.016387580371265323
0.08192	0.32945240101523154	0.43126752168602533	15.812648863821181	1.9163881779674623	0.016780097716019793
0.08704	0.31466037077786163	0.41585533909393885	14.492983106177903	1.7613734757215067	0.017560129151586144
0.09216	0.30072583175194906	0.40117043616840786	13.30589221681503	1.6214952300631449	0.018334980477088945
0.09728	0.2875665957710717	0.38714968770360725	12.233957542259532	1.4948085306076877	0.01910542897157392
0.1024	0.2751187305857757	0.3737445809101024	11.263358360446455	1.3797509320713608	0.019871977877810885
0.10752	0.26332649055690227	0.36091246405685623	10.382351644104471	1.2749982125680197	0.0206351210416829
0.11264	0.2521410326175288	0.34861600663192255	9.580883898590333	1.1794201070608932	0.021395231194985712
0.11776	0.24151840416141168	0.3368212334683071	8.850271460697606	1.0920380807605234	0.022152684891735813
0.12288000000000002	0.23141969173339702	0.32549806962534195	8.183022684888845	1.0120066743858651	0.022907762823596692
0.128	0.22180965799603244	0.31461897729702853	7.57261179753235	0.9385865668879368	0.02366075134450717
0.13312000000000002	0.2126568529206073	0.3041593775742367	7.013353655582498	0.8711324855514128	0.024411861701393537
0.13824	0.20393257723796687	0.29409659613617556	6.500248017609606	0.809074892366963	0.025161313378617746
0.14336000000000002	0.19561098902683757	0.2844102095099127	6.028897442465972	0.7519121158657863	0.02590926664249379
0.14848	0.1876683241543474	0.2750812332178904	5.595400977200154	0.6991977436390612	0.02665589159503505
0.15360000000000001	0.1800830090283388	0.26609242051190735	5.1962989688503525	0.6505354491246208	0.027401310919993087
0.15872	0.1728350683528023	0.2574276305518077	4.828503951285804	0.6055701230413386	0.028145657842581856
0.16384	0.16590623741086058	0.2490720877569209	4.489256435463213	0.5639843894973763	0.028889027026474345
0.17408	0.15300170967301754	0.23329827676541864	3.8903615778142147	0.4901451089792143	0.030372388671238943
0.18432	0.14117218619634367	0.21859655518127616	3.3774202520307335	0.42664377751468174	0.031852913602924825
0.19456	0.13030747320704816	0.20487262129206338	2.9368983013049834	0.37186457624928754	0.03333125257353833
0.2048	0.12032166017053154	0.1920540506784941	2.557998646363686	0.32452005741877	0.03480765485009476
0.21504	0.11113749533910229	0.18007466344794143	2.2315643706517885	0.28352913453527057	0.0362824933418877
0.22528	0.10268570985550836	0.16887465776218122	1.9498700826507818	0.24798278316757952	0.03775593574178816
0.23552	0.09490305411463039	0.15839829341746642	1.7063804423350668	0.2171098230463532	0.03922825345261319
0.24576000000000003	0.0877329023873661	0.14859518872403407	1.495591644870273	0.19025876466433905	0.04069955460235984
0.256	0.0811236327346219	0.139418489473454	1.3128366203968755	0.1668744470815319	0.04217003391307662
0.26624000000000003	0.07502887587745556	0.13082567269582854	1.1541662277950597	0.14648519253660797	0.0436397584739285
0.27648	0.06940623601429081	0.12277709918008191	1.0162156396758566	0.12868698403260162	0.045108869827558656
0.28672000000000003	0.06421744276738056	0.11523659118179155	0.8961226671083686	0.11313467421926032	0.0465774088355955
0.29696	0.05942739287046604	0.10817033168231341	0.7914406062364304	0.09953127479064902	0.048045480431473574
0.30720000000000003	0.05500426490396677	0.10154730793205873	0.700077737773812	0.087621893696564	0.04951310896316158
0.31744	0.050918797637151174	0.0953384706237377	0.6202387303184093	0.07718636955391148	0.0509803737602873
0.32768	0.0471443759207335	0.0895170766473652	0.5503851741266179	0.06803501175704628	0.052447288817432804
0.34816	0.04049570194866736	0.079022984356438	0.43676485010413385	0.053061837027747534	0.05537931253345383
0.36864	0.03479860512828254	0.0697738142694714	0.3486327579280564	0.0414633115246373	0.05831040564669012
0.38912	0.029910419791499956	0.061612692804762455	0.28000828412286327	0.03245130243520198	0.06124097412923799
0.4096	0.025718339419266708	0.05441453196486204	0.22641436377766735	0.025439230056604773	0.06417088174363683
0.43008	0.022123497783632894	0.04806639049750269	0.18437948650058228	0.019974308179254528	0.0671003572216245
0.45056	0.019040517573099852	0.0424680803987807	0.15125110169080386	0.01570812165392006	0.07002932108152597
0.47104	0.01639550996509111	0.03753005170090785	0.1250014243440834	0.012371720471546907	0.07295794937723657
0.49152000000000007	0.014125515756060207	0.03317385801863947	0.10408732583995636	0.009758144545426416	0.07588618548985869
0.512	0.012176467311562904	0.029329988751297133	0.08732701374094426	0.007707338401467526	0.07881415821844792
0.5324800000000001	0.010502367475429836	0.025937648674937232	0.07381597462438019	0.006095665431110005	0.08174182480852325
0.55296	0.00906375795249673	0.02294307111266999	0.06285715673712153	0.004827148900039603	0.08466927979403593
0.5734400000000001	0.007827033249246341	0.02029918037623621	0.05391326556623227	0.0038273285817768702	0.08759649095870103
0.59392	0.006763361329695344	0.017964364699983137	0.04656728413864179	0.0030381844648309656	0.09052352852472126
0.6144000000000001	0.005848155433869167	0.01590214568660594	0.04049532088903068	0.002414523442103646	0.09345036845124177
0.63488	0.005060315009434095	0.01408028696121495	0.03544405472115464	0.0019210091003422204	0.09637706347852074
0.65536	0.004381824494300986	0.012470497042204206	0.031215127228418994	0.0015300173522914545	0.09930359582634854
0.69632	0.003311444811217405	0.009830386618830641	0.024741297478620406	0.0009805522380982492	0.10515575301188859
0.73728	0.002508715749588794	0.007754788464392273	0.019982038419353386	0.0006304311480617482	0.11100746561520179
0.77824	0.0019055130412455002	0.0061208972171588405	0.016414956370318846	0.00040639467491245104	0.11685897037078671
0.8192	0.0014525001101734455	0.004836070440950656	0.01369246110671713	0.0002627806685059126	0.12271012330174098
0.86016	0.001111965307508335	0.003825884871967374	0.011575726083612663	0.00017047942510239512	0.12856106148621216
0.90112	0.0008555104488320901	0.003031354843290999	0.00990124349968607	0.00011097864088734755	0.1344117212970793
0.94208	0.0006618767219711767	0.002405956823693349	0.008555459427812336	7.249572218231031e-5	0.14026219615609317
0.9830400000000001	0.0005152524874401426	0.0019132675369463868	0.007458755300161062	4.75250610894401e-5	0.14611245427960792
1.024	0.0004038528384709854	0.0015247205044090612	0.006553684749722357	3.126794625849842e-5	0.15196255671953543
1.0649600000000001	0.0003189069957602684	0.0012179713574131145	0.005798449426150393	2.064881799818798e-5	0.1578124875008576
1.10592	0.00025386720643340494	0.0009754994953465705	0.0051619876791203995	1.3688953371705274e-5	0.16366228716347186
1.1468800000000001	0.00020384568566966704	0.0007835852973323292	0.004620887219920035	9.111895238320893e-6	0.16951194822824275
1.18784	0.00016518319886383093	0.000631463251344406	0.004157213451203883	6.091270492680901e-6	0.17536149833649856
1.2288000000000001	0.00013513843071842106	0.0005106921763418616	0.003757059492537852	4.090633289504719e-6	0.18121093460666188
1.26976	0.00011165198673603211	0.0004146419356482997	0.003409494850235178	2.7605659751593707e-6	0.18706027641341894
1.31072	9.317464217116114e-5	0.000338106373194034	0.0031058397602120803	1.8728371568532978e-6	0.19290952331687183
1.39264	6.746264671472078e-5	0.00023070975731294933	0.0026135028946797615	8.959208929939006e-7	0.20460765076366616
1.47456	5.057110337317419e-5	0.0001605251855131976	0.0022233368328561307	4.3932205699783063e-7	0.216305490653788
1.55648	3.914253699664484e-5	0.00011412514479047144	0.0019097908708775265	2.2161031027822663e-7	0.2280031148070633
1.6384	3.118811044101888e-5	8.314831587266561e-5	0.0016547893479135307	1.1580402424761129e-7	0.23970052076490161
1.72032	2.5478693652478293e-5	6.218847629696835e-5	0.001445029288273084	6.312348895522564e-8	0.2513977514524563
1.80224	2.1252468837137444e-5	4.7767765954081626e-5	0.0012706852520378126	3.611304317779545e-8	0.2630948130232923
1.88416	1.8032882823674718e-5	3.765341180390265e-5	0.001124414028195264	2.1782185368325374e-8	0.27479173404326845
1.9660800000000003	1.5516177786754684e-5	3.0407089591908516e-5	0.001000652227665148	1.3877932063701335e-8	0.28648852152151616
2.048	1.3504490929911987e-5	2.5096822014888244e-5	0.0008951274548315209	9.328147318790011e-9	0.2981851950299289
2.1299200000000003	1.186557849815902e-5	2.1113686839859285e-5	0.0008045187077765252	6.587632858452523e-9	0.3098817609536558
2.21184	1.0508810044061237e-5	1.805621077551468e-5	0.0007262151571577068	4.858627233958574e-9	0.3215782332522429
2.2937600000000002	9.370375080875469e-6	1.5656592642359836e-5	0.0006581433855260894	3.717143987052212e-9	0.33327461738669767
2.37568	8.404239572221393e-6	1.373401396758152e-5	0.0005986411744855326	2.9307214119368904e-9	0.3449709236481318
2.4576000000000002	7.576369784433173e-6	1.2164536764837387e-5	0.0005463645376052668	2.367584861556194e-9	0.3566671566082671
2.53952	6.861073630908916e-6	1.0861906688947936e-5	0.0005002180981717221	1.9504309087130037e-9	0.3683633240604085
2.62144	6.23856413942883e-6	9.765007447329885e-6	0.0004593025818825477	1.63228907042392e-9	0.38005942981036134
2.78528	5.236356391275808e-6	8.063577781207871e-6	0.00039190911535404274	1.1938133084313898e-9	0.403451422285566
2.94912	4.444825654108419e-6	6.76555071601765e-6	0.00033731891968609434	9.023581543821312e-10	0.42684322141866177
3.11296	3.8095315580407957e-6	5.74823937997537e-6	0.00029251562033076817	6.986656662205411e-10	0.45023486273781427
3.2768	3.2925916486131183e-6	4.9348373626891566e-6	0.0002553550827038753	5.512092849061705e-10	0.4736263597376159
3.44064	2.866636045751424e-6	4.2734403209697665e-6	0.00022423504808576457	4.4158677956843004e-10	0.4970177346600665
3.60448	2.511720805822938e-6	3.72798350596801e-6	0.0001979405899704186	3.5841190316668653e-10	0.5204089979224729
3.76832	2.213128989467675e-6	3.2727959716823195e-6	0.00017555581565267497	2.9429544411254194e-10	0.5438001651517518
3.9321600000000005	1.9597625391178333e-6	2.889089162307288e-6	0.00015635959533926415	2.4424047397052655e-10	0.5671912443552912
4.096	1.7431238912077677e-6	2.5628008681770333e-6	0.00013979264157590237	2.0475614107968106e-10	0.5905822468501097
4.2598400000000005	1.5566262156859251e-6	2.283213288558247e-6	0.00012541317459494132	1.7333849299714056e-10	0.6139731788617792
4.42368	1.3951026920851681e-6	2.0420307850132695e-6	0.00011286876766385329	1.48152179360111e-10	0.6373640488066414
4.5875200000000005	1.2544551626561657e-6	1.8327438879248273e-6	0.00010187561204648444	1.2782766063356137e-10	0.6607548615804858
4.75136	1.1313996400726026e-6	1.650183457069983e-6	9.220308028755717e-5	1.1132782067196113e-10	0.6841456235772011
4.9152000000000005	1.0232790503733986e-6	1.4901995226795187e-6	8.366213118727479e-5	9.785758492001533e-11	0.7075363386847285
5.07904	9.279239110015434e-7	1.3494269955656852e-6	7.609651962947198e-5	8.680117538624003e-11	0.7309270118436499
5.24288	8.435474449967163e-7	1.2251115225267006e-6	6.937608171197572e-5	7.767757644765485e-11	0.754317646166158
5.57056	7.060947015638113e-7	1.022895441001306e-6	5.838175264704644e-5	6.411417398365913e-11	0.8010987769164665
5.89824	5.961128049508658e-7	8.615767603577488e-7	4.953812726208234e-5	5.447101678731176e-11	0.8478797884911926
6.22592	5.073117574444261e-7	7.316813070993763e-7	4.236305192194e-5	4.743995366443326e-11	0.8946607043245689
6.5536	4.351689053013991e-7	6.263754365491629e-7	3.651254429776061e-5	4.2180880943862814e-11	0.9414415349057403
6.88128	3.762672413330414e-7	5.405309773087668e-7	3.172182591618169e-5	3.813781108420736e-11	0.9882222939943184
7.20896	3.2797185488287466e-7	4.7023038249114015e-7	2.778370093860966e-5	3.493919521020956e-11	1.0350029886758039
7.53664	2.882190272586114e-7	4.1242589784573263e-7	2.4534429100380238e-5	3.2334848386052805e-11	1.0817836282181605
7.864320000000001	2.553751238520162e-7	3.6471482011494634e-7	2.1843619071496913e-5	3.0155191555299437e-11	1.1285642174932118
8.192	2.2813710177096547e-7	3.251856558648256e-7	1.9606808633230327e-5	2.8284550412282528e-11	1.1753447628617824
8.519680000000001	2.054596256028159e-7	2.923077137858864e-7	1.7739913458261685e-5	2.6643490888202724e-11	1.2221252676992154
8.84736	1.8650037684777532e-7	2.6484921782800886e-7	1.6175003344929385e-5	2.5177051861679338e-11	1.2689057364524774
9.175040000000001	1.7057829050625555e-7	2.4181520481619327e-7	1.4857042525795836e-5	2.384686727023339e-11	1.3156861714873778
9.50272	1.5714121670906907e-7	2.22399665795513e-7	1.3741343403056138e-5	2.2625870416300826e-11	1.3624665759751622
9.830400000000001	1.457405907467367e-7	2.0594819207015137e-7	1.2791558187058598e-5	2.1494722054779497e-11	1.409246951602501
10.15808	1.3601140852614302e-7	1.9192852831075943e-7	1.1978082134875772e-5	2.04393932986053e-11	1.4560273006811626
10.48576	1.2765627783572735e-7	1.7990717037533743e-7	1.1276776222799631e-5	1.944952513697405e-11	1.5028076244419517
11.14112	1.1461266714568385e-7	1.6118053237614427e-7	1.0173695488052853e-5	1.765469278260483e-11	1.596368176171345
11.79648	1.0443100651274169e-7	1.4662152603220208e-7	9.305825160926224e-6	1.604420260749618e-11	1.68992864075044
12.45184	9.62347445162466e-8	1.3494453933841755e-7	8.601102851460888e-6	1.459023987975204e-11	1.7834890294674406
13.1072	8.945377310686142e-8	1.2531650452115665e-7	8.013197444615566e-6	1.3273408607859875e-11	1.8770493455754376
13.76256	8.369764272999272e-8	1.1716880782441809e-7	7.510326353958413e-6	1.207852054371448e-11	1.970609595444244
14.41792	7.869651830502194e-8	1.1010911112927197e-7	7.070480522564975e-6	1.09930224574997e-11	2.064169781569575
15.07328	7.426296283863232e-8	1.0386511007937547e-7	6.678346280095329e-6	1.000617692794311e-11	2.157729908633271
15.728640000000002	7.026608671093027e-8	9.824679512235467e-8	6.323209208247492e-6	9.108594252806533e-12	2.251289978836902
16.384	6.66138753121397e-8	9.312071560084149e-8	5.99751824553177e-6	8.291946564161215e-12	2.344849995849603
17.039360000000002	6.324107679198257e-8	8.839235007757276e-8	5.6959011637099255e-6	7.548781236077326e-12	2.4384099617084996
17.69472	6.010089455489254e-8	8.399401587751183e-8	5.414489186499637e-6	6.872390463739984e-12	2.531969879425713
18.350080000000002	5.715928676516417e-8	7.987657325090774e-8	5.150453483069777e-6	6.256714339443942e-12	2.625529750915545
19.00544	5.439105282461162e-8	7.60037304928062e-8	4.901686898638725e-6	5.696264834162943e-12	2.7190895787319085
19.660800000000002	5.177714507617835e-8	7.234813230066211e-8	4.666585281450575e-6	5.186063704553819e-12	2.812649364674888
20.31616	4.930282075599388e-8	6.888867104161739e-8	4.443897113336846e-6	4.72159011834176e-12	2.9062091109576076
20.97152	4.695637033437e-8	6.560863685803586e-8	4.232620002200568e-6	4.298735509074837e-12	2.9997688192647867
22.28224	4.26845101097539e-8	5.963861351103153e-8	3.847694321030108e-6	3.575136705319476e-12	3.186888099462979
23.59296	3.881586057314205e-8	5.4232580606979064e-8	3.4990879862361887e-6	2.9740833392445503e-12	3.3740072483617483
24.90368	3.530360142334416e-8	4.93249223974916e-8	3.1825363992003885e-6	2.474133050058581e-12	3.5611262806182515
26.2144	3.2112030000931895e-8	4.486555902861571e-8	2.894856760023594e-6	2.05823356622217e-12	3.748245206096484
27.52512	2.921051505586244e-8	4.081157199494802e-8	2.6333067140967005e-6	1.712249755624032e-12	3.9353640349161654
28.83584	2.657200587513981e-8	3.712510727639012e-8	2.3954567496977086e-6	1.424427023787055e-12	4.122482775372174
30.14656	2.4172299590877478e-8	3.377231965168789e-8	2.179129616116179e-6	1.1849876533648769e-12	4.3096014357187675
31.457280000000004	2.1989588432064606e-8	3.0722724760726326e-8	1.9823617591074535e-6	9.8579796089183e-13	4.4967200229333875
32.768	2.0004143933989804e-8	2.7948750769446487e-8	1.8033759299952995e-6	8.200917414032852e-13	4.68383854379927
34.078720000000004	1.8198077682827947e-8	2.542540051736269e-8	1.6405601672347559e-6	6.822403035420077e-13	4.870957004140007
35.38944	1.6555148297054407e-8	2.312998000281416e-8	1.4924506791341582e-6	5.675612042253887e-13	5.058075409551035
36.700160000000004	1.5060598556567065e-8	2.104186987688211e-8	1.3577173075898843e-6	4.721591579201546e-13	5.2451937648710105
38.01088	1.3701013835315597e-8	1.9142327159612055e-8	1.2351508417914211e-6	3.92793699775627e-13	5.432312074725752
39.321600000000004	1.2464196763809308e-8	1.7414309866893837e-8	1.1236517588649609e-6	3.2676910106310063e-13	5.6194303431249795
40.63232	1.1339055026100125e-8	1.5842320110279256e-8	1.022220129770725e-6	2.7184279304339104e-13	5.806548573898007
41.94304	1.031550026099e-8	1.4412262774023516e-8	9.299465165442915e-7	2.2614918699300893e-13	5.993666770362369
44.56448	8.589784029315048e-9	1.2001404173147569e-8	7.743327344543067e-7	1.5842597535162028e-13	6.367903045967345
47.18592	7.155919004968869e-9	9.998042074353166e-9	6.450791649050194e-7	1.1109257234141909e-13	6.742139218968437
49.80736	5.961689914761503e-9	8.329494307812001e-9	5.374246480712775e-7	7.790748426000318e-14	7.116375309014159
52.4288	4.966802794789657e-9	6.939466736047686e-9	4.4773934795072754e-7	5.463579752272787e-14	7.490611329330509
55.05024	4.137958500156374e-9	5.781430011374578e-9	3.730221130364984e-7	3.83157030225611e-14	7.8648472922875685
57.67168	3.447440010309575e-9	4.8166581581061835e-9	3.107744111805001e-7	2.6870608745756035e-14	8.23908320686096
60.29312	2.8721593108905445e-9	4.012893211955668e-9	2.58914955409483e-7	1.8844272798713203e-14	8.613319081724407
62.91456000000001	2.3928828431211555e-9	3.343262573085263e-9	2.1570991878732468e-7	1.3215464123042861e-14	8.98755492301186
65.536	1.9935877272061557e-9	2.7853795216977767e-9	1.79714902518409e-7	9.268012441579785e-15	9.361790736821975
68.15744000000001	1.6609256435022697e-9	2.3205941646448587e-9	1.4972660776050065e-7	6.4996794393837656e-15	9.73602652733264
70.77888	1.383776285109205e-9	1.9333695290781466e-9	1.247425816305882e-7	4.558252731206312e-15	10.110262298841905
73.40032000000001	1.1528753990207452e-9	1.6107618701080908e-9	1.0392768689549192e-7	3.1967302316183337e-15	10.484498054183575
76.02176	9.60504945465939e-10	1.3419877690416726e-9	8.658617124169322e-8	2.24189202278224e-15	10.858733796394782
78.64320000000001	8.002349958528314e-10	1.118063519749677e-9	7.213840051021248e-8	1.57226049747165e-15	11.232969527387777
81.26464	6.667087244702064e-10	9.31504724754458e-10	6.010147660787064e-8	1.102644243023579e-15	11.607205249315232
83.88608	5.554632964776695e-10	7.760760447537836e-10	5.007309130305332e-8	7.732989448702212e-16	11.981440963459189
89.12896	3.935922527641407e-10	5.499369168287776e-10	3.547713580977035e-8	3.962456184492289e-16	12.729912361844143
94.37184	2.794130027566797e-10	3.9040146201975757e-10	2.5185736246729494e-8	2.038465077484251e-16	13.478383741903043
99.61472	1.9839699263876862e-10	2.772039206671202e-10	1.788315708913916e-8	1.0490811171886082e-16	14.226855111861662
104.8576	1.4087487497360904e-10	1.9683293797724456e-10	1.269821737997644e-8	5.3992474593831157e-17	14.975326473174587
110.10048	1.0003084525282384e-10	1.3976491267877227e-10	9.01660796615984e-9	2.7788273849390194e-17	15.72379782988043
115.34336	7.102896240945785e-11	9.924295310345013e-11	6.402428650109075e-9	1.4301866417577842e-17	16.472269182259527
120.58624	5.043569653943433e-11	7.046966735231724e-11	4.546187306188712e-9	7.360825592950478e-18	17.220740532627385
125.82912000000002	3.5813069801849516e-11	5.0038667778705944e-11	3.228128948651085e-9	3.788462295408748e-18	17.969211880834468
131.072	2.5429979652271812e-11	3.553122605768536e-11	2.2922150489700748e-9	1.949853651708422e-18	18.717683228243683
136.31488000000002	1.8057240486224768e-11	2.5229901516920885e-11	1.6276489742662339e-9	1.0035606895426798e-18	19.466154574577825
141.55776	1.2822054813754743e-11	1.791520553955255e-11	1.1557582833151231e-9	5.165208005606477e-19	20.214625920659742
146.80064000000002	9.104680904461826e-12	1.272122367186272e-11	8.206805345212218e-10	2.6584868094040546e-19	20.96309726620959
152.04352	6.465061501863622e-12	9.033099904252976e-12	5.827497291396095e-10	1.368307456779107e-19	21.711568611736418
157.28640000000001	4.590726318537538e-12	6.414245074191953e-12	4.138003349181026e-10	7.042637529688604e-20	22.460039957001914
162.52928	3.2597998574765986e-12	4.554650714056232e-12	2.938328763078658e-10	3.624844719017244e-20	23.208511302328102
167.77216	2.314734822105893e-12	3.2341888890915926e-12	2.0864631027472858e-10	1.865717447961362e-20	23.95698264752732
178.25792	1.2398199099633073e-12	1.732449225407912e-12	1.1172930787252449e-10	5.573921529596425e-21	25.453925335368574
188.74368	6.692439449356935e-13	9.35149820411835e-13	6.031282908541919e-11	1.6921748905069676e-21	26.950868022851566
199.22944	3.6163531629154055e-13	5.053196352418073e-13	3.259110434825746e-11	5.147855340052613e-22	28.447810711321093
209.7152	1.9544133032497866e-13	2.730936662299447e-13	1.7613470789029816e-11	1.5664756670351774e-22	29.944753399803965
220.20096	1.0562557296604343e-13	1.4759250037723552e-13	9.519138253048392e-12	4.766919167254732e-23	31.441696088817572
230.68672	5.70850539637073e-14	7.976596631679168e-14	5.144592348787397e-12	1.4506287756467902e-23	32.93863877785123
241.17248	3.085146065252287e-14	4.310929774962584e-14	2.780380758391044e-12	4.414461450990235e-24	34.43558146715938
251.65824000000003	1.667358648150921e-14	2.3298300747671775e-14	1.502649057588431e-12	1.3433897630493252e-24	35.93252415648134
262.144	9.01119458562637e-15	1.259150351470747e-14	8.121025950589628e-13	4.0881727619344e-25	37.42946684594371
272.62976000000003	4.8700767837135495e-15	6.805045512276111e-15	4.3889873887858626e-13	1.2441116607763965e-25	38.92640953541413
283.11552	2.63202123517639e-15	3.677770430396351e-15	2.372017602159583e-13	3.7861026377911614e-26	40.423352224955906
293.60128000000003	1.422470082430694e-15	1.987642942992285e-15	1.2819516749067743e-13	1.1522010869887817e-26	41.92029491450205
304.08704	7.687711691027053e-16	1.0742177396929354e-15	6.928282622896852e-14	3.506444814015891e-27	43.417237604084335
314.57280000000003	4.1548107457682587e-16	5.805591585443329e-16	3.744378546745096e-14	1.0671083331601805e-27	44.91418029366895
325.05856	2.2454615657188456e-16	3.1376237414682017e-16	2.0236440410466223e-14	3.247526645249829e-28	46.411122983271845
335.54432	1.2135571476666174e-16	1.6957251888697936e-16	1.0936761048274439e-14	9.883245199010987e-29	47.908065672875914
356.51584	4.0679867283461615e-17	5.685408898611474e-17	3.66416860561673e-15	1.2035634199433685e-29	50.90195105204641
377.48736	1.407773724891507e-17	1.967426832386451e-17	1.2681728452983032e-15	1.5640726357575709e-30	53.89583643121444
398.45888	4.90607336372005e-18	6.856370218846524e-18	4.41969586574348e-16	2.060974514519246e-31	56.88972181040897
419.4304	1.7122624155342437e-18	2.392928321863958e-18	1.5425205039313082e-16	2.723604733127365e-32	59.88360718960526
440.40192	5.977719794881914e-19	8.354005821261291e-19	5.3851351626928975e-17	3.6014367315261304e-33	62.87749256880944
461.37344	2.0870152984606317e-19	2.916653437735361e-19	1.880125146007394e-17	4.762796811202009e-34	65.87137794801414
482.34496	7.286508178611651e-20	1.0183068234964912e-19	6.564181491576264e-18	6.298843426996978e-35	68.86526332722116
503.31648000000007	2.543975728403981e-20	3.555266547676566e-20	2.291786054310868e-18	8.330357932019944e-36	71.85914870642834
524.288	8.881892510791109e-21	1.2412656071510725e-20	8.00141150153973e-19	1.1017142749131877e-36	74.8530340856362
545.2595200000001	3.1009667629948822e-21	4.33367487665879e-21	2.7935611969210556e-19	1.457056631227934e-37	77.84691946484409
566.23104	1.0826494503579836e-21	1.5130284005291137e-21	9.753240292465818e-20	1.9270186399516452e-38	80.84080484405219
587.2025600000001	3.779878633039847e-22	5.282470505008007e-22	3.405170849332697e-20	2.548574491465113e-39	83.83469022326028
608.17408	1.3196755658689398e-22	1.8442780856644842e-22	1.1888531556376067e-20	3.370626003591321e-40	86.82857560246843
629.1456000000001	4.607399608695183e-23	6.43895093503022e-23	4.150657600374237e-21	4.4578504411268013e-41	89.82246098167658
650.11712	1.6085850123946114e-23	2.2480359752858545e-23	1.449122282371445e-21	5.895789609675679e-42	92.81634636088474
671.08864	5.616058498903278e-24	7.848575964721025e-24	5.0593255858968715e-22	7.797580729486808e-43	95.81023174009295
713.03168	7.572241919685509e-25	1.0588698946485161e-24	6.81049556046862e-23	1.659287808125054e-44	101.7980024985093
754.97472	1.1043145220966045e-25	1.5441174306992216e-25	9.934595028701446e-24	4.145533964634586e-46	107.78577325692567
796.91776	1.7035498285696138e-26	2.3818000495935372e-26	1.532855579831881e-24	1.1587750282346127e-47	113.77354401534203
838.8608	2.721926387896562e-27	3.805479006947275e-27	2.4494609625338466e-25	3.4742361260839534e-49	119.76131477375837
880.80384	4.438613869030287e-28	6.205415287203821e-28	3.994553065095617e-26	1.0848782068347224e-50	125.74908553217476
922.74688	7.320379482136234e-29	1.02341515012453e-28	6.588234526062779e-27	3.465077852778306e-52	131.73685629059113
964.68992	1.2147405850029665e-29	1.698239617546113e-29	1.093268547900519e-27	1.1203721383563196e-53	137.72462704900752
1006.6329600000001	2.0223556065634483e-30	2.8272971223503724e-30	1.8201409169609309e-28	3.6463235680473324e-55	143.7123978074239
1048.576	3.37277300951495e-31	4.71520142429494e-31	3.035545946984941e-29	1.190852159600002e-56	149.70016856584027
1090.5190400000001	5.630097431916726e-32	7.87097675519034e-32	5.067185107940015e-30	3.896358501959282e-58	155.68793932425663
1132.46208	9.402752709395256e-33	1.3145209599253073e-32	8.462652004627605e-31	1.2760898731389002e-59	161.675710082673
1174.4051200000001	1.5707411846617433e-33	2.195922548538362e-33	1.4136972609855626e-31	4.181437185563422e-61	167.66348084108935
1216.34816	2.624291898189277e-34	3.6688036395539706e-34	2.361914047469613e-32	1.3705240565137306e-62	173.65125159950574
1258.2912000000001	4.384800407522739e-35	6.130023342323027e-35	3.946406903786353e-33	4.492716886932489e-64	179.63902235792222
1300.23424	7.326610849929122e-36	1.0242722552660934e-35	6.594094984074566e-34	1.4728669128191987e-65	185.62679311633866
1342.17728	1.2242338140898795e-36	1.711498994735015e-36	1.1018347462251617e-34	4.828748839949565e-67	191.61456387475508
1426.06336	-1.5045300136814122e-37	-2.10268414404737e-37	-1.3556987749147072e-35	9.985046760083062e-69	203.59010539158783
1509.94944	-2.9364131784644054e-38	-4.1050394708830493e-38	-2.6432855132892112e-36	5.181002453618542e-70	215.56564690842058
1593.83552	-2.898099219457467e-39	-4.052072847263923e-39	-2.607604167116535e-37	6.881560798191155e-72	227.54118842525332
1677.7216	-1.8049542571481708e-40	-2.5240772301290806e-40	-1.6231661585716422e-38	3.639205346864827e-74	239.51672994208607
1761.60768	-3.469035689714238e-42	-4.8560259932394293e-42	-3.1095679872630945e-40	1.822880892632596e-77	251.49227145891882
1845.49376	8.404324999080944e-43	1.1746121416265516e-42	7.571575205027076e-41	1.4750567737069647e-78	263.4678129757516
1929.37984	1.3945490753261712e-43	1.949613710044892e-43	1.2552252339585625e-41	5.532966897152062e-80	275.4433544925843
2013.2659200000003	1.284710378939051e-44	1.7962986151285694e-44	1.15585905506357e-42	6.403291770490032e-82	287.41889600941704
2097.152	7.326337981323868e-46	1.0245690373452941e-45	6.587582284386135e-44	2.838733569980941e-84	299.39443752624976
2181.0380800000003	6.203944650948369e-48	8.700399816409266e-48	5.52797793788423e-46	2.7282507851602395e-88	311.3699790430825
2264.92416	-4.4820329861678693e-48	-6.264695443814848e-48	-4.0369336944715545e-46	1.9857939183833847e-88	323.34552055991526
2348.8102400000002	-6.5433372509411215e-49	-9.14795575088847e-49	-5.889183346864482e-47	5.767936156862184e-90	335.32106207674803
2432.69632	-5.636423892468779e-50	-7.881086479662845e-50	-5.070769696999294e-48	5.836298259910339e-92	347.29660359358076
2516.5824000000002	-2.905354246118258e-51	-4.063272719473839e-51	-2.6119534828489716e-49	2.113489226282053e-94	359.2721451104135
2600.46848	1.4775193988002496e-53	2.0539218520943024e-53	1.3540923911948124e-51	7.752561919831757e-99	371.24768662724614
2684.35456	2.3126660094538887e-53	3.2326773761718188e-53	2.0826231262356253e-51	2.5029348066843808e-98	383.22322814407886
2852.12672	1.0003324128124003e-53	1.400756796615436e-53	8.967352833361462e-52	8.369337742245372e-99	407.1743111777443
3019.89888	5.696461365991415e-55	7.970095705042263e-55	5.116936758257496e-53	4.90028480928418e-101	431.12539421140985
3187.67104	6.636634035769619e-57	9.252517627461081e-57	6.0097130299669446e-55	1.2151468960625252e-104	455.07647724507535
3355.4432	-1.273503977902803e-57	-1.7837919461111193e-57	-1.1409408830835582e-55	7.873301071481112e-106	479.02756027874085
3523.21536	-1.0126832107429256e-58	-1.4171711661448434e-58	-9.091698981020079e-57	8.987293934600478e-108	502.9786433124063
3690.98752	-2.682819882091089e-60	-3.749573881349969e-60	-2.4157077360158673e-58	1.1406064360592832e-110	526.9297263460718
3858.75968	1.3025079877379723e-61	1.8258447073854387e-61	1.1648155967616748e-59	4.7672680739859836e-113	550.8808093797373
4026.5318400000006	1.6331944444066043e-62	2.286065185289566e-62	1.465462376233524e-60	1.3564779786653683e-114	574.8318924134029
4194.304	6.566550335396411e-64	9.183609319645634e-64	5.903847268802061e-62	3.957690351616447e-117	598.7829754470683
4362.0761600000005	-6.674802865965425e-66	-9.393764330855261e-66	-5.914468671072095e-64	7.14021417369328e-121	622.7340584807338
4529.84832	-2.384718968419841e-66	-3.3388938858769233e-66	-2.1385029520709634e-64	1.6780606708801757e-121	646.6851415143992
4697.6204800000005	-1.3268186159818822e-67	-1.856267894706591e-67	-1.1919500457877894e-65	9.371567621531338e-124	670.6362245480647
4865.39264	-1.3799404797609094e-69	-1.9228819941834945e-69	-1.2510423316478885e-67	1.8558733169374736e-127	694.5873075817301
5033.1648000000005	3.072639820584679e-70	4.3036658661208136e-70	2.753036921695182e-68	1.6156101479351804e-128	718.5383906153955
5200.93696	2.3773550391248827e-71	3.3268641373628638e-71	2.134436453873906e-69	1.7457704706257782e-130	742.489473649061
5368.70912	6.050711802535363e-73	8.455954921255437e-73	5.449263076978293e-71	2.0455232379012247e-133	766.4405566827264
5704.25344	-2.6636596697524807e-73	-3.749656166728714e-73	-2.355738778089291e-71	1.1199551047144904e-133	814.3427227500574
6039.79776	-7.510763364050462e-75	-1.053128187218896e-74	-6.710484532225483e-73	2.6304388211742396e-136	862.2448888173884
6375.34208	5.928777729723515e-77	8.44359443809781e-77	5.098984330230668e-75	4.3897138382431025e-140	910.1470548847193
6710.8864	8.811795898267957e-78	1.2387016184210782e-77	7.822986514264531e-76	2.98598792612284e-141	958.0492209520504
7046.43072	1.743936788028553e-79	2.4410689926740342e-79	1.5639913247483462e-77	3.448869442896932e-144	1005.9513870193814
7381.97504	-3.9285407700152554e-81	-5.549739080518654e-81	-3.446385939505488e-79	4.839494884882238e-147	1053.8535530867125
7717.51936	-2.717667442417699e-82	-3.817401007623504e-82	-2.417056327321509e-80	6.878753933787918e-149	1101.7557191540434
8053.063680000001	-3.3491016547999942e-84	-4.673955069556482e-84	-3.0246346828556714e-82	3.112763233355066e-152	1149.6578852213743
8388.608	1.7451665762785076e-85	2.459358572192499e-85	1.5400368977886312e-83	2.3319889287251992e-154	1197.5600512887052
8724.152320000001	7.823614375491e-87	1.0981166755808184e-86	6.97086252631578e-85	1.3807061741104e-156	1245.462217356036
9059.69664	3.707207340407426e-89	5.1081885184183624e-89	3.447196588697851e-87	9.757180350819584e-161	1293.364383423367
9395.240960000001	-6.584041428644566e-90	-9.266344223557762e-90	-5.828525851644212e-88	8.060717169112404e-162	1341.2665494906978
9730.78528	-2.0890708046620732e-91	-2.9295856558338447e-91	-1.8653297472407606e-89	2.3857858602870725e-164	1389.1687155580287
10066.329600000001	8.690093909153837e-94	1.250804070355323e-93	7.272836357029065e-92	1.0480737858688212e-168	1437.0708816253596
10401.87392	2.2467756353499764e-94	3.159195513789204e-94	1.993353371116119e-92	2.2751855248465848e-169	1484.9730476926904
10737.41824	5.067062745292123e-96	7.0968966909729646e-96	4.5377563594236684e-94	3.407176042491276e-172	1532.8752137600213
11408.50688	-1.2010960683195967e-97	-1.7382874685744976e-97	-9.955450523451009e-96	1.078290930386634e-174	1628.679545894683
12079.59552	-2.203928138324977e-99	-3.1233622027282646e-99	-1.9165491263283027e-97	2.5018436935790577e-177	1724.483878029345
12750.68416	6.832709014380408e-102	1.0230980982969003e-101	5.215423436534857e-100	1.1492171132033018e-181	1820.288210164007
13421.7728	5.6867195306245e-103	8.100331086941073e-103	4.8874635364129905e-101	6.249610687068021e-183	1916.092542298669
14092.86144	3.6514743210732325e-105	5.096660970139124e-105	3.282252740634449e-103	1.7448442997708528e-186	2011.8968744333313
14763.95008	-9.746122495679733e-107	-1.3975229731036249e-106	-8.246391584620099e-105	6.817767839377817e-189	2107.7012065679933
15435.03872	-1.735242046406766e-108	-2.4563895206671856e-108	-1.5125003530597006e-106	1.419718746836431e-191	2203.505538702655
16106.127360000002	6.530690262897092e-111	9.655458062303724e-111	5.119961564795431e-109	1.0070266096960567e-195	2299.309870837317
16777.216	4.596055114141282e-112	6.543858078022024e-112	3.9535651325077966e-110	3.716904321218157e-197	2395.114202971979
17448.304640000002	2.7118665004269092e-114	3.7789303566104665e-114	2.4474257603635114e-112	8.816955563997947e-201	2490.918535106641
18119.39328	-8.098852718919641e-116	-1.1606575285781775e-115	-6.86152142626479e-114	4.2897941524327426e-203	2586.7228672413025
18790.481920000002	-1.3675901572295533e-117	-1.935155087429914e-117	-1.1931736312403764e-115	8.029692335718121e-206	2682.5271993759648
19461.57056	6.109461734629304e-120	8.982658788479547e-120	4.859383277176849e-118	8.244226720439077e-210	2778.3315315106265
20132.659200000002	3.710550684612807e-121	5.281448917169576e-121	3.194125256078652e-119	2.204892947509692e-211	2874.1358636452887
20803.74784	1.996577826341233e-123	2.7758111180992614e-123	1.8107839124914606e-121	4.386446971221957e-215	2969.940195779951
21474.83648	-6.71534233748453e-125	-9.618927636704011e-125	-5.696244251931803e-123	2.686908275938343e-217	3065.744527914613
22817.01376	-1.0468658391383563e-125	-1.6132894348880997e-125	-7.10803859554136e-124	1.1858099618487629e-217	3257.353192183937
24159.19104	-1.745116690028499e-128	-2.484925046975497e-128	-1.5183959242127063e-126	1.2950080819145717e-221	3448.961856453261
25501.36832	2.761312685692953e-130	4.392699986774949e-130	1.854270828024137e-128	4.269997540599764e-224	3640.570520722585
26843.5456	1.2180317899325284e-132	1.7920238426508133e-132	9.660169184353599e-131	2.4768919433048925e-227	3832.1791849919096
28185.72288	-6.065661898027615e-135	-9.969020506883853e-135	-3.868596630316617e-133	8.372400494375098e-231	4023.7878492612335
29527.90016	-5.646704716200804e-137	-8.4818650866845105e-137	-4.286886773472447e-135	2.1547028423068833e-233	4215.396513530557
30870.07744	6.37779525002441e-140	1.2310817103160384e-139	2.5028815723690135e-138	1.535899565802997e-238	4407.005177799881
32212.254720000004	2.101494618175818e-141	3.212927329640301e-141	1.5411356008472694e-139	1.2166060620615988e-239	4598.613842069204
33554.432	3.1247466530806625e-144	3.9273143880408655e-144	3.026507743491386e-142	9.798979735563362e-244	4790.222506338528
34896.609280000004	-6.456945097851105e-146	-1.0070084235951489e-145	-4.554046682546597e-144	4.632959340454456e-246	4981.831170607851
36238.78656	-2.7097746118917832e-148	-3.903631989708061e-148	-2.194064865790212e-146	2.2454512704646504e-249	5173.439834877175
37580.963840000004	1.5438639911201367e-150	2.487197103101505e-150	1.0178302415460519e-148	1.0089893153879207e-252	5365.048499146498
38923.14112	1.3250378133229588e-152	1.9756931001269687e-152	1.0141680107397661e-150	2.0916202483290224e-255	5556.657163415822
40265.318400000004	-1.9829897651993603e-155	-3.593685888216116e-155	-9.526637129715082e-154	3.8536105720003955e-260	5748.265827685146
41607.49568	-5.0737312818252026e-157	-7.726416849329002e-157	-3.740677326983156e-155	1.240549192745144e-261	5939.87449195447
42949.67296	-5.964513903611055e-160	-7.104639698219488e-160	-6.155011925336842e-158	7.012872700922796e-266	6131.483156223792
45634.02752	6.183383465857334e-161	1.6669492514902168e-160	-8.80255800826079e-160	4.841378929231238e-267	6514.70048476244
48318.38208	-2.231875158275132e-164	-2.4946780718271738e-164	-2.426416052349268e-162	2.4942164995262e-271	6897.917813301087
51002.73664	-4.700330505394239e-167	-5.916811674627149e-166	1.6229191950082762e-164	4.977634728318945e-274	7281.135141839735
53687.0912	3.418675330052275e-169	4.620133263299874e-169	2.352015755143268e-167	9.628695715188612e-278	7664.352470378383
56371.44576	-1.8242227071160863e-172	2.48817851140207e-171	-3.410203195856484e-170	3.9476696833865463e-281	8047.569798917032
59055.80032	-1.4537199750718867e-174	-2.4851915544062593e-174	-1.842747072715974e-173	2.2155500609103402e-284	8430.78712745568
61740.15488	-6.883789866841126e-181	-1.3449673323575239e-176	-5.43914056406016e-176	1.9965921379091253e-288	8814.004455994327
64424.50944000001	-3.9855838072632326e-181	3.879489216377328e-180	-5.134520851892788e-178	3.858474818565497e-291	9197.221784532974
67108.864	1.5490968513923541e-183	6.971624348990393e-182	1.589689327685962e-181	2.300766548843735e-296	9580.439113071621
69793.21856000001	2.589386145587265e-185	1.8265680026535973e-185	2.2228157927192013e-183	5.467425472419828e-298	9963.656441610268
72477.57312	8.666705876310199e-190	-3.4055345220360914e-187	4.2667631282804776e-187	6.503188615303671e-303	10346.873770148915
75161.92768000001	-8.305346266520466e-191	-9.560462060024205e-191	9.270888416857466e-190	6.405014565411762e-305	10730.091098687562
77846.28224	6.006164971731415e-194	1.7947472108801237e-192	6.0360479532000764e-192	5.718899529711784e-309	11113.30842722621
80530.63680000001	-4.5737826398100465e-197	9.435242092319046e-197	-3.193594120777619e-194	6.055329095053e-312	11496.525755764857
83214.99136	-8.815003919441119e-199	-9.92094918176923e-198	-5.954024240479228e-197	1.736026785e-315	11879.743084303505
85899.34592	8.965785349303465e-202	4.363670825469659e-203	7.183720654846967e-200	4.223e-319	12262.960412842152
91268.05504	-2.533440598036057e-202	-7.033906978354482e-202	-3.066926800739367e-200	2.0145e-319	13029.395069919448
96636.76416	-1.0730902528227292e-205	-1.6211165994676309e-205	-8.71405231128119e-204	0.0	13795.829726996742
102005.47328	7.09642597377862e-208	2.1124187740068706e-207	2.3412780490308128e-206	0.0	14562.264384074038
107374.1824	1.363072326253491e-211	3.6703715790718595e-211	-6.856874637106379e-210	0.0	15328.699041151332
112742.89152	-8.066377709738541e-214	-4.632355742149993e-213	4.3066045607176936e-212	0.0	16095.133698228628
118111.60064	4.4785644792219187e-218	-6.155899265683728e-217	2.728526912368934e-215	0.0	16861.568355305924
123480.30976	1.4114745089012807e-219	1.15375046579786e-218	-4.452859758095584e-219	0.0	17628.00301238322
128849.01888000002	3.018116051794113e-223	2.348582022106252e-222	3.24979481720709e-221	0.0	18394.437669460516
134217.728	-2.938310897573607e-225	-2.9411019977636693e-224	-3.6938959124992665e-224	0.0	19160.87232653781
139586.43712000002	-9.5004975398272e-229	-7.171429514924421e-228	-3.1246870591407875e-227	0.0	19927.306983615108
144955.14624	5.173945877822728e-231	7.338527195591508e-230	-9.206182709258888e-231	0.0	20693.741640692406
150323.85536000002	1.0720264834593747e-234	1.8931125103001714e-233	-6.760229174897996e-233	0.0	21460.1762977697
155692.56448	-9.18640057202099e-237	-1.8329147498083323e-235	1.2303018865594823e-236	0.0	22226.610954846998
161061.27360000001	-2.0046107044579334e-240	-5.226658053145946e-239	9.609174594413264e-240	0.0	22993.045611924288
166429.98272	1.6507879872326986e-242	4.580504486125326e-241	-1.8913072991336748e-243	0.0	23759.480269001582
171798.69184	4.925568235632883e-246	1.4479376807309092e-244	9.037596873487729e-245	0.0	24525.914926078876
182536.11008	1.8637762441802588e-246	6.559402639071659e-245	5.135305874615814e-246	0.0	26058.784240233468
193273.52832	1.5771370270954492e-251	7.089628232676132e-250	1.4880702198719965e-250	0.0	27591.653554388056
204010.94656	-1.6701479672182743e-252	-8.219547261653044e-251	9.299686426840067e-253	0.0	29124.52286854265
214748.3648	-2.7953044402327142e-257	-1.9970107673762078e-255	2.226840701199353e-256	0.0	30657.39218269724
225485.78304	1.5045562341835872e-258	1.0299992370227939e-256	-1.006394407931659e-259	0.0	32190.26149685183
236223.20128	4.065732197334423e-263	3.8976268277373433e-261	7.498089986451394e-263	0.0	33723.13081100642
246960.61952	-1.3573171376838401e-264	-1.2905471716408498e-262	-1.0193519774311264e-265	0.0	35256.00012516101
257698.03776000004	-4.991245490473576e-269	-6.631366727324109e-267	-3.3257606303893947e-270	0.0	36788.869439315604
268435.456	1.2230894051877814e-270	1.6167436969407616e-268	-2.4430299539321245e-272	0.0	38321.73875347019
279172.87424000003	5.6778308094452956e-275	1.0499007718389044e-272	-1.1468030548008281e-275	0.0	39854.60806762478
289910.29248	-1.102269163201061e-276	-2.0250974164876428e-274	-5.436931498337645e-280	0.0	41387.47738177937
300647.71072000003	-6.196646849241563e-281	-1.589957110187755e-278	-4.146420176066968e-282	0.0	42920.34669593396
311385.12896	9.932866748744624e-283	2.5362204873403065e-280	1.321942555793252e-285	0.0	44453.216010088545
322122.54720000003	6.553486981021893e-287	2.3360297374481464e-284	-3.4074468830464213e-289	0.0	45986.08532424313
332859.96544	-8.949682511236663e-289	-3.175881416411108e-286	3.7563215402754144e-292	0.0	47518.95463839772
343597.38368	-6.779602509342117e-293	-3.3577296661521305e-290	2.9177067762801568e-295	0.0	49051.82395255231
365072.22016	-2.954589003638544e-293	-1.4640873253870984e-290	-2.1848804183661036e-296	0.0	52117.56258086149
386547.05664	-1.1319681851203091e-298	-7.798421846953927e-296	-5.012303207320055e-301	0.0	55183.30120917067
408021.89312	1.3319721661146383e-299	9.175376242617147e-297	-6.726935829402153e-304	0.0	58249.03983747985
429496.7296	1.158386749626035e-304	1.109357614333079e-301	-1.0404021560929295e-307	0.0	61314.77846578904
450971.56608	-6.004413950820661e-306	-5.749751520800491e-303	3.983535197452e-311	0.0	64380.51709409822
472446.40256	-8.14384593908e-311	-1.0841725365714016e-307	-9.57135913e-315	0.0	67446.2557224074
493921.23904	2.706595374293e-312	3.60281993533338e-309	8.052425e-318	0.0	70511.99435071657
515396.0755200001	4.988409e-317	9.231737354e-314	-3.3e-322	0.0	73577.73297902575
536870.912	-1.21998e-318	-2.25737811e-315	0.0	0.0	76643.47160733493
558345.7484800001	-3.0e-323	-7.3127e-320	0.0	0.0	79709.2102356441
579820.58496	0.0	1.413e-321	0.0	0.0	82774.94886395328
601295.4214400001	0.0	0.0	0.0	0.0	85840.68749226247
622770.25792	0.0	0.0	0.0	0.0	88906.42612057165
644245.0944000001	0.0	0.0	0.0	0.0	91972.16474888081
665719.93088	0.0	0.0	0.0	0.0	95037.90337718998
687194.76736	0.0	0.0	0.0	0.0	98103.64200549916
730144.44032	0.0	0.0	0.0	0.0	104235.11926211753
773094.11328	0.0	0.0	0.0	0.0	110366.5965187359
816043.78624	0.0	0.0	0.0	0.0	116498.07377535426
858993.4592	0.0	0.0	0.0	0.0	122629.55103197262
901943.13216	0.0	0.0	0.0	0.0	128761.02828859097
944892.80512	0.0	0.0	0.0	0.0	134892.5055452093
987842.47808	0.0	0.0	0.0	0.0	141023.98280182766
1.0307921510400001e6	0.0	0.0	0.0	0.0	147155.460058446
1.073741824e6	0.0	0.0	0.0	0.0	153286.9373150644
1.1166914969600001e6	0.0	0.0	0.0	0.0	159418.41457168275
1.15964116992e6	0.0	0.0	0.0	0.0	165549.89182830113
1.2025908428800001e6	0.0	0.0	0.0	0.0	171681.36908491948
1.24554051584e6	0.0	0.0	0.0	0.0	177812.84634153784
1.2884901888000001e6	0.0	0.0	0.0	0.0	183944.3235981562
1.33143986176e6	0.0	0.0	0.0	0.0	190075.80085477454
1.37438953472e6	0.0	0.0	0.0	0.0	196207.2781113929
1.46028888064e6	0.0	0.0	0.0	0.0	208470.23262462963
1.54618822656e6	0.0	0.0	0.0	0.0	220733.18713786633
1.63208757248e6	0.0	0.0	0.0	0.0	232996.14165110304
1.7179869184e6	0.0	0.0	0.0	0.0	245259.09616433972
1.80388626432e6	0.0	0.0	0.0	0.0	257522.05067757642
1.88978561024e6	0.0	0.0	0.0	0.0	269785.0051908131
1.97568495616e6	0.0	0.0	0.0	0.0	282047.9597040498
2.0615843020800003e6	0.0	0.0	0.0	0.0	294310.91421728657
2.147483648e6	0.0	0.0	0.0	0.0	306573.8687305233
2.2333829939200003e6	0.0	0.0	0.0	0.0	318836.82324376
2.31928233984e6	0.0	0.0	0.0	0.0	331099.77775699674
2.4051816857600003e6	0.0	0.0	0.0	0.0	343362.73227023345
2.49108103168e6	0.0	0.0	0.0	0.0	355625.68678347016
2.5769803776000002e6	0.0	0.0	0.0	0.0	367888.64129670686
2.66287972352e6	0.0	0.0	0.0	0.0	380151.59580994357
2.74877906944e6	0.0	0.0	0.0	0.0	392414.5503231803
2.92057776128e6	0.0	0.0	0.0	0.0	416940.45934965374
3.09237645312e6	0.0	0.0	0.0	0.0	441466.36837612715
3.26417514496e6	0.0	0.0	0.0	0.0	465992.2774026006
3.4359738368e6	0.0	0.0	0.0	0.0	490518.18642907403
3.60777252864e6	0.0	0.0	0.0	0.0	515044.0954555475
3.77957122048e6	0.0	0.0	0.0	0.0	539570.004482021
3.95136991232e6	0.0	0.0	0.0	0.0	564095.9135084945
4.1231686041600006e6	0.0	0.0	0.0	0.0	588621.8225349679
4.294967296e6	0.0	0.0	0.0	0.0	613147.7315614413
4.466765987840001e6	0.0	0.0	0.0	0.0	637673.6405879149
4.63856467968e6	0.0	0.0	0.0	0.0	662199.5496143883
4.8103633715200005e6	0.0	0.0	0.0	0.0	686725.4586408617
4.98216206336e6	0.0	0.0	0.0	0.0	711251.3676673351
5.1539607552000005e6	0.0	0.0	0.0	0.0	735777.2766938085
5.32575944704e6	0.0	0.0	0.0	0.0	760303.1857202819
5.49755813888e6	0.0	0.0	0.0	0.0	784829.0947467554
5.84115552256e6	0.0	0.0	0.0	0.0	833880.9127997024
6.18475290624e6	0.0	0.0	0.0	0.0	882932.7308526492
6.52835028992e6	0.0	0.0	0.0	0.0	931984.5489055961
6.8719476736e6	0.0	0.0	0.0	0.0	981036.366958543
7.21554505728e6	0.0	0.0	0.0	0.0	1.03008818501149e6
7.55914244096e6	0.0	0.0	0.0	0.0	1.0791400030644368e6
7.90273982464e6	0.0	0.0	0.0	0.0	1.1281918211173837e6
8.246337208320001e6	0.0	0.0	0.0	0.0	1.1772436391703307e6
8.589934592e6	0.0	0.0	0.0	0.0	1.2262954572232775e6
8.933531975680001e6	0.0	0.0	0.0	0.0	1.2753472752762244e6
9.27712935936e6	0.0	0.0	0.0	0.0	1.3243990933291712e6
9.620726743040001e6	0.0	0.0	0.0	0.0	1.373450911382118e6
9.96432412672e6	0.0	0.0	0.0	0.0	1.4225027294350648e6
1.0307921510400001e7	0.0	0.0	0.0	0.0	1.471554547488012e6
1.065151889408e7	0.0	0.0	0.0	0.0	1.5206063655409587e6
1.099511627776e7	0.0	0.0	0.0	0.0	1.5696581835939058e6
1.168231104512e7	0.0	0.0	0.0	0.0	1.6677618196997996e6
1.236950581248e7	0.0	0.0	0.0	0.0	1.7658654558056933e6
1.305670057984e7	0.0	0.0	0.0	0.0	1.863969091911587e6
1.37438953472e7	0.0	0.0	0.0	0.0	1.9620727280174808e6
1.443109011456e7	0.0	0.0	0.0	0.0	2.0601763641233747e6
1.511828488192e7	0.0	0.0	0.0	0.0	2.1582800002292683e6
1.580547964928e7	0.0	0.0	0.0	0.0	2.256383636335162e6
1.6492674416640002e7	0.0	0.0	0.0	0.0	2.3544872724410556e6
1.7179869184e7	0.0	0.0	0.0	0.0	2.4525909085469493e6
1.7867063951360002e7	0.0	0.0	0.0	0.0	2.550694544652843e6
1.855425871872e7	0.0	0.0	0.0	0.0	2.6487981807587366e6
1.9241453486080002e7	0.0	0.0	0.0	0.0	2.7469018168646307e6
1.992864825344e7	0.0	0.0	0.0	0.0	2.8450054529705243e6
2.0615843020800002e7	0.0	0.0	0.0	0.0	2.9431090890764184e6
2.130303778816e7	0.0	0.0	0.0	0.0	3.0412127251823116e6
2.199023255552e7	0.0	0.0	0.0	0.0	3.1393163612882053e6
2.336462209024e7	0.0	0.0	0.0	0.0	3.335523633499993e6
2.473901162496e7	0.0	0.0	0.0	0.0	3.531730905711781e6
2.611340115968e7	0.0	0.0	0.0	0.0	3.7279381779235685e6
2.74877906944e7	0.0	0.0	0.0	0.0	3.9241454501353563e6
2.886218022912e7	0.0	0.0	0.0	0.0	4.120352722347144e6
3.023656976384e7	0.0	0.0	0.0	0.0	4.316559994558932e6
3.161095929856e7	0.0	0.0	0.0	0.0	4.51276726677072e6
3.2985348833280005e7	0.0	0.0	0.0	0.0	4.708974538982507e6
3.4359738368e7	0.0	0.0	0.0	0.0	4.905181811194295e6
3.5734127902720004e7	0.0	0.0	0.0	0.0	5.101389083406082e6
3.710851743744e7	0.0	0.0	0.0	0.0	5.29759635561787e6
3.8482906972160004e7	0.0	0.0	0.0	0.0	5.493803627829657e6
3.985729650688e7	0.0	0.0	0.0	0.0	5.690010900041444e6
4.1231686041600004e7	0.0	0.0	0.0	0.0	5.886218172253232e6
4.260607557632e7	0.0	0.0	0.0	0.0	6.08242544446502e6
4.398046511104e7	0.0	0.0	0.0	0.0	6.278632716676806e6
4.672924418048e7	0.0	0.0	0.0	0.0	6.671047261100382e6
4.947802324992e7	0.0	0.0	0.0	0.0	7.063461805523956e6
5.222680231936e7	0.0	0.0	0.0	0.0	7.455876349947532e6
5.49755813888e7	0.0	0.0	0.0	0.0	7.848290894371107e6
5.772436045824e7	0.0	0.0	0.0	0.0	8.240705438794682e6
6.047313952768e7	0.0	0.0	0.0	0.0	8.633119983218258e6
6.322191859712e7	0.0	0.0	0.0	0.0	9.025534527641833e6
6.597069766656001e7	0.0	0.0	0.0	0.0	9.417949072065407e6
6.8719476736e7	0.0	0.0	0.0	0.0	9.810363616488982e6
7.146825580544001e7	0.0	0.0	0.0	0.0	1.0202778160912557e7
7.421703487488e7	0.0	0.0	0.0	0.0	1.0595192705336131e7
7.696581394432001e7	0.0	0.0	0.0	0.0	1.0987607249759708e7
7.971459301376e7	0.0	0.0	0.0	0.0	1.1380021794183282e7
8.246337208320001e7	0.0	0.0	0.0	0.0	1.1772436338606855e7
8.521215115264e7	0.0	0.0	0.0	0.0	1.216485088303043e7
8.796093022208e7	0.0	0.0	0.0	0.0	1.2557265427454004e7
9.345848836096e7	0.0	0.0	0.0	0.0	1.3342094516301155e7
9.895604649984e7	0.0	0.0	0.0	0.0	1.4126923605148306e7
1.0445360463872e8	0.0	0.0	0.0	0.0	1.4911752693995455e7
1.099511627776e8	0.0	0.0	0.0	0.0	1.5696581782842606e7
1.1544872091648e8	0.0	0.0	0.0	0.0	1.6481410871689757e7
1.2094627905536e8	0.0	0.0	0.0	0.0	1.726623996053691e7
1.2644383719424e8	0.0	0.0	0.0	0.0	1.8051069049384058e7
1.3194139533312002e8	0.0	0.0	0.0	0.0	1.883589813823121e7
1.37438953472e8	0.0	0.0	0.0	0.0	1.962072722707836e7
1.4293651161088002e8	0.0	0.0	0.0	0.0	2.0405556315925512e7
1.4843406974976e8	0.0	0.0	0.0	0.0	2.119038540477266e7
1.5393162788864002e8	0.0	0.0	0.0	0.0	2.197521449361981e7
1.5942918602752e8	0.0	0.0	0.0	0.0	2.276004358246696e7
1.6492674416640002e8	0.0	0.0	0.0	0.0	2.354487267131411e7
1.7042430230528e8	0.0	0.0	0.0	0.0	2.432970176016126e7
1.7592186044416e8	0.0	0.0	0.0	0.0	2.511453084900841e7
1.8691697672192e8	0.0	0.0	0.0	0.0	2.6684189026702713e7
1.9791209299968e8	0.0	0.0	0.0	0.0	2.8253847204397015e7
2.0890720927744e8	0.0	0.0	0.0	0.0	2.9823505382091317e7
2.199023255552e8	0.0	0.0	0.0	0.0	3.1393163559785623e7
2.3089744183296e8	0.0	0.0	0.0	0.0	3.2962821737479925e7
2.4189255811072e8	0.0	0.0	0.0	0.0	3.453247991517422e7
2.5288767438848e8	0.0	0.0	0.0	0.0	3.610213809286852e7
2.6388279066624004e8	0.0	0.0	0.0	0.0	3.767179627056282e7
2.74877906944e8	0.0	0.0	0.0	0.0	3.924145444825712e7
2.8587302322176003e8	0.0	0.0	0.0	0.0	4.081111262595142e7
2.9686813949952e8	0.0	0.0	0.0	0.0	4.2380770803645715e7
3.0786325577728003e8	0.0	0.0	0.0	0.0	4.395042898134001e7
3.1885837205504e8	0.0	0.0	0.0	0.0	4.552008715903431e7
3.2985348833280003e8	0.0	0.0	0.0	0.0	4.708974533672862e7
3.4084860461056e8	0.0	0.0	0.0	0.0	4.8659403514422916e7
3.5184372088832e8	0.0	0.0	0.0	0.0	5.022906169211721e7
3.7383395344384e8	0.0	0.0	0.0	0.0	5.336837804750581e7
3.9582418599936e8	0.0	0.0	0.0	0.0	5.650769440289441e7
4.1781441855488e8	0.0	0.0	0.0	0.0	5.964701075828301e7
4.398046511104e8	0.0	0.0	0.0	0.0	6.2786327113671616e7
4.6179488366592e8	0.0	0.0	0.0	0.0	6.592564346906021e7
4.8378511622144e8	0.0	0.0	0.0	0.0	6.906495982444882e7
5.0577534877696e8	0.0	0.0	0.0	0.0	7.220427617983744e7
5.277655813324801e8	0.0	0.0	0.0	0.0	7.534359253522605e7
5.49755813888e8	0.0	0.0	0.0	0.0	7.848290889061464e7
5.717460464435201e8	0.0	0.0	0.0	0.0	8.162222524600324e7
5.9373627899904e8	0.0	0.0	0.0	0.0	8.476154160139185e7
6.157265115545601e8	0.0	0.0	0.0	0.0	8.790085795678045e7
6.3771674411008e8	0.0	0.0	0.0	0.0	9.104017431216905e7
6.597069766656001e8	0.0	0.0	0.0	0.0	9.417949066755764e7
6.8169720922112e8	0.0	0.0	0.0	0.0	9.731880702294624e7
7.0368744177664e8	0.0	0.0	0.0	0.0	1.0045812337833484e8
7.4766790688768e8	0.0	0.0	0.0	0.0	1.0673675608911203e8
7.9164837199872e8	0.0	0.0	0.0	0.0	1.1301538879988922e8
8.3562883710976e8	0.0	0.0	0.0	0.0	1.1929402151066643e8
8.796093022208e8	0.0	0.0	0.0	0.0	1.2557265422144361e8
9.2358976733184e8	0.0	0.0	0.0	0.0	1.318512869322208e8
9.6757023244288e8	0.0	0.0	0.0	0.0	1.3812991964299798e8
1.01155069755392e9	0.0	0.0	0.0	0.0	1.4440855235377517e8
1.0555311626649601e9	0.0	0.0	0.0	0.0	1.506871850645524e8
1.099511627776e9	0.0	0.0	0.0	0.0	1.569658177753296e8
1.1434920928870401e9	0.0	0.0	0.0	0.0	1.6324445048610678e8
1.18747255799808e9	0.0	0.0	0.0	0.0	1.69523083196884e8
1.2314530231091201e9	0.0	0.0	0.0	0.0	1.758017159076612e8
1.27543348822016e9	0.0	0.0	0.0	0.0	1.820803486184384e8
1.3194139533312001e9	0.0	0.0	0.0	0.0	1.883589813292156e8
1.36339441844224e9	0.0	0.0	0.0	0.0	1.9463761403999278e8
1.40737488355328e9	0.0	0.0	0.0	0.0	2.0091624675076997e8
1.49533581377536e9	0.0	0.0	0.0	0.0	2.134735121723244e8
1.58329674399744e9	0.0	0.0	0.0	0.0	2.2603077759387878e8
1.67125767421952e9	0.0	0.0	0.0	0.0	2.385880430154332e8
1.7592186044416e9	0.0	0.0	0.0	0.0	2.5114530843698758e8
1.84717953466368e9	0.0	0.0	0.0	0.0	2.63702573858542e8
1.93514046488576e9	0.0	0.0	0.0	0.0	2.762598392800964e8
2.02310139510784e9	0.0	0.0	0.0	0.0	2.8881710470165086e8
2.1110623253299203e9	0.0	0.0	0.0	0.0	3.0137437012320524e8
2.199023255552e9	0.0	0.0	0.0	0.0	3.1393163554475963e8
2.2869841857740803e9	0.0	0.0	0.0	0.0	3.264889009663141e8
2.37494511599616e9	0.0	0.0	0.0	0.0	3.390461663878685e8
2.4629060462182403e9	0.0	0.0	0.0	0.0	3.5160343180942297e8
2.55086697644032e9	0.0	0.0	0.0	0.0	3.6416069723097736e8
2.6388279066624002e9	0.0	0.0	0.0	0.0	3.767179626525317e8
2.72678883688448e9	0.0	0.0	0.0	0.0	3.8927522807408607e8
2.81474976710656e9	0.0	0.0	0.0	0.0	4.0183249349564046e8
2.99067162755072e9	0.0	0.0	0.0	0.0	4.269470243387493e8
3.16659348799488e9	0.0	0.0	0.0	0.0	4.5206155518185806e8
3.34251534843904e9	0.0	0.0	0.0	0.0	4.7717608602496684e8
3.5184372088832e9	0.0	0.0	0.0	0.0	5.0229061686807567e8
3.69435906932736e9	0.0	0.0	0.0	0.0	5.274051477111845e8
3.87028092977152e9	0.0	0.0	0.0	0.0	5.525196785542933e8
4.04620279021568e9	0.0	0.0	0.0	0.0	5.776342093974022e8
4.2221246506598406e9	0.0	0.0	0.0	0.0	6.02748740240511e8
4.398046511104e9	0.0	0.0	0.0	0.0	6.278632710836198e8
4.573968371548161e9	0.0	0.0	0.0	0.0	6.529778019267287e8
4.74989023199232e9	0.0	0.0	0.0	0.0	6.780923327698375e8
4.9258120924364805e9	0.0	0.0	0.0	0.0	7.032068636129464e8
5.10173395288064e9	0.0	0.0	0.0	0.0	7.283213944560552e8
5.2776558133248005e9	0.0	0.0	0.0	0.0	7.534359252991639e8
5.45357767376896e9	0.0	0.0	0.0	0.0	7.785504561422727e8
5.62949953421312e9	0.0	0.0	0.0	0.0	8.036649869853815e8
5.98134325510144e9	0.0	0.0	0.0	0.0	8.538940486715991e8
6.33318697598976e9	0.0	0.0	0.0	0.0	9.041231103578168e8
6.68503069687808e9	0.0	0.0	0.0	0.0	9.543521720440345e8
7.0368744177664e9	0.0	0.0	0.0	0.0	1.004581233730252e9
7.38871813865472e9	0.0	0.0	0.0	0.0	1.0548102954164696e9
7.74056185954304e9	0.0	0.0	0.0	0.0	1.1050393571026871e9
8.09240558043136e9	0.0	0.0	0.0	0.0	1.1552684187889047e9
8.444249301319681e9	0.0	0.0	0.0	0.0	1.2054974804751222e9
8.796093022208e9	0.0	0.0	0.0	0.0	1.25572654216134e9
9.147936743096321e9	0.0	0.0	0.0	0.0	1.3059556038475575e9
9.49978046398464e9	0.0	0.0	0.0	0.0	1.356184665533775e9
9.851624184872961e9	0.0	0.0	0.0	0.0	1.4064137272199929e9
1.020346790576128e10	0.0	0.0	0.0	0.0	1.4566427889062104e9
1.0555311626649601e10	0.0	0.0	0.0	0.0	1.506871850592428e9
1.090715534753792e10	0.0	0.0	0.0	0.0	1.5571009122786455e9
1.125899906842624e10	0.0	0.0	0.0	0.0	1.607329973964863e9
1.196268651020288e10	0.0	0.0	0.0	0.0	1.7077880973372984e9
1.266637395197952e10	0.0	0.0	0.0	0.0	1.8082462207097337e9
1.337006139375616e10	0.0	0.0	0.0	0.0	1.908704344082169e9
1.40737488355328e10	0.0	0.0	0.0	0.0	2.0091624674546041e9
1.477743627730944e10	0.0	0.0	0.0	0.0	2.1096205908270392e9
1.548112371908608e10	0.0	0.0	0.0	0.0	2.210078714199475e9
1.618481116086272e10	0.0	0.0	0.0	0.0	2.3105368375719104e9
1.6888498602639362e10	0.0	0.0	0.0	0.0	2.4109949609443455e9
1.7592186044416e10	0.0	0.0	0.0	0.0	2.5114530843167806e9
1.8295873486192642e10	0.0	0.0	0.0	0.0	2.6119112076892157e9
1.899956092796928e10	0.0	0.0	0.0	0.0	2.7123693310616508e9
1.9703248369745922e10	0.0	0.0	0.0	0.0	2.812827454434086e9
2.040693581152256e10	0.0	0.0	0.0	0.0	2.913285577806521e9
2.1110623253299202e10	0.0	0.0	0.0	0.0	3.013743701178956e9
2.181431069507584e10	0.0	0.0	0.0	0.0	3.1142018245513916e9
2.251799813685248e10	0.0	0.0	0.0	0.0	3.214659947923827e9
2.392537302040576e10	0.0	0.0	0.0	0.0	3.415576194668698e9
2.533274790395904e10	0.0	0.0	0.0	0.0	3.6164924414135685e9
2.674012278751232e10	0.0	0.0	0.0	0.0	3.817408688158439e9
2.81474976710656e10	0.0	0.0	0.0	0.0	4.01832493490331e9
2.955487255461888e10	0.0	0.0	0.0	0.0	4.21924118164818e9
3.096224743817216e10	0.0	0.0	0.0	0.0	4.420157428393051e9
3.236962232172544e10	0.0	0.0	0.0	0.0	4.621073675137921e9
3.3776997205278725e10	0.0	0.0	0.0	0.0	4.8219899218827915e9
3.5184372088832e10	0.0	0.0	0.0	0.0	5.022906168627662e9
3.6591746972385284e10	0.0	0.0	0.0	0.0	5.223822415372532e9
3.799912185593856e10	0.0	0.0	0.0	0.0	5.424738662117402e9
3.9406496739491844e10	0.0	0.0	0.0	0.0	5.625654908862273e9
4.081387162304512e10	0.0	0.0	0.0	0.0	5.826571155607143e9
4.2221246506598404e10	0.0	0.0	0.0	0.0	6.027487402352015e9
4.362862139015168e10	0.0	0.0	0.0	0.0	6.228403649096886e9
4.503599627370496e10	0.0	0.0	0.0	0.0	6.429319895841756e9
4.785074604081152e10	0.0	0.0	0.0	0.0	6.831152389331496e9
5.066549580791808e10	0.0	0.0	0.0	0.0	7.232984882821237e9
5.348024557502464e10	0.0	0.0	0.0	0.0	7.634817376310978e9
5.62949953421312e10	0.0	0.0	0.0	0.0	8.036649869800719e9
5.910974510923776e10	0.0	0.0	0.0	0.0	8.438482363290459e9
6.192449487634432e10	0.0	0.0	0.0	0.0	8.8403148567802e9
6.473924464345088e10	0.0	0.0	0.0	0.0	9.24214735026994e9
6.755399441055745e10	0.0	0.0	0.0	0.0	9.643979843759682e9
7.0368744177664e10	0.0	0.0	0.0	0.0	1.0045812337249422e10
7.318349394477057e10	0.0	0.0	0.0	0.0	1.0447644830739164e10
7.599824371187712e10	0.0	0.0	0.0	0.0	1.0849477324228907e10
7.881299347898369e10	0.0	0.0	0.0	0.0	1.1251309817718647e10
8.162774324609024e10	0.0	0.0	0.0	0.0	1.165314231120839e10
8.444249301319681e10	0.0	0.0	0.0	0.0	1.2054974804698132e10
8.725724278030336e10	0.0	0.0	0.0	0.0	1.2456807298187874e10
9.007199254740993e10	0.0	0.0	0.0	0.0	1.2858639791677614e10
9.570149208162305e10	0.0	0.0	0.0	0.0	1.3662304778657095e10
1.0133099161583617e11	0.0	0.0	0.0	0.0	1.4465969765636578e10
1.0696049115004929e11	0.0	0.0	0.0	0.0	1.5269634752616058e10
1.125899906842624e11	0.0	0.0	0.0	0.0	1.6073299739595541e10
1.1821949021847552e11	0.0	0.0	0.0	0.0	1.6876964726575024e10
1.2384898975268864e11	0.0	0.0	0.0	0.0	1.768062971355451e10
1.2947848928690176e11	0.0	0.0	0.0	0.0	1.848429470053399e10
1.351079888211149e11	0.0	0.0	0.0	0.0	1.928795968751347e10
1.40737488355328e11	0.0	0.0	0.0	0.0	2.0091624674492954e10
1.4636698788954114e11	0.0	0.0	0.0	0.0	2.089528966147244e10
1.5199648742375424e11	0.0	0.0	0.0	0.0	2.1698954648451923e10
1.5762598695796738e11	0.0	0.0	0.0	0.0	2.2502619635431404e10
1.6325548649218048e11	0.0	0.0	0.0	0.0	2.3306284622410885e10
1.6888498602639362e11	0.0	0.0	0.0	0.0	2.4109949609390366e10
1.7451448556060672e11	0.0	0.0	0.0	0.0	2.4913614596369846e10
1.8014398509481985e11	0.0	0.0	0.0	0.0	2.5717279583349327e10
1.914029841632461e11	0.0	0.0	0.0	0.0	2.7324609557308292e10
2.0266198323167233e11	0.0	0.0	0.0	0.0	2.8931939531267258e10
2.1392098230009857e11	0.0	0.0	0.0	0.0	3.053926950522622e10
2.251799813685248e11	0.0	0.0	0.0	0.0	3.214659947918518e10
2.3643898043695105e11	0.0	0.0	0.0	0.0	3.3753929453144146e10
2.476979795053773e11	0.0	0.0	0.0	0.0	3.536125942710311e10
2.5895697857380353e11	0.0	0.0	0.0	0.0	3.696858940106208e10
2.702159776422298e11	0.0	0.0	0.0	0.0	3.857591937502104e10
2.81474976710656e11	0.0	0.0	0.0	0.0	4.018324934898e10
2.927339757790823e11	0.0	0.0	0.0	0.0	4.179057932293897e10
3.039929748475085e11	0.0	0.0	0.0	0.0	4.3397909296897934e10
3.1525197391593475e11	0.0	0.0	0.0	0.0	4.5005239270856895e10
3.2651097298436096e11	0.0	0.0	0.0	0.0	4.661256924481586e10
3.3776997205278723e11	0.0	0.0	0.0	0.0	4.821989921877482e10
3.4902897112121344e11	0.0	0.0	0.0	0.0	4.982722919273378e10
3.602879701896397e11	0.0	0.0	0.0	0.0	5.143455916669275e10
3.828059683264922e11	0.0	0.0	0.0	0.0	5.464921911461068e10
4.0532396646334467e11	0.0	0.0	0.0	0.0	5.786387906252861e10
4.2784196460019714e11	0.0	0.0	0.0	0.0	6.107853901044653e10
4.503599627370496e11	0.0	0.0	0.0	0.0	6.4293198958364456e10
4.728779608739021e11	0.0	0.0	0.0	0.0	6.7507858906282394e10
4.953959590107546e11	0.0	0.0	0.0	0.0	7.072251885420033e10
5.1791395714760706e11	0.0	0.0	0.0	0.0	7.393717880211826e10
5.404319552844596e11	0.0	0.0	0.0	0.0	7.715183875003618e10
5.62949953421312e11	0.0	0.0	0.0	0.0	8.03664986979541e10
5.854679515581646e11	0.0	0.0	0.0	0.0	8.358115864587202e10
6.07985949695017e11	0.0	0.0	0.0	0.0	8.679581859378995e10
6.305039478318695e11	0.0	0.0	0.0	0.0	9.001047854170787e10
6.530219459687219e11	0.0	0.0	0.0	0.0	9.32251384896258e10
6.755399441055745e11	0.0	0.0	0.0	0.0	9.643979843754373e10
6.980579422424269e11	0.0	0.0	0.0	0.0	9.965445838546165e10
7.205759403792794e11	0.0	0.0	0.0	0.0	1.0286911833337956e11
7.656119366529844e11	0.0	0.0	0.0	0.0	1.0929843822921542e11
8.106479329266893e11	0.0	0.0	0.0	0.0	1.1572775812505127e11
8.556839292003943e11	0.0	0.0	0.0	0.0	1.2215707802088713e11
9.007199254740992e11	0.0	0.0	0.0	0.0	1.2858639791672298e11
9.457559217478042e11	0.0	0.0	0.0	0.0	1.3501571781255884e11
9.907919180215092e11	0.0	0.0	0.0	0.0	1.414450377083947e11
1.0358279142952141e12	0.0	0.0	0.0	0.0	1.478743576042306e11
1.0808639105689192e12	0.0	0.0	0.0	0.0	1.5430367750006647e11
1.125899906842624e12	0.0	0.0	0.0	0.0	1.607329973959023e11
1.170935903116329e12	0.0	0.0	0.0	0.0	1.6716231729173816e11
1.215971899390034e12	0.0	0.0	0.0	0.0	1.73591637187574e11
1.261007895663739e12	0.0	0.0	0.0	0.0	1.8002095708340985e11
1.3060438919374438e12	0.0	0.0	0.0	0.0	1.864502769792457e11
1.351079888211149e12	0.0	0.0	0.0	0.0	1.9287959687508157e11
1.3961158844848538e12	0.0	0.0	0.0	0.0	1.9930891677091742e11
1.4411518807585588e12	0.0	0.0	0.0	0.0	2.0573823666675327e11
