# z G G_prime G_double_prime
1.5999999999999998e6	9.601782438986417e6	2509.332410913074	9.601782111091608e6
1.0666666666666665e6	6.403250306075091e6	4766.271575558229	6.403248532183177e6
799999.9999999999	4.803981190888597e6	5542.039519016722	4.803977994142916e6
640000.0	3.844426311403671e6	5923.469952198089	3.8444217479767436e6
533333.3333333333	3.204726816149604e6	6147.01329290405	3.204720920825393e6
457142.8571428571	2.7478006246213634e6	6292.667079484974	2.7477934192749243e6
399999.99999999994	2.405107093710661e6	6394.557067740158	2.405098592959808e6
355555.55555555556	2.1385683077480993e6	6469.553989137787	2.1385585219431687e6
320000.0	1.9253376333871218e6	6526.905060738282	1.9253265702334892e6
290909.0909090909	1.7508763673404339e6	6572.082580726442	1.7508640328254465e6
266666.6666666666	1.6054920769082308e6	6608.5226963409905	1.60547847585786e6
246153.84615384613	1.4824746378903713e6	6638.487448457647	1.4824597743185426e6
228571.42857142855	1.3770311177302205e6	6663.5245400402	1.3770149950665187e6
213333.3333333333	1.285646707724843e6	6684.727469352851	1.2856293289678749e6
199999.99999999997	1.2056853069507277e6	6702.890075141649	1.2056666747743802e6
188235.29411764705	1.135291908906115e6	7244.937620102591	1.135268791655338e6
177777.77777777778	1.0726277065585074e6	7366.96544958737	1.0726024075569792e6
168421.05263157893	1.0165296736564026e6	7365.479121083509	1.0165029892436664e6
160000.0	966031.1711732796	7331.282091899015	966003.3519513828
152380.95238095237	920338.1630062268	7291.6362231282	920309.2775403634
145454.54545454544	878797.3015415906	7254.228224862244	878767.3602095398
139130.4347826087	840867.6791398701	7220.797037286359	840836.6749329015
133333.3333333333	806098.1519552687	7191.350570535065	806066.0736333412
128000.0	774109.6285181354	7165.456943192622	774076.4646927853
123076.92307692306	744581.2920754917	7142.627303245827	744547.0323518963
118518.51851851851	717239.8350915419	7122.418940601824	717204.4702806702
114285.71428571428	691850.9845319679	7104.454482592937	691814.5065871039
110344.8275862069	668212.7752204036	7088.417704565317	668175.1771071709
106666.66666666666	646150.1667127876	7074.044267718754	646111.442276533
103225.80645161291	625510.7014089334	7061.112595324086	625470.8452566051
99999.99999999999	606160.976499511	7049.4361164628	606119.9838986343
94117.64705882352	570849.1736856806	6929.596939591949	570807.1125904784
88888.88888888889	539485.1483977574	6918.122339517313	539440.7890816617
84210.52631578947	511422.06104275596	6908.852967077277	511375.39271253534
80000.0	486164.8106799631	6901.26414927717	486115.8253920831
76190.47619047618	463312.5981927645	6894.982696917088	463261.2900488657
72727.27272727272	442537.4924401347	6889.731952997794	442483.85711663886
69565.21739130435	423568.58954145084	6885.3016005131085	423512.6239771419
66666.66666666666	406180.13281195646	6881.52925670049	406121.83497840614
64000.0	390182.48386363854	6878.287936775552	390121.85259103
61538.46153846153	375415.1772845149	6875.47746849155	375352.21212235314
59259.259259259255	361741.51857812144	6873.0180707601885	361676.2196852378
57142.85714285714	349044.3396752238	6870.8458236229635	348976.70772843994
55172.41379310345	337222.6325043091	6868.909080437551	337152.66862532916
53333.33333333333	326188.8558600318	6867.16594465236	326116.5615530208
51612.903225806454	315866.7634388626	6865.58215530387	315792.14054027875
49999.99999999999	306189.63914388086	6864.129635609425	306112.689778463
47058.82352941176	288516.3080700055	6760.742201989689	288437.08566553047
44444.444444444445	272831.0686056649	6764.074682193198	272747.20766710467
42105.26315789473	258796.43834395782	6767.116995901695	258707.9485193328
40000.0	246164.82194985377	6769.803970776873	246071.71580618617
38095.23809523809	234735.793421053	6772.133087718168	234638.0849871851
36363.63636363636	224345.36968148037	6774.121542766476	224243.0738614772
34782.608695652176	214858.0862482635	6775.791540489488	214751.21856526466
33333.33333333333	206161.05554351732	6777.1661472909545	206049.6319866387
32000.0	198159.45133840077	6778.26718104627	198043.48827658631
30769.230769230766	190773.03559884368	6779.1152003636425	190652.5497041618
29629.629629629628	183933.45692406068	6779.728897822948	183808.4651263573
28571.42857142857	177582.12811415503	6780.125591742498	177452.6475500221
27586.206896551725	171668.5426321147	6780.320868028203	171534.59061763829
26666.666666666664	166148.92797575047	6780.329122495848	166010.5219691865
25806.451612903227	160985.15947553146	6780.163264400926	160842.31706074855
24999.999999999996	156143.8779463685	6779.83523374359	155996.61680412723
23529.41176470588	147289.7607233228	6679.805994515336	147138.2132751697
22222.222222222223	139442.4388062996	6683.8296113383285	139282.16024306632
21052.631578947367	132420.38071281448	6686.984898559167	132251.43273739296
20000.0	126099.77076004681	6689.255143377619	125922.22223008596
19047.619047619046	120380.39621285081	6690.710955766665	120194.31841509535
18181.81818181818	115180.27106744565	6691.439023750925	114985.7360152192
17391.304347826088	110431.66922291247	6691.519358325879	110228.74913576723
16666.666666666664	106078.15295637201	6691.023058240043	105866.91997536132
16000.0	102072.31437817165	6690.010354011503	101852.84052975413
15384.615384615383	98374.03929974961	6688.533870216907	98146.39638221895
14814.814814814814	94949.15607324844	6686.638048801865	94713.415684508
14285.714285714284	91768.37486503606	6684.362189384242	91524.60831651188
13793.103448275862	88806.44555264508	6681.739658036464	88554.72391034335
13333.333333333332	86041.48485301946	6678.8004127020995	85781.87886004634
12903.225806451614	83454.43290221205	6675.570010661381	83187.01302524675
12499.999999999998	81028.61247800343	6672.071749329266	80753.44883459936
11764.70588235294	76581.0014876626	6570.506109891166	76298.61229611757
11111.111111111111	72647.58594120173	6567.485435802339	72350.12009758392
10526.315789473683	69126.77985159244	6563.497877740395	68814.47658930077
10000.0	65956.64663371147	6558.427823212988	65629.76656709964
9523.809523809523	63087.08097851594	6552.333062627249	62745.890047287
9090.90909090909	60477.09990619506	6545.315674411407	60121.863375865214
8695.652173913044	58092.850496072875	6537.472773831604	57723.83154720834
8333.333333333332	55906.12411741351	6528.895171299295	55523.582752501025
8000.0	53893.224988512724	6519.657915173337	53497.41825856244
7692.3076923076915	52034.10384565705	6509.829406020929	51625.28531761473
7407.407407407407	50311.680902383756	6499.465398878341	49890.10106977204
7142.857142857142	48711.31716784625	6488.617754973956	48277.22299238379
6896.551724137931	47220.392070119204	6477.328679691474	46774.02741298875
6666.666666666666	45827.96852504122	6465.6384619441715	45369.573707624775
6451.612903225807	44524.51998571636	6453.579812444287	44054.33222241449
6249.999999999999	43301.711405795955	6441.184783321986	42819.964377121345
5882.35294117647	41051.090775927965	6332.679615079359	40559.69949082755
5555.555555555556	39065.33562192869	6311.291111258368	38552.14717448149
5263.157894736842	37286.05597911631	6289.041703275367	36751.84246989882
5000.0	35682.234382748364	6265.65428951132	35127.81557213198
4761.9047619047615	34228.8117836023	6241.1532316786115	33655.00798478555
4545.454545454545	32905.30647076439	6215.663009031655	32312.9188915685
4347.826086956522	31694.800751167746	6189.301857966008	31084.60932949298
4166.666666666666	30583.20152910583	6162.195027140203	29955.96047896628
4000.0	29558.66785569919	6134.439372893349	28915.10848991994
3846.1538461538457	28611.183411516708	6106.13371695605	27952.011506117073
3703.7037037037035	27732.21277976385	6077.351913166439	27058.111896169503
3571.428571428571	26914.442331904538	6048.171644150895	26226.071490032664
3448.2758620689656	26151.56441317252	6018.649816569284	25449.561403722106
3333.333333333333	25438.11454211232	5988.848623881327	24723.093730717865
3225.8064516129034	24769.330747103133	5958.812644009984	24041.886313951643
3124.9999999999995	24141.04822698949	5928.592529065229	23401.752073768843
2941.176470588235	22979.537174330075	5805.682361306012	22234.054535015384
2777.777777777778	21954.514170085913	5749.390867824486	21188.326906423725
2631.578947368421	21033.502292816796	5693.258126931822	20248.334020409042
2500.0	20200.927290646458	5636.904988075712	19398.52482941401
2380.9523809523807	19444.231287464663	5580.329594239374	18626.273164003473
2272.7272727272725	18753.16871132489	5523.705669771639	17921.216822223527
2173.913043478261	18119.268830649857	5467.163135823805	17274.780178157078
2083.333333333333	17535.481419377917	5410.871464644624	16679.7955204026
2000.0	16995.87280616205	5354.928942131986	16130.233366816361
1923.0769230769229	16495.427946303775	5299.461929266363	15620.97456601079
1851.8518518518517	16029.864110611774	5244.534222886525	15147.653421888535
1785.7142857142856	15595.515201749819	5190.237171227883	14706.513268426817
1724.1379310344828	15189.21135216292	5136.609025338013	14294.313177676324
1666.6666666666665	14808.20956017135	5083.715177055622	13908.231748735154
1612.9032258064517	14450.112424933186	5031.575544985249	13545.811036195464
1562.4999999999998	14112.825970643124	4980.236261388094	13204.88938455806
1470.5882352941176	13487.708188946914	4845.732146500506	12587.182057734655
1388.888888888889	12932.662929230411	4752.382996077734	12027.827164524844
1315.7894736842104	12431.584682793167	4662.5621013822265	11524.09703083985
1250.0	11976.565761567992	4575.835950434243	11067.965160582871
1190.4761904761904	11561.208035252492	4491.979237389266	10652.870681898403
1136.3636363636363	11180.303182645586	4411.026877620437	10273.364645566959
1086.9565217391305	10829.516439999345	4332.8728347107435	9924.950343575618
1041.6666666666665	10505.246202407407	4257.535140607471	9603.832167405248
1000.0	10204.437284745965	4184.889824618345	9306.838209301774
961.5384615384614	9924.512780059926	4114.91575015512	9031.246995332269
925.9259259259259	9663.252869968488	4047.4755126063283	8774.759142210478
892.8571428571428	9418.762179394736	3982.5240936433715	8535.372448554705
862.0689655172414	9189.386503221467	3919.9219492800053	8311.379922560496
833.3333333333333	8973.698811477587	3859.6123422770684	8101.275388879011
806.4516129032259	8770.439475312705	3801.4606488298577	7903.7652752040585
781.2499999999999	8578.512289335373	3745.4059267872854	7717.694444707221
735.2941176470588	8222.860298080588	3625.4123156447477	7380.502491248232
694.4444444444445	7904.4504419542045	3528.119795655591	7073.3802030438865
657.8947368421052	7615.81432208784	3437.241622481831	6796.028091260125
625.0	7352.751660366128	3352.1753751991328	6544.148319905762
595.2380952380952	7111.8066462482	3272.2266245418837	6314.295423185337
568.1818181818181	6890.172316589039	3197.0736644750777	6103.5395088595815
543.4782608695652	6685.478241014169	3126.203944304182	5909.523517991182
520.8333333333333	6495.762827411234	3059.360168529383	5730.205063450474
500.0	6319.338780791417	2996.1271618576543	5563.925292129034
480.7692307692307	6154.790029811445	2936.2905952709957	5409.217859468175
462.96296296296293	6000.88027994434	2879.5119530863617	5264.881294602721
446.4285714285714	5856.559889956967	2825.614186449712	5129.834131235326
431.0344827586207	5720.900912596645	2774.3211914231833	5003.183904132385
416.66666666666663	5593.107731402218	2725.4874819045267	4884.114257575573
403.2258064516129	5472.469351805402	2678.8871568273603	4771.947653467592
390.62499999999994	5358.370995357613	2634.40064030808	4666.055399396166
367.6470588235294	5147.011268597907	2546.012974070073	4473.202760320696
347.22222222222223	4956.718326117786	2470.3165674600054	4297.277349788413
328.9473684210526	4783.724921330776	2400.241901100492	4137.97812212228
312.5	4625.663690108631	2335.329381818256	3992.8687997986817
297.6190476190476	4480.551676932584	2274.8705560498215	3860.0916158662567
284.09090909090907	4346.781546577077	2218.5077003809665	3738.0119578478293
271.7391304347826	4222.9802696409	2165.710369115114	3625.3635617526143
260.41666666666663	4108.016455169773	2116.2093518855518	3521.0022969231018
250.0	4000.9075509269246	2069.605107313897	3424.032115918937
240.38461538461536	3900.8326974978136	2025.6940480980634	3333.625557462648
231.48148148148147	3807.068997225286	1984.1705771070958	3249.129340388966
223.2142857142857	3719.005453234972	1944.8786052778225	3169.928827580211
215.51724137931035	3636.0975184070567	1907.5804713257646	3095.535803182145
208.33333333333331	3557.8803529445922	1872.1546661836835	3025.4833517565085
201.61290322580646	3483.9353671440394	1838.413429509288	2959.3988755551304
195.31249999999997	3413.9021789854055	1806.2607829802116	2896.920791383329
183.8235294117647	3284.1863777190492	1744.8534304085947	2782.3311574984614
173.61111111111111	3166.8653993991284	1690.2086512189005	2678.102158853576
164.4736842105263	3059.934967168793	1639.5811711804558	2583.5974118296385
156.25	2962.0137987056846	1592.7737810913743	2497.3180466233707
148.8095238095238	2871.9247522943238	1549.264527460236	2418.2082637345825
142.04545454545453	2788.7130375030374	1508.780464794994	2345.314886021154
135.8695652173913	2711.556337052596	1470.9081874872709	2277.930392481957
130.20833333333331	2639.7790464154345	1435.443855757263	2215.385824379741
125.0	2572.790356079894	1402.082196952456	2157.177723166704
120.19230769230768	2510.098430934105	1370.674314231648	2102.8185982826617
115.74074074074073	2451.267115123037	1340.990279633481	2051.9394580767084
111.60714285714285	2395.9291742439636	1312.9184840980092	2004.1760556665542
107.75862068965517	2343.7549909755735	1286.281593724674	1959.251673309997
104.16666666666666	2294.4643558838184	1260.993975283132	1916.8883313122312
100.80645161290323	2247.803111790802	1236.916157982934	1876.8743291699502
97.65624999999999	2203.5534195538094	1213.9811910433184	1838.9935673134728
91.91176470588235	2121.630900531094	1171.750075258017	1768.7055829677286
86.80555555555556	2047.1985125699616	1132.6517991626072	1705.3215684211505
82.23684210526315	1979.195256520791	1096.3722933550985	1647.78082820431
78.125	1916.7945892950775	1062.8853829426332	1595.110077793309
74.4047619047619	1859.2752062170346	1031.8034431999858	1546.701634787411
71.02272727272727	1806.052234180814	1002.9209797645852	1501.990073514986
67.93478260869566	1756.6174617552583	975.9220800133357	1460.5755717134018
65.10416666666666	1710.5554592988517	950.6596990247265	1422.0570016660097
62.5	1667.4998075433396	926.9051159429097	1386.1466423852619
60.09615384615384	1627.147183674413	904.5542200938654	1352.5493041844918
57.87037037037037	1589.2261071576268	883.4357389899444	1321.052956829012
55.80357142857142	1553.50940733504	863.4727092018278	1291.4357743001092
53.87931034482759	1519.7911887222767	844.5331201200603	1263.5383121766222
52.08333333333333	1487.8976189194807	826.5584852657624	1237.1905248673015
50.403225806451616	1457.669409710028	809.444930207311	1212.270189753944
48.82812499999999	1428.9710658319627	793.147104494015	1188.6445968487367
45.955882352941174	1375.8906376802508	764.2138747668212	1144.1381911596382
43.40277777777778	1327.4386509901933	736.286179283037	1104.5252529206616
41.118421052631575	1283.077879020492	710.3530167027387	1068.497746976119
39.0625	1242.3002333384518	686.4555813319229	1035.4171162439916
37.20238095238095	1204.6481773382718	664.2879955566891	1004.9371573007422
35.51136363636363	1169.7527832797502	643.6963549381195	976.7172449742559
33.96739130434783	1137.2899094161526	624.4404787351367	950.5274465142151
32.55208333333333	1106.997228932571	606.4194941630976	926.1200040833606
31.25	1078.6404977126126	589.4635301559766	903.3261149340069
30.04807692307692	1052.027839471693	573.5037354527274	881.9614733338675
28.935185185185183	1026.9851916663324	558.4135812353601	861.9007229338152
27.90178571428571	1003.3685630749264	544.1430803224412	843.0046153516884
26.939655172413794	981.0455652229471	530.5948816407155	825.1784489553073
26.041666666666664	959.9058170195591	517.7315190506406	808.3150695919899
25.201612903225808	939.8466293890934	505.4764613834139	792.3416143061918
24.414062499999996	920.7818293681527	493.8010054503083	777.1742046097685
22.977941176470587	885.5729367322414	473.80346372380126	748.1642226382487
21.70138888888889	853.2620616923276	453.65186200825065	722.6729094271409
20.559210526315788	823.622337394731	434.9573347852154	699.4039402034435
19.53125	796.3327783076235	417.75537577630485	677.9574764077294
18.601190476190474	771.0941841213072	401.80118606200995	658.1352806717374
17.755681818181817	747.6689964021072	386.9863496614534	639.7268896620162
16.983695652173914	725.8452211855827	373.13291293439653	622.5938599143421
16.276041666666664	705.454217981632	360.1758472271032	606.5797661827457
15.625	686.3424369764903	347.9899166726799	591.5817430321601
15.02403846153846	668.3863701967813	336.5314767628092	577.4832508503356
14.467592592592592	651.4715136470008	325.7066092360574	564.2077080237956
13.950892857142856	635.5050271084189	315.48382357146824	551.667106636601
13.469827586206897	620.3995018133987	305.79033974234	539.8034919955387
13.020833333333332	606.083652114036	296.6026789634461	528.5491880531033
12.600806451612904	592.4894293554397	287.8632136610119	517.859531261798
12.207031249999998	579.5610939346992	279.5540426491747	507.6815919858516
11.488970588235293	555.7563265104158	265.83241237432344	488.05555317770893
10.850694444444445	533.7950226865803	251.52414700390062	470.821335241859
10.279605263157894	513.6390056315186	238.35389969214023	454.9862048542618
9.765625	495.077659411292	226.31600833003074	440.321420353047
9.300595238095237	477.9079225135912	215.21157734328997	426.70828370055085
8.877840909090908	461.9736361568796	204.96753890769912	414.014430301807
8.491847826086957	447.131126586459	195.44738621159678	402.15241337772795
8.138020833333332	433.2695754673917	186.6087939251711	391.02389064542695
7.8125	420.2842519591322	178.35342588933074	380.56393407466544
7.51201923076923	408.0937394005168	170.65261348302903	370.6995894916918
7.233796296296296	396.6193964149847	163.43138602991783	361.38224592933
6.975446428571428	385.7998250342159	156.66901472287256	352.5568391368915
6.734913793103448	375.57458410155544	150.30669731132622	344.1862358758957
6.510416666666666	365.8963817037027	144.32899775560327	336.2280514036935
6.300403225806452	356.71785276615134	138.6888945188688	328.6533386704412
6.103515624999999	348.0019051238704	133.37465318637587	321.4288846032
5.744485294117647	332.04351661565096	124.92500734080514	307.64693963598575
5.425347222222222	317.30927746518626	116.00594235909861	295.3435269357635
5.139802631578947	303.8374961788096	107.95409687431012	284.0125649548981
4.8828125	291.4819444168838	100.73294641381185	273.52257206278136
4.650297619047619	280.0972163361065	94.18084875566579	263.78858642272235
4.438920454545454	269.57705535408166	88.249976909468	254.7228500721048
4.2459239130434785	259.81838003111534	82.83024415023881	246.2615301991054
4.069010416666666	250.7454983569288	77.89326596821822	238.33997579732403
3.90625	242.28267947620316	73.35837679383594	230.91003730531548
3.756009615384615	234.3741078253568	69.20639726711944	223.92341770399455
3.616898148148148	226.9625994219086	65.37593313652106	217.3430672988648
3.487723214285714	220.00596197695037	61.85346598920471	211.13211989303198
3.367456896551724	213.46007743619865	58.591263526395785	205.26146374185382
3.255208333333333	207.29240427267092	55.57963011285845	199.70239253865307
3.150201612903226	201.46829383043894	52.78088631256742	194.43161126475272
3.0517578124999996	195.96221302692754	50.18799526483287	189.42638165183868
2.8722426470588234	185.94161855852934	46.2118577930461	180.1076059234615
2.712673611111111	176.76365853720625	42.05746200246002	171.68739286671484
2.5699013157894735	168.43989317056148	38.4074781992081	164.00263177671118
2.44140625	160.8665184139965	35.2289747644182	156.961638892083
2.3251488095238093	153.9386917419074	32.40942697435362	150.48837117333693
2.219460227272727	147.58349717953237	29.92423952826233	144.51791767250253
2.1229619565217392	141.72739967382557	27.698922714024093	138.99433621118098
2.034505208333333	136.318730348642	25.719722135215072	133.87043040624428
1.953125	131.30411420813513	23.93418737797445	129.10431860530073
1.8780048076923075	126.645749191929	22.333856902220962	124.66091859221999
1.808449074074074	122.30393260463636	20.880753825891265	120.5082820814485
1.743861607142857	118.25033249204022	19.569480087249765	116.61979499035658
1.683728448275862	114.45481926675046	18.372011028902875	112.97068143610706
1.6276041666666665	110.8957249071049	17.28482261233975	109.54038848722527
1.575100806451613	107.54979165644973	16.286919407559626	106.30942545963364
1.5258789062499998	104.40015300152955	15.37594274016674	103.26166922723016
1.4361213235294117	98.67602127566158	13.998885867468847	97.67798303233128
1.3563368055555556	93.49567328272279	12.591458769827733	92.64392094809769
1.2849506578947367	88.82903402423301	11.37721755784752	88.09742451581516
1.220703125	84.60808934496471	10.340673917246054	83.97380094733546
1.1625744047619047	80.76807596045992	9.433621670449401	80.21526585715122
1.1097301136363635	77.2625459750609	8.64644026480036	76.77721068973291
1.0614809782608696	74.0472736140002	7.94965258959116	73.61930285849913
1.0172526041666665	71.08957549786014	7.337335759072053	70.70990912470896
0.9765625	68.3581677270199	6.79038288402179	68.02006906262129
0.9390024038461537	65.8293141578036	6.304688916807912	65.52670829630526
0.904224537037037	63.48028191595655	5.867493998847747	63.20853349273978
0.8719308035714285	61.29339774751038	5.47578077719187	61.048312280640864
0.841864224137931	59.25176035416217	5.120826550500079	59.030062176036694
0.8138020833333333	57.3419330465957	4.800331426765922	57.14065193637072
0.7875504032258065	55.55109768594608	4.508210379321592	55.3678651682481
0.7629394531249999	53.868853752658495	4.242665757629385	53.7015194561043
0.7180606617647058	50.80714813746589	3.8368842480549614	50.66206293795616
0.6781684027777778	48.06076384150595	3.4345718911803114	47.93788415182005
0.6424753289473684	45.59570889686224	3.091345207709825	45.49079307523856
0.6103515625	43.371482870027926	2.7983856221253207	43.281110940628686
0.5812872023809523	41.35396246180791	2.5445920262964328	41.275601300433244
0.5548650568181818	39.515922658402346	2.324390655605227	39.44750120888484
0.5307404891304348	37.834207163035316	2.1312697092795423	37.77413031535975
0.5086263020833333	36.289849241732846	1.961545893407784	36.236797536423566
0.48828125	34.86656463586322	1.8111562003997521	34.81949228125794
0.46950120192307687	33.55073887228472	1.6775795258516333	33.50877207255856
0.4521122685185185	32.330582917444715	1.5581691772897612	32.293013185466485
0.43596540178571425	31.19607603875372	1.4511582834105214	31.16230575314017
0.4209321120689655	30.138471566926725	1.3547595010634526	30.108007158972327
0.40690104166666663	29.150233236904164	1.2677093467544316	29.122654597032593
0.39377520161290325	28.224733744423038	1.1887630838307768	28.199688602431298
0.38146972656249994	27.35619803971042	1.117000617345375	27.333383998486287
0.3590303308823529	25.77410770660761	1.00696081828174	25.75442987103879
0.3390842013888889	24.361304717293116	0.8992112123588896	24.344703463471802
0.3212376644736842	23.095341488521704	0.8078579801955783	23.081208026341823
0.30517578125	21.9544735755278	0.729799301253491	21.942340416610946
0.29064360119047616	20.92101607587695	0.6625220607044858	20.910523144249204
0.2774325284090909	19.980490946038643	0.6041609368080337	19.971354686329303
0.2653702445652174	19.120894322351305	0.5531809176295291	19.112890690811188
0.25431315104166663	18.332216449366403	0.5084057756491119	18.325165306586097
0.244140625	17.60602406523324	0.46885303555463415	17.59978011841691
0.23475060096153844	16.935176983298764	0.43375153919726755	16.92962135010397
0.22605613425925924	16.3135776801322	0.4024485600042555	16.30861281293593
0.21798270089285712	15.735996852077252	0.3744216888290216	15.731541733966178
0.21046605603448276	15.197916914363407	0.3492234646336191	15.193904090379228
0.20345052083333331	14.695420739941197	0.3264899027406735	14.691793459863987
0.19688760080645162	14.225090373591229	0.30590593435191626	14.221800789498007
0.19073486328124997	13.783933838950835	0.28721170281966113	13.780941241959393
0.17951516544117646	12.979955128462091	0.25856913645641005	12.977379440340085
0.16954210069444445	12.263619682510779	0.23060254491447418	12.261451389763968
0.1606188322368421	11.622220879733788	0.20693908676176467	11.620378410004136
0.152587890625	11.04458521349	0.18674474069780236	11.043006336132551
0.14532180059523808	10.521652633138059	0.16936833104243004	10.52028937343745
0.13871626420454544	10.046004147781192	0.15431188039143734	10.044818922250762
0.1326851222826087	9.61150279727733	0.14117727039492636	9.610465909642143
0.12715657552083331	9.213030912287017	0.1296526103639143	9.212118583224056
0.1220703125	8.846284781962986	0.11948343621597579	8.845477836276565
0.11737530048076922	8.507620702130346	0.11046637092334442	8.506903501992477
0.11302806712962962	8.19393176938125	0.10243264266150848	8.193291487246912
0.10899135044642856	7.902553622138438	0.09524506308051182	7.901979633530583
0.10523302801724138	7.631187470063947	0.08878813406158238	7.630670931871642
0.10172526041666666	7.377840194490333	0.08296660182418653	7.3773736843418
0.09844380040322581	7.1407745791317465	0.07769927298653798	7.140351840977553
0.09536743164062499	6.918470009666257	0.0729183401460495	6.918085731640059
0.08975758272058823	6.513219932424305	0.06559696662402847	6.512889598795529
0.08477105034722222	6.152566633797931	0.05845817024453619	6.152288909475502
0.08030941611842105	5.829760311831182	0.05242409751264445	5.82952459531667
0.0762939453125	5.539140481619888	0.04727900443332173	5.538938704378303
0.07266090029761904	5.276121441087707	0.042855807663643095	5.275947387991555
0.06935813210227272	5.036949472150713	0.03902601089089063	5.036798284175503
0.06634256114130435	4.8185217866598125	0.035687629507592154	4.818389627418625
0.06357828776041666	4.618251720592932	0.03276036921640376	4.618135523451903
0.06103515625	4.433965352776516	0.03017914064215979	4.433862646620064
0.05868765024038461	4.263822614287178	0.02789168952721096	4.26373138691476
0.05651403356481481	4.106255341857511	0.025854899582774527	4.106173943794992
0.05449567522321428	3.9599190275630947	0.024033584015935226	3.95984609444554
0.05261651400862069	3.8236541641918937	0.02239826933675714	3.8235885611389633
0.05086263020833333	3.69645561095467	0.020924562492862377	3.696396386542269
0.049221900201612906	3.577447624875388	0.019591765732326807	3.577393977666151
0.04768371582031249	3.465863776795888	0.01838253919221015	3.465815027025924
0.044878791360294115	3.262420692060061	0.01653147349943041	3.26237880730696
0.04238552517361111	3.0814735414294163	0.01472804790779376	3.0814383445291216
0.04015470805921052	2.9195444180730905	0.01320466120024556	2.919514556570035
0.03814697265625	2.7737847180966	0.0119063651498724	2.7737591641696566
0.03633045014880952	2.6418876123131607	0.010790760659480723	2.6418655748501143
0.03467906605113636	2.521965229716983	0.009825182093540287	2.521946090957986
0.033171280570652176	2.4124575747013584	0.008983800017466117	2.412440847165212
0.03178914388020833	2.3120643837160393	0.008246230897497943	2.3120496781263618
0.030517578125	2.2196931714226067	0.007596019784395411	2.2196801742015864
0.029343825120192304	2.134419365452186	0.007019916338462863	2.1344078214792774
0.028257016782407406	2.055455205929089	0.006507038794194452	2.0554449061035727
0.02724783761160714	1.982125367983269	0.006048472862568514	1.9821161394779168
0.026308257004310345	1.913847573078662	0.0056367909738779245	1.9138392721350979
0.025431315104166664	1.8501171129909835	0.0052658180127427645	1.8501096191692934
0.024610950100806453	1.7904943366774078	0.004930344527538574	1.7904875485120555
0.023841857910156247	1.7345945044270956	0.004625983715897476	1.734588335906633
0.022439395680147058	1.6326679812438558	0.004160071909894126	1.6326626812604592
0.021192762586805556	1.5420391952750072	0.0037061786915103625	1.542034741503543
0.02007735402960526	1.4609429901967077	0.0033227811368215683	1.460939211511011
0.019073486328125	1.3879504967723415	0.0029960079213045138	1.3879472632009926
0.01816522507440476	1.3219048233680015	0.0027152144180643384	1.3219020348173502
0.01733953302556818	1.2618592937925572	0.002472159070949864	1.2618568721373193
0.016585640285326088	1.2070317679182154	0.0022603587412122505	1.2070296514759418
0.015894571940104164	1.1567703886064804	0.0020746740448100245	1.1567685281353377
0.0152587890625	1.1105275348098165	0.0019109743247617062	1.110525890624752
0.014671912560096152	1.0678397906732138	0.0017659206818966908	1.0678383304925696
0.014128508391203703	1.028312356755044	0.00163678047358472	1.0283110541099878
0.01362391880580357	0.9916068060417972	0.0015213085733506797	0.9916056390564946
0.013154128502155173	0.9574313667859321	0.0014176387765648833	0.9574303172585863
0.012715657552083332	0.9255331525015618	0.0013242165070504993	0.9255322051825758
0.012305475050403226	0.8956918910255699	0.0012397320657376893	0.8956910330651784
0.011920928955078123	0.86771483259405	0.0011630814674890703	0.8677140530988422
0.011219697840073529	0.8166999816863224	0.001045738954330679	0.8166993121807308
0.010596381293402778	0.7713465363727618	0.0009314332066415029	0.7713459740002783
0.01003867701480263	0.7307653049342243	0.0008348852695808875	0.730764828013908
0.0095367431640625	0.694240712649053	0.0007526052439330802	0.6942403047107044
0.00908261253720238	0.6611934357656587	0.0006819091863203158	0.6611930841285757
0.00866976651278409	0.6311494513317027	0.0006207242559618471	0.631149146095998
0.008292820142663044	0.6037171476010129	0.0005674143969772151	0.6037168809536514
0.007947285970052082	0.5785701641806691	0.0005206870406138184	0.578569929883201
0.00762939453125	0.5554343417472069	0.000479499054400624	0.5554341347746011
0.007335956280048076	0.5340776891991628	0.0004430106876800202	0.5340775054632503
0.007064254195601851	0.514302574062829	0.0004105314903298961	0.5143024102136282
0.006811959402901785	0.49593959089705	0.00038149678889915417	0.4959394441656495
0.006577064251077586	0.4788426937418641	0.0003554348953772998	0.47884256182590934
0.006357828776041666	0.462885305539162	0.0003319548116054357	0.462885186509664
0.006152737525201613	0.44795717720151607	0.0003107254594598546	0.44795706943415825
0.005960464477539062	0.4339618382508171	0.0002914691717140471	0.43396174036860696
0.005609848920036764	0.40844146530293235	0.0002619946376536154	0.4084413812747385
0.005298190646701389	0.38575495763762124	0.00023329894704642864	0.38575488708972216
0.005019338507401315	0.3654560461982203	0.00020907015341863639	0.365455986395772
0.00476837158203125	0.347186656100784	0.00018842993548946724	0.3471866049671321
0.00454130626860119	0.3306569043732534	0.0001707011036509707	0.33065686031116315
0.004334883256392045	0.3156296067924017	0.00015536237405518524	0.31562956855538554
0.004146410071331522	0.30190882137983716	0.00014200144039558764	0.3019087879849696
0.003973642985026041	0.28933125902522905	0.00013029329936399369	0.2893312296880175
0.003814697265625	0.27775975263345015	0.00011997541848928251	0.2777597267223857
0.003667978140024038	0.26707823525833757	0.00011083668025149984	0.2670782122598888
0.0035321270978009257	0.25718783245357224	0.00010270355619983814	0.2571878119471183
0.0034059797014508925	0.24800379313401594	9.543409990407565e-5	0.2480037747720634
0.003288532125538793	0.2394530543685385	8.890992556148913e-5	0.23945303786222338
0.003178914388020833	0.23147229393148094	8.3032753069202e-5	0.2314722790389031
0.0030763687626008066	0.2240063591296713	7.771959331022522e-5	0.22400634564716262
0.002980232238769531	0.21700699066941997	7.290065756438185e-5	0.2170069784244089
0.002804924460018382	0.20424357137366086	6.552418634298429e-5	0.20424356086312415
0.0026490953233506945	0.19289787697260952	5.834481337975221e-5	0.19289786814898383
0.0025096692537006577	0.18274635212247617	5.228397162176366e-5	0.1827463446432195
0.002384185791015625	0.17360988732331403	4.71209804468406e-5	0.17360988092855487
0.002270653134300595	0.16534348625635337	4.2686716898508864e-5	0.16534348074613983
0.0021674416281960225	0.15782851354826988	3.885028253886795e-5	0.15782850876667356
0.002073205035665761	0.15096696445012633	3.5508779183121154e-5	0.15096696027413517
0.0019868214925130205	0.14467716716602733	3.258061795743251e-5	0.14467716349752627
0.0019073486328125	0.13889051644358294	3.000030171572285e-5	0.1388905132035557
0.001833989070012019	0.13354896097408728	2.7714848594281388e-5	0.13354895809831485
0.0017660635489004629	0.12860304906590178	2.568097015327743e-5	0.1286030465017626
0.0017029898507254463	0.12401039310733199	2.3863056493866343e-5	0.12401039081137334
0.0016442660627693966	0.11973445168768078	2.223157257119172e-5	0.11973444962376845
0.0015894571940104165	0.11574355529333064	2.0761872321768852e-5	0.11574355343121683
0.0015381843813004033	0.11201012055941334	1.943324758689536e-5	0.1120101188736232
0.0014901161193847654	0.1085100118470079	1.8228203806342353e-5	0.10851001031596293
0.001402462230009191	0.10212749441725232	1.6383568101643062e-5	0.1021274931031042
0.0013245476616753472	0.09645403737733808	1.4588314469189822e-5	0.09645403627412392
0.0012548346268503288	0.09137775783649335	1.3072808386455292e-5	0.09137775690137345
0.0011920928955078125	0.08680908313607401	1.1781797805234146e-5	0.08680908233655653
0.0011353265671502975	0.0826755013737533	1.0673028846022333e-5	0.08267550068483372
0.0010837208140980113	0.07891768410792525	9.713742407247352e-6	0.07891768351010746
0.0010366025178328805	0.07548662049377768	8.878223446607365e-6	0.07548661997167952
0.0009934107462565103	0.07234146786083154	8.146058624492286e-6	0.07234146740218539
0.00095367431640625	0.06944791813441632	7.500876403033071e-6	0.06944791772934192
0.0009169945350060095	0.06677694122464325	6.9294234260899e-6	0.06677694086511114
0.0008830317744502314	0.06430380765340031	6.420877905294365e-6	0.06430380733283085
0.0008514949253627231	0.06200732061205422	5.9663332896973545e-6	0.06200732032501446
0.0008221330313846983	0.05986920689900695	5.558405367036895e-6	0.059869206640978896
0.0007947285970052083	0.05787362966625626	5.190930404651103e-6	0.057873629433458015
0.0007690921906502017	0.056006795470382585	4.858730754298105e-6	0.05600679525962901
0.0007450580596923827	0.05425663499950505	4.557431490472456e-6	0.05425663480809822
0.0007012311150045955	0.05106517434727462	4.096215601683422e-6	0.05106517418298474
0.0006622738308376736	0.048228293377311514	3.647350533732251e-6	0.048228293239392823
0.0006274173134251644	0.045690024330906916	3.268432876574152e-6	0.04569002421400335
0.0005960464477539062	0.04340557641096195	2.94564693515893e-6	0.043405576311011246
0.0005676632835751488	0.04133869022524707	2.668427526045387e-6	0.041338690139123085
0.0005418604070490056	0.039459698867900184	2.428583499030855e-6	0.03945969879316548
0.0005183012589164402	0.037744094796708545	2.2196851141577536e-6	0.03774409473144003
0.0004967053731282551	0.03617145498487462	2.0366282637732054e-6	0.03617145492753859
0.000476837158203125	0.03472462403203328	1.875319497269934e-6	0.03472462398139453
0.00045849726750300476	0.03338908578503986	1.7324450066331774e-6	0.03338908574009455
0.0004415158872251157	0.03215247459639606	1.605299004581426e-6	0.032152474556321614
0.00042574746268136157	0.031004191311392842	1.4916545613027212e-6	0.03100419127551006
0.00041106651569234915	0.029935098705023352	1.3896654050543488e-6	0.029935098672767405
0.00039736429850260413	0.028937277830626856	1.2977904217511064e-6	0.028937277801524948
0.00038454609532510083	0.02800383152619399	1.2147350541709292e-6	0.02800383149984793
0.00037252902984619135	0.027128724762742893	1.1394054448640576e-6	0.027128724738815398
0.0003506155575022978	0.02553294395206771	1.0240943672395363e-6	0.025532943931530137
0.0003311369154188368	0.024114465355697355	9.118716421394443e-7	0.024114465338456462
0.0003137086567125822	0.022845298514351676	8.171370718187467e-7	0.022845298499737883
0.0002980232238769531	0.0217030469126278	7.364364237983722e-7	0.021703046900133274
0.0002838316417875744	0.020669579994174826	6.671281731413281e-7	0.02066957998340876
0.0002709302035245028	0.019730063634834216	6.071643638516281e-7	0.01973006362549191
0.0002591506294582201	0.018872243533568527	5.5493743586304e-7	0.018872243525409574
0.00024835268656412757	0.01808590775410898	5.091712676563801e-7	0.01808590774694165
0.0002384185791015625	0.01736247825552649	4.688424239709052e-7	0.017362478249196366
0.00022924863375150238	0.01669469668421098	4.331223964761587e-7	0.01669469667859258
0.00022075794361255786	0.016076379989308012	4.013346922645058e-7	0.016076379984298506
0.00021287373134068078	0.015502228405873033	3.7292254593803076e-7	0.01550222840138751
0.00020553325784617457	0.01496767316535425	3.474243601535514e-7	0.014967673161322104
0.00019868214925130207	0.014468754663759933	3.244548329461555e-7	0.014468754660122062
0.00019227304766255041	0.014002024210013666	3.036903080558841e-7	0.014002024206720292
0.00018626451492309568	0.01356446419636815	2.8485730886980114e-7	0.01356446419337711
0.0001753077787511489	0.012766561169860146	2.560286500891347e-7	0.012766561167292866
0.0001655684577094184	0.012057312343966793	2.2797216206537014e-7	0.012057312341811616
0.0001568543283562911	0.011422720843866344	2.0428787457733334e-7	0.011422720842039567
0.00014901161193847656	0.010851588132651892	1.8411219220267988e-7	0.010851588131090032
0.0001419158208937872	0.010334848717094728	1.6678470481410868e-7	0.010334848715748935
0.0001354651017622514	0.009865085367312777	1.517934020647023e-7	0.009865085366144959
0.00012957531472911006	0.009436170800307574	1.3873637855791715e-7	0.00943617079928768
0.00012417634328206378	0.009042998942229465	1.2729459242488396e-7	0.009042998941333528
0.00011920928955078125	0.00868128068742861	1.1721217469956486e-7	0.008681280686637326
0.00011462431687575119	0.008347386789842022	1.0828199222229796e-7	0.008347386789139707
0.00011037897180627893	0.008038225667267222	1.0033491574399041e-7	0.008038225666641021
0.00010643686567034039	0.007751147390334883	9.323174946423697e-8	0.007751147389774182
0.00010276662892308729	0.007483867535757963	8.685709122373905e-8	0.007483867535253936
9.934107462565103e-5	0.007234406268875622	8.111461189888517e-8	0.00723440626842088
9.613652383127521e-5	0.007001039216631834	7.592339485608216e-8	0.007001039216220155
9.313225746154784e-5	0.006782257551839284	7.121507089916733e-8	0.0067822575514653975
8.765388937557444e-5	0.00638330288328897	6.40077947888195e-8	0.006383302882968055
8.27842288547092e-5	0.006028676088432488	5.6993571663556234e-8	0.006028676088163086
7.842716417814555e-5	0.005711378318539123	5.107241982240886e-8	0.005711378318310772
7.450580596923828e-5	0.0054258102353543424	4.602843381429892e-8	0.005425810235159107
7.09579104468936e-5	0.005167439038501598	4.169650883917843e-8	0.005167439038333371
6.77325508811257e-5	0.004932556071089693	3.7948639607259816e-8	0.004932556070943715
6.478765736455503e-5	0.004718097658499582	3.468434705187998e-8	0.004718097658372094
6.208817164103189e-5	0.004521510737378032	3.1823869915473225e-8	0.0045215107372660384
5.9604644775390625e-5	0.004340650733604152	2.9303239838460906e-8	0.004340650733505241
5.7312158437875595e-5	0.004173703006831822	2.7070672045697185e-8	0.004173703006744032
5.5189485903139464e-5	0.0040191217517664	2.5083884363793558e-8	0.004019121751688124
5.3218432835170196e-5	0.003875581991998855	2.3308076544377365e-8	0.0038755819919287665
5.138331446154364e-5	0.003741941506132981	2.171439804790925e-8	0.0037419415060699767
4.9670537312825516e-5	0.003617210368672164	2.0278765802616664e-8	0.003617210368615321
4.8068261915637603e-5	0.0035005263862091913	1.898095100074808e-8	0.0035005263861577307
4.656612873077392e-5	0.003391135139321664	1.7803860666005423e-8	0.003391135139274928
4.382694468778722e-5	0.0031916570162219926	1.600202769401432e-8	0.003191657016181878
4.13921144273546e-5	0.003014343023318512	1.4248459346680416e-8	0.003014343023284837
3.9213582089072776e-5	0.0028556936334126594	1.2768161325667225e-8	0.0028556936333841154
3.725290298461914e-5	0.002712909159927258	1.1507156664834597e-8	0.0027129091599028534
3.54789552234468e-5	0.0025837231892334184	1.042416879878171e-8	0.00258372318921239
3.386627544056285e-5	0.002466281382398068	9.487196038467347e-9	0.0024662813823798204
3.2393828682277515e-5	0.002359051893831854	8.671118277387772e-9	0.002359051893815918
3.1044085820515946e-5	0.0022607581852510748	7.955995288599256e-9	0.0022607581852370755
2.9802322387695312e-5	0.0021703279642712077	7.3258344518026705e-9	0.0021703279642588435
2.8656079218937797e-5	0.002086853906390729	6.767689797137026e-9	0.002086853906379755
2.7594742951569732e-5	0.0020095631054138233	6.270990528786661e-9	0.0020095631054040386
2.6609216417585098e-5	0.0019377930702049783	5.8270364495810395e-9	0.0019377930701962173
2.569165723077182e-5	0.0018709726876279106	5.428615018230469e-9	0.0018709726876200352
2.4835268656412758e-5	0.0018086069928929195	5.069705749659519e-9	0.001808606992885814
2.4034130957818802e-5	0.0017502648875762647	4.745250461306014e-9	0.0017502648875698322
2.328306436538696e-5	0.0016955691605098995	4.450976905424243e-9	0.0016955691605040574
2.191347234389361e-5	0.001595829901753839	4.000516752386853e-9	0.0015958299017488245
2.06960572136773e-5	0.001507172756433565	3.5621231310580295e-9	0.0015071727564293555
1.9606791044536388e-5	0.0014278479352410655	3.19204740049578e-9	0.0014278479352374974
1.862645149230957e-5	0.0013564555905252777	2.8767952017963947e-9	0.001356455590522227
1.77394776117234e-5	0.0012918625121116295	2.6060474305478645e-9	0.001291862512109001
1.6933137720281426e-5	0.0012331415279116906	2.3718034851074976e-9	0.0012331415279094096
1.6196914341138758e-5	0.0011795267130609065	2.1677835316916612e-9	0.0011795267130589144
1.5522042910257973e-5	0.0011303797967655565	1.9890022474718117e-9	0.0011303797967638066
1.4901161193847656e-5	0.0010851646315024896	1.8314617301899792e-9	0.0010851646315009442
1.4328039609468899e-5	0.0010434275539387022	1.691925167801877e-9	0.0010434275539373305
1.3797371475784866e-5	0.0010047821100892492	1.567750080495436e-9	0.0010047821100880262
1.3304608208792549e-5	0.000968897053653598	1.4567612673525525e-9	0.0009688970536525028
1.284582861538591e-5	0.0009354868274540685	1.3571556836433152e-9	0.000935486827453084
1.2417634328206379e-5	0.0009043039485854044	1.2674281504165798e-9	0.0009043039485845162
1.2017065478909401e-5	0.0008751328674058712	1.1863142694304818e-9	0.0008751328674050672
1.164153218269348e-5	0.0008477849779670171	1.1127456796460735e-9	0.0008477849779662868
1.0956736171946805e-5	0.000797915299287449	1.00013043273746e-9	0.0007979152992868222
1.034802860683865e-5	0.000753586689410202	8.905318128243797e-10	0.0007535866894096758
9.803395522268194e-6	0.0007139242472540839	7.980127338743108e-10	0.0007139242472536378
9.313225746154785e-6	0.0006782280479029389	7.191995480233536e-10	0.0006782280479025576
8.8697388058617e-6	0.0006459314854294441	6.515124952654204e-10	0.0006459314854291155
8.466568860140713e-6	0.0006165709731339469	5.929514792777769e-10	0.0006165709731336617
8.098457170569379e-6	0.0005897635480666168	5.419463367008265e-10	0.0005897635480663678
7.761021455128987e-6	0.0005651900744177292	4.97250994673913e-10	0.0005651900744175104
7.450580596923828e-6	0.0005425824780929109	4.5786582912728183e-10	0.0005425824780927177
7.164019804734449e-6	0.0005217139271551364	4.229816179627923e-10	0.000521713927154965
6.898685737892433e-6	0.0005023911943901687	3.919378331030007e-10	0.0005023911943900158
6.6523041043962745e-6	0.00048444865646455135	3.641906187451802e-10	0.00048444865646441447
6.422914307692955e-6	0.0004677435346370271	3.392891387147666e-10	0.00046774353463690404
6.2088171641031895e-6	0.00045215208732741395	3.168572470963417e-10	0.00045215208732730293
6.0085327394547004e-6	0.000437566539607343	2.965787880973244e-10	0.0004375665396072425
5.82076609134674e-6	0.0004238925884114911	2.78186559721271e-10	0.00042389258841139983
5.478368085973403e-6	0.00039895773674633454	2.500327728980227e-10	0.0003989577367462562
5.174014303419325e-6	0.0003767934225034371	2.2263308197223224e-10	0.00037679342250337137
4.901697761134097e-6	0.00035696219353541377	1.995032962243409e-10	0.000356962193535358
4.656612873077393e-6	0.00033911408711153517	1.7979999425885195e-10	0.0003391140871114875
4.43486940293085e-6	0.000322965800058118	1.628781989287443e-10	0.00032296580005807695
4.2332844300703565e-6	0.0003082855388614808	1.4823793193920506e-10	0.0003082855388614452
4.049228585284689e-6	0.0002948818219173478	1.3548665244452533e-10	0.0002948818219173167
3.880510727564493e-6	0.00028259508121759814	1.243128143450086e-10	0.0002825950812175708
3.725290298461914e-6	0.0002712912796318579	1.1446648372130612e-10	0.00027129127963183375
3.5820099023672247e-6	0.000260857001124016	1.0574546608563103e-10	0.0002608570011239946
3.4493428689462165e-6	0.0002511956320314625	9.798449047366408e-11	0.0002511956320314434
3.3261520521981373e-6	0.0002422243606417018	9.104767618056058e-11	0.0002422243606416847
3.2114571538464777e-6	0.0002338717975460111	8.482231429184196e-11	0.00023387179754599574
3.1044085820515948e-6	0.0002260760719223856	7.921434956804013e-11	0.00022607607192237173
3.0042663697273502e-6	0.00021878329627976543	7.414471528237982e-11	0.00021878329627975288
2.91038304567337e-6	0.000211946319062745	6.954666672958861e-11	0.00021194631906273358
2.7391840429867014e-6	0.00019947889014881447	6.250820924501907e-11	0.00019947889014880469
2.5870071517096626e-6	0.00018839673070130113	5.565829004956003e-11	0.00018839673070129292
2.4508488805670485e-6	0.00017848111424479874	4.9875842796408134e-11	0.00017848111424479177
2.3283064365386963e-6	0.0001695570593457797	4.4950007405557615e-11	0.00016955705934577374
2.217434701465425e-6	0.00016148291436490544	4.0719553352060324e-11	0.00016148291436490032
2.1166422150351783e-6	0.00015414278250436552	3.70594861498364e-11	0.00015414278250436107
2.0246142926423447e-6	0.00014744092292968413	3.3871679730490005e-11	0.00014744092292968023
1.9402553637822466e-6	0.00014129755161098	3.1078210653898893e-11	0.0001412975516109766
1.862645149230957e-6	0.00013564564996228188	2.861662769834138e-11	0.00013564564996227887
1.7910049511836123e-6	0.00013042850994861698	2.6436373090672354e-11	0.0001304285099486143
1.7246714344731083e-6	0.00012559782472482513	2.4496124320850517e-11	0.00012559782472482275
1.6630760260990686e-6	0.00012111218842320789	2.2761920571611925e-11	0.00012111218842320575
1.6057285769232388e-6	0.0001169359063298802	2.1205584581682135e-11	0.00011693590632987827
1.5522042910257974e-6	0.00011303804302586004	1.980358864570829e-11	0.0001130380430258583
1.5021331848636751e-6	0.00010939165475890748	1.8536184621315497e-11	0.0001093916547589059
1.455191522836685e-6	0.00010597316574562221	1.738667235252035e-11	0.00010597316574562078
1.3695920214933507e-6	9.97394505183187e-5	1.562705316725388e-11	9.973945051831746e-5
1.2935035758548313e-6	9.419837021304511e-5	1.391457323352591e-11	9.419837021304408e-5
1.2254244402835243e-6	8.924056149167238e-5	1.2468965899584086e-11	8.924056149167151e-5
1.1641532182693481e-6	8.47785336203928e-5	1.1237502377231627e-11	8.477853362039205e-5
1.1087173507327124e-6	8.074146076641607e-5	1.0179893417830581e-11	8.074146076641542e-5
1.0583211075175891e-6	7.70713945205889e-5	9.264869613868536e-12	7.707139452058834e-5
1.0123071463211724e-6	7.37204644575944e-5	8.46792490295074e-12	7.372046445759392e-5
9.701276818911233e-7	7.064877855603372e-5	7.769548332565276e-12	7.06487785560333e-5
9.313225746154785e-7	6.782282751772885e-5	7.154157194228833e-12	6.782282751772847e-5
8.955024755918062e-7	6.521425732096101e-5	6.60909582936044e-12	6.521425732096067e-5
8.623357172365541e-7	6.279891453968628e-5	6.124031294458932e-12	6.279891453968598e-5
8.315380130495343e-7	6.055609623719276e-5	5.69047801564074e-12	6.055609623719249e-5
8.028642884616194e-7	5.846795505415894e-5	5.301398642375967e-12	5.8467955054158704e-5
7.761021455128987e-7	5.6519023279097e-5	4.95089731786843e-12	5.651902327909678e-5
7.510665924318376e-7	5.4695829034210073e-5	4.634048622951931e-12	5.469582903420988e-5
7.275957614183425e-7	5.29865844263718e-5	4.3466635639863224e-12	5.298658442637163e-5
6.847960107466753e-7	4.9869726620138265e-5	3.906766849292662e-12	4.986972662013811e-5
6.467517879274156e-7	4.709918632212067e-5	3.478641098818467e-12	4.7099186322120544e-5
6.127122201417621e-7	4.462028183815389e-5	3.1172415525731273e-12	4.4620281838153784e-5
5.820766091346741e-7	4.2389267797072526e-5	2.8093768093131555e-12	4.238926779707243e-5
5.543586753663562e-7	4.037073127919802e-5	2.5449722602896663e-12	4.037073127919794e-5
5.291605537587946e-7	3.8535698077396327e-5	2.316217453759484e-12	3.853569807739626e-5
5.061535731605862e-7	3.6860232976985336e-5	2.1169835860829344e-12	3.6860232976985275e-5
4.850638409455617e-7	3.5324389965653454e-5	1.942387122033988e-12	3.53243899656534e-5
4.6566128730773926e-7	3.391141439301081e-5	1.7885370138485327e-12	3.3911414393010765e-5
4.477512377959031e-7	3.2607129247143974e-5	1.652276308561929e-12	3.2607129247143934e-5
4.3116785861827706e-7	3.139945781416096e-5	1.5310055294137794e-12	3.139945781416092e-5
4.1576900652476716e-7	3.027804862499455e-5	1.4226218514536155e-12	3.0278048624994517e-5
4.014321442308097e-7	2.9233977999383897e-5	1.3253496829013876e-12	2.9233977999383866e-5
3.8805107275644935e-7	2.825951208108996e-5	1.2377231856823697e-12	2.8259512081089932e-5
3.755332962159188e-7	2.734791493079383e-5	1.1585121710637255e-12	2.7347914930793807e-5
3.6379788070917124e-7	2.6493292601576725e-5	1.0866659077381921e-12	2.64932926015767e-5
3.4239800537333767e-7	2.4934863650313407e-5	9.766917208771985e-13	2.4934863650313387e-5
3.233758939637078e-7	2.3549593464960498e-5	8.696614344270194e-13	2.354959346496048e-5
3.0635611007088106e-7	2.2310141192156235e-5	7.793098237190105e-13	2.231014119215622e-5
2.9103830456733704e-7	2.119463414525531e-5	7.023447876568072e-13	2.11946341452553e-5
2.771793376831781e-7	2.0185365863596516e-5	6.362424945661658e-13	2.0185365863596506e-5
2.645802768793973e-7	1.9267849242973653e-5	5.790543701688459e-13	1.9267849242973643e-5
2.530767865802931e-7	1.8430116675539088e-5	5.292447443331289e-13	1.843011667553908e-5
2.4253192047278083e-7	1.7662195154736194e-5	4.855979427052186e-13	1.7662195154736187e-5
2.3283064365386963e-7	1.695570735504216e-5	4.4713368212870975e-13	1.6955707355042154e-5
2.2387561889795154e-7	1.6303564770237704e-5	4.1306966238461036e-13	1.6303564770237697e-5
2.1558392930913853e-7	1.56997290431601e-5	3.8275080572598014e-13	1.5699729043160094e-5
2.0788450326238358e-7	1.5139024439096509e-5	3.5565546798182096e-13	1.5139024439096505e-5
2.0071607211540486e-7	1.4616989117768057e-5	3.313374254722203e-13	1.4616989117768053e-5
1.9402553637822467e-7	1.4129756150930659e-5	3.094313796962357e-13	1.4129756150930656e-5
1.877666481079594e-7	1.3673957568819117e-5	2.8962804537516093e-13	1.3673957568819113e-5
1.8189894035458562e-7	1.3246646397886068e-5	2.7166647786074743e-13	1.3246646397886065e-5
1.7119900268666884e-7	1.2467431910217851e-5	2.441732187886558e-13	1.2467431910217848e-5
1.616879469818539e-7	1.1774796808455059e-5	2.1741507407904198e-13	1.1774796808455056e-5
1.5317805503544053e-7	1.1155070664348092e-5	1.9482774478673668e-13	1.115507066434809e-5
1.4551915228366852e-7	1.0597317134307256e-5	1.7558591000867172e-13	1.0597317134307254e-5
1.3858966884158905e-7	1.0092682987797705e-5	1.590606259536046e-13	1.0092682987797704e-5
1.3229013843969864e-7	9.633924672555692e-6	1.447635946741291e-13	9.63392467255569e-6
1.2653839329014654e-7	9.21505838453122e-6	1.323108964829554e-13	9.215058384531219e-6
1.2126596023639041e-7	8.831097620345383e-6	1.2139977576987333e-13	8.831097620345381e-6
1.1641532182693481e-7	8.477853717155268e-6	1.1178313141522867e-13	8.477853717155267e-6
1.1193780944897577e-7	8.151782421785356e-6	1.0326799462417178e-13	8.151782421785355e-6
1.0779196465456927e-7	7.849864555599875e-6	9.56871225323456e-14	7.849864555599873e-6
1.0394225163119179e-7	7.569512251198217e-6	8.891444746440338e-14	7.5695122511982165e-6
1.0035803605770243e-7	7.308494588402977e-6	8.283406563166354e-14	7.308494588402976e-6
9.701276818911234e-8	7.064878103061828e-6	7.735842822129203e-14	7.064878103061827e-6
9.38833240539797e-8	6.836978810264794e-6	7.240584819235278e-14	6.8369788102647934e-6
9.094947017729281e-8	6.623323223217695e-6	6.791749276142123e-14	6.623323223217695e-6
8.559950134333442e-8	6.233715976374098e-6	6.104301857451318e-14	6.233715976374098e-6
8.084397349092696e-8	5.887398423221231e-6	5.4353625076207896e-14	5.887398423221231e-6
7.658902751772027e-8	5.57753534924154e-6	4.8707080178041656e-14	5.57753534924154e-6
7.275957614183426e-8	5.298658582573568e-6	4.3896477203869026e-14	5.298658582573568e-6
6.929483442079453e-8	5.046341507898794e-6	3.9765444725037246e-14	5.046341507898794e-6
6.614506921984932e-8	4.816962349045063e-6	3.619089837714188e-14	4.816962349045063e-6
6.326919664507327e-8	4.6075292039561084e-6	3.3077869111126275e-14	4.6075292039561084e-6
6.063298011819521e-8	4.415548820916935e-6	3.0349799535308246e-14	4.415548820916935e-6
5.820766091346741e-8	4.2389268684861815e-6	2.794563809936087e-14	4.2389268684861815e-6
5.5968904724487885e-8	4.07589122005911e-6	2.5816563972142438e-14	4.07589122005911e-6
5.389598232728463e-8	3.924932286305128e-6	2.3922360795021324e-14	3.924932286305128e-6
5.1971125815595895e-8	3.784756133511444e-6	2.2228321255346856e-14	3.784756133511444e-6
5.0179018028851214e-8	3.6542473015813425e-6	2.0708807044927987e-14	3.6542473015813425e-6
4.850638409455617e-8	3.532439058429842e-6	1.933917070544036e-14	3.532439058429842e-6
4.694166202698985e-8	3.41848941159648e-6	1.8101898265299298e-14	3.41848941159648e-6
4.5474735088646405e-8	3.3116616176773168e-6	1.6979082497236095e-14	3.3116616176773168e-6
4.279975067166721e-8	3.1168579935033605e-6	1.5260683134648834e-14	3.1168579935033605e-6
4.042198674546348e-8	2.9436992163591182e-6	1.3588621753014803e-14	2.9436992163591182e-6
3.829451375886013e-8	2.7887676788876043e-6	1.217669800813211e-14	2.7887676788876043e-6
3.637978807091713e-8	2.6493292951417495e-6	1.0974047629195958e-14	2.6493292951417495e-6
3.464741721039726e-8	2.5231707574493043e-6	9.941217006261965e-15	2.5231707574493043e-6
3.307253460992466e-8	2.4084811777143555e-6	9.047796609303214e-15	2.4084811777143555e-6
3.1634598322536636e-8	2.3037646049006796e-6	8.269539741502882e-15	2.3037646049006796e-6
3.0316490059097604e-8	2.2077744131445484e-6	7.5874502057641e-15	2.2077744131445484e-6
2.9103830456733704e-8	2.1194634367202865e-6	6.986554312137776e-15	2.1194634367202865e-6
2.7984452362243943e-8	2.0379456123212413e-6	6.454213691317382e-15	2.0379456123212413e-6
2.6947991163642316e-8	1.9624661452787054e-6	5.980300270352168e-15	1.9624661452787054e-6
2.5985562907797947e-8	1.892378068733923e-6	5.55737073049057e-15	1.892378068733923e-6
2.5089509014425607e-8	1.8271236526355569e-6	5.1770565807430995e-15	1.8271236526355569e-6
2.4253192047278084e-8	1.7662195309397712e-6	4.8350107869685025e-15	1.7662195309397712e-6
2.3470831013494924e-8	1.7092447074141046e-6	4.525111224331856e-15	1.7092447074141046e-6
2.2737367544323203e-8	1.6558308103559133e-6	4.245134302840578e-15	1.6558308103559133e-6
2.1399875335833604e-8	1.5584289980807586e-6	3.815135019411289e-15	1.5584289980807586e-6
2.021099337273174e-8	1.4718496093666076e-6	3.396975737110147e-15	1.4718496093666076e-6
1.9147256879430066e-8	1.3943838405105402e-6	3.0442465326351764e-15	1.3943838405105402e-6
1.8189894035458565e-8	1.3246646485346555e-6	2.7436200443308974e-15	1.3246646485346555e-6
1.732370860519863e-8	1.2615853795996391e-6	2.4852682954369206e-15	1.2615853795996391e-6
1.653626730496233e-8	1.2042405896551338e-6	2.2619855564309865e-15	1.2042405896551338e-6
1.5817299161268318e-8	1.1518823031809762e-6	2.0673486527196502e-15	1.1518823031809762e-6
1.5158245029548802e-8	1.1038872072437846e-6	1.8968263097862873e-15	1.1038872072437846e-6
1.4551915228366852e-8	1.0597317189794029e-6	1.7465663720327912e-15	1.0597317189794029e-6
1.3992226181121971e-8	1.0189728067335324e-6	1.6135534549336013e-15	1.0189728067335324e-6
1.3473995581821158e-8	9.812330731709762e-7	1.4952563725280387e-15	9.812330731709762e-7
1.2992781453898974e-8	9.461890348614335e-7	1.3891975358636205e-15	9.461890348614335e-7
1.2544754507212804e-8	9.135618267789997e-7	1.2941914515552097e-15	9.135618267789997e-7
1.2126596023639042e-8	8.831097659010881e-7	1.2088253756255081e-15	8.831097659010881e-7
1.1735415506747462e-8	8.546223541110966e-7	1.1313868523636385e-15	8.546223541110966e-7
1.1368683772161601e-8	8.279154055571919e-7	1.0611745878934361e-15	8.279154055571919e-7
1.0699937667916802e-8	7.792144993726487e-7	9.537656984868373e-16	7.792144993726487e-7
1.010549668636587e-8	7.359248049801094e-7	8.493157750255113e-16	7.359248049801094e-7
9.573628439715033e-9	6.97191920521945e-7	7.610616547952453e-16	6.97191920521945e-7
9.094947017729282e-9	6.623323245082388e-7	6.858328950901597e-16	6.623323245082388e-7
8.661854302599316e-9	6.307926900185807e-7	6.213531598964249e-16	6.307926900185807e-7
8.268133652481165e-9	6.021202950270509e-7	5.654963408809327e-16	6.021202950270509e-7
7.908649580634159e-9	5.759411517731521e-7	5.16837308861569e-16	5.759411517731521e-7
7.579122514774401e-9	5.519436037897698e-7	4.741884561864865e-16	5.519436037897698e-7
7.275957614183426e-9	5.298658596445456e-7	4.367140841332303e-16	5.298658596445456e-7
6.996113090560986e-9	5.094864035099842e-7	4.0335206513031076e-16	5.094864035099842e-7
6.736997790910579e-9	4.906165367183546e-7	3.7375974781526597e-16	4.906165367183546e-7
6.496390726949487e-9	4.7309451755437373e-7	3.473719867679267e-16	4.7309451755437373e-7
6.272377253606402e-9	4.567809135048148e-7	3.2354792766823334e-16	4.567809135048148e-7
6.063298011819521e-9	4.415548830583201e-7	3.021517955233839e-16	4.415548830583201e-7
5.867707753373731e-9	4.273111771565396e-7	2.8282850886921934e-16	4.273111771565396e-7
5.684341886080801e-9	4.1395770287341925e-7	2.6529365970792795e-16	4.1395770287341925e-7
5.349968833958401e-9	3.8960724976939876e-7	2.3845938746481207e-16	3.8960724976939876e-7
5.052748343182935e-9	3.679624025642439e-7	2.1231996761749388e-16	3.679624025642439e-7
4.786814219857517e-9	3.48595960327641e-7	1.9026542440787252e-16	3.48595960327641e-7
4.547473508864641e-9	3.311661623143591e-7	1.7146727858290812e-16	3.311661623143591e-7
4.330927151299658e-9	3.153963450639757e-7	1.5533833467329624e-16	3.153963450639757e-7
4.1340668262405825e-9	3.010601475634014e-7	1.4139214363197453e-16	3.010601475634014e-7
3.9543247903170795e-9	2.8797057593224205e-7	1.2920927211012543e-16	2.8797057593224205e-7
3.7895612573872004e-9	2.759718019368568e-7	1.1854712251385077e-16	2.759718019368568e-7
3.637978807091713e-9	2.649329298609693e-7	1.0916038105327737e-16	2.649329298609693e-7
3.498056545280493e-9	2.547432017908016e-7	1.0083802409601375e-16	2.547432017908016e-7
3.3684988954552896e-9	2.453082683924014e-7	9.343994447687146e-17	2.453082683924014e-7
3.2481953634747434e-9	2.3654725880808655e-7	8.682488315079016e-17	2.3654725880808655e-7
3.136188626803201e-9	2.2839045678123628e-7	8.088698891970944e-17	2.2839045678123628e-7
3.0316490059097605e-9	2.2077744155611641e-7	7.55561429745895e-17	2.2077744155611641e-7
2.9338538766868654e-9	2.1365558860352511e-7	7.072535113815106e-17	2.1365558860352511e-7
2.8421709430404003e-9	2.069788514604156e-7	6.632342127147792e-17	2.069788514604156e-7
2.6749844169792006e-9	1.948036249054633e-7	5.960592065980163e-17	1.948036249054633e-7
2.5263741715914674e-9	1.8398120130067054e-7	5.307999754252461e-17	1.8398120130067054e-7
2.3934071099287583e-9	1.7429798018048776e-7	4.7566380793816326e-17	1.7429798018048776e-7
2.2737367544323206e-9	1.65583081172236e-7	4.2857816845833575e-17	1.65583081172236e-7
2.165463575649829e-9	1.5769817254565932e-7	3.8834570991790625e-17	1.5769817254565932e-7
2.0670334131202913e-9	1.5053007379416969e-7	3.535706510508251e-17	1.5053007379416969e-7
1.9771623951585398e-9	1.4398528797753757e-7	3.230232243837065e-17	1.4398528797753757e-7
1.8947806286936002e-9	1.3798590097892136e-7	2.963680017482862e-17	1.3798590097892136e-7
1.8189894035458565e-9	1.324664649401563e-7	2.727199533391355e-17	1.324664649401563e-7
1.7490282726402464e-9	1.2737160090435803e-7	2.5227624659648195e-17	1.2737160090435803e-7
1.6842494477276448e-9	1.2265413420450673e-7	2.3359989875999605e-17	1.2265413420450673e-7
1.6240976817373717e-9	1.1827362941177066e-7	2.1706224410201258e-17	1.1827362941177066e-7
1.5680943134016004e-9	1.1419522839782781e-7	2.0230841009147627e-17	1.1419522839782781e-7
1.5158245029548803e-9	1.1038872078479241e-7	1.8879945461898548e-17	1.1038872078479241e-7
1.4669269383434327e-9	1.068277943080715e-7	1.767223237065314e-17	1.068277943080715e-7
1.4210854715202002e-9	1.0348942573613184e-7	1.6571758696882477e-17	1.0348942573613184e-7
1.3374922084896003e-9	9.740181245792624e-8	1.4910447766033065e-17	9.740181245792624e-8
1.2631870857957337e-9	9.199060065497122e-8	1.3265518692060628e-17	9.199060065497122e-8
1.1967035549643792e-9	8.714899009441066e-8	1.1891578516227865e-17	8.714899009441066e-8
1.1368683772161603e-9	8.279154058988693e-8	1.0727959364965811e-17	8.279154058988693e-8
1.0827317878249145e-9	7.884908627624627e-8	9.704136848766063e-18	7.884908627624627e-8
1.0335167065601456e-9	7.526503690019846e-8	8.830243995456547e-18	7.526503690019846e-8
9.885811975792699e-10	7.199264399162412e-8	8.080106732680493e-18	7.199264399162412e-8
9.473903143468001e-10	6.899295049208391e-8	7.409194496532547e-18	6.899295049208391e-8
9.094947017729282e-10	6.623323247249851e-8	6.8180008615354405e-18	6.623323247249851e-8
8.745141363201232e-10	6.368580045441589e-8	6.306915185493062e-18	6.368580045441589e-8
8.421247238638224e-10	6.132706710432986e-8	5.839992538125358e-18	6.132706710432986e-8
8.120488408686859e-10	5.913681470781715e-8	5.4265513477650246e-18	5.913681470781715e-8
7.840471567008002e-10	5.709761420071264e-8	5.0486343970503504e-18	5.709761420071264e-8
7.579122514774401e-10	5.519436039408462e-8	4.733622421525863e-18	5.519436039408462e-8
7.334634691717164e-10	5.341389715561418e-8	4.418071588390488e-18	5.341389715561418e-8
7.105427357601001e-10	5.17447128695469e-8	4.138385618553828e-18	5.17447128695469e-8
6.687461042448001e-10	4.870090623025995e-8	3.725369574644946e-18	4.870090623025995e-8
6.315935428978668e-10	4.599530032864578e-8	3.3186177301142252e-18	4.599530032864578e-8
5.983517774821896e-10	4.357449504824823e-8	2.9773998998681092e-18	4.357449504824823e-8
5.684341886080801e-10	4.139577029588205e-8	2.6752397995521588e-18	4.139577029588205e-8
5.413658939124572e-10	3.9424543138977884e-8	2.4260354192726273e-18	3.9424543138977884e-8
5.167583532800728e-10	3.763251845088004e-8	2.2120786218759176e-18	3.763251845088004e-8
4.942905987896349e-10	3.599632199652406e-8	2.015503866650988e-18	3.599632199652406e-8
4.736951571734001e-10	3.449647524669836e-8	1.854559308402483e-18	3.449647524669836e-8
4.547473508864641e-10	3.311661623685372e-8	1.702240069283528e-18	3.311661623685372e-8
4.372570681600616e-10	3.184290022776836e-8	1.5812584548692363e-18	3.184290022776836e-8
4.210623619319112e-10	3.066353355268282e-8	1.4554713063474018e-18	3.066353355268282e-8
4.0602442043434293e-10	2.9568407354391522e-8	1.3566387422348002e-18	2.9568407354391522e-8
3.920235783504001e-10	2.8548807100808436e-8	1.2667014446451503e-18	2.8548807100808436e-8
3.7895612573872006e-10	2.7597180197460734e-8	1.1765953950907784e-18	2.7597180197460734e-8
3.667317345858582e-10	2.6706948578201695e-8	1.1045187147784191e-18	2.6706948578201695e-8
3.5527136788005004e-10	2.5872356435144915e-8	1.03687214436237e-18	2.5872356435144915e-8
3.3437305212240007e-10	2.4350453115454775e-8	9.324677716335585e-19	2.4350453115454775e-8
3.157967714489334e-10	2.2997650164612323e-8	8.285368122312083e-19	2.2997650164612323e-8
2.991758887410948e-10	2.178724752438423e-8	7.443506420179877e-19	2.178724752438423e-8
2.842170943040401e-10	2.0697885148177185e-8	6.710602539867257e-19	2.0697885148177185e-8
2.706829469562286e-10	1.971227156970263e-8	6.065094583389887e-19	1.971227156970263e-8
2.583791766400364e-10	1.881625922563401e-8	5.507640851796734e-19	1.881625922563401e-8
2.4714529939481747e-10	1.7998160998440644e-8	5.038785158997781e-19	1.7998160998440644e-8
2.3684757858670003e-10	1.724823762351359e-8	4.659057280813503e-19	1.724823762351359e-8
2.2737367544323206e-10	1.655830811857829e-8	4.25562362618242e-19	1.655830811857829e-8
2.186285340800308e-10	1.592145011402277e-8	3.91917704686087e-19	1.592145011402277e-8
2.105311809659556e-10	1.5331766776471807e-8	3.650002377420704e-19	1.5331766776471807e-8
2.0301221021717146e-10	1.478420367731681e-8	3.4029432924281016e-19	1.478420367731681e-8
1.9601178917520005e-10	1.4274403550516337e-8	3.155395129758964e-19	1.4274403550516337e-8
1.8947806286936003e-10	1.3798590098836208e-8	2.952844471063711e-19	1.3798590098836208e-8
1.833658672929291e-10	1.3353474289199808e-8	2.772642256269074e-19	1.3353474289199808e-8
1.7763568394002502e-10	1.2936178217665027e-8	2.592184321486786e-19	1.2936178217665027e-8
1.6718652606120003e-10	1.2175226557808142e-8	2.319967383915031e-19	1.2175226557808142e-8
1.578983857244667e-10	1.149882508237883e-8	2.0769499393901223e-19	1.149882508237883e-8
1.495879443705474e-10	1.08936237622573e-8	1.8665038139104167e-19	1.08936237622573e-8
1.4210854715202004e-10	1.034894257414703e-8	1.666393961786322e-19	1.034894257414703e-8
1.353414734781143e-10	9.85613578490489e-9	1.521912055501349e-19	9.85613578490489e-9
1.291895883200182e-10	9.408129612865806e-9	1.3769026482431647e-19	9.408129612865806e-9
1.2357264969740873e-10	8.999080499265127e-9	1.265343952228967e-19	8.999080499265127e-9
1.1842378929335001e-10	8.62411881179729e-9	1.1534496707722623e-19	8.62411881179729e-9
1.1368683772161603e-10	8.279154059326999e-9	1.0639084413103489e-19	8.279154059326999e-9
1.093142670400154e-10	7.960725057046945e-9	9.967925196114666e-20	7.960725057046945e-9
1.052655904829778e-10	7.665883388268193e-9	9.068347217579046e-20	7.665883388268193e-9
1.0150610510858573e-10	7.392101838688206e-9	8.394043827141312e-20	7.392101838688206e-9
9.800589458760003e-11	7.137201775286502e-9	7.945165458864575e-20	7.137201775286502e-9
9.473903143468002e-11	6.8992950494444084e-9	7.382055703124244e-20	6.8992950494444084e-9
9.168293364646455e-11	6.676737144624492e-9	6.931774335656291e-20	6.676737144624492e-9
8.881784197001251e-11	6.468089108855348e-9	6.366733226720384e-20	6.468089108855348e-9
8.359326303060002e-11	6.087613278924635e-9	5.883946600498501e-20	6.087613278924635e-9
7.894919286223336e-11	5.749412541207429e-9	5.164370509494756e-20	5.749412541207429e-9
7.47939721852737e-11	5.446811881144871e-9	4.666276210841778e-20	5.446811881144871e-9
7.105427357601002e-11	5.174471287088276e-9	4.1660581948985686e-20	5.174471287088276e-9
6.767073673905715e-11	4.92806789246584e-9	3.832972186991968e-20	4.92806789246584e-9
6.45947941600091e-11	4.704064806444954e-9	3.385919588851679e-20	4.704064806444954e-9
6.178632484870437e-11	4.499540249643689e-9	3.16337365644915e-20	4.499540249643689e-9
5.921189464667501e-11	4.312059405909074e-9	2.9401280809167053e-20	4.312059405909074e-9
5.6843418860808015e-11	4.1395770296729656e-9	2.6597378185440468e-20	4.1395770296729656e-9
5.46571335200077e-11	3.9803625285319835e-9	2.4353849408715125e-20	3.9803625285319835e-9
5.26327952414889e-11	3.832941694142248e-9	2.267141093600234e-20	3.832941694142248e-9
5.0753052554292866e-11	3.6960509193518612e-9	2.155231824964419e-20	3.6960509193518612e-9
4.9002947293800014e-11	3.568600887650107e-9	1.929567268493986e-20	3.568600887650107e-9
4.736951571734001e-11	3.449647524728858e-9	1.873903884070291e-20	3.449647524728858e-9
4.584146682323227e-11	3.3383685723184698e-9	1.7613443205104043e-20	3.3383685723184698e-9
4.4408920985006255e-11	3.2340445544335366e-9	1.591765018303301e-20	3.2340445544335366e-9
4.179663151530001e-11	3.0438066394673093e-9	1.4570394426948354e-20	3.0438066394673093e-9
3.947459643111668e-11	2.8747062706082565e-9	1.2910695129744042e-20	2.8747062706082565e-9
3.739698609263685e-11	2.723405940576452e-9	1.1524874707483541e-20	2.723405940576452e-9
3.552713678800501e-11	2.587235643547829e-9	1.0414937457649357e-20	2.587235643547829e-9
3.383536836952858e-11	2.4640339462362313e-9	9.582505906774928e-21	2.4640339462362313e-9
3.229739708000455e-11	2.352032403225641e-9	8.746889279466796e-21	2.352032403225641e-9
3.0893162424352184e-11	2.249770124824626e-9	7.908503020477207e-21	2.249770124824626e-9
2.9605947323337503e-11	2.156029702956991e-9	7.067693333766362e-21	2.156029702956991e-9
2.8421709430404007e-11	2.06978851483881e-9	6.507855620463413e-21	2.06978851483881e-9
2.732856676000385e-11	1.9901812642683095e-9	6.513418799484088e-21	1.9901812642683095e-9
2.631639762074445e-11	1.9164708470731616e-9	5.667911409003825e-21	1.9164708470731616e-9
2.5376526277146433e-11	1.848025459677717e-9	5.1043832084242046e-21	1.848025459677717e-9
2.4501473646900007e-11	1.7843004438269197e-9	5.107846006405099e-21	1.7843004438269197e-9
2.3684757858670004e-11	1.7248237623660156e-9	4.543107027651978e-21	1.7248237623660156e-9
2.2920733411616136e-11	1.669184286160714e-9	4.26127400969126e-21	1.669184286160714e-9
2.2204460492503128e-11	1.6170222772182333e-9	3.979462052790756e-21	1.6170222772182333e-9
2.0898315757650004e-11	1.521903319734958e-9	3.782548396035899e-21	1.521903319734958e-9
1.973729821555834e-11	1.4373531353052257e-9	3.0876080812061462e-21	1.4373531353052257e-9
1.8698493046318424e-11	1.361702970289268e-9	2.951709966951396e-21	1.361702970289268e-9
1.7763568394002505e-11	1.2936178217748553e-9	2.6740043598574668e-21	1.2936178217748553e-9
1.691768418476429e-11	1.232016973118943e-9	2.3956641963364066e-21	1.232016973118943e-9
1.6148698540002275e-11	1.1760162016135166e-9	1.9749834741001525e-21	1.1760162016135166e-9
1.5446581212176092e-11	1.1248850624130082e-9	1.9770353074631663e-21	1.1248850624130082e-9
1.4802973661668752e-11	1.0780148514791666e-9	1.837689399450525e-21	1.0780148514791666e-9
1.4210854715202004e-11	1.0348942574200252e-9	1.6977717370659512e-21	1.0348942574200252e-9
1.3664283380001925e-11	9.95090632134658e-10	1.5575692464740236e-21	9.95090632134658e-10
1.3158198810372225e-11	9.582354235370897e-10	1.416900804247293e-21	9.582354235370897e-10
1.2688263138573216e-11	9.240127298393811e-10	1.418000558564477e-21	9.240127298393811e-10
1.2250736823450003e-11	8.921502219138498e-10	1.1349531638931284e-21	8.921502219138498e-10
1.1842378929335002e-11	8.624118811834615e-10	1.2777001445934037e-21	8.624118811834615e-10
1.1460366705808068e-11	8.345921430807265e-10	9.94275106628928e-22	8.345921430807265e-10
1.1102230246251564e-11	8.085111386094827e-10	9.948005039444136e-22	8.085111386094827e-10
1.0449157878825002e-11	7.609516598677766e-10	9.10600115218113e-22	7.609516598677766e-10
9.86864910777917e-12	7.186765676529247e-10	8.419788771659764e-22	7.186765676529247e-10
9.349246523159212e-12	6.808514851448567e-10	6.325762956778572e-22	6.808514851448567e-10
8.881784197001252e-12	6.468089108876627e-10	7.0377970811531895e-22	6.468089108876627e-10
8.458842092382144e-12	6.160084865596874e-10	6.3415610936971195e-22	6.160084865596874e-10
8.074349270001138e-12	5.880081008069604e-10	4.938291530943892e-22	5.880081008069604e-10
7.723290606088046e-12	5.624425312066777e-10	4.943384903669002e-22	5.624425312066777e-10
7.401486830834376e-12	5.390074257397507e-10	4.948053828667023e-22	5.390074257397507e-10
7.105427357601002e-12	5.174471287101387e-10	3.536826290651936e-22	5.174471287101387e-10
6.8321416900009626e-12	4.975453160674546e-10	3.5399958491968456e-22	4.975453160674546e-10
6.5790994051861124e-12	4.791177117686912e-10	4.250394220725515e-22	4.791177117686912e-10
6.344131569286608e-12	4.62006364919783e-10	2.836786371638946e-22	4.62006364919783e-10
6.125368411725002e-12	4.4607511095706054e-10	3.5472024976469303e-22	4.4607511095706054e-10
5.921189464667501e-12	4.312059405918156e-10	2.8401186551637334e-22	4.312059405918156e-10
5.730183352904034e-12	4.172960715404748e-10	2.841160265694026e-22	4.172960715404748e-10
5.551115123125782e-12	4.042555693048233e-10	2.1321132793015297e-22	4.042555693048233e-10
5.224578939412501e-12	3.8047582993397217e-10	2.4519181812556204e-22	3.8047582993397217e-10
4.934324553889585e-12	3.593382838265215e-10	1.753985048561588e-22	3.593382838265215e-10
4.674623261579606e-12	3.4042574257251235e-10	2.1084051701443233e-22	3.4042574257251235e-10
4.440892098500626e-12	3.23404455443876e-10	1.4076782331001893e-22	3.23404455443876e-10
4.229421046191072e-12	3.0800424327988837e-10	1.4090366168002388e-22	3.0800424327988837e-10
4.037174635000569e-12	2.940040504035356e-10	1.410924331205194e-22	2.940040504035356e-10
3.861645303044023e-12	2.812212656033871e-10	1.4126478965314583e-22	2.812212656033871e-10
3.700743415417188e-12	2.695037128699078e-10	1.0605625248041541e-22	2.695037128699078e-10
3.552713678800501e-12	2.5872356435511533e-10	1.0612261525360237e-22	2.5872356435511533e-10
3.4160708450004813e-12	2.4877265803376834e-10	1.0623911182465196e-22	2.4877265803376834e-10
3.2895497025930562e-12	2.3955885588436316e-10	7.086741376213637e-23	2.3955885588436316e-10
3.172065784643304e-12	2.3100318245993376e-10	1.0634455539504053e-22	2.3100318245993376e-10
3.062684205862501e-12	2.2303755547854994e-10	7.098195879133087e-23	2.2303755547854994e-10
2.9605947323337505e-12	2.1560297029593382e-10	7.100956731628841e-23	2.1560297029593382e-10
2.865091676452017e-12	2.086480357702606e-10	7.103539464608741e-23	2.086480357702606e-10
2.775557561562891e-12	2.0212778465244183e-10	7.105960776777398e-23	2.0212778465244183e-10
2.6122894697062505e-12	1.9023791496700242e-10	5.2559829234920577e-23	1.9023791496700242e-10
2.4671622769447924e-12	1.796691419132827e-10	5.263193099437173e-23	1.796691419132827e-10
2.337311630789803e-12	1.7021287128626545e-10	3.515963280725976e-23	1.7021287128626545e-10
2.220446049250313e-12	1.6170222772195874e-10	5.27904090927088e-23	1.6170222772195874e-10
2.114710523095536e-12	1.5400212163995783e-10	3.52306303751423e-23	1.5400212163995783e-10
2.0185873175002844e-12	1.4700202520177937e-10	3.529392942242797e-23	1.4700202520177937e-10
1.9308226515220115e-12	1.406106328017033e-10	3.5320502372323574e-23	1.406106328017033e-10
1.850371707708594e-12	1.3475185643496205e-10	1.7691516501967384e-23	1.3475185643496205e-10
1.7763568394002505e-12	1.2936178217756441e-10	1.770195798728918e-23	1.2936178217756441e-10
1.7080354225002406e-12	1.2438632901689443e-10	3.5415576096881717e-23	1.2438632901689443e-10
1.6447748512965281e-12	1.197794279421908e-10	1.7720520627861286e-23	1.197794279421908e-10
1.586032892321652e-12	1.1550159122997035e-10	1.772880752097383e-23	1.1550159122997035e-10
1.5313421029312504e-12	1.1151877773928711e-10	3.5490979395669295e-23	1.1151877773928711e-10
1.4802973661668753e-12	1.0780148514796868e-10	6.600937186489539e-27	1.0780148514796868e-10
1.4325458382260085e-12	1.0432401788513611e-10	1.7773624956055023e-23	1.0432401788513611e-10
1.3877787807814455e-12	1.0106389232622607e-10	1.777921647727245e-23	1.0106389232622607e-10
1.3061447348531253e-12	9.511895748350766e-11	1.751484431330995e-23	9.511895748350766e-11
1.2335811384723962e-12	8.983457095664449e-11	8.78230478032698e-24	8.983457095664449e-11
1.1686558153949015e-12	8.510643564313978e-11	1.757981640363134e-23	8.510643564313978e-11
1.1102230246251565e-12	8.085111386097863e-11	4.950702889867284e-27	8.085111386097863e-11
1.057355261547768e-12	7.700106081998468e-11	1.761531518757247e-23	7.700106081998468e-11
1.0092936587501422e-12	7.350101260089255e-11	8.817572423450454e-24	7.350101260089255e-11
9.654113257610057e-13	7.030531640085168e-11	4.3049590346672465e-27	7.030531640085168e-11
9.25185853854297e-13	6.737592821748545e-11	8.845758250984272e-24	6.737592821748545e-11
8.881784197001252e-13	6.468089108878867e-11	1.7697997424979055e-23	6.468089108878867e-11
8.540177112501203e-13	6.219316450844623e-11	3.8082329922056725e-27	6.219316450844623e-11
8.223874256482641e-13	5.98897139710965e-11	3.6671873258276926e-27	5.98897139710965e-11
7.93016446160826e-13	5.7750795614990795e-11	1.772527130462565e-23	5.7750795614990795e-11
7.656710514656252e-13	5.575938886964179e-11	3.414277855080968e-27	5.575938886964179e-11
7.401486830834376e-13	5.390074257398954e-11	8.871861964288673e-24	5.390074257398954e-11
7.162729191130043e-13	5.216200894256831e-11	3.1940018644305946e-27	5.216200894256831e-11
6.938893903907227e-13	5.053194616311553e-11	8.889608238636665e-24	5.053194616311553e-11
