# z G G_prime G_double_prime
1.5999999999999998e6	9.602818154309059e6	3967.7457894296736	9.602817334601393e6
1.0666666666666665e6	6.40513925668708e6	7538.0240146716515	6.405134821043806e6
799999.9999999999	4.806295233765801e6	8766.50413991478	4.806287238870043e6
640000.0	3.8469993570435927e6	9371.277336324649	3.846987942826817e6
533333.3333333333	3.207474815839104e6	9726.333680087011	3.2074600687577133e6
457142.8571428571	2.750674852724673e6	9958.199569692259	2.750656826954833e6
399999.99999999994	2.4080767164534545e6	10120.848033348619	2.4080554480244713e6
355555.55555555556	2.1416125586581295e6	10240.961256666951	2.141588072929703e6
320000.0	1.928441853782346e6	10333.164152318119	1.9284141695025195e6
290909.0909090909	1.7540298221400816e6	10406.111339141751	1.7539989537635315e6
266666.6666666666	1.6086866677746237e6	10465.23715547124	1.6086526268548789e6
246153.84615384613	1.485704104425506e6	10514.119045013154	1.485666900488633e6
228571.42857142855	1.380290520079293e6	10555.204705476937	1.3802501611933943e6
213333.3333333333	1.2889320793743127e6	10590.223501512708	1.2888885725330866e6
199999.99999999997	1.2089934146497827e6	10620.430882948503	1.2089467660382742e6
188235.29411764705	1.138712845681212e6	11480.09051004452	1.138654975153266e6
177777.77777777778	1.0760957793502936e6	11674.974118195745	1.076032444359767e6
168421.05263157893	1.0200226204508203e6	11674.233101441141	1.0199558120393507e6
160000.0	969540.6051729162	11621.634593196757	969470.9498940372
152380.95238095237	923860.2949124994	11560.36818832725	923787.9639847883
145454.54545454544	882329.9821587027	11502.621284991836	882255.0011871572
139130.4347826087	844409.4304577269	11451.156036033011	844331.7815120909
133333.3333333333	809647.8316781354	11405.989466465107	809567.4862205109
128000.0	777666.3008847677	11366.440185888516	777583.2299948981
123076.92307692306	748144.1688716798	11331.73561430146	748058.3461098901
118518.51851851851	720808.2426733238	11301.17573331044	720719.6446142218
114285.71428571428	695424.3419852431	11274.163699957633	695332.9480604777
110344.8275862069	671790.5782800877	11250.199317788945	671696.3704540948
106666.66666666666	649731.9752421982	11228.864426277569	649634.9376810215
103225.80645161291	629096.129369313	11209.808487076587	628996.2481455151
99999.99999999999	609749.6837868983	11192.736323981026	609646.9466271477
94117.64705882352	574428.3650435106	11005.240387418615	574322.9328962719
88888.88888888889	543069.8857075798	10989.844240923388	542958.6762231579
84210.52631578947	515011.51222168154	10977.95644954315	514894.49617669755
80000.0	489758.28727504273	10968.726342600954	489635.4429542498
76190.47619047618	466909.5286721342	10961.557068251843	466780.8396147747
72727.27272727272	446137.39903023443	10956.008811888922	446002.8527760517
69565.21739130435	427171.0697270526	10951.748154358365	427030.657007337
66666.66666666666	409784.84485455055	10948.517874923002	409638.5590112466
64000.0	393789.1355111076	10946.116954321382	393636.9720570056
61538.46153846153	379023.5168980889	10944.386778153797	378865.473169364
59259.259259259255	365351.32812576793	10943.201068818616	365187.40300512826
57142.85714285714	352655.42913050926	10942.458597085166	352485.622820385
55172.41379310345	340834.8353515698	10942.077612447112	340659.1491897068
53333.33333333333	329802.02543903724	10941.991746109261	329620.46174398734
51612.903225806454	319480.7699686821	10942.146765575624	319293.3319127453
49999.99999999999	309804.36726453213	10942.498181188117	309611.05876523827
47058.82352941176	292117.1520650856	10782.768086546044	291918.0748823343
44444.444444444445	276433.5733440725	10793.220715975822	276222.7848283862
42105.26315789473	262400.2710803694	10803.223751336564	262177.7881889118
40000.0	249769.68862789124	10812.633508789333	249535.53717632755
38095.23809523809	238341.4408843934	10821.43385317051	238095.6509729026
36363.63636363636	227951.58074256495	10829.648336678274	227694.184993684
34782.608695652176	218464.6738816853	10837.311426823513	218195.7066838602
33333.33333333333	209767.85767035722	10844.459520677528	209487.35477187074
32000.0	201766.32657779285	10851.127518264075	201474.32484631616
30769.230769230766	194379.85979032508	10857.348144686492	194076.39702800417
29629.629629629628	187540.12037193723	10863.151398699383	187225.2351869524
28571.42857142857	181188.5333150098	10868.56487654577	180862.2650039768
27586.206896551725	175274.6024662044	10873.61362832863	174936.99093201474
26666.666666666664	169754.56418403683	10878.3206103255	169405.64985268717
25806.451612903227	164590.30144056818	10882.70661046678	164230.12520584522
24999.999999999996	159748.4616419331	10886.790690629388	159377.06480363666
23529.41176470588	150879.01874715008	10735.129820518914	150496.6288188525
22222.222222222223	143031.03707187416	10750.34798838578	142626.4617242693
21052.631578947367	136008.11719523938	10764.124508911025	135581.49418910616
20000.0	129686.4401183222	10776.35436983741	129237.93149481641
19047.619047619046	123965.8102652963	10787.127399338911	123495.58695435993
18181.81818181818	118764.26183301625	10796.575182988041	118272.49829550117
17391.304347826088	114014.08748992525	10804.825156353289	113500.95990563677
16666.666666666664	109658.86568886873	10811.99126027563	109124.55117505442
16000.0	105651.20242092981	10818.171584751562	105095.87878005093
15384.615384615383	101950.99523573965	10823.45134426905	101374.84071778387
14814.814814814814	98524.0826061186	10827.903614136594	97927.27585662866
14285.714285714284	95341.18333147487	10831.592450731518	94723.90323475462
13793.103448275862	92377.05483870629	10834.573242984447	91739.48050493721
13333.333333333332	89609.82035465947	10836.8951811495	88952.13098530649
12903.225806451614	87020.42578957646	10838.601168846777	86342.80068020643
12499.999999999998	84592.19894934451	10839.729799189514	83894.81736654563
11764.70588235294	80127.6557000458	10688.653052019412	79411.54767361381
11111.111111111111	76189.79919951703	10696.170472680767	75435.25329235713
10526.315789473683	72664.37614467027	10701.787698332912	71871.9924626689
10000.0	69489.4150356044	10705.181905033693	68659.87097548772
9523.809523809523	66614.81700843037	10706.414436724928	65748.81394349066
9090.90909090909	63999.61543959337	10705.646120383015	63097.85984929256
8695.652173913044	61609.97525847203	10703.043965455954	60673.172829703355
8333.333333333332	59417.704027422784	10698.76436179473	58446.55672510747
8000.0	57399.120653391336	10692.942698887477	56394.32620593037
7692.3076923076915	55534.18856933684	10685.700528555246	54496.43937239108
7407.407407407407	53805.839463178854	10677.14209666426	52735.822710800814
7142.857142857142	52199.44430851422	10667.36223783203	51097.841138394026
6896.551724137931	50702.391663428774	10656.442897841265	49569.87739703196
6666.666666666666	49303.752447690546	10644.460023717646	48140.9957959599
6451.612903225807	47994.00755088488	10631.479752610532	46801.67090034529
6249.999999999999	46764.82850155756	10617.564469777646	45543.56715838369
5882.35294117647	44493.10417390729	10454.733956316384	43247.368208167434
5555.555555555556	42494.79664093278	10429.85414950459	41194.974013516425
5263.157894736842	40702.82096102834	10402.558888314024	39351.06609433456
5000.0	39086.107539720266	10372.23521914419	37684.75207780094
4761.9047619047615	37619.60552638914	10338.933925250905	36170.99895289628
4545.454545454545	36282.85625790573	10302.904589021382	34789.306047424565
4347.826086956522	35058.96844359815	10264.413195441195	33522.7249799664
4166.666666666666	33933.873249652665	10223.727234601916	32357.119079979166
4000.0	32895.75243509847	10181.077416543456	31280.604068809727
3846.1538461538457	31934.609431552286	10136.684253324675	30283.112652007683
3703.7037037037035	31041.927058652545	10090.73424574973	29356.0610078457
3571.428571428571	30210.40750622132	10043.407645216235	28492.081085171114
3448.2758620689656	29433.757779898147	9994.856449073677	27684.81427801395
3333.333333333333	28706.526138153637	9945.230007716495	26928.740093329903
3225.8064516129034	28023.962467273184	9894.653824331202	26219.044568095615
3124.9999999999995	27381.912281036162	9843.253166358854	25551.506555765463
2941.176470588235	26189.92284053024	9646.785448863846	24348.54387630842
2777.777777777778	25137.931061172872	9547.756222354863	23254.15939471397
2631.578947368421	24190.203906540723	9447.922996815443	22268.87325587588
2500.0	23331.133764211572	9346.653453810732	21377.134324738225
2380.9523809523807	22548.180107739572	9244.110548488765	20566.15779231457
2272.7272727272725	21831.124040089126	9140.738516071633	19825.359422582023
2173.913043478261	21171.521679697038	9036.934789800227	19145.943169214202
2083.333333333333	20562.344794386205	8933.11533192863	18520.514947206062
2000.0	19997.678121931374	8829.586700352564	17942.840604801957
1923.0769230769229	19472.520454853326	8726.659280020987	17407.598073114645
1851.8518518518517	18982.599959626743	8624.546365854972	16910.2424941347
1785.7142857142856	18524.258144906347	8523.471807496458	16446.840674304054
1724.1379310344828	18094.330591700247	8423.57779839998	16013.998146498032
1666.6666666666665	17690.07748372038	8325.023011612457	15608.742205448643
1612.9032258064517	17309.1030265513	8227.896946354731	15228.485132275431
1562.4999999999998	16949.31333495785	8132.309432779637	14870.936951520684
1470.5882352941176	16280.867608522343	7906.808180674709	14231.972262488693
1388.888888888889	15683.424552253893	7732.242350999678	13644.861080701672
1315.7894736842104	15141.399397363235	7564.758609148235	13116.264822570081
1250.0	14646.827652685843	7403.698200997979	12637.83261623693
1190.4761904761904	14193.263349292536	7248.751164859754	12202.636233712581
1136.3636363636363	13775.45428220108	7099.951943002433	11804.822026954413
1086.9565217391305	13389.019011927172	6957.117663494768	11439.595443809905
1041.6666666666665	13030.310984519338	6820.215652963302	11102.867323370107
1000.0	12696.227301276995	6688.995210055608	10791.271044948526
961.5384615384614	12384.146060250307	6563.341890445038	10501.886348211094
925.9259259259259	12091.800546533661	6442.965552801015	10232.293747863732
892.8571428571428	11817.251951876475	6327.709168268007	9980.357727854516
862.0689655172414	11558.801356556103	6217.274465920468	9744.300232224814
833.3333333333333	11314.980814502718	6111.489487267874	9522.525246990886
806.4516129032259	11084.48889066186	6010.0663817978975	9313.699375306727
781.2499999999999	10866.191437051362	5912.834211599855	9116.606163084083
735.2941176470588	10461.148245963825	5720.059999423753	8758.797647338608
694.4444444444445	10095.413209994693	5553.057252346779	8430.950304247688
657.8947368421052	9762.186347350564	5398.294169334617	8133.799993958888
625.0	9457.063239706504	5254.707432766184	7862.829955928075
595.2380952380952	9176.378503170952	5120.947503886953	7614.579377476602
568.1818181818181	8917.144135574596	4996.258176850135	7385.991048252805
543.4782608695652	8676.813814303121	4879.587128942818	7174.728386436455
520.8333333333333	8453.276666724329	4770.336684526826	6978.665654725377
500.0	8244.7012863571	4667.670365326006	6796.1719123279845
480.7692307692307	8049.549498513424	4571.11656880952	6625.718107750495
462.96296296296293	7866.4670478761755	4480.011128084871	6466.1274428793495
446.4285714285714	7694.304173757725	4393.983789900504	6316.26655330482
431.0344827586207	7532.035975550227	4312.505936731093	6175.261814906468
416.66666666666663	7378.784295268758	4235.286321046623	6042.251852981653
403.2258064516129	7233.757976074941	4161.901551525131	5916.572481753312
390.62499999999994	7096.273738514654	4092.1210066890835	5797.555229452038
367.6470588235294	6841.303816198597	3959.216946247762	5579.250763147147
347.22222222222223	6610.294325312671	3841.2736624269955	5379.647545853316
328.9473684210526	6399.458555518828	3732.48640483285	5198.231914943875
312.5	6206.142223068348	3632.2699694818425	5032.178073334857
297.6190476190476	6028.084904920583	3539.4164105680975	4879.583905778507
284.09090909090907	5863.450013527364	3453.2902508621705	4738.653026381477
271.7391304347826	5710.652391270457	3372.9502802864636	4608.118611823968
260.41666666666663	5568.3865299706995	3297.9246659108617	4486.716109264755
250.0	5435.5088233464785	3227.5194825162	4373.542518217444
240.38461538461536	5311.065026903256	3161.3922126966586	4267.67044152847
231.48148148148147	5194.208057046695	3099.023294581324	4168.435193154755
223.2142857142857	5084.22297675594	3040.158424848295	4075.1392650064076
215.51724137931035	4980.467833666333	2984.399759056194	3987.282021669692
208.33333333333331	4882.395479143066	2931.553955596846	3904.3279857334132
201.61290322580646	4789.509751323704	2881.310325727333	3825.8926363506207
195.31249999999997	4701.384160173601	2833.5189346402794	3751.557472379472
183.8235294117647	4537.974913025987	2744.1593516931257	3614.2503736969275
173.61111111111111	4389.527887436865	2663.015603395157	3489.455970586228
164.4736842105263	4253.822555715773	2587.8868676073557	3376.0698890842978
156.25	4129.220222899321	2518.656998163618	3272.128752784974
148.8095238095238	4014.3009167804457	2454.481701231888	3176.4967226147337
142.04545454545453	3907.909197259437	2394.9151526880964	3088.0634231585736
135.8695652173913	3809.0436142282583	2339.27903920384	3006.0916206653833
130.20833333333331	3716.8812858456113	2287.257628166163	2929.788223654574
125.0	3630.6990809812123	2238.3657526862607	2858.6175983924627
120.19230769230768	3549.8948560147346	2192.382386679301	2791.9908594653825
115.74074074074073	3473.9322849879286	2148.9477868658983	2729.5107492013303
111.60714285714285	3402.3595738015924	2107.899621236037	2670.7320824508633
107.75862068965517	3334.769658290897	2068.9626658620355	2615.3550736232064
104.16666666666666	3270.8162743055277	2032.0139968214603	2563.036912918651
100.80645161290323	3210.184333781065	1996.8384068857297	2513.5472610713814
97.65624999999999	3152.603565540521	1963.340816137619	2466.617538481974
91.91176470588235	3045.8595974200057	1902.2467414005678	2378.806007648896
86.80555555555556	2948.5638116248383	1844.892372691857	2300.0871036565127
82.23684210526315	2859.451017397314	1791.6453095862066	2228.5572026610134
78.125	2777.4942048457788	1742.5846139257421	2162.839088157313
74.4047619047619	2701.7864514018543	1697.0800774861214	2102.2771557476253
71.02272727272727	2631.589568345162	1654.8034695670983	2046.1889290414438
67.93478260869566	2566.2618490603572	1615.265754764942	1994.1455361698972
65.10416666666666	2505.277263369439	1578.2547162341855	1945.642880140242
62.5	2448.1716999254077	1543.427691242398	1900.3619745253327
60.09615384615384	2394.559556284491	1510.6394366454206	1857.9246381500473
57.87037037037037	2344.09577670093	1479.6351661379636	1818.0937229623278
55.80357142857142	2296.490450918189	1450.3085792734817	1780.5823249836446
53.87931034482759	2251.4810498957972	1422.4636997932746	1745.2117180475009
52.08333333333333	2208.844955116327	1396.0202298332329	1711.7603668852767
50.403225806451616	2168.3784831896487	1370.8241194607106	1680.091211769352
48.82812499999999	2129.9075584828074	1346.8134078086712	1650.0302579737706
45.955882352941174	2058.6196102168383	1304.337792286133	1592.6762455638823
43.40277777777778	1993.391890366712	1262.8654355449187	1542.3300944628281
41.118421052631575	1933.5338739357358	1224.3586647522645	1496.49560697751
39.0625	1878.3888599054108	1188.9209570710036	1454.239205514044
37.20238095238095	1827.3640356502754	1156.0452004267627	1415.2098124865822
35.51136363636363	1779.9788536523279	1125.4850158386612	1378.9881067551323
33.96739130434783	1735.8130772502677	1096.8775710080258	1345.3277048260686
32.55208333333333	1694.5240461966034	1070.0783639258127	1313.9041206253844
31.25	1655.8069878183676	1044.8358319769643	1284.529044095594
30.04807692307692	1619.4101399228216	1021.0531158235046	1256.9565370178736
28.935185185185183	1585.1061862049569	998.5425233958049	1231.0460797693813
27.90178571428571	1552.7054230713688	977.233955310615	1206.6100975141926
26.939655172413794	1522.0343887645513	956.9825499508939	1183.5425973201666
26.041666666666664	1492.9471290285571	937.7359409906693	1161.6980825709215
25.201612903225808	1465.3086945331945	919.3798926139392	1140.9952599953062
24.414062499999996	1439.0047611389923	901.8744514400545	1121.3193909053698
22.977941176470587	1390.2918551943635	871.8155145692687	1082.9816024181143
21.70138888888889	1345.5268909625074	841.2888159602517	1050.0836835430923
20.559210526315788	1304.368723567945	812.9849438382482	1020.0162979651797
19.53125	1266.3864016871164	786.9513606620383	992.1905433585874
18.601190476190474	1231.1811954425355	762.7717605748096	966.4297063319794
17.755681818181817	1198.4340397093765	740.2701684311994	942.4670950568933
16.983695652173914	1167.862720936054	719.1757353252567	920.1573760349585
16.276041666666664	1139.239912495655	699.3941335440257	899.286063601182
15.625	1112.3603815541308	680.7374215894371	879.7398372808955
15.02403846153846	1087.0568518805153	663.1436574689583	861.3553789110912
14.467592592592592	1063.175769510637	646.4719706294095	844.0478114805247
13.950892857142856	1040.5909113532864	630.6782352965018	827.6922183483142
13.469827586206897	1019.1847487879432	615.6532711307882	812.2244775355537
13.020833333333332	998.8600495184205	601.3646213468419	797.5474849288355
12.600806451612904	979.5251163107649	587.72584296796	783.6120130467745
12.207031249999998	961.1037068819886	574.7125386207442	770.3413745440389
11.488970588235293	927.0285652439043	552.966985829711	744.0493756200431
10.850694444444445	895.5511078554532	530.1209335329835	721.7919247340245
10.279605263157894	866.561661069398	509.006831121554	701.313880018746
9.765625	839.7689781111186	489.5994845559237	682.2787416594234
9.300595238095237	814.8965651972379	471.56411359442103	664.5928819511719
8.877840909090908	791.7291670420855	454.78445811033663	648.0788305495266
8.491847826086957	770.0719791532737	439.05560674391444	632.6460521205938
8.138020833333332	749.7719429483072	424.31877215873646	618.1517176439631
7.8125	730.6868171155046	410.4289243036646	604.525700695449
7.51201923076923	712.7038616142485	397.34809286693473	591.6597733958864
7.233796296296296	695.7161702594681	384.9662713615361	579.5014749545486
6.975446428571428	679.63857658276	373.2569134608141	567.9681957056632
6.734913793103448	664.3888741495717	362.1338978647467	557.0203013454901
6.510416666666666	649.9013877401391	351.5781043084508	546.5936793976259
6.300403225806452	636.111679364866	341.5207082283041	536.657874698236
6.103515624999999	622.968198217761	331.9476530657755	527.1623389571822
5.744485294117647	598.7326752727934	316.380726411808	508.31491458981696
5.425347222222222	576.2342640345327	299.67512668660555	492.1795866274691
5.139802631578947	555.5166482394202	284.36136851749126	477.2183552274779
4.8828125	536.3753679086827	270.3701482995566	463.2477935270178
4.650297619047619	518.6107573601073	257.4358766355919	450.2042726035465
4.438920454545454	502.07483479832126	245.48710145525843	437.9671480337963
4.2459239130434785	486.6271044665343	234.3592935350593	426.4758613746284
4.069010416666666	472.16230897704014	224.01632138171357	415.63678106386925
3.90625	458.57701148602	214.33776335211823	405.4037477190618
3.756009615384615	445.79349679511563	205.30047594223961	395.7064017206528
3.616898148148148	433.7333899008851	196.81160479544278	386.50982617878634
3.487723214285714	422.3378332551351	188.8552613443376	377.76042098293493
3.367456896551724	411.54607398465197	181.3578794034243	369.431306998302
3.255208333333333	401.3126113578918	174.30829400163486	361.48088563177157
3.150201612903226	391.58945321115743	167.64714838477317	353.88802396332534
3.0517578124999996	382.3407974377592	161.36647764527234	346.6198858659142
2.8722426470588234	365.394944275332	151.4639613157216	332.5238844421895
2.712673611111111	349.6671360094043	140.8214494353477	320.0569096019442
2.5699013157894735	335.25307588429587	131.24089947137844	308.4970845823749
2.44140625	322.0027937390347	122.6493294645007	297.72964440520815
2.3251488095238093	309.7640446891887	114.83496278417859	287.69201362665945
2.219460227272727	298.43152333134435	107.75505804533444	278.29879910540996
2.1229619565217392	287.8973336851548	101.27060161480635	269.49794060733853
2.034505208333333	278.08625450931527	95.35908362228173	261.2252095754511
1.953125	268.9182339947465	89.91730121651969	253.4401221527304
1.8780048076923075	260.3376150744846	84.93133476120894	246.0941734343785
1.808449074074074	252.2834342759273	80.3219396235266	239.15542482906525
1.743861607142857	244.71349917658804	76.08019960896375	232.58654283236206
1.683728448275862	237.58041245850671	72.14401852637013	226.36186289837104
1.6276041666666665	230.8515606448504	68.50773485564176	220.452111165015
1.575100806451613	224.48946005848254	65.1219726918729	214.83632455911172
1.5258789062499998	218.4684760167108	61.983227857351835	209.49117995144272
1.4361213235294117	207.51075227608302	57.190622564635866	199.47417126248516
1.3563368055555556	197.4346775007348	52.11755959998045	190.43164616513099
1.2849506578947367	188.28260240951894	47.66457098944287	182.14946347023192
1.220703125	179.94441419261764	43.78585740012889	174.5359300856414
1.1625744047619047	172.30468873754094	40.333497095244155	167.51750587030838
1.1097301136363635	165.2882667418135	37.2882948437768	161.02730883349088
1.0614809782608696	158.814043933996	34.55307489213562	155.00963055941938
1.0172526041666665	152.82865509298193	32.119000459138206	149.41541964280498
0.9765625	147.27285518605683	29.916884215237296	144.2021980189808
0.9390024038461537	142.10751016378128	27.942358824456846	139.33330193559075
0.904224537037037	137.288317449147	26.14487548598049	134.77584202608543
0.8719308035714285	132.78587788483173	24.52237443412375	130.5018870275755
0.841864224137931	128.56641606384792	23.0372305595169	126.48560925121132
0.8138020833333333	124.60739726484458	21.688635624320767	122.70536474773319
0.7875504032258065	120.8826472519109	20.448175162257353	119.14061666435826
0.7629394531249999	117.37458539433221	19.315695217445057	115.77433746197019
0.7180606617647058	111.00115604647509	17.608687959300475	109.59557815900192
0.6781684027777778	105.21848920295002	15.847554722431868	104.01819782841288
0.6424753289473684	100.00489539416367	14.32870580066376	98.97306347120737
0.6103515625	95.28644852461404	13.03331145961736	94.39088973428807
0.5812872023809523	90.9900533686077	11.896400223080079	90.20900993667084
0.5548650568181818	87.06591650117625	10.910354095865085	86.37961559125297
0.5307404891304348	83.46410651469428	10.035367473543698	82.8586053223633
0.5086263020833333	80.14945529728897	9.266975716299887	79.61192338792996
0.48828125	77.08658004689778	8.57915182039544	76.60769528819795
0.46950120192307687	74.24984185424678	7.968770556413532	73.82098421993501
0.4521122685185185	71.61350323178625	7.41834194220538	71.22823911874823
0.43596540178571425	69.15840187135538	6.925479878201849	68.81077152493287
0.4209321120689655	66.865393462804	6.478173111999576	66.55083858274482
0.40690104166666663	64.71985688054616	6.074515226365511	64.4341535166175
0.39377520161290325	62.70727206422285	5.706102384253026	62.44711654926018
0.38146972656249994	60.8162829513654	5.371368559126238	60.57861563144678
0.3590303308823529	57.375372171612	4.860473670306359	57.169127398721486
0.3390842013888889	54.285125241043694	4.352081384990034	54.110389113868166
0.3212376644736842	51.51024751244904	3.918124079443915	51.36101539584128
0.30517578125	49.00572852645542	3.548047555710522	48.877119257900866
0.29064360119047616	46.73310701468101	3.2269898287358703	46.62155968959922
0.2774325284090909	44.66212755094036	2.9485615667493232	44.564690305931165
0.2653702445652174	42.76671310553765	2.7041185570929507	42.681137434240796
0.25431315104166663	41.025724748818924	2.4893494611046934	40.95013101842717
0.244140625	39.4208310872293	2.298898913355655	39.353741720375666
0.23475060096153844	37.936822454611345	2.1297617525927994	37.87699318623241
0.22605613425925924	36.56043101682921	1.9784759149445716	36.50685893349785
0.21798270089285712	35.28044058714539	1.8429033976969247	35.2322749065378
0.21046605603448276	34.0870084066658	1.7207231101570466	34.043549375678744
0.20345052083333331	32.9716864279187	1.6103879997339416	32.932336029976845
0.19688760080645162	31.92701676849279	1.510291790631741	31.89127495793748
0.19073486328124997	30.94651788775412	1.419297335100831	30.91395420278133
0.17951516544117646	29.160671547685613	1.2797407275682433	29.1325767618006
0.16954210069444445	27.565013350065815	1.1430251327757104	27.541304517672174
0.1606188322368421	26.134924235340666	1.0270895387984542	26.11473438245711
0.152587890625	24.845927351125138	0.9280046853248812	24.828590641464192
0.14532180059523808	23.678103137742383	0.8425846056762237	23.663106714542852
0.13871626420454544	22.615144006008354	0.7684697111063303	22.60208381356922
0.1326851222826087	21.643522557599468	0.7037163513821351	21.632079234278763
0.12715657552083331	20.75195708217981	0.646833698182865	20.74187380415588
0.1220703125	19.930939587121678	0.5965780406230848	19.9220091222482
0.11737530048076922	19.172418605990188	0.5519709275963787	19.164471380614888
0.11302806712962962	18.46951675079003	0.5121859216455721	18.46241356349114
0.10899135044642856	17.81633492698701	0.4765597466513285	17.809960163864737
0.10523302801724138	17.20777594377096	0.4445256557318799	17.202033306339654
0.10172526041666666	16.639419447328734	0.4156213369298678	16.63422791861499
0.09844380040322581	16.107407757188145	0.3894475543493503	16.10269900540702
0.09536743164062499	15.608363532925946	0.3656741598548609	15.604079421253498
0.08975758272058823	14.698949929749864	0.3292461036890738	14.69526202694253
0.08477105034722222	13.888436568005718	0.2936695306971053	13.885331415211471
0.08030941611842105	13.162644380435758	0.2635642274322267	13.160005356527599
0.0762939453125	12.508950166070258	0.23786847147469636	12.506688324552885
0.07266090029761904	11.91711695082546	0.2157557502843784	11.915163694883537
0.06935813210227272	11.378760768882577	0.1965928912424774	11.377062356802574
0.06634256114130435	10.886945446997768	0.17987434102755429	10.885459401759087
0.06357828776041666	10.43588615447486	0.16520343477778351	10.43457846078593
0.06103515625	10.02071753851182	0.1522569052039469	10.0195607599064
0.05868765024038461	9.637319982381166	0.1407760465623687	9.636291742548977
0.05651403356481481	9.282180412681349	0.13054637910997727	9.2812623525287
0.05449567522321428	8.95228590706018	0.12139336389182903	8.951462819726803
0.05261651400862069	8.645036700122997	0.11317018127792276	8.64429592601636
0.05086263020833333	8.358178564428895	0.10575562735086311	8.35750947724035
0.049221900201612906	8.089746539656504	0.09904646582649433	8.089140181347561
0.04768371582031249	7.8380205625944965	0.09295640605481349	7.837469326653057
0.044878791360294115	7.379154161294048	0.08362989395768701	7.3786802462892975
0.04238552517361111	6.9707237464223555	0.07453418223530058	6.970325258165148
0.04015470805921052	6.605137197204792	0.06684535045917535	6.60479894417842
0.03814697265625	6.275989023755561	0.06028855642194346	6.275699444385848
0.03633045014880952	5.978089558820127	0.05465118895949861	5.977839745327699
0.03467906605113636	5.707190411547002	0.049769637972303785	5.706973398990935
0.033171280570652176	5.459779647746662	0.045514103328610514	5.459589935915229
0.03178914388020833	5.232929353560175	0.04178233093061783	5.232762545364897
0.030517578125	5.02417865770983	0.03849145825721255	5.024031209320676
0.029343825120192304	4.831444513367692	0.03557492978257986	4.83131353879271
0.028257016782407406	4.6529515884968635	0.03297784229258558	4.652834721630805
0.02724783761160714	4.487177695541215	0.030655372422457704	4.487072979070455
0.026308257004310345	4.332810033455339	0.028569980099284204	4.332715839083886
0.025431315104166664	4.1887105397397635	0.026690587815546202	4.188625502267903
0.024610950100806453	4.053887619229303	0.024990826569694525	4.05381058856084
0.023841857910156247	3.9274734287577866	0.0234486023757206	3.927403429321346
0.022439395680147058	3.696995867284755	0.021087781894272045	3.6969357241065657
0.021192762586805556	3.491988073157669	0.018787474609546106	3.4919375329282745
0.02007735402960526	3.30852297166808	0.016844312781829684	3.308480092607826
0.019073486328125	3.1433743928414177	0.015188223514464692	3.143337699235898
0.01816522507440476	2.9939296326471783	0.013765134911797027	2.9938979886268213
0.01733953302556818	2.8580504362218075	0.012533408642251958	2.8580229547110836
0.016585640285326088	2.7339698379741413	0.011460096070541369	2.733945818985886
0.015894571940104164	2.6202150303515412	0.010519212193770904	2.6201939148572477
0.0152587890625	2.51554851303479	0.009689762142879524	2.5155298507354584
0.014671912560096152	2.418922967727781	0.008954852871047048	2.418906392238243
0.014128508391203703	2.329446025058948	0.008300598264000624	2.3294312361027947
0.01362391880580357	2.246352669370746	0.007715632420187478	2.246339418744512
0.013154128502155173	2.1689832718393025	0.007190476240245817	2.1689713531003965
0.012715657552083332	2.0967660707447155	0.006717255673207556	2.096755310927447
0.012305475050403226	2.029202993590138	0.006289322120822066	2.0291932469881813
0.011920928955078123	1.9658581707141383	0.005901081396322617	1.965849313808638
0.011219697840073529	1.850357822468736	0.005306810104780502	1.8503502125105273
0.010596381293402778	1.7476558524332522	0.0047278322837749605	1.747649457455955
0.01003867701480263	1.65575531878282	0.004238795829197775	1.655749893035635
0.0095367431640625	1.5730373028579978	0.00382199553675238	1.573032659715901
0.00908261253720238	1.4981910125519637	0.003463848375434933	1.498187008302338
0.00866976651278409	1.430143818433888	0.0031538406364920676	1.4301403409085072
0.008292820142663044	1.3680095032471304	0.002883700859170175	1.368006463889632
0.007947285970052082	1.3110494586591244	0.002646872370333804	1.31104678677652
0.00762939453125	1.2586431758705454	0.002438085774919199	1.2586408144912697
0.007335956280048076	1.2102655524395312	0.0022530812566676976	1.2102634552222975
0.007064254195601851	1.165469230897694	0.002088373294528605	1.165467359845931
0.006811959402901785	1.123870726702069	0.001941097490301256	1.123869050413957
0.006577064251077586	1.0851394189521122	0.001808873781109036	1.0851379112994677
0.006357828776041666	1.048988746820081	0.0016897188056862653	1.0489873859134444
0.006152737525201613	1.0151691046451392	0.001581962443984096	1.0151678720393191
0.005960464477539062	0.9834620724582807	0.0014841962348334384	0.9834609525169126
0.005609848920036764	0.9256460947831489	0.0013345355880493342	0.9256451327598814
0.005298190646701389	0.8742452944655866	0.001188727238190981	0.8742444862981829
0.005019338507401315	0.8282527653016118	0.001065567692461482	0.8282520798617168
0.00476837158203125	0.786857594047304	0.0009606029424224287	0.7868570076906597
0.00454130626860119	0.7494032657800771	0.0008704114948992625	0.749402760300277
0.004334883256392045	0.7153525921624825	0.000792349215339511	0.7153521533456818
0.004146410071331522	0.6842617742044038	0.0007243306854583208	0.6842613908313231
0.003973642985026041	0.6557609570460682	0.0006647071433694798	0.6557606201582928
0.003814697265625	0.6295394417207755	0.0006121489656844794	0.6295391441012619
0.003667978140024038	0.6053343159570563	0.000565585008357413	0.6053340517340782
0.0035321270978009257	0.5829216043227788	0.0005241351535362165	0.5829213686841331
0.0034059797014508925	0.5621093198599137	0.000487079134497383	0.5621091088278961
0.003288532125538793	0.542731948011539	0.00045381563134869597	0.5427317582782241
0.003178914388020833	0.5246460377818514	0.0004238459051682962	0.5246458665755831
0.0030763687626008066	0.5077266422253138	0.0003967478293258537	0.5077264872119158
0.002980232238769531	0.49186442949730236	0.0003721672203895003	0.49186428869787524
0.002804924460018382	0.4629399062105702	0.00033454281798829213	0.4629397853321255
0.0026490953233506945	0.4372270070783853	0.0002979082558968771	0.4372269055872402
0.0025096692537006577	0.41422014470009594	0.00026697485846892605	0.41422005866422423
0.002384185791015625	0.3935134960633633	0.00024062196453467758	0.39351342249671845
0.002270653134300595	0.37477852133223494	0.00021798528693950476	0.3747784579380079
0.0021674416281960225	0.35774640603049396	0.00019839983227634952	0.35774635101596997
0.002073205035665761	0.3421950767316228	0.00018133920182600394	0.3421950286831401
0.0019868214925130205	0.3279394670745102	0.00016638879252273852	0.3279394248636225
0.0019073486328125	0.31482411579257663	0.00015321331974655914	0.3148240785109302
0.001833989070012019	0.3027174756566639	0.00014154346237978065	0.3027174425654907
0.0017660635489004629	0.2915074845057915	0.00013115754814421499	0.2915074550000254
0.0017029898507254463	0.2810980871385679	0.00012187449547758365	0.28109806071826476
0.0016442660627693966	0.2714064751724693	0.00011354304497314884	0.27140645142207126
0.0015894571940104165	0.2623608800968451	0.0001060378179968659	0.26236085866830877
0.0015381843813004033	0.2538987924286798	9.925276741012817e-5	0.2538987730289967
0.0014901161193847654	0.24596551553409196	9.309885891968906e-5	0.2459654979149598
0.001402462230009191	0.23149912415352247	8.367907033047428e-5	0.23149910902995113
0.0013245476616753472	0.21863955682528366	7.451069098615198e-5	0.2186395441289461
0.0012548346268503288	0.20713348245117225	6.677061170953917e-5	0.2071334716892359
0.0011920928955078125	0.19677789748284752	6.0177197406515e-5	0.19677788828136905
0.0011353265671502975	0.18740846191550142	5.451434595636115e-5	0.18740845398679334
0.0010837208140980113	0.17889071321924127	4.961498942358527e-5	0.178890706338931
0.0010366025178328805	0.17111357154975587	4.5347657535471646e-5	0.1711135655408518
0.0009934107462565103	0.16398446890218915	4.1608205099153005e-5	0.1639844636235101
0.00095367431640625	0.1574256469265868	3.8312956193599175e-5	0.15742564226444103
0.0009169945350060095	0.151371309203119	3.539427416623219e-5	0.15137130506510016
0.0008830317744502314	0.14576540618273254	3.279686092476133e-5	0.1457654024931256
0.0008514949253627231	0.1405598948306692	3.0475252646017868e-5	0.1405598915269493
0.0008221330313846983	0.13571335826489558	2.839172324147637e-5	0.13571335529507017
0.0007947285970052083	0.13118990148630744	2.6514804283330617e-5	0.13118989880685253
0.0007690921906502017	0.1269582607993586	2.4818046178740745e-5	0.12695825837361877
0.0007450580596923827	0.12299108022366213	2.327911032802572e-5	0.1229910780205878
0.0007012311150045955	0.11575685286254278	2.0923364330562246e-5	0.1157568509715654
0.0006622738308376736	0.109326290344144	1.8630676819606026e-5	0.10932628875668447
0.0006274173134251644	0.1035725927382657	1.6695246065432182e-5	0.10357259139268173
0.0005960464477539062	0.09839423537397424	1.5046513752311987e-5	0.09839423422351264
0.0005676632835751488	0.09370903071493089	1.363051770012806e-5	0.09370902972361227
0.0005418604070490056	0.08944973374759621	1.2405422863143716e-5	0.08944973288736717
0.0005183012589164402	0.08556079374118992	1.1338388994296778e-5	0.0855607929899167
0.0004967053731282551	0.0819959180372909	1.04033469325382e-5	0.08199591737732129
0.000476837158203125	0.07871622050715413	9.579388943224549e-6	0.07871621992427112
0.00045849726750300476	0.07568879727280863	8.849589493732956e-6	0.07568879675545838
0.0004415158872251157	0.07288561892315731	8.2001283230291e-6	0.07288561846187218
0.00042574746268136157	0.07028266010423026	7.619631051537059e-6	0.07028265969119254
0.00041106651569234915	0.06785920918814359	7.098667454970647e-6	0.0678592088168522
0.00039736429850260413	0.06559731600379716	6.629365923575298e-6	0.06559731566881018
0.00038454609532510083	0.06348134645499812	6.2051141961627205e-6	0.06348134615173232
0.00037252902984619135	0.0614976206451258	5.8203250936964596e-6	0.06149762036969901
0.0003506155575022978	0.057880249066420086	5.231306281101635e-6	0.05788024883001331
0.0003311369154188368	0.054664773108831416	4.658060113893743e-6	0.05466477291037158
0.0003137086567125822	0.05178775920397139	4.1741434821753514e-6	0.05178775903575139
0.0002980232238769531	0.049198439310127046	3.761912505424272e-6	0.04919843916630149
0.0002838316417875744	0.04685571526458931	3.407874470668209e-6	0.04685571514065983
0.0002709302035245028	0.04472596113132727	3.1015685078623425e-6	0.044725961023786516
0.0002591506294582201	0.0427813988377205	2.8347832285537885e-6	0.04278139874380123
0.00024835268656412757	0.04099887989419536	2.6010002056069025e-6	0.04099887981169064
0.0002384185791015625	0.039358959495617664	2.3949916987444464e-6	0.03935895942275007
0.00022924863375150238	0.037845184287684776	2.212525657496108e-6	0.037845184223009844
0.00022075794361255786	0.036443538404646494	2.050146517808625e-6	0.03644353834698057
0.00021287373134068078	0.03514200821117152	1.9050102735980955e-6	0.03514200815953725
0.00020553325784617457	0.033930237096122126	1.7747590505538433e-6	0.03393023704970675
0.00019868214925130207	0.03279924930644542	1.6574246853186335e-6	0.0327992492645686
0.00019227304766255041	0.03174122723172215	1.5513538970557558e-6	0.03174122719381091
0.00018626451492309568	0.03074933044722789	1.4551497315717425e-6	0.030749330412796882
0.0001753077787511489	0.028940580183074115	1.3078848004595898e-6	0.028940580153521103
0.0001655684577094184	0.02733279353128441	1.164563965315269e-6	0.027332793506475217
0.0001568543283562911	0.025894245304569127	1.0435773891095352e-6	0.02589424528354025
0.00014901161193847656	0.02459955005570439	9.405136556355393e-7	0.024599550037725078
0.0001419158208937872	0.02342815760470319	8.519992555279073e-7	0.023428157589211088
0.0001354651017622514	0.022363254126307946	7.754187320426548e-7	0.022363254112864592
0.00012957531472911006	0.02139094990741906	7.087190575187623e-7	0.021390949895678517
0.00012417634328206378	0.020499670163190025	6.502704868296188e-7	0.020499670152876404
0.00011920928955078125	0.019679692055879015	5.98765984428556e-7	0.019679692046770114
0.00011462431687575119	0.01892278855452041	5.531474499029589e-7	0.01892278854643566
0.00011037897180627893	0.0182219514362	5.125509351135262e-7	0.01822195142899143
0.00010643686567034039	0.017571173643673804	4.762653830955744e-7	0.017571173637219235
0.00010276662892308729	0.016965276672080642	4.43701286679913e-7	0.01696527666627847
9.934107462565103e-5	0.01639977247802357	4.1436657139215325e-7	0.01639977247278875
9.613652383127521e-5	0.015870752115717868	3.878478932024021e-7	0.015870752110978773
9.313225746154784e-5	0.015374795253699147	3.637959906807953e-7	0.015374795249395105
8.765388937557444e-5	0.014470404002878903	3.26978478847131e-7	0.014470403999184641
8.27842288547092e-5	0.013666498508935051	2.911471082695495e-7	0.013666498505833794
7.842716417814555e-5	0.012947214077162175	2.6089953802010616e-7	0.01294721407453348
7.450580596923828e-5	0.012299857627366639	2.3513285503015638e-7	0.012299857625119155
7.09579104468936e-5	0.011714153794906269	2.1300364386838426e-7	0.0117141537929697
6.77325508811257e-5	0.011181695452846939	1.938580086904051e-7	0.011181695451166472
6.478765736455503e-5	0.010695537575445927	1.7718267055344542e-7	0.01069553757397832
6.208817164103189e-5	0.010249892635268583	1.6257017660037564e-7	0.010249892633979346
5.9604644775390625e-5	0.009839899104651682	1.4969375332376892e-7	0.009839899103513043
5.7312158437875595e-5	0.009461443379661968	1.3828886717105436e-7	0.009461443378651352
5.5189485903139464e-5	0.0091110212763327	1.2813952186027895e-7	0.009111021275431608
5.3218432835170196e-5	0.008785629206149309	1.1906794782361604e-7	0.00878562920534247
5.138331446154364e-5	0.008482677866858468	1.1092676217634165e-7	0.008482677866133182
4.9670537312825516e-5	0.008199923195045164	1.0359294323655584e-7	0.008199923194390798
4.8068261915637603e-5	0.00793541068267309	9.696315033036636e-8	0.007935410682080693
4.656612873077392e-5	0.007687430134235693	9.095006752004673e-8	0.007687430133697677
4.382694468778722e-5	0.007235230479134359	8.174552947128223e-8	0.007235230478672568
4.13921144273546e-5	0.006833274690175188	7.278754162213186e-8	0.006833274689787524
3.9213582089072776e-5	0.006473629894704317	6.522553332768604e-8	0.006473629894375725
3.725290298461914e-5	0.006149949463481239	5.878376902395996e-8	0.0061499494632002985
3.54789552234468e-5	0.005857095645523321	5.3251389674214125e-8	0.0058570956452812465
3.386627544056285e-5	0.005590864823788214	4.846491798772375e-8	0.005590864823578153
3.2393828682277515e-5	0.005347784443106627	4.429603078430012e-8	0.005347784442923174
3.1044085820515946e-5	0.005124960706008892	4.064286338604865e-8	0.005124960705847736
2.9802322387695312e-5	0.004919962821465775	3.7423720608723114e-8	0.004919962821323443
2.8656079218937797e-5	0.004730733965397917	3.457246738052741e-8	0.004730733965271588
2.7594742951569732e-5	0.004555522027694969	3.203510395437169e-8	0.004555522027582331
2.6609216417585098e-5	0.004392825199126535	2.9767187254840633e-8	0.004392825199025679
2.569165723077182e-5	0.004241348816110325	2.773187024896079e-8	0.004241348816019663
2.4835268656412758e-5	0.004099970836510106	2.5898398695034634e-8	0.004099970836428309
2.4034130957818802e-5	0.003967713997521335	2.42409345843677e-8	0.003967713997447284
2.328306436538696e-5	0.0038437231939474977	2.2737650759241654e-8	0.003843723193880245
2.191347234389361e-5	0.0036176223589733355	2.0436496056522007e-8	0.0036176223589156112
2.06960572136773e-5	0.003416643704000075	1.8196980985395443e-8	0.0034166437039516166
1.9606791044536388e-5	0.00323682066137096	1.63064644873044e-8	0.0032368206613298854
1.862645149230957e-5	0.0030749798941799747	1.4696011591143865e-8	0.003074979894144857
1.77394776117234e-5	0.0029285525097706476	1.331290724637092e-8	0.002928552509740388
1.6933137720281426e-5	0.002795436686227976	1.2116281516024164e-8	0.002795436686201718
1.6196914341138758e-5	0.002673896135392957	1.1074053152098099e-8	0.0026738961353700253
1.5522042910257973e-5	0.0025624839500926226	1.0160755688269946e-8	0.002562483950072478
1.4901161193847656e-5	0.0024599847280131104	9.3559655109112e-9	0.0024599847279953187
1.4328039609468899e-5	0.0023653700515864806	8.643148084561353e-9	0.0023653700515706894
1.3797371475784866e-5	0.002277763861225962	8.00880397772844e-9	0.002277763861211882
1.3304608208792549e-5	0.0021964152485729397	7.441821798399104e-9	0.0021964152485603326
1.284582861538591e-5	0.0021206768787225615	6.9329900573046005e-9	0.0021206768787112285
1.2417634328206379e-5	0.002049987727999233	6.474619834319895e-9	0.0020499877279890086
1.2017065478909401e-5	0.001983859162804599	6.0602522429919856e-9	0.0019838591627953425
1.164153218269348e-5	0.0019218636286790435	5.6844294671150685e-9	0.001921863628670637
1.0956736171946805e-5	0.0018088129593359975	5.1091381572831175e-9	0.001808812959328782
1.034802860683865e-5	0.0017083234417263578	4.5492572148291605e-9	0.0017083234417203006
9.803395522268194e-6	0.001618411759188675	4.076626276483561e-9	0.0016184117591835406
9.313225746154785e-6	0.001537491237698576	3.674011585498303e-9	0.0015374912376941864
8.8697388058617e-6	0.0014642774266364965	3.328234268929637e-9	0.001464277426632714
8.466568860140713e-6	0.0013977194116965427	3.0290769076115922e-9	0.0013977194116932606
8.098457170569379e-6	0.0013369490461555794	2.7685189018172942e-9	0.001336949046152713
7.761021455128987e-6	0.0012812428743176896	2.540193938838847e-9	0.0012812428743151716
7.450580596923828e-6	0.0012299931933260043	2.338995792340282e-9	0.0012299931933237804
7.164019804734449e-6	0.0011826857930146116	2.160790947105238e-9	0.0011826857930126377
6.898685737892433e-6	0.0011388826424571351	2.002204498221378e-9	0.0011388826424553753
6.6523041043962745e-6	0.001098208286538483	1.8604585727113763e-9	0.001098208286536907
6.422914307692955e-6	0.0010603390570277588	1.7332502946550404e-9	0.0010603390570263422
6.2088171641031895e-6	0.001024994441435349	1.6186574733254002e-9	0.001024994441434071
6.0085327394547004e-6	0.0009919301224129576	1.5150653433151971e-9	0.0009919301224118006
5.82076609134674e-6	0.0009609323222655762	1.4211094692449998e-9	0.0009609323222645253
5.478368085973403e-6	0.0009044069246300706	1.2772863333169895e-9	0.0009044069246291687
5.174014303419325e-6	0.0008541621182945287	1.1373157918448758e-9	0.0008541621182937716
4.901697761134097e-6	0.0008092062367199507	1.0191578541712267e-9	0.0008092062367193089
4.656612873077393e-6	0.0007687459415012733	9.185039718585055e-10	0.0007687459415007245
4.43486940293085e-6	0.0007321390062559061	8.320594864719237e-10	0.0007321390062554333
4.2332844300703565e-6	0.0006988599729937914	7.572700402790535e-10	0.0006988599729933811
4.049228585284689e-6	0.0006684747676924817	6.921304612958765e-10	0.0006684747676921234
3.880510727564493e-6	0.0006406216619765995	6.350491066644277e-10	0.0006406216619762847
3.725290298461914e-6	0.0006149968039927731	5.847494394482015e-10	0.0006149968039924951
3.5820099023672247e-6	0.0005913430883125933	5.40198269552985e-10	0.0005913430883123465
3.4493428689462165e-6	0.0005694414991895507	5.005515757394228e-10	0.0005694414991893307
3.3261520521981373e-6	0.0005491043088321948	4.651150361855804e-10	0.0005491043088319978
3.2114571538464777e-6	0.0005301696829304479	4.333128895941632e-10	0.0005301696829302709
3.1044085820515948e-6	0.0005124973650765778	4.046647143077338e-10	0.000512497365076418
3.0042663697273502e-6	0.0004959651964591106	3.787666291039676e-10	0.000495965196458966
2.91038304567337e-6	0.000480466288114256	3.552775879633392e-10	0.00048046628811412466
2.7391840429867014e-6	0.0004522035735555201	3.1932181803173555e-10	0.00045220357355540736
2.5870071517096626e-6	0.00042708115850507555	2.843291392513513e-10	0.0004270811585049809
2.4508488805670485e-6	0.0004046032076413507	2.54789613705805e-10	0.00040460320764127046
2.3283064365386963e-6	0.00038437305141361336	2.2962612484850636e-10	0.0003843730514135448
2.217434701465425e-6	0.0003660695763623553	2.08014996966134e-10	0.0003660695763622962
2.1166422150351783e-6	0.00034943005328326053	1.8931760918936913e-10	0.00034943005328320925
2.0246142926423447e-6	0.0003342374449998995	1.7303270989083338e-10	0.0003342374449998547
1.9402553637822466e-6	0.0003203108871927258	1.5876234649644392e-10	0.0003203108871926864
1.862645149230957e-6	0.0003074984538288302	1.461874370532744e-10	0.00030749845382879547
1.7910049511836123e-6	0.00029567159210760243	1.3504962081242467e-10	0.0002956715921075716
1.7246714344731083e-6	0.0002847207940850109	1.2513794504466904e-10	0.0002847207940849834
1.6630760260990686e-6	0.00027455219580682904	1.1627880819390822e-10	0.00027455219580680443
1.6057285769232388e-6	0.000265084880069369	1.0832828035610744e-10	0.0002650848800693469
1.5522042910257974e-6	0.00025624871862800464	1.0116621394229108e-10	0.0002562487186279847
1.5021331848636751e-6	0.00024798263204270734	9.469169128428304e-11	0.00024798263204268923
1.455191522836685e-6	0.00024023317580249636	8.881942983209727e-11	0.00024023317580247993
1.3695920214933507e-6	0.00022610181458787465	7.983047997262442e-11	0.00022610181458786055
1.2935035758548313e-6	0.0002135406040919866	7.10823086875193e-11	0.00021354060409197479
1.2254244402835243e-6	0.00020230162614101949	6.369743134830402e-11	0.00020230162614100946
1.1641532182693481e-6	0.00019218654587254737	5.7406542469126805e-11	0.0001921865458725388
1.1087173507327124e-6	0.00018303480648977665	5.200377013673913e-11	0.00018303480648976925
1.0583211075175891e-6	0.00017471504333821644	4.732940156905327e-11	0.00017471504333821004
1.0123071463211724e-6	0.000167118737788363	4.325819191814349e-11	0.00016711873778835738
9.701276818911233e-7	0.00016015545764747028	3.969060060192515e-11	0.00016015545764746535
9.313225746154785e-7	0.0001537492398725222	3.65468623482252e-11	0.00015374923987251785
8.955024755918062e-7	0.00014783580804163057	3.376242373476167e-11	0.00014783580804162672
8.623357172365541e-7	0.00014236040816506277	3.128448872557534e-11	0.00014236040816505933
8.315380130495343e-7	0.00013727610825109416	2.9069699001109818e-11	0.00013727610825109107
8.028642884616194e-7	0.00013254244968572004	2.7082082615833082e-11	0.00013254244968571727
7.761021455128987e-7	0.0001281243683364303	2.5291555284734156e-11	0.00012812436833642781
7.510665924318376e-7	0.000123991324474642	2.367292971110557e-11	0.00012399132447463976
7.275957614183425e-7	0.00012011659583758898	2.220485891548549e-11	0.00012011659583758692
6.847960107466753e-7	0.00011305091424646653	1.9957626420178833e-11	0.00011305091424646477
6.467517879274156e-7	0.00010677030825585447	1.7770578232410217e-11	0.000106770308255853
6.127122201417621e-7	0.00010115081865059459	1.5924361324015288e-11	0.00010115081865059332
5.820766091346741e-7	9.609327797770894e-5	1.4351636383836247e-11	9.609327797770787e-5
5.543586753663562e-7	9.151740782203668e-5	1.3000943187215533e-11	9.151740782203576e-5
5.291605537587946e-7	8.735752584325748e-5	1.183235620727651e-11	8.735752584325668e-5
5.061535731605862e-7	8.355937271628464e-5	1.081455111141921e-11	8.355937271628395e-5
4.850638409455617e-7	8.007773233651035e-5	9.922647965538415e-12	8.007773233650974e-5
4.6566128730773926e-7	7.687462317578761e-5	9.13671335425185e-12	7.687462317578707e-5
4.477512377959031e-7	7.39179070177723e-5	8.44061153035604e-12	7.39179070177718e-5
4.3116785861827706e-7	7.118020686317033e-5	7.821119857540936e-12	7.118020686316991e-5
4.1576900652476716e-7	6.863805671246798e-5	7.267425026283154e-12	6.86380567124676e-5
4.014321442308097e-7	6.627122725561777e-5	6.770520902483795e-12	6.627122725561742e-5
3.8805107275644935e-7	6.406218642382242e-5	6.3228890386592974e-12	6.406218642382211e-5
3.755332962159188e-7	6.199566435064403e-5	5.918237910601991e-12	6.199566435064374e-5
3.6379788070917124e-7	6.00582999028792e-5	5.551212286982537e-12	6.005829990287895e-5
3.4239800537333767e-7	5.652545886136504e-5	4.9894067539216895e-12	5.6525458861364824e-5
3.233758939637078e-7	5.338515568039303e-5	4.442645992858684e-12	5.3385155680392844e-5
3.0635611007088106e-7	5.057541072031863e-5	3.9810917506573216e-12	5.0575410720318476e-5
2.9103830456733704e-7	4.804664024921338e-5	3.5879091915480686e-12	4.8046640249213245e-5
2.771793376831781e-7	4.5758705055305505e-5	3.2502358794834414e-12	4.575870505530539e-5
2.645802768793973e-7	4.3678763965165066e-5	2.9580878193623323e-12	4.3678763965164965e-5
2.530767865802931e-7	4.1779687313667475e-5	2.7036365329171363e-12	4.1779687313667387e-5
2.4253192047278083e-7	4.003886704644975e-5	2.480663353911095e-12	4.003886704644968e-5
2.3283064365386963e-7	3.843731239777584e-5	2.2841783878678756e-12	3.843731239777577e-5
2.2387561889795154e-7	3.695895425812475e-5	2.1101529347044934e-12	3.695895425812469e-5
2.1558392930913853e-7	3.559010412674566e-5	1.955281319447536e-12	3.5590104126745607e-5
2.0788450326238358e-7	3.4319029002963904e-5	1.816854973538064e-12	3.431902900296386e-5
2.0071607211540486e-7	3.313561423099871e-5	1.6926315707763315e-12	3.3135614230998665e-5
1.9402553637822467e-7	3.2031093775813414e-5	1.5807236078113598e-12	3.203109377581337e-5
1.877666481079594e-7	3.0997832703651375e-5	1.4795568676659756e-12	3.099783270365134e-5
1.8189894035458562e-7	3.0029150447461516e-5	1.3878044124814061e-12	3.0029150447461482e-5
1.7119900268666884e-7	2.8262729865215477e-5	1.247351708523465e-12	2.826272986521545e-5
1.616879469818539e-7	2.6692578228312614e-5	1.110660860253965e-12	2.669257822831259e-5
1.5317805503544053e-7	2.528770570891448e-5	9.95272954972341e-13	2.528770570891446e-5
1.4551915228366852e-7	2.4023320439696428e-5	8.969773103872691e-13	2.402332043969641e-5
1.3858966884158905e-7	2.2879352813724727e-5	8.125596335416058e-13	2.2879352813724713e-5
1.3229013843969864e-7	2.1839382243466617e-5	7.395213048361281e-13	2.1839382243466604e-5
1.2653839329014654e-7	2.0889843895715023e-5	6.759084852535495e-13	2.0889843895715013e-5
1.2126596023639041e-7	2.0019433742773685e-5	6.201671616732652e-13	2.0019433742773675e-5
1.1641532182693481e-7	1.9218656401358247e-5	5.710439442582382e-13	1.9218656401358237e-5
1.1193780944897577e-7	1.847947731637219e-5	5.275388981636268e-13	1.8479477316372185e-5
1.0779196465456927e-7	1.7795052237162412e-5	4.888190193992558e-13	1.7795052237162405e-5
1.0394225163119179e-7	1.7159514663165312e-5	4.542163810224054e-13	1.7159514663165305e-5
1.0035803605770243e-7	1.6567807266296096e-5	4.231559233807956e-13	1.656780726629609e-5
9.701276818911234e-8	1.601554702888225e-5	3.951815655904806e-13	1.6015547028882243e-5
9.38833240539797e-8	1.5498916483907848e-5	3.6988724170901406e-13	1.549891648390784e-5
9.094947017729281e-8	1.5014575347736944e-5	3.46954407011925e-13	1.501457534773694e-5
8.559950134333442e-8	1.413136504124089e-5	3.1183760519911726e-13	1.4131365041240886e-5
8.084397349092696e-8	1.3346289211185249e-5	2.776645655270259e-13	1.3346289211185246e-5
7.658902751772027e-8	1.2643852941645948e-5	2.488179137723052e-13	1.2643852941645944e-5
7.275957614183426e-8	1.2011660298620916e-5	2.2424530960337137e-13	1.2011660298620913e-5
6.929483442079453e-8	1.1439676478380183e-5	2.031395848704565e-13	1.1439676478380181e-5
6.614506921984932e-8	1.091969118695451e-5	1.8488065618883444e-13	1.0919691186954509e-5
6.326919664507327e-8	1.04449220075781e-5	1.689777777842249e-13	1.0444922007578098e-5
6.063298011819521e-8	1.0009716926273614e-5	1.550408069615111e-13	1.0009716926273612e-5
5.820766091346741e-8	9.609328251296889e-6	1.4276131676733523e-13	9.609328251296887e-6
5.5968904724487885e-8	9.23973870501329e-6	1.318840669176309e-13	9.239738705013289e-6
5.389598232728463e-8	8.897526162029053e-6	1.2220574255498168e-13	8.897526162029051e-6
5.1971125815595895e-8	8.579757372002882e-6	1.1355311016977447e-13	8.57975737200288e-6
5.0179018028851214e-8	8.283903670847772e-6	1.0578996933597714e-13	8.28390367084777e-6
4.850638409455617e-8	8.007773549684661e-6	9.87944034635021e-14	8.00777354968466e-6
4.694166202698985e-8	7.749458274975e-6	9.247280047564781e-14	7.749458274974999e-6
4.5474735088646405e-8	7.507287704869312e-6	8.673761217108377e-14	7.507287704869311e-6
4.279975067166721e-8	7.065682547778781e-6	7.795940260020405e-14	7.06568254777878e-6
4.042198674546348e-8	6.673144629849993e-6	6.941630557019717e-14	6.673144629849993e-6
3.829451375886013e-8	6.321926492620327e-6	6.220496875973909e-14	6.321926492620327e-6
3.637978807091713e-8	6.00583016900328e-6	5.606051029491999e-14	6.00583016900328e-6
3.464741721039726e-8	5.719838257069634e-6	5.0785059754091826e-14	5.719838257069634e-6
3.307253460992466e-8	5.459845609782511e-6	4.6220163746235204e-14	5.459845609782511e-6
3.1634598322536636e-8	5.222461018719066e-6	4.2244281800206e-14	5.222461018719066e-6
3.0316490059097604e-8	5.00485847685863e-6	3.876020199987624e-14	5.00485847685863e-6
2.9103830456733704e-8	4.804664138302972e-6	3.569082178409524e-14	4.804664138302972e-6
2.7984452362243943e-8	4.6198693642135775e-6	3.297118159803968e-14	4.6198693642135775e-6
2.6947991163642316e-8	4.448763091876222e-6	3.055094193761955e-14	4.448763091876222e-6
2.5985562907797947e-8	4.289878696106718e-6	2.8388606368479943e-14	4.289878696106718e-6
2.5089509014425607e-8	4.141951844848639e-6	2.6447327895031683e-14	4.141951844848639e-6
2.4253192047278084e-8	4.003886783653436e-6	2.469893043267246e-14	4.003886783653436e-6
2.3470831013494924e-8	3.874729145742503e-6	2.3117706008421497e-14	3.874729145742503e-6
2.2737367544323203e-8	3.7536438601850867e-6	2.1684733259108273e-14	3.7536438601850867e-6
2.1399875335833604e-8	3.532841280678951e-6	1.9489769213041453e-14	3.532841280678951e-6
2.021099337273174e-8	3.336572320989294e-6	1.7353995401210627e-14	3.336572320989294e-6
1.9147256879430066e-8	3.160963251759436e-6	1.5551242313520585e-14	3.160963251759436e-6
1.8189894035458565e-8	3.0029150894250226e-6	1.4015373397479422e-14	3.0029150894250226e-6
1.732370860519863e-8	2.859919133004659e-6	1.2696182809591037e-14	2.859919133004659e-6
1.653626730496233e-8	2.7299228089675925e-6	1.155512317270022e-14	2.7299228089675925e-6
1.5817299161268318e-8	2.6112305130920582e-6	1.0561069965283856e-14	2.6112305130920582e-6
1.5158245029548802e-8	2.5024292418597927e-6	9.690132548377128e-15	2.5024292418597927e-6
1.4551915228366852e-8	2.4023320723149863e-6	8.922459355743616e-15	2.4023320723149863e-6
1.3992226181121971e-8	2.3099346850334545e-6	8.242631093489497e-15	2.3099346850334545e-6
1.3473995581821158e-8	2.2243815486536894e-6	7.638064507171428e-15	2.2243815486536894e-6
1.2992781453898974e-8	2.1449393505795677e-6	7.096904719007264e-15	2.1449393505795677e-6
1.2544754507212804e-8	2.070975924780485e-6	6.611667188807982e-15	2.070975924780485e-6
1.2126596023639042e-8	2.0019433940295165e-6	6.174979829780084e-15	2.0019433940295165e-6
1.1735415506747462e-8	1.9373645749351133e-6	5.779591111943844e-15	1.9373645749351133e-6
1.1368683772161601e-8	1.8768219320300626e-6	5.421018349513648e-15	1.8768219320300626e-6
1.0699937667916802e-8	1.766420642036877e-6	4.872442558135547e-15	1.766420642036877e-6
1.010549668636587e-8	1.668286162010755e-6	4.338580215572151e-15	1.668286162010755e-6
9.573628439715033e-9	1.5804816272420364e-6	3.887810454650884e-15	1.5804816272420364e-6
9.094947017729282e-9	1.5014575459432912e-6	3.5037207104894006e-15	1.5014575459432912e-6
8.661854302599316e-9	1.4299595676198122e-6	3.174086708068229e-15	1.4299595676198122e-6
8.268133652481165e-9	1.3649614055028582e-6	2.8887400725501657e-15	1.3649614055028582e-6
7.908649580634159e-9	1.305615257479161e-6	2.6402676781333317e-15	1.305615257479161e-6
7.579122514774401e-9	1.2512146217874941e-6	2.4224921978073004e-15	1.2512146217874941e-6
7.275957614183426e-9	1.201166036948434e-6	2.2307378316137925e-15	1.201166036948434e-6
6.996113090560986e-9	1.1549673432484271e-6	2.0606990991755842e-15	1.1549673432484271e-6
6.736997790910579e-9	1.1121907750056508e-6	1.9093516893391344e-15	1.1121907750056508e-6
6.496390726949487e-9	1.0724696759214134e-6	1.7743907656805472e-15	1.0724696759214134e-6
6.272377253606402e-9	1.035487962979306e-6	1.6529168298449747e-15	1.035487962979306e-6
6.063298011819521e-9	1.00097169756538e-6	1.5435802940095757e-15	1.00097169756538e-6
5.867707753373731e-9	9.686822879834884e-7	1.4448566185484312e-15	9.686822879834884e-7
5.684341886080801e-9	9.384109664994445e-7	1.3552957697042836e-15	9.384109664994445e-7
5.349968833958401e-9	8.832103214428052e-7	1.2181716580187073e-15	8.832103214428052e-7
5.052748343182935e-9	8.341430813843769e-7	1.0845839583237051e-15	8.341430813843769e-7
4.786814219857517e-9	7.90240813961603e-7	9.71972992646051e-16	7.90240813961603e-7
4.547473508864641e-9	7.507287732793733e-7	8.75991378131348e-16	7.507287732793733e-7
4.330927151299658e-9	7.149797840892658e-7	7.935012988906738e-16	7.149797840892658e-7
4.1340668262405825e-9	6.824807030062111e-7	7.222259554147692e-16	6.824807030062111e-7
3.9543247903170795e-9	6.528076289728635e-7	6.600669397556792e-16	6.528076289728635e-7
3.7895612573872004e-9	6.256073111081576e-7	6.056435584405006e-16	6.256073111081576e-7
3.637978807091713e-9	6.005830186719028e-7	5.575614553624403e-16	6.005830186719028e-7
3.498056545280493e-9	5.774836718071387e-7	5.151952448652566e-16	5.774836718071387e-7
3.3684988954552896e-9	5.560953876725712e-7	4.774202375801074e-16	5.560953876725712e-7
3.2481953634747434e-9	5.3623483811857e-7	4.435154319437165e-16	5.3623483811857e-7
3.136188626803201e-9	5.177439816369247e-7	4.1324980167428e-16	5.177439816369247e-7
3.0316490059097605e-9	5.004858489203678e-7	3.8589514449660025e-16	5.004858489203678e-7
2.9338538766868654e-9	4.843411441207551e-7	3.612966568362352e-16	4.843411441207551e-7
2.8421709430404003e-9	4.692054833708144e-7	3.3880338043091787e-16	4.692054833708144e-7
2.6749844169792006e-9	4.4160516082747794e-7	3.045123836405474e-16	4.4160516082747794e-7
2.5263741715914674e-9	4.170715407869493e-7	2.711561893450702e-16	4.170715407869493e-7
2.3934071099287583e-9	3.951204070659534e-7	2.430238357335611e-16	3.951204070659534e-7
2.2737367544323206e-9	3.753643867165941e-7	2.189366789044044e-16	3.753643867165941e-7
2.165463575649829e-9	3.574898921144811e-7	1.98395815411479e-16	3.574898921144811e-7
2.0670334131202913e-9	3.412403515667874e-7	1.8052577436505613e-16	3.412403515667874e-7
1.9771623951585398e-9	3.2640381454475254e-7	1.6501674496163914e-16	3.2640381454475254e-7
1.8947806286936002e-9	3.128036556076841e-7	1.514314235685224e-16	3.128036556076841e-7
1.8189894035458565e-9	3.002915093853949e-7	1.3941087657602768e-16	3.002915093853949e-7
1.7490282726402464e-9	2.887418359492978e-7	1.2879885213366476e-16	2.887418359492978e-7
1.6842494477276448e-9	2.7804769387871105e-7	1.193550679259939e-16	2.7804769387871105e-7
1.6240976817373717e-9	2.681174190987508e-7	1.1083772819873799e-16	2.681174190987508e-7
1.5680943134016004e-9	2.5887199085528295e-7	1.0333303660309244e-16	2.5887199085528295e-7
1.5158245029548803e-9	2.502429244946034e-7	9.64737382338081e-17	2.502429244946034e-7
1.4669269383434327e-9	2.4217057209261364e-7	9.030352293051972e-17	2.4217057209261364e-7
1.4210854715202002e-9	2.3460274171568308e-7	8.470085230129767e-17	2.3460274171568308e-7
1.3374922084896003e-9	2.2080258044027016e-7	7.615857359492517e-17	2.2080258044027016e-7
1.2631870857957337e-9	2.0853577041716076e-7	6.777886679512772e-17	2.0853577041716076e-7
1.1967035549643792e-9	1.9756020355425773e-7	6.07457878033271e-17	1.9756020355425773e-7
1.1368683772161603e-9	1.8768219337753475e-7	5.474436472643973e-17	1.8768219337753475e-7
1.0827317878249145e-9	1.7874494607469978e-7	4.959891964084914e-17	1.7874494607469978e-7
1.0335167065601456e-9	1.706201757993182e-7	4.513142987656783e-17	1.706201757993182e-7
9.885811975792699e-10	1.6320190728695913e-7	4.126441038576686e-17	1.6320190728695913e-7
9.473903143468001e-10	1.564018278172406e-7	3.785786068379873e-17	1.564018278172406e-7
9.094947017729282e-10	1.5014575470505e-7	3.4832186886014875e-17	1.5014575470505e-7
8.745141363201232e-10	1.4437091798608376e-7	3.220999165514586e-17	1.4437091798608376e-7
8.421247238638224e-10	1.3902384694996461e-7	2.984905078204524e-17	1.3902384694996461e-7
8.120488408686859e-10	1.3405870955924736e-7	2.7709436156089235e-17	1.3405870955924736e-7
7.840471567008002e-10	1.2943599543683832e-7	2.5812684871282673e-17	1.2943599543683832e-7
7.579122514774401e-10	1.2512146225591206e-7	2.413903914845435e-17	1.2512146225591206e-7
7.334634691717164e-10	1.210852860543658e-7	2.2565573532017845e-17	1.210852860543658e-7
7.105427357601001e-10	1.1730137086541047e-7	2.1175203644941194e-17	1.1730137086541047e-7
6.687461042448001e-10	1.1040129022676234e-7	1.9034572379688464e-17	1.1040129022676234e-7
6.315935428978668e-10	1.0426788521450465e-7	1.6949813358731332e-17	1.0426788521450465e-7
5.983517774821896e-10	9.878010178245187e-8	1.5191538568491062e-17	9.878010178245187e-8
5.684341886080801e-10	9.384109669357407e-8	1.3680999431056487e-17	9.384109669357407e-8
5.413658939124572e-10	8.937247304171196e-8	1.2389512639194438e-17	8.937247304171196e-8
5.167583532800728e-10	8.531008790364159e-8	1.1287984066945669e-17	8.531008790364159e-8
4.942905987896349e-10	8.160095364712391e-8	1.0316123214262621e-17	8.160095364712391e-8
4.736951571734001e-10	7.820091391196995e-8	9.464458883522038e-18	7.820091391196995e-8
4.547473508864641e-10	7.507287735561452e-8	8.702931475396405e-18	7.507287735561452e-8
4.372570681600616e-10	7.218545899590198e-8	8.062766309047069e-18	7.218545899590198e-8
4.210623619319112e-10	6.951192347763044e-8	7.451977564718275e-18	6.951192347763044e-8
4.0602442043434293e-10	6.702935478209306e-8	6.932503342990268e-18	6.702935478209306e-8
3.920235783504001e-10	6.47179977207239e-8	6.463455136407152e-18	6.47179977207239e-8
3.7895612573872006e-10	6.256073113010309e-8	6.02446826952542e-18	6.256073113010309e-8
3.667317345858582e-10	6.054264302920043e-8	5.6465506914176525e-18	6.054264302920043e-8
3.5527136788005004e-10	5.8650685434596084e-8	5.2886585950963375e-18	5.8650685434596084e-8
3.3437305212240007e-10	5.520064511503937e-8	4.761188113725403e-18	5.520064511503937e-8
3.157967714489334e-10	5.2133942608732003e-8	4.234908202593006e-18	5.2133942608732003e-8
2.991758887410948e-10	4.9390050892555995e-8	3.797891637756403e-18	4.9390050892555995e-8
2.842170943040401e-10	4.69205483479894e-8	3.4202460851519403e-18	4.69205483479894e-8
2.706829469562286e-10	4.468623652194924e-8	3.1024895319288635e-18	4.468623652194924e-8
2.583791766400364e-10	4.265504395281368e-8	2.8143208159451143e-18	4.265504395281368e-8
2.4714529939481747e-10	4.080047682447374e-8	2.5815868390411656e-18	4.080047682447374e-8
2.3684757858670003e-10	3.910045695682308e-8	2.3686814624878445e-18	3.910045695682308e-8
2.2737367544323206e-10	3.753643867858034e-8	2.1757340181158986e-18	3.753643867858034e-8
2.186285340800308e-10	3.6092729498663954e-8	2.0131281396468232e-18	3.6092729498663954e-8
2.105311809659556e-10	3.475596173947794e-8	1.860429428523275e-18	3.475596173947794e-8
2.0301221021717146e-10	3.3514677391664566e-8	1.738269113401317e-18	3.3514677391664566e-8
1.9601178917520005e-10	3.2358998860935377e-8	1.6107238063692135e-18	3.2358998860935377e-8
1.8947806286936003e-10	3.128036556559039e-8	1.5086913833836473e-18	3.128036556559039e-8
1.833658672929291e-10	3.0271321515103896e-8	1.4116352388780132e-18	3.0271321515103896e-8
1.7763568394002502e-10	2.9325342717772142e-8	1.3247408583767394e-18	2.9325342717772142e-8
1.6718652606120003e-10	2.760032255793354e-8	1.1890231448999844e-18	2.760032255793354e-8
1.578983857244667e-10	2.606697130473695e-8	1.0612716880707489e-18	2.606697130473695e-8
1.495879443705474e-10	2.469502544661017e-8	9.481960339786138e-19	2.469502544661017e-8
1.4210854715202004e-10	2.346027417429529e-8	8.55064844176338e-19	2.346027417429529e-8
1.353414734781143e-10	2.2343118261246916e-8	7.743455660690937e-19	2.2343118261246916e-8
1.291895883200182e-10	2.1327521976656782e-8	7.061404818354796e-19	2.1327521976656782e-8
1.2357264969740873e-10	2.040023841246378e-8	6.428380183181874e-19	2.040023841246378e-8
1.1842378929335001e-10	1.955022847862072e-8	5.921731346927947e-19	1.955022847862072e-8
1.1368683772161603e-10	1.8768219339483433e-8	5.43931995454645e-19	1.8768219339483433e-8
1.093142670400154e-10	1.8046364749511247e-8	5.0584913365217e-19	1.8046364749511247e-8
1.052655904829778e-10	1.7377980869904993e-8	4.651078891824783e-19	1.7377980869904993e-8
1.0150610510858573e-10	1.6757338695985404e-8	4.3199852607276677e-19	1.6757338695985404e-8
9.800589458760003e-11	1.6179499430612078e-8	4.0396758721030757e-19	1.6179499430612078e-8
9.473903143468002e-11	1.564018278292921e-8	3.7588838195505164e-19	1.564018278292921e-8
9.168293364646455e-11	1.5135660757677868e-8	3.529109535143084e-19	1.5135660757677868e-8
8.881784197001251e-11	1.4662671359003896e-8	3.298980076358733e-19	1.4662671359003896e-8
8.359326303060002e-11	1.3800161279070752e-8	2.985263409236716e-19	1.3800161279070752e-8
7.894919286223336e-11	1.30334856524607e-8	2.646816377170275e-19	1.30334856524607e-8
7.47939721852737e-11	1.2347512723388301e-8	2.370507573790916e-19	1.2347512723388301e-8
7.105427357601002e-11	1.1730137087222963e-8	2.1440470052286395e-19	1.1730137087222963e-8
6.767073673905715e-11	1.117155913069187e-8	1.9422548404045672e-19	1.117155913069187e-8
6.45947941600091e-11	1.0663760988390188e-8	1.7525563450644578e-19	1.0663760988390188e-8
6.178632484870437e-11	1.0200119206289134e-8	1.6135077831636784e-19	1.0200119206289134e-8
5.921189464667501e-11	9.77511423936283e-9	1.4868496906315816e-19	9.77511423936283e-9
5.6843418860808015e-11	9.384109669790037e-9	1.359822443243961e-19	9.384109669790037e-9
5.46571335200077e-11	9.02318237479958e-9	1.245371491130226e-19	9.02318237479958e-9
5.26327952414889e-11	8.68899043499418e-9	1.1692067435980544e-19	8.68899043499418e-9
5.0753052554292866e-11	8.378669348031677e-9	1.0928452070499661e-19	8.378669348031677e-9
4.9002947293800014e-11	8.089749715341793e-9	1.0034997249275956e-19	8.089749715341793e-9
4.736951571734001e-11	7.820091391498285e-9	9.397146670586317e-20	7.820091391498285e-9
4.584146682323227e-11	7.567830378870592e-9	8.887156170916133e-20	7.567830378870592e-9
4.4408920985006255e-11	7.3313356795315836e-9	8.247554030848832e-20	7.3313356795315836e-9
4.179663151530001e-11	6.900080639561115e-9	7.431464646956865e-20	6.900080639561115e-9
3.947459643111668e-11	6.516742826253495e-9	6.617060894719796e-20	6.516742826253495e-9
3.739698609263685e-11	6.173756361714785e-9	5.86261188654995e-20	6.173756361714785e-9
3.552713678800501e-11	5.865068543630399e-9	5.423883388894857e-20	5.865068543630399e-9
3.383536836952858e-11	5.585779565362784e-9	4.79177915337908e-20	5.585779565362784e-9
3.229739708000455e-11	5.331880494210976e-9	4.4773635217404484e-20	5.331880494210976e-9
3.0893162424352184e-11	5.100059603158623e-9	3.969802171687708e-20	5.100059603158623e-9
2.9605947323337503e-11	4.887557119694446e-9	3.7170306648478504e-20	4.887557119694446e-9
2.8421709430404007e-11	4.692054834907099e-9	3.3995704733934924e-20	4.692054834907099e-9
2.732856676000385e-11	4.5115911874112984e-9	3.2097130683940845e-20	4.5115911874112984e-9
2.631639762074445e-11	4.344495217507339e-9	2.8908583581813636e-20	4.344495217507339e-9
2.5376526277146433e-11	4.189334674025151e-9	2.6357086275665084e-20	4.189334674025151e-9
2.4501473646900007e-11	4.044874857680096e-9	2.573023802056052e-20	4.044874857680096e-9
2.3684757858670004e-11	3.9100456957574755e-9	2.3171750702990788e-20	3.9100456957574755e-9
2.2920733411616136e-11	3.783915189443037e-9	2.1895790361232137e-20	3.783915189443037e-9
2.2204460492503128e-11	3.6656678397732e-9	2.0618183364106147e-20	3.6656678397732e-9
2.0898315757650004e-11	3.4500403197871643e-9	1.9055258330793363e-20	3.4500403197871643e-9
1.973729821555834e-11	3.2583714131324466e-9	1.6224772078601702e-20	3.2583714131324466e-9
1.8698493046318424e-11	3.086878180862722e-9	1.497466126058758e-20	3.086878180862722e-9
1.7763568394002505e-11	2.9325342718198e-9	1.3400265668841388e-20	2.9325342718198e-9
1.691768418476429e-11	2.7928897826857323e-9	1.2138910940912306e-20	2.7928897826857323e-9
1.6148698540002275e-11	2.665940247109242e-9	1.087383329482816e-20	2.665940247109242e-9
1.5446581212176092e-11	2.5500298015829103e-9	9.924300391199211e-21	2.5500298015829103e-9
1.4802973661668752e-11	2.4437785598504803e-9	9.293194109116637e-21	2.4437785598504803e-9
1.4210854715202004e-11	2.346027417456612e-9	8.659442211033166e-21	2.346027417456612e-9
1.3664283380001925e-11	2.2557955937083094e-9	7.703283013080796e-21	2.2557955937083094e-9
1.3158198810372225e-11	2.1722476087563167e-9	7.388071411369805e-21	2.1722476087563167e-9
1.2688263138573216e-11	2.0946673370150756e-9	6.750263614744096e-21	2.0946673370150756e-9
1.2250736823450003e-11	2.0224374288421736e-9	6.111086359406018e-21	2.0224374288421736e-9
1.1842378929335002e-11	1.955022847880951e-9	6.114450266353097e-21	1.955022847880951e-9
1.1460366705808068e-11	1.8919575947234966e-9	5.4744256137857264e-21	1.8919575947234966e-9
1.1102230246251564e-11	1.8328339198884517e-9	5.154805440828396e-21	1.8328339198884517e-9
1.0449157878825002e-11	1.7250201598951261e-9	4.604909356958011e-21	1.7250201598951261e-9
9.86864910777917e-12	1.629185706567755e-9	4.2948182748649444e-21	1.629185706567755e-9
9.349246523159212e-12	1.543439090432586e-9	3.5050134363314574e-21	1.543439090432586e-9
8.881784197001252e-12	1.4662671359111141e-9	3.5098066834353335e-21	1.4662671359111141e-9
8.458842092382144e-12	1.39644489134393e-9	3.035080562078746e-21	1.39644489134393e-9
8.074349270001138e-12	1.3329701235556027e-9	2.718351144736691e-21	1.3329701235556027e-9
7.723290606088046e-12	1.2750149007923764e-9	2.5610927597019157e-21	1.2750149007923764e-9
7.401486830834376e-12	1.221889279926033e-9	2.243027015813258e-21	1.221889279926033e-9
7.105427357601002e-12	1.1730137087290286e-9	2.0848045960473563e-21	1.1730137087290286e-9
6.8321416900009626e-12	1.1278977968548632e-9	1.925980506992425e-21	1.1278977968548632e-9
6.5790994051861124e-12	1.0861238043788205e-9	1.927239442866376e-21	1.0861238043788205e-9
6.344131569286608e-12	1.04733366850812e-9	1.6072502888635006e-21	1.04733366850812e-9
6.125368411725002e-12	1.0112187144216834e-9	1.6081863157537408e-21	1.0112187144216834e-9
5.921189464667501e-12	9.775114239409637e-10	1.4482250476386695e-21	9.775114239409637e-10
5.730183352904034e-12	9.459787973622644e-10	1.4489792949802027e-21	9.459787973622644e-10
5.551115123125782e-12	9.164169599446888e-10	1.2887294173851671e-21	9.164169599446888e-10
5.224578939412501e-12	8.625100799479814e-10	1.1910890136640258e-21	8.625100799479814e-10
4.934324553889585e-12	8.145928532841963e-10	9.54351382563635e-22	8.145928532841963e-10
4.674623261579606e-12	7.71719545216653e-10	9.558719232109889e-22	7.71719545216653e-10
4.440892098500626e-12	7.331335679558177e-10	7.97707823408605e-22	7.331335679558177e-10
4.229421046191072e-12	6.982224456722414e-10	7.986359048815305e-22	6.982224456722414e-10
4.037174635000569e-12	6.66485061778036e-10	6.396510501019979e-22	6.66485061778036e-10
3.861645303044023e-12	6.375074503964078e-10	6.402927079621634e-22	6.375074503964078e-10
3.700743415417188e-12	6.109446399632256e-10	5.608432872190568e-22	6.109446399632256e-10
3.552713678800501e-12	5.86506854364738e-10	6.414220257960563e-22	5.86506854364738e-10
3.4160708450004813e-12	5.639488984276085e-10	4.815123927035908e-22	5.639488984276085e-10
3.2895497025930562e-12	5.430619021895431e-10	4.014572741721299e-22	5.430619021895431e-10
3.172065784643304e-12	5.236668342542377e-10	4.8211814636026695e-22	5.236668342542377e-10
3.062684205862501e-12	5.056093572109581e-10	3.216782925032437e-22	5.056093572109581e-10
2.9605947323337505e-12	4.887557119706255e-10	4.023342118253658e-22	4.887557119706255e-10
2.865091676452017e-12	4.729893986812612e-10	4.0258880662791857e-22	4.729893986812612e-10
2.775557561562891e-12	4.5820847997243846e-10	2.416670193357677e-22	4.5820847997243846e-10
2.6122894697062505e-12	4.3125503997408453e-10	2.779157018867871e-22	4.3125503997408453e-10
2.4671622769447924e-12	4.0729642664220465e-10	2.783930241197049e-22	4.0729642664220465e-10
2.337311630789803e-12	3.8585977260839496e-10	1.9913948679531427e-22	3.8585977260839496e-10
2.220446049250313e-12	3.6656678397799556e-10	2.393213253194116e-22	3.6656678397799556e-10
2.114710523095536e-12	3.4911122283618457e-10	1.996309055371842e-22	3.4911122283618457e-10
2.0185873175002844e-12	3.332425308890821e-10	1.5992296513550008e-22	3.332425308890821e-10
1.9308226515220115e-12	3.1875372519825876e-10	1.6011832478129045e-22	3.1875372519825876e-10
1.850371707708594e-12	3.054723199816704e-10	1.602295759759925e-22	3.054723199816704e-10
1.7763568394002505e-12	2.93253427182398e-10	1.2028599212541197e-22	2.93253427182398e-10
1.7080354225002406e-12	2.819744492138486e-10	1.2041803660617074e-22	2.819744492138486e-10
1.6447748512965281e-12	2.7153095109482114e-10	1.2048000803151996e-22	2.7153095109482114e-10
1.586032892321652e-12	2.618334171271417e-10	8.036371284192468e-23	2.618334171271417e-10
1.5313421029312504e-12	2.5280467860552994e-10	1.206472631229925e-22	2.5280467860552994e-10
1.4802973661668753e-12	2.4437785598533785e-10	8.048667321875183e-23	2.4437785598533785e-10
1.4325458382260085e-12	2.3649469934065203e-10	8.051594752547151e-23	2.3649469934065203e-10
1.3877787807814455e-12	2.29104239986259e-10	8.054339218802125e-23	2.29104239986259e-10
1.3061447348531253e-12	2.1562751998707644e-10	9.926622005711149e-23	2.1562751998707644e-10
1.2335811384723962e-12	2.0364821332111558e-10	3.980517847873633e-23	2.0364821332111558e-10
1.1686558153949015e-12	1.929298863042227e-10	5.977227488218613e-23	1.929298863042227e-10
1.1102230246251565e-12	1.8328339198900874e-10	3.9894369467215526e-23	1.8328339198900874e-10
1.057355261547768e-12	1.7455561141811092e-10	5.993230617235236e-23	1.7455561141811092e-10
1.0092936587501422e-12	1.6662126544455707e-10	4.000434126539266e-23	1.6662126544455707e-10
9.654113257610057e-13	1.5937686259914313e-10	4.003446070444207e-23	1.5937686259914313e-10
9.25185853854297e-13	1.5273615999084695e-10	4.006207019023738e-23	1.5273615999084695e-10
8.881784197001252e-13	1.4662671359121436e-10	4.0120028587859885e-23	1.4662671359121436e-10
8.540177112501203e-13	1.4098722460693268e-10	2.0075428086140835e-23	1.4098722460693268e-10
8.223874256482641e-13	1.3576547554741752e-10	2.008554349708982e-23	1.3576547554741752e-10
7.93016446160826e-13	1.309167085635874e-10	4.018185642096741e-23	1.309167085635874e-10
7.656710514656252e-13	1.2640233930276957e-10	2.0103681475343184e-23	1.2640233930276957e-10
7.401486830834376e-13	1.2218892799268335e-10	4.024333660938066e-23	1.2218892799268335e-10
7.162729191130043e-13	1.182473496703341e-10	2.0145735255346783e-23	1.182473496703341e-10
6.938893903907227e-13	1.1455211999313676e-10	2.0152073034297316e-23	1.1455211999313676e-10
