# z G G_prime G_double_prime
1.5999999999999998e6	9.608474791060466e6	11937.18992228134	9.608467375910752e6
1.0666666666666665e6	6.415459331969605e6	22704.06407346847	6.415419157438618e6
799999.9999999999	4.8189415081038e6	26429.046017289053	4.818869033710332e6
640000.0	3.861064135480182e6	28274.49634003457	3.8609606073033223e6
533333.3333333333	3.2224988073867187e6	29367.510978368628	3.222364987537532e6
457142.8571428571	2.7663917962845685e6	30089.33345868206	2.766228154466398e6
399999.99999999994	2.4243181179752154e6	30602.57286298898	2.4241249595837784e6
355555.55555555556	2.158264933479601e6	30987.609961742666	2.1580424674034026e6
320000.0	1.9454250906918226e6	31288.4998707815	1.9451734661127583e6
290909.0909090909	1.7712852486169902e6	31531.311899287844	1.7710045760353254e6
266666.6666666666	1.6261700184911808e6	31732.41463376337	1.6258603823517929e6
246153.84615384613	1.5033811565560442e6	31902.583227193583	1.5030426231718184e6
228571.42857142855	1.3981342662438122e6	32049.18987925723	1.3977668889601035e6
213333.3333333333	1.3069208305318763e6	32177.44313660823	1.3065246532045691e6
199999.99999999997	1.2271094883164281e6	32291.124131882498	1.2266845477214204e6
188235.29411764705	1.1574384591751727e6	34914.374061768685	1.1569117396161528e6
177777.77777777778	1.0950793311156342e6	35529.60618617737	1.0945028042544797e6
168421.05263157893	1.0391446987802723e6	35551.77770836561	1.0385363624375015e6
160000.0	988756.0003937574	35415.93882456344	988121.5206602043
152380.95238095237	943148.4397839515	35253.2062498358	942489.3585160569
145454.54545454544	901679.1345004569	35100.73306406901	900995.6715389136
139130.4347826087	863811.4792733571	34967.01835219372	863103.4580813489
133333.3333333333	829096.4929055707	34852.18347196143	828363.6398681159
128000.0	797156.4194422965	34754.202894233524	796398.4570799023
123076.92307692306	767671.3982297777	34670.75957500027	766888.0714227823
118518.51851851851	740368.8648806127	34599.74841723485	739559.9458421683
114285.71428571428	715015.1481196474	34539.37241668118	714180.4350397896
110344.8275862069	691408.7802978845	34488.124538436845	690548.0944429791
106666.66666666666	669375.1372976714	34444.744334868665	668488.3200325806
103225.80645161291	648762.1127766025	34408.1748059649	647849.0229064819
99999.99999999999	629436.6022209405	34377.52560569789	628497.1137154666
94117.64705882352	594071.6618033135	33843.8637541725	593106.847240815
88888.88888888889	562749.1955147198	33838.22195581055	561730.9247204872
84210.52631578947	534722.294765387	33843.38532393966	533650.2204524765
80000.0	509496.7272960614	33856.434901921406	508370.5901614777
76190.47619047618	486672.4330060478	33875.45993338817	485492.02904097975
72727.27272727272	465922.08298921905	33899.09767877696	464687.248150385
69565.21739130435	446975.2602184395	33926.33115098146	445685.86168059637
66666.66666666666	429606.602117445	33956.379510133185	428262.5326519477
64000.0	413626.79184414883	33988.63482100476	412227.9656140364
61538.46153846153	398875.6279218921	34022.61680951096	397421.9773685357
59259.259259259255	385216.63457702287	34057.9440016027	383708.1078179496
57142.85714285714	372532.82595074084	34094.30970032516	370969.38479732163
55172.41379310345	360723.3471957239	34131.46698470409	359104.9653980836
53333.33333333333	349700.78643488325	34169.214573523	348027.4483551612
51612.903225806454	339389.0075367261	34207.38874213227	337660.70691184746
49999.99999999999	329721.388455007	34245.85444772398	327938.12748419924
47058.82352941176	311972.7181673704	33819.984746596514	310134.1411590757
44444.444444444445	296307.2397870164	33923.735630726806	294358.89745522727
42105.26315789473	282290.1602420364	34025.874836757335	280232.00104746764
40000.0	269674.0223835491	34125.27278458593	267506.15713643027
38095.23809523809	258258.63168776833	34221.672480912624	255981.24535568524
36363.63636363636	247880.2284946636	34315.08389793025	245493.54919354734
34782.608695652176	238403.54301127515	34405.60231510997	235907.82914024583
33333.33333333333	229715.85033362117	34493.338992292716	227111.38557910617
32000.0	221722.4610709865	34578.4092536551	219009.5508348023
30769.230769230766	214343.25104501576	34660.91881838008	211522.2209963112
29629.629629629628	207509.96570053382	34740.96930348269	204581.15973102508
28571.42857142857	201164.09931037494	34818.65118267313	198127.87885901803
27586.206896551725	195255.2157696254	34894.050832054556	192111.95824771808
26666.666666666664	189739.60250728845	34967.244688141946	186489.70094496757
25806.451612903227	184579.18748664993	35038.30604788902	181223.0492032576
24999.999999999996	179740.65675562262	35107.29967839021	176278.70319534987
23529.41176470588	170810.2964181636	34736.03237476571	167241.03987155829
22222.222222222223	162969.8047895578	34887.27200463689	159191.81990674348
21052.631578947367	155952.84379025915	35031.53722770527	151967.36783182394
20000.0	149635.41518201088	35167.221055464506	145444.22999874855
19047.619047619046	143917.38071443778	35294.26112832586	139522.49855528667
18181.81818181818	138716.88397311865	35412.99982062303	134120.4434190262
17391.304347826088	133966.33486810164	35523.88050031553	129170.55698645744
16666.666666666664	129609.41599919353	35627.31668557397	124616.59207921643
16000.0	125598.82899924325	35723.69970330007	120411.30812963369
15384.615384615383	121894.55304243747	35813.36720948603	116514.74065771297
14814.814814814814	118462.50182853708	35896.63608051709	112892.85122442018
14285.714285714284	115273.45875096541	35973.780096893606	109516.47108061356
13793.103448275862	112302.24188347191	36045.060943543736	106360.45841209058
13333.333333333332	109527.02705399663	36110.70682223478	103403.0294918167
12903.225806451614	106928.81044014063	36170.94000777512	100625.2135455993
12499.999999999998	104490.96383774087	36225.956049273445	98010.41593655328
11764.70588235294	99962.20853364115	35859.85293190171	93308.70314512758
11111.111111111111	96003.68328483534	35964.533659964225	89012.69304361189
10526.315789473683	92455.40972841105	36054.171405860085	85135.77105004233
10000.0	89255.16779972345	36126.07258119085	81617.35023152443
9523.809523809523	86352.95698684135	36180.37572607807	78407.99444374976
9090.90909090909	83707.98527741974	36217.950180870765	75467.1245238659
8695.652173913044	81286.6162720292	36239.90564313354	72761.13814346846
8333.333333333332	79060.83756774609	36247.285071638544	70262.01222459332
8000.0	77007.14349856722	36241.12684039856	67946.16159244809
7692.3076923076915	75105.65022560809	36222.3492616264	65793.61754593022
7407.407407407407	73339.43678644724	36191.85440816348	63787.323683092305
7142.857142857142	71694.00223504934	36150.43868096266	61912.646039829524
6896.551724137931	70156.85900986857	36098.88862226399	60156.92068555334
6666.666666666666	68717.18581838146	36037.90057185999	58509.15611398527
6451.612903225807	67365.56804230146	35968.165770611275	56959.729711084256
6249.999999999999	66093.76811441343	35890.297218399675	55500.20494679984
5882.35294117647	63727.01748675131	35396.01043729402	52992.973146254786
5555.555555555556	61641.15906907601	35221.06687777626	50587.63623031169
5263.157894736842	59760.200220308645	35027.561894388935	48418.503055197085
5000.0	58053.18370332118	34813.57082314814	46456.29585570942
4761.9047619047615	56495.372305051314	34580.91676826137	44675.35436180601
4545.454545454545	55066.60778682137	34332.11478381624	43053.88702101683
4347.826086956522	53750.2835612762	34069.876532592556	41573.26660212662
4166.666666666666	52532.554769956885	33796.54826360367	40217.69058666133
4000.0	51401.801074921925	33514.34469126636	38973.50194248435
3846.1538461538457	50348.174752800165	33225.09423582188	37828.98113826567
3703.7037037037035	49363.28844946454	32930.50022869299	36773.85485957504
3571.428571428571	48439.938496970935	32631.950756133727	35799.20992758904
3448.2758620689656	47571.913781275085	32330.740723595543	34897.13720460048
3333.333333333333	46753.81917964797	32027.915060779018	34060.71438978847
3225.8064516129034	45980.95404045885	31724.452062478642	33283.73890965802
3124.9999999999995	45249.1957730783	31421.132539859947	32560.745507787775
2941.176470588235	43890.37539121227	30716.60936379376	31350.517717792623
2777.777777777778	42662.32400470167	30138.236492081753	30195.373662690392
2631.578947368421	41541.22007598881	29572.181937619873	29174.629746580238
2500.0	40511.57822598754	29017.30106520293	28269.846289848847
2380.9523809523807	39560.89715081124	28474.805603710334	27463.612821476552
2272.7272727272725	38678.93999473871	27945.97883836861	26741.02963391745
2173.913043478261	37857.254313209545	27432.032801913818	26089.3710251847
2083.333333333333	37088.790474014626	26933.70943758844	25498.1111997912
2000.0	36367.62941685982	26451.530768969857	24958.385151693776
1923.0769230769229	35688.7597613537	25985.687697762925	24462.86181496252
1851.8518518518517	35047.91212363519	25536.20792511736	24005.379168661926
1785.7142857142856	34441.42340218378	25102.934242684158	23580.804447176255
1724.1379310344828	33866.13134977598	24685.592996117364	23184.83019196648
1666.6666666666665	33319.28987917299	24283.827490409964	22813.829149626967
1612.9032258064517	32798.49940259259	23897.191735009823	22464.767754019733
1562.4999999999998	32301.653221085668	23525.224761127745	22135.053665028598
1470.5882352941176	31372.79473590555	22831.784658942666	21516.54848782521
1388.888888888889	30519.871630203208	22183.98714030508	20960.278597453365
1315.7894736842104	29732.85988279189	21582.613845550288	20450.763711988762
1250.0	29003.558935357887	21024.197100332083	19979.728907149027
1190.4761904761904	28325.181835518513	20504.907857478403	19541.358186459514
1136.3636363636363	27692.076950635495	20021.647137899497	19130.728468235564
1086.9565217391305	27099.443321810253	19570.943736621903	18744.54559625243
1041.6666666666665	26543.202552001778	19150.137064725357	18379.71305866405
1000.0	26019.819828196727	18756.24447363317	18034.253994471874
961.5384615384614	25526.24819440628	18387.09115539808	17706.050540013475
925.9259259259259	25059.805698540767	18040.199989833847	17393.822063463085
892.8571428571428	24618.155265547895	17713.84113664201	17096.00540665663
862.0689655172414	24199.21450872192	17405.988603648573	16811.70852616692
833.3333333333333	23801.15343351607	17115.28227921177	16539.710313928517
806.4516129032259	23422.32511690214	16840.071875749927	16279.35174082313
781.2499999999999	23061.27229097679	16579.290361921983	16029.64162960778
735.2941176470588	22388.005673565687	16104.40513123881	15552.20027547673
694.4444444444445	21771.379096493987	15665.24576111192	15119.293072337092
657.8947368421052	21204.02547246923	15262.24835765663	14719.866551919942
625.0	20679.937852172352	14893.531148925693	14347.214345847451
595.2380952380952	20193.99262525803	14554.262182268016	13998.956763944187
568.1818181818181	19741.9244377236	14241.585323031604	13671.899209385618
543.4782608695652	19320.035127236897	13951.529932254143	13364.825844996421
520.8333333333333	18925.208403132623	13682.06341952657	13075.345260682585
500.0	18554.710129050014	13430.309248075248	12802.502156771372
480.7692307692307	18206.210898653037	13194.887960555838	12544.363156199328
462.96296296296293	17877.64526632593	12973.678368339552	12300.15731051698
446.4285714285714	17567.235222546155	12765.70696963594	12068.325440161723
431.0344827586207	17273.389668520264	12569.360596953395	11848.255771390908
416.66666666666663	16994.725914917628	12383.925184590118	11638.690044229523
403.2258064516129	16729.996887661317	12208.144887013092	11439.143074498783
390.62499999999994	16478.109529481135	12041.480940642166	11248.59237512536
367.6470588235294	16009.604647018377	11734.194744438617	10891.102545354237
347.22222222222223	15581.69257889364	11451.685749162989	10566.36347688108
328.9473684210526	15188.84550705641	11191.314997981184	10269.15266481072
312.5	14826.693559105004	10953.381906697303	9992.710678371606
297.6190476190476	14491.511140193672	10734.200428012384	9735.544992326626
284.09090909090907	14180.198654724947	10531.902858666961	9495.106953745488
271.7391304347826	13890.088186555557	10343.669984232625	9270.546968090679
260.41666666666663	13618.931467584422	10168.368917749876	9059.777473608245
250.0	13364.775806326727	10004.105824901695	8862.003102997887
240.38461538461536	13125.952452812557	9850.143239061104	8675.557962660087
231.48148148148147	12900.998623790161	9705.101954521526	8499.809500416943
223.2142857142857	12688.64767209103	9568.447384075573	8333.462329946566
215.51724137931035	12487.780408480268	9439.132439702933	8176.028272711106
208.33333333333331	12297.41628674522	9316.754434655131	8026.489527423587
201.61290322580646	12116.68312297387	9200.50127662625	7884.464862079007
195.31249999999997	11944.808755562453	9090.063055611234	7749.142523658551
183.8235294117647	11625.558945419507	8885.88610120425	7496.309024436535
173.61111111111111	11334.188989292938	8696.363071429107	7268.913906141232
164.4736842105263	11066.856085576623	8521.71533190556	7060.85486473345
156.25	10820.494250385142	8362.131579199855	6867.157437744269
148.8095238095238	10592.560467662726	8214.79013821731	6687.268519069563
142.04545454545453	10380.909102739695	8078.335669416887	6519.491284722351
135.8695652173913	10183.721465834298	7951.001647073902	6363.156111704503
130.20833333333331	9999.441250252428	7832.077047779535	6216.702858822743
125.0	9826.740341424174	7720.384856780581	6079.513418108919
120.19230769230768	9664.465661317186	7615.440873622279	5950.374510830573
115.74074074074073	9511.625085403093	7516.376354740406	5828.816197065124
111.60714285714285	9367.34488401313	7422.832779997928	5713.9044178420745
107.75862068965517	9230.867834622515	7334.1489029382965	5605.281513875779
104.16666666666666	9101.518499984992	7250.052488695759	5502.21572793411
100.80645161290323	8978.70804096532	7170.029704966898	5404.430785456281
97.65624999999999	8861.905166666684	7093.869326064633	5311.344572489434
91.91176470588235	8645.029267544493	6954.204327495224	5135.715452412405
86.80555555555556	8447.197899790344	6821.880734494141	4981.675983297196
82.23684210526315	8265.582124357055	6700.258047377455	4840.081606031507
78.125	8098.082326833505	6589.003902181871	4707.862035914523
74.4047619047619	7943.030954606991	6486.068362857739	4585.047212208483
71.02272727272727	7798.979857203528	6390.486534645674	4470.544560070807
67.93478260869566	7664.716767704582	6301.137071428471	4363.892154510881
65.10416666666666	7539.181886535827	6217.509766476258	4264.016395611334
62.5	7421.487564505118	6138.846981133803	4170.495823319873
60.09615384615384	7310.8472232408385	6064.79371283342	4082.494867399651
57.87037037037037	7206.597626298255	5994.790442198838	3999.6921008359004
55.80357142857142	7108.142264118664	5928.573140604833	3921.441949519201
53.87931034482759	7014.975031541892	5865.715520439656	3847.4999839414577
52.08333333333333	6926.634493682332	5806.015743936713	3777.35973799543
50.403225806451616	6842.727203304434	5749.141900564023	3710.8331929664555
48.82812499999999	6762.889985660026	5694.936223134596	3647.517288865143
45.955882352941174	6614.482928280023	5596.675504104387	3525.423054083832
43.40277777777778	6479.402741185362	5501.57880271848	3422.760663552022
41.118421052631575	6355.196507854893	5414.432257966387	3327.528508870215
39.0625	6240.467612793038	5334.603290866192	3238.1234929196935
37.20238095238095	6134.1551572726585	5260.637840299453	3154.9245643444883
35.51136363636363	6035.292153440965	5191.826789697093	3077.2854861337873
33.96739130434783	5943.075717464273	5127.429566329661	3004.9317838915936
32.55208333333333	5856.785876171309	5067.058909596867	2937.1507972854797
31.25	5775.8305181662145	5010.2134057943285	2873.6700929262897
30.04807692307692	5699.672814513706	4956.62138888941	2813.9251233305067
28.935185185185183	5627.86925408188	4905.91329896437	2757.703219000309
27.90178571428571	5560.011786626374	4857.885842576526	2704.565807651713
26.939655172413794	5495.761563433024	4812.257256430538	2654.3502519523354
26.041666666666664	5434.80237092002	4768.871108654706	2606.7115605675094
25.201612903225808	5376.870559857714	4727.507793646484	2561.5243661687787
24.414062499999996	5321.716884551873	4688.044274138702	2518.513744858228
22.977941176470587	5218.899972634649	4616.880752549131	2433.3781130575067
21.70138888888889	5125.759969443353	4547.314285270816	2365.448806319826
20.559210526315788	5039.887720115617	4483.729403784629	2301.4427789995852
19.53125	4960.407826189472	4425.360289233034	2240.94446887938
18.601190476190474	4886.664499309479	4371.200472924652	2184.5128414167903
17.755681818181817	4818.012497409881	4320.73286357963	2131.786093110837
16.983695652173914	4753.917761633687	4273.461662088316	2082.6088223758247
16.276041666666664	4693.888214415684	4229.090440797012	2036.5118740114913
15.625	4637.5259530376	4187.280694151794	1993.3206850582205
15.02403846153846	4584.461773749589	4147.821657253406	1952.6559488529567
14.467592592592592	4534.396435468928	4110.463601821592	1914.3771864742805
13.950892857142856	4487.048483360897	4075.0475997480366	1878.1882631459212
13.469827586206897	4442.188826192962	4041.382938136774	1843.980887886471
13.020833333333332	4399.598854412833	4009.346619936461	1811.5213940096844
12.600806451612904	4359.100037621632	3978.789830873098	1780.725868777599
12.207031249999998	4320.519748737657	3949.615370248797	1751.4078126828622
11.488970588235293	4248.31634846607	3896.8178310990766	1692.0409533673733
10.850694444444445	4183.350361850972	3845.4588834931938	1647.0780872083562
10.279605263157894	4123.226798994406	3798.5353522662926	1603.785650742906
9.765625	4067.459545941006	3755.3254900296965	1562.6124349306313
9.300595238095237	4015.6510910615416	3715.1677107524447	1524.1333819998129
8.877840909090908	3967.3670127654577	3677.692947241193	1488.1450197450176
8.491847826086957	3922.2473006939986	3642.5671288509966	1454.5544333628657
8.138020833333332	3879.9522099087853	3609.563608764366	1423.0529524441572
7.8125	3840.2105408516013	3578.45018442763	1393.5247667829976
7.51201923076923	3802.76568856851	3549.0629430922063	1365.715602943608
7.233796296296296	3767.412729309832	3521.229758894768	1339.5296405976421
6.975446428571428	3733.955528965655	3494.826084315558	1314.7678626589443
6.734913793103448	3702.236831323703	3469.7201046398177	1291.3558574877904
6.510416666666666	3672.103955240236	3445.814966772269	1269.1361916119208
6.300403225806452	3643.434115168441	3423.0076301838917	1248.050846430585
6.103515624999999	3616.1065398123997	3401.221288500943	1227.9740444822078
5.744485294117647	3564.7447133419596	3361.463599306752	1186.5779965241006
5.425347222222222	3518.8924077172933	3323.3490775463856	1156.6999117584455
5.139802631578947	3476.258641706756	3288.4356414796703	1127.1934953179466
4.8828125	3436.6345870505047	3256.1711668363982	1099.0025555816887
4.650297619047619	3399.7799390684586	3226.1412613756534	1072.6211799800703
4.438920454545454	3365.398354496509	3198.0843055375854	1047.9326596313288
4.2459239130434785	3333.2426076548945	3171.772046027588	1024.8748067564009
4.069010416666666	3303.0756896967296	3147.0316763662154	1003.2450547165299
3.90625	3274.709415533739	3123.7008672769603	982.9621803296858
3.756009615384615	3247.9636730239063	3101.6525325591897	963.8566224040327
3.616898148148148	3222.6955983439657	3080.765433595239	945.8600650996482
3.487723214285714	3198.7672660310395	3060.9424321186666	928.8398406007113
3.367456896551724	3176.068779130501	3042.090367433998	912.7426176818924
3.255208333333333	3154.492563751006	3024.133434786681	897.4632601759832
3.150201612903226	3133.9526391628724	3006.998642102375	882.9599712956452
3.0517578124999996	3114.3637979348514	2990.6257447995617	869.1487332035058
2.8722426470588234	3077.393539610609	2960.4604357685057	840.2529416113119
2.712673611111111	3044.6517558026976	2932.071529616403	820.2809636492703
2.5699013157894735	3014.049917724964	2905.934721500206	800.0251876768515
2.44140625	2985.5592322911884	2881.7015675619796	780.6151452732512
2.3251488095238093	2959.0314990812126	2859.1194792255546	762.4324337722018
2.219460227272727	2934.261797175355	2838.0022680773677	745.4095657760637
2.1229619565217392	2911.0769146451535	2818.190493543241	729.5006134901125
2.034505208333333	2889.310000715369	2799.5529996011737	714.573497030162
1.953125	2868.8280380342703	2781.9737081866583	700.5687680518837
1.8780048076923075	2849.503556629557	2765.354791326743	687.374277472412
1.808449074074074	2831.235156490135	2749.6088464120044	674.9397773717033
1.743861607142857	2813.925108393225	2734.660832039337	663.1776906348271
1.683728448275862	2797.4952267862627	2720.4433651136655	652.0486493360443
1.6276041666666665	2781.869163984417	2706.8977510589125	641.4831337140203
1.575100806451613	2766.9856292448794	2693.97107351465	631.4501781724401
1.5258789062499998	2752.7840818998434	2681.6166353669964	621.894221298248
1.4361213235294117	2725.8781358069223	2658.651331522262	601.6516505961948
1.3563368055555556	2702.224947022863	2637.434356372983	588.183372883103
1.2849506578947367	2680.0030218681673	2617.7750449621917	574.1689744280021
1.220703125	2659.284731178321	2599.498644613372	560.7156838642894
1.1625744047619047	2639.974864757275	2582.451121756138	548.0998907960635
1.1097301136363635	2621.929919232882	2566.4989286575624	536.2832745556527
1.0614809782608696	2605.0262812108326	2551.5279415234368	525.230510751531
1.0172526041666665	2589.145617607377	2537.4391902028187	514.8566647119848
0.9765625	2574.192109645851	2524.1478459484665	505.1164906797969
0.9390024038461537	2560.074903356861	2511.579275516706	495.93654190089666
0.904224537037037	2546.720901843953	2499.6691742316425	487.2795617353319
0.8719308035714285	2534.0603457418333	2488.360181477021	479.0881370905222
0.841864224137931	2522.036709344208	2477.6025744341187	471.3328403975126
0.8138020833333333	2510.5954094237227	2467.3514188018326	463.96797945122523
0.7875504032258065	2499.692051344773	2457.567590402285	456.97033838154704
0.7629394531249999	2489.283308578044	2448.2153207428755	450.3033795621703
0.7180606617647058	2469.4950005387664	2430.6974041627227	436.0225763450377
0.6781684027777778	2452.209476640378	2414.776905283984	426.8299603261026
0.6424753289473684	2435.893088434137	2399.9274177901325	417.0413979695381
0.6103515625	2420.6629428536385	2386.0939817787166	407.6329145496301
0.5812872023809523	2406.454930554793	2373.1803200099152	398.7988233547214
0.5548650568181818	2393.1674330462088	2361.0899020502643	390.51867692756133
0.5307404891304348	2380.7108831948235	2349.739332945526	382.76543283190006
0.5086263020833333	2369.0004602086524	2339.0542777594105	375.48404248943643
0.48828125	2357.9664726163323	2328.9717415760388	368.6414422212754
0.46950120192307687	2347.54353242268	2319.4351791490567	362.1892962876444
0.4521122685185185	2337.678155333489	2310.39654293598	356.0996662633326
0.43596540178571425	2328.320115558852	2301.812335218731	350.33488828673546
0.4209321120689655	2319.427981627196	2293.645317257282	344.8729049649311
0.40690104166666663	2310.962397113871	2285.8613727802167	339.6836547519332
0.39377520161290325	2302.890764447636	2278.431153329009	334.7496863599126
0.38146972656249994	2295.1818110803374	2271.327490496266	330.046931253653
0.3590303308823529	2280.481408573887	2257.936965996813	319.86889882614173
0.3390842013888889	2267.7078986808124	2245.9330591695266	313.5024839913677
0.3212376644736842	2255.6019450918325	2234.6686688828086	306.58779332451303
0.30517578125	2244.290601605148	2224.1583578331656	299.9331654453579
0.29064360119047616	2233.7290997078762	2214.3397739583115	293.675086359081
0.2774325284090909	2223.844758239365	2205.1426937604524	287.8041155084405
0.2653702445652174	2214.5718887511093	2196.505261484117	282.29999418924285
0.25431315104166663	2205.8491538524254	2188.371768261459	277.1272152418025
0.244140625	2197.6251470213933	2180.6948738226156	272.26118729001325
0.23475060096153844	2189.8525659458005	2173.431995692886	267.67073182894984
0.22605613425925924	2182.4914534201275	2166.5466457247753	263.33358340824145
0.21798270089285712	2175.5054439003784	2160.006049581004	259.2253888291987
0.21046605603448276	2168.8638627232012	2153.7820578105016	255.32979160326286
0.20345052083333331	2162.538046514804	2147.8488632873896	251.6268330268713
0.19688760080645162	2156.503779428633	2142.184226755332	248.10338435950436
0.19073486328124997	2150.7382614188223	2136.76758678648	244.74343543707374
0.17951516544117646	2139.7144869401027	2126.503922435209	237.40082874542904
0.16954210069444445	2130.1768288210556	2117.404277992283	232.92154384278604
0.1606188322368421	2121.1078813608797	2108.8209853144695	227.97520976752992
0.152587890625	2112.626589783081	2100.802112924397	223.20750478171388
0.14532180059523808	2104.701064587643	2093.305953788631	218.71615191710555
0.13871626420454544	2097.278813428622	2086.281120741616	214.49826687802314
0.1326851222826087	2090.3111652142516	2079.681253390269	210.5389553418583
0.12715657552083331	2083.7532878852385	2073.464556589898	206.8151284069882
0.1220703125	2077.5668678489137	2067.5951581985205	203.3085147690098
0.11737530048076922	2071.7170439577203	2062.040832929478	199.99778387877296
0.11302806712962962	2066.174235983736	2056.773981721646	196.86737047022166
0.10899135044642856	2060.9118463224327	2051.7699331545596	193.9014690895167
0.10523302801724138	2055.906336573245	2047.0068548427507	191.08584717035
0.10172526041666666	2051.136856143656	2042.4653907228203	188.40788287743942
0.09844380040322581	2046.5852924615413	2038.1286048745094	185.8578739579733
0.09536743164062499	2042.234839037455	2033.980926577949	183.42499310466815
0.08975758272058823	2033.8974872468013	2026.0882155084948	178.0604717685968
0.08477105034722222	2026.7092880171863	2019.1520160433358	174.85901247365624
0.08030941611842105	2019.8565307634606	2012.5817245037667	171.2752377351939
0.0762939453125	2013.4423414590397	2006.436799066009	167.81368756394252
0.07266090029761904	2007.4440553585473	2000.688859302099	164.54702567605585
0.06935813210227272	2001.8234004445865	1995.3000780578577	161.4760820364257
0.06634256114130435	1996.543973498788	1990.235426589154	158.58998979701514
0.06357828776041666	1991.572636062701	1985.4634262980633	155.8734985380453
0.06103515625	1986.8805716425434	1980.9567202655126	153.31300794617576
0.05868765024038461	1982.4419058910717	1976.6909000829098	150.8939884900647
0.05651403356481481	1978.234333482592	1972.6448477853007	148.60478685231988
0.05449567522321428	1974.2381993892589	1968.7999536040677	146.43500475079045
0.05261651400862069	1970.435476459623	1965.1392707463283	144.37317431313312
0.05086263020833333	1966.8108035833568	1961.648236251565	142.41114529184145
0.049221900201612906	1963.350483104118	1958.3138604482153	140.5416076526159
0.04768371582031249	1960.0419914666936	1955.1243126436966	138.7570914304411
0.044878791360294115	1953.6893487152115	1949.0339529059688	134.7914007012355
0.04238552517361111	1948.2274255744333	1943.718623591879	132.46891734469503
0.04015470805921052	1943.009295084842	1938.6663356212216	129.83820668462798
0.03814697265625	1938.1217027712157	1933.9369933406037	127.29273561952482
0.03633045014880952	1933.5481392442668	1929.5107438354853	124.88673347637362
0.03467906605113636	1929.2606120441897	1925.3596999191714	122.62355039827887
0.033171280570652176	1925.2310718986007	1921.4567494828912	120.49331960933367
0.03178914388020833	1921.4351075206284	1917.7783334861974	118.48686013103702
0.030517578125	1917.8508923646068	1914.3034939323684	116.59407558725358
0.029343825120192304	1914.4590127582028	1911.0136474603614	114.80483766530946
0.028257016782407406	1911.242515466889	1907.8925538418102	113.11037053770637
0.02724783761160714	1908.1864234975985	1904.9258701802223	111.50271718069777
0.026308257004310345	1905.2775086786341	1902.100922623464	109.97483908435821
0.025431315104166664	1902.5043395627424	1899.4067100147702	108.52148177173808
0.024610950100806453	1899.8556171177952	1896.832516755593	107.134351506329
0.023841857910156247	1897.3224066101739	1894.3697162541741	105.80970070887288
0.022439395680147058	1892.4505346216097	1889.6538926393703	102.84547643183808
0.021192762586805556	1888.2714283526623	1885.5609077435208	101.1387676533217
0.02007735402960526	1884.2718407598522	1881.6595412672532	99.18538520584474
0.019073486328125	1880.5231972828626	1878.0047485194057	97.2916237788449
0.01816522507440476	1877.0135433432636	1874.5825550373452	95.49914263328205
0.01733953302556818	1873.7217996983074	1871.3719252057856	93.81098132018312
0.016585640285326088	1870.627407455728	1868.3527323467104	92.22236744477907
0.015894571940104164	1867.7109569172724	1865.506202076052	90.72391418263165
0.0152587890625	1864.9562171197151	1862.8165591255586	89.30934341429459
0.014671912560096152	1862.3485096321365	1860.2695994454684	87.97152214232038
0.014128508391203703	1859.8748558031798	1857.852774900152	86.70378333558314
0.01362391880580357	1857.5239040978774	1855.5550994616256	85.5004512092037
0.013154128502155173	1855.2855234403287	1853.3667762664702	84.35618601434088
0.012715657552083332	1853.1511806385786	1851.2795005120718	83.26769653311906
0.012305475050403226	1851.1118944789507	1849.2846855301827	82.22771883606693
0.011920928955078123	1849.1611084849023	1847.375921826482	81.23428210348663
0.011219697840073529	1845.4044737721586	1843.7128149167177	78.99827802029108
0.010596381293402778	1842.187673746704	1840.5471039583272	77.72890977562663
0.01003867701480263	1839.104809844691	1837.522888827432	76.26358652178851
0.0095367431640625	1836.2138021148883	1834.687990675408	74.84052343916534
0.00908261253720238	1833.5062224083233	1832.0327078243188	73.49302736950105
0.00866976651278409	1830.9654302908461	1829.5404947610662	72.2217761452621
0.008292820142663044	1828.575941024953	1827.1960955552083	71.0239430269412
0.007947285970052082	1826.3235248818794	1824.985581619115	69.89452352876438
0.00762939453125	1824.1953537707843	1822.8964421275427	68.82768336696614
0.007335956280048076	1822.18061354319	1820.918094092203	67.81948820402334
0.007064254195601851	1820.268398420981	1819.039997300089	66.86202593830943
0.006811959402901785	1818.4506475366215	1817.254236816083	65.95298553025341
0.006577064251077586	1816.7195454447594	1815.5532008501434	65.0882607219808
0.006357828776041666	1815.068234987648	1813.930202528197	64.26443820022264
0.006152737525201613	1813.4905290351164	1812.3792132214903	63.47823550413276
0.005960464477539062	1811.9814579108902	1810.895343171406	62.72846158635134
0.005609848920036764	1809.0709730698459	1808.0413138058125	61.02780657397872
0.005298190646701389	1806.5822980324533	1805.5831947749678	60.0743398668779
0.005019338507401315	1804.1945854624557	1803.2307568076274	58.96558246158071
0.00476837158203125	1801.954790836695	1801.024711870743	57.888301497145
0.00454130626860119	1799.8556405771474	1798.9571096508398	56.86514357733104
0.004334883256392045	1797.8855903781796	1797.0163423424835	55.900460137079556
0.004146410071331522	1796.0323122293062	1795.1902574222788	54.99096496589248
0.003973642985026041	1794.2852842715251	1793.46847230847	54.13427924033334
0.003814697265625	1792.6336510278154	1791.8404109015748	53.323059340129525
0.003667978140024038	1791.069454219548	1790.2982207997095	52.55540352527947
0.0035321270978009257	1789.5849523238885	1788.8343202152146	51.82737118806516
0.0034059797014508925	1788.1739360807003	1787.4425859256057	51.13734152190729
0.003288532125538793	1786.8292257468763	1786.1160595086212	50.47874749413478
0.003178914388020833	1785.5463256119215	1784.850280853753	49.8513374194966
0.0030763687626008066	1784.320407986545	1783.6405217126373	49.25248889083085
0.002980232238769531	1783.14724464808	1782.4826345186184	48.68011642965844
0.002804924460018382	1780.8838280029038	1780.253442504086	47.38026271167591
0.0026490953233506945	1778.950043334757	1778.3380546407232	46.65854795621037
0.0025096692537006577	1777.0929826685344	1776.5023416479564	45.81374432499227
0.002384185791015625	1775.3504222925394	1774.7802158968743	44.992301511950934
0.002270653134300595	1773.7166368803646	1773.1655538761293	44.211158018668414
0.0021674416281960225	1772.1829603402061	1771.649632051151	43.47443125790397
0.002073205035665761	1770.7402337102103	1770.2233687977537	42.78083498977603
0.0019868214925130205	1769.379033143903	1768.8775177352181	42.12469798284274
0.0019073486328125	1768.0923775416172	1767.6051652682777	41.50464115823133
0.001833989070012019	1766.8740344740997	1766.4001467846817	40.91912924094007
0.0017660635489004629	1765.716850286895	1765.2554851098582	40.361710526588844
0.0017029898507254463	1764.6164686717507	1764.1668459128236	39.832415060591515
0.0016442660627693966	1763.5681414920246	1763.1295598863553	39.32867580507317
0.0015894571940104165	1762.5683201697805	1762.1401033261627	38.85021899272343
0.0015381843813004033	1761.6119444443566	1761.1935620942188	38.39114021364437
0.0014901161193847654	1760.696682136258	1760.2875925105018	37.95257750414618
0.001402462230009191	1758.9296293044306	1758.5414162635395	36.953053065288756
0.0013245476616753472	1757.420753697076	1757.0436972551465	36.40262986603778
0.0012548346268503288	1755.9714468512934	1755.6073442496975	35.757166743877086
0.0011920928955078125	1754.610225275157	1754.2585829614625	35.12643941789252
0.0011353265671502975	1753.3344452282963	1752.9944201733574	34.52882368531914
0.0010837208140980113	1752.1359586238184	1751.8067559583633	33.96332258838393
0.0010366025178328805	1751.008458474674	1750.6892838740685	33.431317329041676
0.0009934107462565103	1749.944300766052	1749.6344856929077	32.92753039176852
0.00095367431640625	1748.938721095615	1748.6376006946762	32.45291334120433
0.0009169945350060095	1747.985306655527	1747.6923434841895	32.0016376199479
0.0008830317744502314	1747.0802082343705	1746.7948799173018	31.573746989397957
0.0008514949253627231	1746.2198804100674	1745.941685337094	31.16892910605508
0.0008221330313846983	1745.3993101163762	1745.1278638928104	30.78133232397271
0.0007947285970052083	1744.6162726659747	1744.3511789236904	30.412225147962104
0.0007690921906502017	1743.8677772944102	1743.608680091507	30.059863527622117
0.0007450580596923827	1743.151879561902	1742.8984216414242	29.724855929404537
0.0007012311150045955	1741.7669183737798	1741.5262760803507	28.9521616291428
0.0006622738308376736	1740.5856478409337	1740.3517694979125	28.532715877169682
0.0006274173134251644	1739.449594317477	1739.2236446797085	28.035779965364718
0.0005960464477539062	1738.3831122168374	1738.164754055031	27.552361087785563
0.0005676632835751488	1737.382399261848	1737.1711634512942	27.09151413509839
0.0005418604070490056	1736.443018617505	1736.238376746364	26.658132316858815
0.0005183012589164402	1735.558521084661	1735.3600138727497	26.248854473001124
0.0004967053731282551	1734.7234360196378	1734.5306595703823	25.86098385817449
0.000476837158203125	1733.933838643021	1733.7464004052806	25.4946243952524
0.00045849726750300476	1733.1861034191438	1733.003628876484	25.14938142723551
0.0004415158872251157	1732.475282963997	1732.2974889467469	24.81966699971705
0.00042574746268136157	1731.7997308926494	1731.6263002771204	24.508449735254878
0.00041106651569234915	1731.1550959590645	1730.9858014250851	24.20994691843835
0.00039736429850260413	1730.5398862899426	1730.374483094415	23.925849956552128
0.00038454609532510083	1729.9523373306774	1729.7905821804698	23.65652627976507
0.00037252902984619135	1729.3888966468885	1729.2306262436505	23.396519111497195
0.0003506155575022978	1728.2997711647347	1728.1493797993562	22.799563749653338
0.0003311369154188368	1727.3710102504797	1727.2247353741673	22.479336409264707
0.0003137086567125822	1726.4776099582177	1726.3361758893789	22.098540736333877
0.0002980232238769531	1725.6378157033664	1725.501051848426	21.725355128549783
0.0002838316417875744	1724.85054082149	1724.7181247226952	21.372375282504493
0.0002709302035245028	1724.1107557917232	1723.9823845312967	21.038917807039773
0.0002591506294582201	1723.4135695335556	1723.2889776043949	20.722724714459577
0.00024835268656412757	1722.7562271086292	1722.6351288409123	20.42623129242979
0.0002384185791015625	1722.1342461592787	1722.0164109717464	20.145524033210773
0.00022924863375150238	1721.5440452815799	1721.4292794887172	19.87801708980274
0.00022075794361255786	1720.9841670214596	1720.8722520533306	19.626391707214296
0.00021287373134068078	1720.4506178480742	1720.341403278185	19.385164963598424
0.00020553325784617457	1719.9421510743864	1719.835471684457	19.15602720526597
0.00019868214925130207	1719.4573201458277	1719.3530081127913	18.939622397686332
0.00019227304766255041	1718.9927591945632	1718.890710811273	18.730468495315233
0.00018626451492309568	1718.5487135260378	1718.4487794703007	18.533027249569813
0.0001753077787511489	1717.6873582470002	1717.5923137107543	18.06943727115202
0.0001655684577094184	1716.9535922890957	1716.8610504731578	17.82614491793754
0.0001568543283562911	1716.247384721011	1716.1578085447004	17.534586757647336
0.00014901161193847656	1715.5835928456943	1715.4968717242505	17.24955494068771
0.0001419158208937872	1714.9606006250801	1714.876551603275	16.97864710734401
0.0001354651017622514	1714.3750491417147	1714.2934842098875	16.723011546395824
0.00012957531472911006	1713.823403197704	1713.7441484094863	16.481842749050045
0.00012417634328206378	1713.3020535725498	1713.2249628020795	16.252803072986875
0.00011920928955078125	1712.8094153814711	1712.7343234014363	16.038418314826178
0.00011462431687575119	1712.342097266686	1712.2688768319053	15.835135126604147
0.00011037897180627893	1711.8973983424635	1711.8259483477557	15.640492799203692
0.00010643686567034039	1711.474891802219	1711.4050820596462	15.458019596081305
0.00010276662892308729	1711.0711497355855	1711.0029040963257	15.282068950209249
9.934107462565103e-5	1710.6863591865676	1710.6195658998001	15.11688684131614
9.613652383127521e-5	1710.3180292514805	1710.2526124362057	14.958704415881725
9.313225746154784e-5	1709.9643986152917	1709.900302904534	14.805359122241343
8.765388937557444e-5	1709.2796210831186	1709.2185543678274	14.44840665277302
8.27842288547092e-5	1708.696005762541	1708.6364552154512	14.265483435166496
7.842716417814555e-5	1708.1340421553032	1708.0763072875202	14.04401840089201
7.450580596923828e-5	1707.6055605758597	1707.5495760786898	13.827354883810685
7.09579104468936e-5	1707.1092944487461	1707.0549487658436	13.621493579610892
6.77325508811257e-5	1706.642601374895	1706.5897792362352	13.427368844514158
6.478765736455503e-5	1706.2026946893266	1706.1512893455365	13.244365960028377
6.208817164103189e-5	1705.7871339693506	1705.7370466931486	13.071876449355171
5.9604644775390625e-5	1705.3936604387197	1705.3448024994739	12.908975660593343
5.7312158437875595e-5	1705.020338974009	1704.9726294933012	12.754959574363067
5.5189485903139464e-5	1704.6654031370056	1704.6187695516855	12.609010442836935
5.3218432835170196e-5	1704.32673514155	1704.281124272132	12.468743640515603
5.138331446154364e-5	1704.004494813129	1703.9598274590714	12.337939414606545
4.9670537312825516e-5	1703.6963555542693	1703.6525807428231	12.21294629554993
4.8068261915637603e-5	1703.4006814377963	1703.3577645536798	12.091627576101542
4.656612873077392e-5	1703.1182765636258	1703.076151147134	11.978620910595264
4.382694468778722e-5	1702.5679312121267	1702.5277084788695	11.703087354661557
4.13921144273546e-5	1702.0998409613076	1702.0605144991994	11.570375241497079
3.9213582089072776e-5	1701.6482333704705	1701.6100142888006	11.404797451549063
3.725290298461914e-5	1701.2237568185399	1701.186596807562	11.244269922578948
3.54789552234468e-5	1700.8242245120944	1700.788067912504	11.090118737823223
3.386627544056285e-5	1700.4483487448376	1700.4131220575532	10.945368131304209
3.2393828682277515e-5	1700.0943042756844	1700.0599317202084	10.81073494743881
3.1044085820515946e-5	1699.7588568798576	1699.725291461305	10.681999265221126
2.9802322387695312e-5	1699.4411611422922	1699.4083451195163	10.561094773233856
2.8656079218937797e-5	1699.1395477062433	1699.1074304816223	10.447117378314266
2.7594742951569732e-5	1698.8525859316017	1698.8211225584485	10.339355673518982
2.6609216417585098e-5	1698.5790759600532	1698.5482253662567	10.237352902382364
2.569165723077182e-5	1698.3179135246935	1698.2876387601736	10.140583477416845
2.4835268656412758e-5	1698.0674794029635	1698.0377582000665	10.046707561494545
2.4034130957818802e-5	1697.8286029161632	1697.7993873424457	9.960181718559818
2.328306436538696e-5	1697.5992620789305	1697.5705275066541	9.877183389469808
2.191347234389361e-5	1697.151005336854	1697.1234666817782	9.668182555060858
2.06960572136773e-5	1696.7699334548283	1696.7429085570893	9.576499231535722
1.9606791044536388e-5	1696.4023089805523	1696.3759377590666	9.458948493188453
1.862645149230957e-5	1696.0558859660835	1696.0301490392055	9.343546984201602
1.77394776117234e-5	1695.7294418743497	1695.704306515553	9.23281669375802
1.6933137720281426e-5	1695.422509487508	1695.3979216969929	9.130869752477102
1.6196914341138758e-5	1695.1319353231825	1695.1078657424978	9.033363185021264
1.5522042910257973e-5	1694.8576144424874	1694.8340145178217	8.944074411753084
1.4901161193847656e-5	1694.5966101788254	1694.5734580080884	8.858139989596447
1.4328039609468899e-5	1694.3486922484815	1694.325954137536	8.777930283854422
1.3797371475784866e-5	1694.1131908756659	1694.090829401875	8.704322799498351
1.3304608208792549e-5	1693.8875763829005	1693.8655796276948	8.632472233951672
1.284582861538591e-5	1693.6721193683354	1693.6504614175385	8.565189185786496
1.2417634328206379e-5	1693.4658934491415	1693.4445526073966	8.501736283423275
1.2017065478909401e-5	1693.268161006328	1693.247118081255	8.44169338914757
1.164153218269348e-5	1693.0783094344526	1693.0575467807068	8.384817607980665
1.0956736171946805e-5	1692.7049344732025	1692.6849268315984	8.230046599805021
1.034802860683865e-5	1692.3885951647433	1692.368840928641	8.176998076407902
9.803395522268194e-6	1692.0827796031733	1692.0633844903023	8.101598411748968
9.313225746154785e-6	1691.79358998411	1691.7745525255748	8.025866820094144
8.8697388058617e-6	1691.5211343824103	1691.5024285706781	7.955011115904442
8.466568860140713e-6	1691.2639542804977	1691.2455535985132	7.889263702272956
8.098457170569379e-6	1691.0206046381145	1691.0024846176323	7.8283029864857125
7.761021455128987e-6	1690.789847527319	1690.7719852726145	7.77189286829379
7.450580596923828e-6	1690.570528754264	1690.5529037345177	7.719609268730496
7.164019804734449e-6	1690.36166601401	1690.3442593984175	7.671156918959696
6.898685737892433e-6	1690.1617363090859	1690.1445394873651	7.624337635928934
6.6523041043962745e-6	1689.9715524098353	1689.9545377293484	7.583426830456933
6.422914307692955e-6	1689.7885484261114	1689.7717134775414	7.54285908645581
6.2088171641031895e-6	1689.6139966885655	1689.597316288065	7.50776918105502
6.0085327394547004e-6	1689.4453648773601	1689.4288398719775	7.472343301824519
5.82076609134674e-6	1689.2834549833026	1689.2670711053113	7.440010726253772
5.478368085973403e-6	1688.9625741156358	1688.946646296454	7.335034238161564
5.174014303419325e-6	1688.6908109456026	1688.674950132767	7.319000356178754
4.901697761134097e-6	1688.4281486789077	1688.4124312429585	7.2852779992230925
4.656612873077393e-6	1688.1788935496388	1688.1633259475273	7.249934638679129
4.43486940293085e-6	1687.9434023973295	1687.9279695125513	7.217993759239272
4.2332844300703565e-6	1687.7204889641973	1687.7051748347085	7.189694409037776
4.049228585284689e-6	1687.5084520099529	1687.4932483896625	7.163256545152374
3.880510727564493e-6	1687.3076226146247	1687.292505652214	7.14238778629186
3.725290298461914e-6	1687.1154717831114	1687.1004382187568	7.122253297174789
3.5820099023672247e-6	1686.9328174441916	1686.9178454715793	7.1072638703924325
3.4493428689462165e-6	1686.7572151566217	1686.7423046635474	7.092287446713424
3.3261520521981373e-6	1686.5891674798575	1686.5743058590567	7.080302002023128
3.2114571538464777e-6	1686.4278991508713	1686.41307697276	7.070562190446469
3.1044085820515948e-6	1686.2728774425887	1686.2580862880236	7.062834187502759
3.0042663697273502e-6	1686.123624271924	1686.108856651221	7.05690089210016
2.91038304567337e-6	1685.978988591979	1685.9642466282799	7.050465571126208
2.7391840429867014e-6	1685.6889479876636	1685.6744378489236	6.994208352025189
2.5870071517096626e-6	1685.4449805972515	1685.4303392950346	7.025240515024756
2.4508488805670485e-6	1685.207861394681	1685.1931630947647	7.038406431601599
2.3283064365386963e-6	1684.9824915555853	1684.9677391973084	7.050866129719101
2.217434701465425e-6	1684.7680668358998	1684.7532590146782	7.063658357799533
2.1166422150351783e-6	1684.5644516970835	1684.5495759261346	7.079418660886919
2.0246142926423447e-6	1684.3705127044416	1684.3555587128371	7.097598283177268
1.9402553637822466e-6	1684.1848412624017	1684.1698061359825	7.116434356379683
1.862645149230957e-6	1684.0080516304902	1683.9929163076492	7.139732626531831
1.7910049511836123e-6	1683.837795638825	1683.8225617665232	7.162576899408278
1.7246714344731083e-6	1683.6745384463527	1683.659195647094	7.187790030220389
1.6630760260990686e-6	1683.5175675532519	1683.50210799031	7.214752428231839
1.6057285769232388e-6	1683.3663512887301	1683.3507682444956	7.2431831261645945
1.5522042910257974e-6	1683.2204662296892	1683.204753383552	7.272971985954999
1.5021331848636751e-6	1683.0795137764555	1683.0636654015454	7.303964615545955
1.455191522836685e-6	1682.942406244813	1682.9264263978027	7.333898622238713
1.3695920214933507e-6	1682.6605118339085	1682.644519509658	7.336146758526804
1.2935035758548313e-6	1682.4261357284074	1682.4097102159922	7.434322629708233
1.2254244402835243e-6	1682.1967527020076	1682.179972904126	7.513558508009153
1.1641532182693481e-6	1681.9772469167397	1681.9601198580199	7.590411899917561
1.1087173507327124e-6	1681.7684016067954	1681.750910571133	7.670165333301329
1.0583211075175891e-6	1681.568074459207	1681.5502183202263	7.749342400801325
1.0123071463211724e-6	1681.3758235112662	1681.357596809168	7.8288913830875355
9.701276818911233e-7	1681.1921418313234	1681.1735225789198	7.912315399357127
9.313225746154785e-7	1681.014686897037	1680.9956758368194	7.994709591877762
8.955024755918062e-7	1680.8439482663105	1680.8245323714375	8.078972819478885
8.623357172365541e-7	1680.6791848881849	1680.65935427695	8.164398189654234
8.315380130495343e-7	1680.519919325059	1680.4996646019813	8.250849709612142
8.028642884616194e-7	1680.36503285913	1680.3443551561884	8.336171207348073
7.761021455128987e-7	1680.215916312839	1680.1947921602346	8.425308814458745
7.510665924318376e-7	1680.070139226588	1680.048575030883	8.512241628756232
7.275957614183425e-7	1679.9287686467123	1679.906752004775	8.600714832322364
6.847960107466753e-7	1679.626599898967	1679.6041168337852	8.690558276975615
6.467517879274156e-7	1679.378748647786	1679.3551763243415	8.897930233694176
6.127122201417621e-7	1679.1349209797188	1679.1103377013058	9.086070557362438
5.820766091346741e-7	1678.8998940497447	1678.8742966003454	9.270946820019999
5.543586753663562e-7	1678.6740213371722	1678.647386772803	9.456256825642551
5.291605537587946e-7	1678.4564785621271	1678.4287833198962	9.64208226835432
5.061535731605862e-7	1678.2459481864785	1678.2171786231852	9.826697225864708
4.850638409455617e-7	1678.0426380659596	1678.0127665479029	10.012515648864222
4.6566128730773926e-7	1677.845128352742	1677.8141418660114	10.197062883436569
4.477512377959031e-7	1677.653787779861	1677.621658550727	10.382794114424332
4.3116785861827706e-7	1677.4678653308024	1677.434570542444	10.568858337856897
4.1576900652476716e-7	1677.2869246559171	1677.252442174489	10.755130934393375
4.014321442308097e-7	1677.1098795892542	1677.0742013154525	10.939446879081137
3.8805107275644935e-7	1676.9374849316673	1676.9005834712266	11.12481563020117
3.755332962159188e-7	1676.769125952196	1676.7309797110613	11.310323765292939
3.6379788070917124e-7	1676.6044928303495	1676.5650812286133	11.495815926121516
3.4239800537333767e-7	1676.236780113205	1676.1957556460604	11.72739350482759
3.233758939637078e-7	1675.9402727429613	1675.8964171640882	12.124221142993463
3.0635611007088106e-7	1675.645913264553	1675.5993139054299	12.496634741045845
2.9103830456733704e-7	1675.3601882717226	1675.3107900393923	12.865349721224224
2.771793376831781e-7	1675.0821531833353	1675.0299053844506	13.230116442320602
2.645802768793973e-7	1674.811488373301	1674.7563327377156	13.592186803812798
2.530767865802931e-7	1674.5475428418558	1674.4894223842618	13.951614993206496
2.4253192047278083e-7	1674.2903550595759	1674.229198546423	14.31026834559063
2.3283064365386963e-7	1674.0384789693906	1673.9742388605737	14.665493558474772
2.2387561889795154e-7	1673.7923516891078	1673.7249594500586	15.019876392758476
2.1558392930913853e-7	1673.551224344869	1673.4806203900785	15.372497684127426
2.0788450326238358e-7	1673.314063192719	1673.2402074654108	15.721393056483919
2.0071607211540486e-7	1673.0808721291971	1673.0037185193862	16.06743616452981
1.9402553637822467e-7	1672.8521562830654	1672.7716377306315	16.412945649173903
1.877666481079594e-7	1672.6272318401743	1672.543293003886	16.756781344932122
1.8189894035458562e-7	1672.4058119712838	1672.3183997214733	17.098826519393093
1.7119900268666884e-7	1671.894566208015	1671.8023996510108	17.554971860086596
1.616879469818539e-7	1671.484907678792	1671.3851909472746	18.257603350992753
1.5317805503544053e-7	1671.075647976937	1670.9684722618579	18.925801658388313
1.4551915228366852e-7	1670.6742788453535	1670.5595014475514	19.583107995157594
1.3858966884158905e-7	1670.2802091921512	1670.1576917194063	20.230225146562145
1.3229013843969864e-7	1669.8937963523792	1669.763371096399	20.870448987772924
1.2653839329014654e-7	1669.5146685470804	1669.3761623152536	21.504817773325538
1.2126596023639041e-7	1669.1409539522913	1668.994249195679	22.129625223146753
1.1641532182693481e-7	1668.7733101736717	1668.618253382535	22.74830162038205
1.1193780944897577e-7	1668.41170725541	1668.2481318144064	23.36226882505804
1.0779196465456927e-7	1668.054705905876	1667.8824918565638	23.968630604996005
1.0394225163119179e-7	1667.702350804881	1667.52136855228	24.568603982676173
1.0035803605770243e-7	1667.3550137410505	1667.1651080403574	25.16434740267463
9.701276818911234e-8	1667.011360521055	1666.8124257033705	25.752934339698527
9.38833240539797e-8	1666.671512162095	1666.4634320133264	26.335512431890297
9.094947017729281e-8	1666.3360712295216	1666.1186943047965	26.914657135428886
8.559950134333442e-8	1665.5531798326438	1665.322728778714	27.70566482958206
8.084397349092696e-8	1664.9230130938597	1664.6725826672573	28.87615011492756
7.658902751772027e-8	1664.290966389063	1664.0207308004838	29.99046966063443
7.275957614183426e-8	1663.6686756645818	1663.3782465660177	31.084903707499414
6.929483442079453e-8	1663.0554278771333	1662.7444363281218	32.16046721476213
6.614506921984932e-8	1662.451589244411	1662.1196232730201	33.22114555552755
6.326919664507327e-8	1661.8557078565852	1661.5024187243928	34.26523469210036
6.063298011819521e-8	1661.2676646066354	1660.8926940680474	35.2946491549086
5.820766091346741e-8	1660.6880397417608	1660.290971061254	36.31331372665881
5.5968904724487885e-8	1660.115118361904	1659.6956238405296	37.31812452889321
5.389598232728463e-8	1659.548175638237	1659.105964720255	38.30855118471917
5.1971125815595895e-8	1658.9885983210954	1658.5232711207693	39.29031064086946
5.0179018028851214e-8	1658.434529858054	1657.945798321008	40.2594045562071
4.850638409455617e-8	1657.8860911456359	1657.3736490516496	41.217455566478534
4.694166202698985e-8	1657.3430159256402	1656.8065655491641	42.16487626781446
4.5474735088646405e-8	1656.8057989330377	1656.2449921345956	43.104308453039685
4.279975067166721e-8	1655.5533881932688	1654.958184717514	44.38950320427201
4.042198674546348e-8	1654.5388795513302	1653.8915174913298	46.279069969019936
3.829451375886013e-8	1653.5193911726715	1652.8204267102417	48.07300732653044
3.637978807091713e-8	1652.5141878530703	1651.7626658704485	49.83208496783515
3.464741721039726e-8	1651.522117941149	1650.7171560450379	51.557509515111974
3.307253460992466e-8	1650.5441452043929	1649.6847293754483	53.256632769573905
3.1634598322536636e-8	1649.5783001481516	1648.6635610740304	54.92750409732749
3.0316490059097604e-8	1648.6247699496419	1647.6537806269369	56.57429873424405
2.9103830456733704e-8	1647.6819549845234	1646.653916500355	58.195395485059194
2.7984452362243943e-8	1646.750780502298	1645.6647578826585	59.79663659386799
2.6947991163642316e-8	1645.8292734370777	1644.6845092597937	61.37476927281082
2.5985562907797947e-8	1644.9167700015203	1643.7125602694568	62.930115562117315
2.5089509014425607e-8	1644.0145073846097	1642.749974172315	64.46877420829128
2.4253192047278084e-8	1643.120510274809	1641.7949769360112	65.98685470176497
2.3470831013494924e-8	1642.2354771516063	1640.848156794918	67.48843425420354
2.2737367544323203e-8	1641.357223868131	1639.9075818424212	68.968538913338
2.1399875335833604e-8	1639.331570464035	1637.7937189484053	70.99107051757186
2.021099337273174e-8	1637.6719693873727	1636.0006009934598	73.96967531464429
1.9147256879430066e-8	1636.0035743520746	1634.2006415677386	76.78514434678239
1.8189894035458565e-8	1634.3577935291448	1632.4211524600505	79.53979048536326
1.732370860519863e-8	1632.7343689221293	1630.6618242104405	82.24071085674261
1.653626730496233e-8	1631.132595393955	1628.921949974914	84.89301883278154
1.5817299161268318e-8	1629.550941417095	1627.2001364104747	87.49849563891429
1.5158245029548802e-8	1627.987839094401	1625.4949877298636	90.05803187027323
1.4551915228366852e-8	1626.4436681277423	1623.8067201642018	92.57829736176335
1.3992226181121971e-8	1624.9161969815418	1622.133406281522	95.05713775652889
1.3473995581821158e-8	1623.4045304984218	1620.4742485592983	97.49604811979994
1.2992781453898974e-8	1621.9093548489946	1618.829720834419	99.90140284219422
1.2544754507212804e-8	1620.4291713264104	1617.198526651011	102.27230653210337
1.2126596023639042e-8	1618.962648110057	1615.579537241121	104.6079099461114
1.1735415506747462e-8	1617.5097704444067	1613.9726838240033	106.91133407203114
1.1368683772161601e-8	1616.0705064005463	1612.3778711108898	109.18554121143056
1.0699937667916802e-8	1612.7927041837925	1608.8823954624863	112.2396731969653
1.010549668636587e-8	1610.0654945799083	1605.8239523358088	116.79182737438074
9.573628439715033e-9	1607.3277975794347	1602.7614786991433	121.07143044373225
9.094947017729282e-9	1604.6276527159766	1599.7323748867975	125.24469090477092
8.661854302599316e-9	1601.9655923897649	1596.7367552328822	129.3270802618594
8.268133652481165e-9	1599.3380414237467	1593.7716980377759	133.31896068800842
7.908649580634159e-9	1596.74445088671	1590.8365263462276	137.2296902283517
7.579122514774401e-9	1594.1824516237816	1587.9292664444947	141.0614541051495
7.275957614183426e-9	1591.6508308275406	1585.0488040013288	144.8193916848066
6.996113090560986e-9	1589.1482031433202	1582.1939188276747	148.50728863718808
6.736997790910579e-9	1586.6728282194742	1579.3631842234752	152.12690797314704
6.496390726949487e-9	1584.223946779807	1576.555862962346	155.68276882700033
6.272377253606402e-9	1581.7999872095604	1573.7706960233522	159.1759902571344
6.063298011819521e-9	1579.4004083489617	1571.0071238632338	162.6107827416031
5.867707753373731e-9	1577.0237535263027	1568.264010485446	165.9876881045516
5.684341886080801e-9	1574.6696881385517	1565.5409550689858	169.31079334777075
5.349968833958401e-9	1569.4161864108364	1559.7795714237895	173.6515324935332
5.052748343182935e-9	1564.9552032392992	1554.5365259824987	180.2802749388303
4.786814219857517e-9	1560.4876855080931	1549.309315888819	186.44693701567013
4.547473508864641e-9	1556.086202249984	1544.142444224015	192.42759879669677
4.330927151299658e-9	1551.7508288739139	1539.0350097125063	198.2470019700285
4.1340668262405825e-9	1547.4762645413691	1533.9832022917567	203.9076369478034
3.9543247903170795e-9	1543.2609727622892	1528.9853027671022	209.42390974623606
3.7895612573872004e-9	1539.1012280836678	1524.0385476907725	214.80012905316315
3.637978807091713e-9	1534.9951173851146	1519.1411576386056	220.04579878874873
3.498056545280493e-9	1530.9396521568883	1514.290933119949	225.16480279335104
3.3684988954552896e-9	1526.933301330019	1509.486404538401	230.1653779879175
3.2481953634747434e-9	1522.9735153928411	1504.7257305229757	235.0506423946254
3.136188626803201e-9	1519.0590167076145	1500.007658388352	239.82769026323405
3.0316490059097605e-9	1515.187977449473	1495.3307513918728	244.50061543734748
2.9338538766868654e-9	1511.358591021648	1490.693658275489	249.07269587849353
2.8421709430404003e-9	1507.568890605124	1486.0950691505582	253.54566722143318
2.6749844169792006e-9	1499.334820600601	1476.779945859701	259.0866568776843
2.5263741715914674e-9	1492.1666204338549	1467.9096199526361	267.96001714341514
2.3934071099287583e-9	1485.0217106539176	1459.1354880752313	276.0672174542727
2.2737367544323206e-9	1478.0001403268743	1450.4869453651695	283.852137796213
2.165463575649829e-9	1471.100797655591	1441.960004217264	291.3570028344328
2.0670334131202913e-9	1464.3143267080573	1433.5495303765074	298.5836421503467
1.9771623951585398e-9	1457.639098347648	1425.2516451344222	305.56421432060347
1.8947806286936002e-9	1451.067387108544	1417.0621704253224	312.30012340614235
1.8189894035458565e-9	1444.5969014865375	1408.9775667918095	318.8140901245374
1.7490282726402464e-9	1438.2216838605991	1400.9944953639017	325.10926761146584
1.6842494477276448e-9	1431.9399648781712	1393.109731193636	331.205887430905
1.6240976817373717e-9	1425.7459035423446	1385.3205980389928	337.1026877921094
1.5680943134016004e-9	1419.6389925324536	1377.6240333553035	342.82195355668983
1.5158245029548803e-9	1413.6130857533929	1370.0180303517486	348.35693293566686
1.4669269383434327e-9	1407.668681536781	1362.499556363605	353.7316438890906
1.4210854715202002e-9	1401.8001771143875	1355.0670386423362	358.93879331024857
1.3374922084896003e-9	1389.4506212568144	1340.739692654677	364.67808468729
1.2631870857957337e-9	1378.4089522087502	1326.4424943877102	374.91538860352773
1.1967035549643792e-9	1367.491376251085	1312.4820433940472	383.95774492679976
1.1368683772161603e-9	1356.8133607282832	1298.8122320708	392.465643941027
1.0827317878249145e-9	1346.373732815275	1285.4157880085206	400.53524233626626
1.0335167065601456e-9	1336.1534794603435	1272.2878419088568	408.1540983561066
9.885811975792699e-10	1326.1498083451893	1259.4129614309381	415.39415830477975
9.473903143468001e-10	1316.3467666044196	1246.7876966111369	422.24311661530515
9.094947017729282e-10	1306.741657361415	1234.3978312981953	428.76071784850984
8.745141363201232e-10	1297.3205571178564	1222.2415819156497	434.9323434247162
8.421247238638224e-10	1288.0818411936066	1210.3047916258543	440.81417964966715
8.120488408686859e-10	1279.0127370161856	1198.5875666432642	446.3870815086536
7.840471567008002e-10	1270.112580243545	1187.0754924820512	451.70537039248387
7.579122514774401e-10	1261.3695856755257	1175.770319890085	456.7465232848683
7.334634691717164e-10	1252.7834168528238	1164.6579854783918	461.56046884763686
7.105427357601001e-10	1244.3438601284824	1153.740562638557	466.12697450578634
6.687461042448001e-10	1227.2014121520726	1133.7847920018494	469.63320944473713
6.315935428978668e-10	1211.4899355144487	1112.9795671032898	478.52308937331003
5.983517774821896e-10	1196.1428895874633	1093.0577147524057	485.78044889733343
5.684341886080801e-10	1181.2566457710182	1073.7838485817524	492.2961605610559
5.413658939124572e-10	1166.8199553551576	1055.0897395488473	498.25139208411395
5.167583532800728e-10	1152.798086279495	1036.979447540004	503.60406383318025
4.942905987896349e-10	1139.1797104396685	1019.392571295031	508.49699926932925
4.736951571734001e-10	1125.9350954658662	1002.3381044864818	512.882212107396
4.547473508864641e-10	1113.0546062935484	985.7591285854884	516.8844135797331
4.372570681600616e-10	1100.5129592603623	969.6673903852695	520.4554981200806
4.210623619319112e-10	1088.3017204494217	954.0094504085506	523.704690893968
4.0602442043434293e-10	1076.3992067231075	938.7993890523284	526.5842376572909
3.920235783504001e-10	1064.798111693991	923.9858714870246	529.1929024084245
3.7895612573872006e-10	1053.4795801823695	909.5853992663348	531.4824807110052
3.667317345858582e-10	1042.437137819102	895.5489137444174	533.542247057977
3.5527136788005004e-10	1031.654413657015	881.8942664237069	535.3254450023755
3.3437305212240007e-10	1010.5149957204595	858.2580563374378	533.4169713346246
3.157967714489334e-10	990.7641613093657	832.6550395737198	536.935013206941
2.991758887410948e-10	971.7844162082182	808.7778693979504	538.7423406019423
2.842170943040401e-10	953.5917758283027	786.0945290995043	539.8079901661374
2.706829469562286e-10	936.1421877207016	764.4024332395334	540.4175382868158
2.583791766400364e-10	919.3805150016441	743.7422397007482	540.4701770214552
2.4714529939481747e-10	903.2679585042234	723.9414875042236	540.1867524574807
2.3684757858670003e-10	887.7601497447845	705.0471443375699	539.468819985289
2.2737367544323206e-10	872.8235642229097	686.9040160929417	538.501482763206
2.186285340800308e-10	858.4223439690727	669.5628773983766	537.1912823523511
2.105311809659556e-10	844.5272242580958	652.8819519585239	535.6971059469257
2.0301221021717146e-10	831.1090438807051	636.9143976285221	533.9309814140744
1.9601178917520005e-10	818.1419679151884	621.5306344774914	532.0300274140025
1.8947806286936003e-10	805.6021721243444	606.7838853743663	529.913366675582
1.833658672929291e-10	793.4666218115449	592.5559403517133	527.699476485359
1.7763568394002502e-10	781.7157917622981	578.8997812165671	525.313832292628
1.6718652606120003e-10	759.4010566203855	556.4916997215859	516.7271552155337
1.578983857244667e-10	738.3146231642477	531.4411423455518	512.5219946505906
1.495879443705474e-10	718.4280378132582	508.7808392306655	507.2286497704444
1.4210854715202004e-10	699.6406902371808	487.76657670856224	501.5783708271012
1.353414734781143e-10	681.8461846180427	467.9861798182065	495.8862318892744
1.291895883200182e-10	664.9777772799232	449.5582814016552	489.9926488217322
1.2357264969740873e-10	648.9477626873988	432.14738317403817	484.12998039040247
1.1842378929335001e-10	633.7065755651216	415.8731099175773	478.15643921415074
1.1368683772161603e-10	619.1807473100323	400.448037811829	472.2564630071949
1.093142670400154e-10	605.3332790993924	385.98819974361453	466.30621746220197
1.052655904829778e-10	592.1018211968878	372.24449633764453	460.454776944495
1.0150610510858573e-10	579.4585631174039	359.3265587730972	454.59504015152896
9.800589458760003e-11	567.3500949060282	347.0179765861827	448.8481414865285
9.473903143468002e-11	555.7554787982189	335.42137737103087	443.1214865211999
9.168293364646455e-11	544.6284701913232	324.34683835859727	437.51491287694756
8.881784197001251e-11	533.9533404455276	313.8901935396192	431.9480480018377
8.359326303060002e-11	514.1768347535929	297.5266319303145	419.35154785624275
7.894919286223336e-11	495.4577611060517	278.8747967300019	409.5207452486644
7.47939721852737e-11	478.11552751879015	262.46960198973085	399.630036015717
7.105427357601002e-11	461.9811020958794	247.68560235751505	389.97228244904574
6.767073673905715e-11	446.8879094820484	233.98087618923554	380.7384314972067
6.45947941600091e-11	432.77462025995897	221.53807421748954	371.77244870102703
6.178632484870437e-11	419.51152076902713	209.94156500677914	363.2002964487312
5.921189464667501e-11	407.0562594897623	199.35603693818322	354.8971244263588
5.6843418860808015e-11	395.3050620904169	189.4468721378535	346.95240992316536
5.46571335200077e-11	384.22829455266066	180.35936635379315	339.2666816875839
5.26327952414889e-11	373.7416908221657	171.82034238679262	331.90453657745724
5.0753052554292866e-11	363.82421708265474	163.95637326485596	324.7866508981579
4.9002947293800014e-11	354.406655329582	156.54254132663075	317.9599190100872
4.736951571734001e-11	345.47400135641965	149.68915285111717	311.3606319558244
4.584146682323227e-11	336.96876130525027	143.20912932078124	305.0230997396402
4.4408920985006255e-11	328.8801818924148	137.19856274822357	298.8958487858431
4.179663151530001e-11	314.1160516711761	128.09371409890798	286.8116007518458
3.947459643111668e-11	300.27473683160235	117.78070910616748	276.2111911956799
3.739698609263685e-11	287.627043416727	108.87491706795544	266.22465802042757
3.552713678800501e-11	276.02184259412803	101.08477619213365	256.8461127041713
3.383536836952858e-11	265.28852742029477	93.97570280192987	248.08581189522275
3.229739708000455e-11	255.37223525340434	87.68805329436725	239.84533317903916
3.0893162424352184e-11	246.14767237803974	81.91191066642064	232.1187530297867
2.9605947323337503e-11	237.5765026274806	76.76139242904723	224.8339014318328
2.8421709430404007e-11	229.56378978830898	72.0044844536502	217.97909945803283
2.732856676000385e-11	222.08187407522996	67.73298780127082	211.5008301550592
2.631639762074445e-11	215.05751709006623	63.77002852915127	205.38529430885592
2.5376526277146433e-11	208.4701421429652	60.189118144575545	199.5922599252948
2.4501473646900007e-11	202.26242970112952	56.853698552030934	194.10756664684442
2.3684757858670004e-11	196.41873294084968	53.82302788437677	188.90050375646547
2.2920733411616136e-11	190.8935868915163	50.990294342398265	183.95747171339485
2.2204460492503128e-11	185.67482235844687	48.403418739647776	179.25470345894723
2.0898315757650004e-11	176.19636306859485	44.52468245669435	170.47789009349754
1.973729821555834e-11	167.46947389153823	40.308475791707785	162.54615179959785
1.8698493046318424e-11	159.5677033130543	36.693744470075636	155.29140690124393
1.7763568394002505e-11	152.38804760166576	33.60383457957296	148.63680349562233
1.691768418476429e-11	145.81229507643573	30.837048872844402	142.5142161760411
1.6148698540002275e-11	139.78694176740632	28.436181170160772	136.86406646429162
1.5446581212176092e-11	134.22965902418898	26.269229280095196	131.63407216514966
1.4802973661668752e-11	129.1018421671831	24.367148333971567	126.78141714395876
1.4210854715202004e-11	124.34420369287076	22.63921302741502	122.26588659766655
1.3664283380001925e-11	119.92800806951016	21.107527687702397	118.05591638894414
1.3158198810372225e-11	115.80959085144292	19.70832828444924	114.12030112741111
1.2688263138573216e-11	111.96701262212859	18.457340063235506	110.43522315508754
1.2250736823450003e-11	108.36749691332827	17.308962256028188	106.97623199982137
1.1842378929335002e-11	104.9939563230672	16.27444965356552	103.72498808312153
1.1460366705808068e-11	101.82136581611317	15.320669319316412	100.66214595500584
1.1102230246251564e-11	98.83618338730506	14.45569336002588	97.77333008571355
1.0449157878825002e-11	93.4100235875468	13.144620839134847	92.48054633068206
9.86864910777917e-12	88.4981581736239	11.801928798892883	87.70768767188893
9.349246523159212e-12	84.07572254671256	10.653272799674411	83.39805093890088
8.881784197001252e-12	80.07675435497406	9.67674901944208	79.48991833208525
8.458842092382144e-12	76.43822475925919	8.820040545342792	75.9276569447888
8.074349270001138e-12	73.11733260227783	8.079053477409124	72.66961690955364
7.723290606088046e-12	70.07133160733689	7.422522214412497	69.67709578621889
7.401486830834376e-12	67.2697618092167	6.8469554111596365	66.92040089140487
7.105427357601002e-12	64.68258405346575	6.3327204817212	64.37183647476627
6.8321416900009626e-12	62.28751348627447	5.8768133202017045	62.00965571185123
6.5790994051861124e-12	60.06283959315726	5.466522006513023	59.81355897407918
6.344131569286608e-12	57.991882747357685	5.099301834411917	57.767253573152026
6.125368411725002e-12	56.0585688708738	4.7666998697430545	55.855543289831964
5.921189464667501e-12	54.250170526382384	4.466593108650866	54.06598328101803
5.730183352904034e-12	52.55453382534236	4.193221421751614	52.38698234969464
5.551115123125782e-12	50.961783314394616	3.9448302532811534	50.808873957765556
5.224578939412501e-12	48.0625279935378	3.563930330602421	47.930209656626964
4.934324553889585e-12	45.46261704494	3.1883087645248915	45.35068065417457
4.674623261579606e-12	43.12939221872347	2.868765575726492	43.03387801753417
4.440892098500626e-12	41.024106975761654	2.5956569557022386	40.94190906793491
4.229421046191072e-12	39.114654410894495	2.3594362457012226	39.043427747652736
4.037174635000569e-12	37.3750987722541	2.154360533875174	37.31295671647894
3.861645303044023e-12	35.78361591402048	1.974756023666836	35.72908488233544
3.700743415417188e-12	34.3221529924702	1.816858014773646	34.27403117511396
3.552713678800501e-12	32.97534851925551	1.6771021727881277	32.93267280784231
3.4160708450004813e-12	31.730257946627468	1.552948587086353	31.692232803092022
3.2895497025930562e-12	30.575752220063787	1.4420592517541324	30.541727013009037
3.172065784643304e-12	29.502312557077136	1.3426778336080285	29.471743457939656
3.062684205862501e-12	28.50167720641586	1.253214596192289	28.474112045059737
2.9605947323337505e-12	27.566692817399083	1.1724278623443947	27.541749505004955
2.865091676452017e-12	26.691096728208397	1.099203468660279	26.668453203908587
2.775557561562891e-12	25.869410626262912	1.0326457500583772	25.848792020229705
2.6122894697062505e-12	24.37262495062779	0.9305653991704038	24.354853623494254
2.4671622769447924e-12	23.03614939537209	0.8307259671975187	23.021165768338612
2.337311630789803e-12	21.838636691108196	0.7461440069166818	21.825886503121918
2.220446049250313e-12	20.759487125473253	0.6738742548006369	20.748546917830335
2.114710523095536e-12	19.781972902125478	0.6116211908352641	19.772515556179187
2.0185873175002844e-12	18.89238383348083	0.5576254704255734	18.884152635114464
1.9308226515220115e-12	18.07936447763393	0.5104796856014879	18.07215621904923
1.850371707708594e-12	17.333438137952797	0.4690779911095547	17.327089874543073
1.7763568394002505e-12	16.64662699268589	0.4325182594396202	16.641007126639593
1.7080354225002406e-12	16.012172312971146	0.40007739620434357	16.007173399989334
1.6447748512965281e-12	15.424305941904569	0.37115555925657484	15.419839731343044
1.586032892321652e-12	14.878078633884538	0.3452638906028254	14.874071960357641
1.5313421029312504e-12	14.3692169273934	0.32199099254286423	14.365608824801344
1.4802973661668753e-12	13.894013898315835	0.30099682534386746	13.890753151565487
1.4325458382260085e-12	13.449236380956835	0.28199163295104024	13.446279781032318
1.3877787807814455e-12	13.032053219777676	0.2647329848974749	13.029364050859312
1.3061447348531253e-12	12.271754550005964	0.23829139342207512	12.26944077565938
1.2335811384723962e-12	11.594377592543497	0.21248239683925663	11.592430417712594
1.1686558153949015e-12	10.987874664703277	0.1906515880894398	10.986220533886398
1.1102230246251565e-12	10.441675175260643	0.1720232326866416	10.440258065444093
1.057355261547768e-12	9.947210010370746	0.1559978357374759	9.945986711516621
1.0092936587501422e-12	9.497461310731065	0.1421133906125935	9.496398008352537
9.654113257610057e-13	9.086624925014554	0.1300034147817932	9.085694890322964
9.25185853854297e-13	8.709860215129504	0.11937876738477207	8.70904206425675
8.881784197001252e-13	8.363097024939396	0.11000523775045538	8.362373508533187
8.540177112501203e-13	8.042889084201747	0.10169440043153347	8.042246145803576
8.223874256482641e-13	7.746298195434232	0.0942909276628361	7.745724301416112
7.93016446160826e-13	7.470804482890142	0.08766778308310154	7.470290086829342
7.656710514656252e-13	7.214234044380787	0.0817186703069495	7.213771198619072
7.401486830834376e-13	6.974701921207854	0.0763554248979622	6.974283958858369
7.162729191130043e-13	6.7505653172123905	0.07150331942758663	6.750186617958177
6.938893903907227e-13	6.540386186423442	0.06709961974489602	6.540041980644212
