# z G G_prime G_double_prime
1.5999999999999998e6	9.602690176981784e6	3787.5251948320783	9.602689430037573e6
1.0666666666666665e6	6.404905846126186e6	7195.461602664519	6.404901804327192e6
799999.9999999999	4.80600929093783e6	8367.943126505863	4.806002006045001e6
640000.0	3.846681406904452e6	8945.069559166233	3.846671006461951e6
533333.3333333333	3.2071352447838215e6	9283.829828382815	3.207121807608545e6
457142.8571428571	2.7503196820432576e6	9504.999095015557	2.750303257538472e6
399999.99999999994	2.4077097564420025e6	9660.097190077075	2.4076903774755355e6
355555.55555555556	2.141236375547396e6	9774.593579821281	2.1412140652647736e6
320000.0	1.928058259035785e6	9862.44848652211	1.9280330345577465e6
290909.0909090909	1.7536401423645655e6	9931.923191919908	1.7536120168994404e6
266666.6666666666	1.6082919037434661e6	9988.205057792835	1.6082608878557316e6
246153.84615384613	1.4853050297900771e6	10034.708944391099	1.485271132196443e6
228571.42857142855	1.3798877453059775e6	10073.77131076414	1.3798509733942985e6
213333.3333333333	1.2885260946496606e6	10107.042928947069	1.2884864548284311e6
199999.99999999997	1.208584619548032e6	10135.722194118322	1.208542117488532e6
188235.29411764705	1.1382901468200153e6	10956.088890069046	1.1382374191985454e6
177777.77777777778	1.0756672664436833e6	11141.922350757426	1.0756095600471185e6
168421.05263157893	1.0195910358192051e6	11141.046498148578	1.0195301650298561e6
160000.0	969106.9826665414	11090.682145113244	969043.5184358875
152380.95238095237	923425.1020999555	11032.049205077816	923359.2004624474
145454.54545454544	881893.4844807637	10976.778147049212	881825.1687897854
139130.4347826087	843971.8105719298	10927.504332630691	843901.0645147461
133333.3333333333	809209.2307995424	10884.243507297337	809136.0283997129
128000.0	777226.8347157299	10846.345045376018	777151.1496494033
123076.92307692306	747703.93488153	10813.07139594286	747625.7430856093
118518.51851851851	720367.3241710869	10783.754321101556	720286.6043292447
114285.71428571428	694982.8108180454	10757.824089794334	694899.5442172948
110344.8275862069	671348.4968203821	10734.803234360956	671262.6670555321
106666.66666666666	649289.3979352461	10714.292599569806	649200.9906070732
103225.80645161291	628653.1039729555	10695.95758174198	628562.1064192791
99999.99999999999	609306.2523805611	10679.516424838388	609212.653446213
94117.64705882352	573986.097348584	10500.322608371784	573890.0444985767
88888.88888888889	542626.9320189396	10485.341513478312	542525.6168750308
84210.52631578947	514567.9751699089	10473.70687914319	514461.37127550185
80000.0	489314.25197494205	10464.609312104034	489202.3396691211
76190.47619047618	466465.0658606375	10457.479904911288	466347.8302537788
72727.27272727272	445692.5678783561	10451.899099177794	445569.99771890347
69565.21739130435	426725.9201096882	10447.548714746876	426598.0070503295
66666.66666666666	409339.41913554026	10444.183258660842	409206.15720475296
64000.0	393343.46993667615	10441.61086156864	393204.8551384385
61538.46153846153	378577.64269332885	10439.680131833638	378433.67269045016
59259.259259259255	364905.2723602207	10438.270537076527	364755.94622224005
57142.85714285714	352209.2154107022	10437.285458939632	352054.53340707184
55172.41379310345	340388.4843763974	10436.646866617204	340228.44780859
53333.33333333333	329355.55545182683	10436.29141590984	329190.16651240294
51612.903225806454	319034.1971248723	10436.167341831897	318863.45878185093
49999.99999999999	309357.7059358231	10436.232183335105	309181.6218336574
47058.82352941176	291672.1870194461	10283.360712723257	291490.8526406254
44444.444444444445	275988.4061919984	10292.811705585034	275796.4074813029
42105.26315789473	261954.94269636754	10301.8324369938	261752.29559928848
40000.0	249324.23554774566	10310.290867543463	249110.96389700394
38095.23809523809	237895.89472614092	10318.173124637613	237672.02618507954
36363.63636363636	227505.96872102554	10325.502137423322	227271.53321369202
34782.608695652176	218019.0194937722	10332.310884264163	217774.04852924222
33333.33333333333	209322.1813309707	10338.634107533368	209066.70763645347
32000.0	201320.6461402261	10344.505067786453	201054.70344466125
30769.230769230766	193934.19097610816	10349.95496679448	193657.8138411743
29629.629629629628	187094.477109817	10355.012382253784	186807.70081439152
28571.42857142857	180742.92802273805	10359.703621854385	180445.78845487084
27586.206896551725	174829.04627296963	10364.052544550083	174521.579856389
26666.666666666664	169309.0671196825	10368.081032066642	168991.31073711943
25806.451612903227	164144.87258530996	10371.80887877224	163816.86352946045
24999.999999999996	159303.10925714258	10375.254250887054	158964.88517349534
23529.41176470588	150435.53353534048	10229.813206205765	150087.31016254734
22222.222222222223	142587.65238292035	10243.477545494596	142219.23139944006
21052.631578947367	135564.85813341994	10255.774398731792	135176.36573090946
20000.0	129243.33294294192	10266.613320461798	128834.91670012541
19047.619047619046	123522.87933129132	10276.082779037812	123094.69460952052
18181.81818181818	118321.52905353262	10284.309026374698	117873.73424735466
17391.304347826088	113571.57245430494	10291.413576278645	113104.32739884635
16666.666666666664	109216.58597029699	10297.50495947458	108730.05123983373
16000.0	105209.17384965457	10302.676433353106	104703.51054495007
15384.615384615383	101509.2321661396	10307.009047637046	100984.60169476908
14814.814814814814	98082.59811193075	10310.572186739084	97539.16215330416
14285.714285714284	94899.98939336611	10313.426715717897	94337.9097512793
13793.103448275862	91936.16247467126	10315.62515708484	91355.6010772611
13333.333333333332	89169.23975217114	10317.214198061658	88570.35852457352
12903.225806451614	86580.16639350528	10318.234459778047	85963.12727187226
12499.999999999998	84152.26955764522	10318.722522884435	83517.23437230366
11764.70588235294	79689.80125033273	10173.60307866021	79037.72658493795
11111.111111111111	75752.56758434164	10179.725993696715	75065.46925393528
10526.315789473683	72227.79061910558	10184.080387262115	71506.21122939698
10000.0	69053.50407937715	10186.37490535462	68298.0540859556
9523.809523809523	66179.6084675659	10186.671559938157	65390.91909011729
9090.90909090909	63565.13508742785	10185.123625805729	62743.841573576006
8695.652173913044	61176.24652286944	10181.888649851315	60322.98303423766
8333.333333333332	58984.74819005251	10177.114042650925	58100.14517027285
8000.0	56966.95701818606	10170.92677269557	56051.64083678838
7692.3076923076915	55102.834723852684	10163.44093906098	54157.42666414685
7407.407407407407	53375.311421629965	10154.7538702188	52400.4278912993
7142.857142857142	51769.756714644005	10144.95424942335	50766.00844630721
6896.551724137931	50273.55788808993	10134.118237898418	49241.55024232506
6666.666666666666	48875.784743265816	10122.31658025833	47816.116961952095
6451.612903225807	47566.91711722557	10109.610458307885	46480.18266334889
6249.999999999999	46338.62560652785	10096.057755695187	45225.4114508163
5882.35294117647	44069.55944911125	9940.034125594759	42933.923552603046
5555.555555555556	42073.015111612585	9916.018436959424	40887.787650346916
5263.157894736842	40282.821511749295	9889.81251774481	39049.9336402933
5000.0	38667.91553094458	9860.849209820059	37389.454988933125
4761.9047619047615	37203.24486254135	9829.173886352479	35881.31504019963
4545.454545454545	35868.34749336016	9795.016966636711	34505.01404908764
4347.826086956522	34646.328333464466	9758.62186536252	33243.60639700649
4166.666666666666	33523.11508603404	9720.23449317691	32082.959440630424
4000.0	32486.886253396744	9680.065055699006	31011.193446215082
3846.1538461538457	31527.64245085007	9638.315522106877	30018.246324609925
3703.7037037037035	30636.86388773527	9595.155073608472	29095.539657978905
3571.428571428571	29807.250507643173	9550.748309849294	28235.71124564255
3448.2758620689656	29032.50723070307	9505.232607899552	27432.408373501392
3333.333333333333	28307.180522333056	9458.744050395104	26680.116755986415
3225.8064516129034	27626.51860010303	9411.395743608125	25974.028569304257
3124.9999999999995	26986.36554578827	9363.301662883181	25309.9290267823
2941.176470588235	25798.334263032764	9176.543735662492	24111.09901714652
2777.777777777778	24750.054980841698	9084.154681623364	23022.670463589304
2631.578947368421	23805.99566048587	8991.047937407406	22042.832993386175
2500.0	22950.55137808352	8896.617009991109	21156.039665674394
2380.9523809523807	22171.179036845555	8800.997983184125	20349.53597465674
2272.7272727272725	21457.656505951018	8704.596414437729	19612.77705958898
2173.913043478261	20801.536811972543	8607.772307293151	18937.005825780536
2083.333333333333	20195.789387557503	8510.90830203358	18314.86688078721
2000.0	19634.49712149203	8414.283212537921	17740.161082500952
1923.0769230769229	19112.657594394303	8318.183793387107	17207.60002731323
1851.8518518518517	18625.998131910415	8222.804596668073	16712.668577308195
1785.7142857142856	18170.859838364624	8128.353571638962	16251.461949003744
1724.1379310344828	17744.078147518838	8034.960963778455	15820.610342708398
1666.6666666666665	17342.913380356156	7942.775271747707	15417.16463883842
1612.9032258064517	16964.970057093436	7851.8790295809495	15038.557269329522
1562.4999999999998	16608.15478456434	7762.376076778223	14682.517597153033
1470.5882352941176	15945.32613608851	7548.446279914249	14045.43998404735
1388.888888888889	15353.454300028085	7384.869193027866	13460.767658083949
1315.7894736842104	14816.789283215312	7227.776948789861	12934.314247061806
1250.0	14327.374337083427	7076.542480624581	12457.776764528753
1190.4761904761904	13878.77162226289	6930.879477886151	12024.275920235126
1136.3636363636363	13465.736795156668	6790.837219326893	11628.009171695761
1086.9565217391305	13083.896566150648	6656.257711969588	11264.216911333611
1041.6666666666665	12729.612079807575	6527.128386825989	10928.84343031198
1000.0	12399.78832632319	6403.227629196763	10618.541635568987
961.5384615384614	12091.810723102835	6284.464007043808	10330.411352289686
925.9259259259259	11803.419991830135	6170.577243806108	10062.042535278686
892.8571428571428	11532.684138438754	6061.4332625316665	9811.311341552235
862.0689655172414	11277.911128875408	5956.762115070912	9576.443209003419
833.3333333333333	11037.639272191827	5856.413103003978	9355.848773360685
806.4516129032259	10810.57343217869	5760.1240541385305	9148.194839063193
781.2499999999999	10595.585147488444	5667.742909758298	8952.268702768155
735.2941176470588	10196.721609636526	5483.260992273474	8596.91691683947
694.4444444444445	9836.877422304926	5324.336362704725	8271.372299578385
657.8947368421052	9509.178467431926	5176.913662409002	7976.467893587612
625.0	9209.249142962866	5039.988821587114	7707.709287164328
595.2380952380952	8933.453572861348	4912.303893174394	7461.626042597744
568.1818181818181	8678.829191125244	4793.164156603722	7235.167827810006
543.4782608695652	8442.85411338972	4681.591891204122	7025.9862613154555
520.8333333333333	8223.43810711872	4577.035475085308	6831.960228325611
500.0	8018.769456350114	4478.714358339445	6651.449563102587
480.7692307692307	7827.326597826154	4386.189894739437	6482.929883650016
462.96296296296293	7647.77114694539	4298.839567396307	6325.217932201098
446.4285714285714	7478.966771290682	4216.316694168648	6177.185240912315
431.0344827586207	7319.9014411954295	4138.123996907442	6037.953866587066
416.66666666666663	7169.7079355681635	4063.987297839472	5906.66734498808
403.2258064516129	7027.605617849501	3993.5071499787505	5782.658675998305
390.62499999999994	6892.920191422467	3926.465506300864	5665.2641062133225
367.6470588235294	6643.166469285229	3798.36772358507	5450.143427017564
347.22222222222223	6417.00158567294	3684.992585871923	5253.450198926224
328.9473684210526	6210.656040314984	3580.3936986064646	5074.744270806177
312.5	6021.512309357062	3483.9896753674334	4911.255077235527
297.6190476190476	5847.3450986548305	3394.6297719938416	4761.085318901112
284.09090909090907	5686.3468536051	3311.709160924674	4622.458542047966
271.7391304347826	5536.958983649929	3234.334495589157	4494.106714049377
260.41666666666663	5397.897806284186	3162.0557496640863	4374.780470275499
250.0	5268.039687261111	3094.2125156061065	4263.577260332533
240.38461538461536	5146.446960044304	3030.4766388755575	4159.582629757314
231.48148148148147	5032.28781930538	2970.352555998043	4062.1332313705807
223.2142857142857	4924.860159849007	2913.595885932398	3970.542356850735
215.51724137931035	4823.533935694029	2859.826631166018	3884.3109129503982
208.33333333333331	4727.772103116657	2808.8586247986	3802.912342521533
201.61290322580646	4637.087930085336	2760.3948327355565	3725.963612107604
195.31249999999997	4551.063003495541	2714.2906749811636	3653.0535984975854
183.8235294117647	4391.563588114468	2627.956960983293	3518.475942744568
173.61111111111111	4246.717757432997	2549.683902222212	3396.1336413700888
164.4736842105263	4114.335753584654	2477.212476981338	3284.9926997046723
156.25	3992.810151824784	2410.411412693344	3183.150912236605
148.8095238095238	3880.750074234402	2348.474115400485	3089.480614595959
142.04545454545453	3777.0241932282543	2290.974482726377	3002.8898873798476
135.8695652173913	3680.6522954288243	2237.2640786619004	2922.6444809751647
130.20833333333331	3590.8290617245293	2187.0388125888335	2847.9667453738793
125.0	3506.8469570045154	2139.8332099199006	2778.3249294450284
120.19230769230768	3428.116942454417	2095.4335021805146	2713.142865586426
115.74074074074073	3354.1144552476912	2053.4941220456503	2652.02670982505
111.60714285714285	3284.3977190620158	2013.8578450172006	2594.5413770149144
107.75862068965517	3218.5687348813826	1976.2601606253713	2540.3898280935005
104.16666666666666	3156.2890440075907	1940.5819125487353	2489.237306889611
100.80645161290323	3097.2506688270673	1906.6161941730145	2440.8556683398806
97.65624999999999	3041.1895195586085	1874.2707735983251	2394.982831067533
91.91176470588235	2937.273901790771	1815.2401481585325	2309.2165724882907
86.80555555555556	2842.5785262689255	1759.8893764060738	2232.272846409743
82.23684210526315	2755.8639348162997	1708.5032510646438	2162.3604390394125
78.125	2676.126998066904	1661.148696491152	2098.1517385375932
74.4047619047619	2602.4822981836774	1617.224856714397	2038.9943293654576
71.02272727272727	2534.2095043560353	1576.4178373424047	1984.218892682246
67.93478260869566	2470.68221849981	1538.2576342691084	1933.3996160711183
65.10416666666666	2411.3872585606664	1502.5389165128474	1886.0448868235146
62.5	2355.8716974548915	1468.9313296157443	1841.8393534025474
60.09615384615384	2303.7594854836643	1437.2939663568363	1800.4149025239128
57.87037037037037	2254.713972566462	1407.3810800772992	1761.537281333237
55.80357142857142	2208.452522483241	1379.0894821776824	1724.9274605644964
53.87931034482759	2164.7190594391113	1352.2301155940481	1690.4089211724654
52.08333333333333	2123.2966119557336	1326.7249968242404	1657.7663542081002
50.403225806451616	2083.9865420453007	1302.4254946289693	1626.8643884375902
48.82812499999999	2046.619233010701	1279.271411881715	1597.5340183143123
45.955882352941174	1977.3885645037276	1238.3039359789677	1541.6448673962202
43.40277777777778	1914.0537487229858	1198.3487927176075	1492.5019008338875
41.118421052631575	1855.943915221978	1161.248776442874	1447.7669341642709
39.0625	1802.4198787714624	1127.102806365849	1406.5406795655647
37.20238095238095	1752.9040046548178	1095.4276273510743	1368.470227213911
35.51136363636363	1706.9284351372023	1065.9875143783074	1333.1448915513631
33.96739130434783	1664.0836495557382	1038.432701841062	1300.3199285044495
32.55208333333333	1624.0361470113896	1012.6234489013598	1269.6799429520477
31.25	1586.4890235357027	988.3168448617689	1241.0387729485915
30.04807692307692	1551.197347972947	965.4191197118414	1214.1577886144441
28.935185185185183	1517.9397353011357	943.7490842073796	1188.8981058374238
27.90178571428571	1486.531695960901	923.2389039100332	1165.0778555115505
26.939655172413794	1456.804331276056	903.7487526123631	1142.5922508822973
26.041666666666664	1428.6157413407484	885.227946250249	1121.3003253295444
25.201612903225808	1401.8345553567633	867.5662692182503	1101.1216504578506
24.414062499999996	1376.3496555198042	850.7250374318072	1081.9451395223946
22.977941176470587	1329.1671231826006	821.8147487637217	1044.6558093764336
21.70138888888889	1285.8116689897179	792.478608272157	1012.5657033206038
20.559210526315788	1245.9576754246045	765.2740123246481	983.242704020741
19.53125	1209.1870339180643	740.2506357329147	956.1183395859435
18.601190476190474	1175.1118851648507	717.0122589449552	931.0109361217739
17.755681818181817	1143.4223131445422	695.3908799009841	907.6596886208787
16.983695652173914	1113.8438037878789	675.1256546436266	885.919505191451
16.276041666666664	1086.1556832380427	656.1257419750465	865.5825662223068
15.625	1060.1584110997817	638.2099984422939	846.5363869993427
15.02403846153846	1035.6896916607693	621.3187276444892	828.6230603179063
14.467592592592592	1012.6002766174396	605.3161786493524	811.7583655688805
13.950892857142856	990.7677513712885	590.1598152054573	795.8216695177254
13.469827586206897	970.0779105483875	575.7444466717862	780.7493097406644
13.020833333333332	950.4364890817774	562.0387714369845	766.4476101989625
12.600806451612904	931.7544011336199	548.9595234543998	752.8676547977002
12.207031249999998	913.9577545176152	536.4831587188137	739.9355360124052
11.488970588235293	881.0534732448355	515.6563149031939	714.3905007887815
10.850694444444445	850.6576791333841	493.7880582908449	692.6700805996695
10.279605263157894	822.6722456791598	473.5785104843968	672.6908786494522
9.765625	796.8154174365202	455.0083599202854	654.1270533063038
9.300595238095237	772.8187408715311	437.7591909596233	636.8796565856337
8.877840909090908	750.4736927915611	421.72021563892184	620.7759847913446
8.491847826086957	729.5911401959161	406.69428504987303	605.7251772546272
8.138020833333332	710.0229103079773	392.6248466105424	591.5896068950653
7.8125	691.6309517781233	379.37219454119196	578.2993268771049
7.51201923076923	674.3061727999461	366.8996959737848	565.7503228195766
7.233796296296296	657.9448335797065	355.1013436579337	553.8902777324745
6.975446428571428	642.4645502497989	343.9514701911177	542.6399215695847
6.734913793103448	627.7855590200414	333.36707347364126	531.9596812143997
6.510416666666666	613.8443465202869	323.32962045725446	521.7881162789027
6.300403225806452	600.5783927890557	313.7727722342808	512.0947698322054
6.103515624999999	587.937854106242	304.68286643027227	502.83125518894064
5.744485294117647	564.64676316104	289.93121959422234	484.52642348260684
5.425347222222222	543.0302794936673	274.1191383982351	468.76495433295736
5.139802631578947	523.1361970878075	259.6382423367022	454.15797231778424
4.8828125	504.76705192170044	246.42590457526543	440.5270142227225
4.650297619047619	487.7292137330406	234.2292211911134	427.8042284373244
4.438920454545454	471.8795895434178	222.9798961626374	415.87295287739494
4.2459239130434785	457.0818511794768	212.51942171813073	404.67185974595355
4.069010416666666	443.23423172876625	202.8126734438237	394.1111564860332
3.90625	430.2363646491491	193.7434887189863	384.14423078514614
3.756009615384615	418.01311880643254	185.2891867343104	374.70372932974465
3.616898148148148	406.4884449418396	177.36019968316674	365.7543102132662
3.487723214285714	395.60544528834424	169.9408640729975	357.2446935363941
3.367456896551724	385.305171719301	162.9602596942052	349.14757497945936
3.255208333333333	375.54363947872486	156.40731195548358	341.42316547033903
3.150201612903226	366.2742858315889	150.2248480493767	334.04991766198975
3.0517578124999996	357.4625023129839	144.4049171849622	326.9964226909282
2.8722426470588234	341.3316840077055	135.25600650215748	313.3897433111436
2.712673611111111	326.37617399182597	125.4486995429977	301.30388436346675
2.5699013157894735	312.68451955100124	116.6404319823138	290.1148365627303
2.44140625	300.1120556607147	108.76421904514481	279.70983287757275
2.3251488095238093	288.51143136734254	101.61916236172605	270.0229469332819
2.219460227272727	277.78092180338825	95.16431898545956	260.97124920184945
2.1229619565217392	267.8160841342167	89.26705350612463	252.50118431270874
2.034505208333333	258.5442739471839	83.9055029636384	244.55062494971332
1.953125	249.88809251442729	78.98147656162799	237.07801488253605
1.8780048076923075	241.79382366258235	74.48141043132983	230.0364594179187
1.808449074074074	234.20261310695255	70.3302203970207	223.39320510040451
1.743861607142857	227.07377278584542	66.51921935759104	217.1121639688906
1.683728448275862	220.36162285042877	62.989833864662515	211.16705627293484
1.6276041666666665	214.0347395917392	59.736543854550874	205.52959660452052
1.575100806451613	208.05706438656622	56.712990360681395	200.17836737646007
1.5258789062499998	202.40391972373328	53.91574757637924	195.0908477679351
1.4361213235294117	192.12067470847026	49.65526135376572	185.59285727184403
1.3563368055555556	182.68171159623822	45.1610402131611	177.01154820687944
1.2849506578947367	174.1178933317258	41.22576942133587	169.16700834943288
1.220703125	166.32394399860922	37.80879282444118	161.9695944688724
1.1625744047619047	159.18990936190582	34.7745874215941	155.3452777277433
1.1097301136363635	152.64388135235595	32.105497626991664	149.22932532325996
1.0614809782608696	146.60883102293369	29.712927478699907	143.5663305742563
1.0172526041666665	141.03376667288325	27.588644758000246	138.30903810799256
0.9765625	135.86263651095285	25.670110264877117	133.41552173078043
0.9390024038461537	131.05809514028712	23.953153126337067	128.85057530762833
0.904224537037037	126.5783828509736	22.39246968359973	124.58195819072967
0.8719308035714285	122.3954737076033	20.985966342415956	120.58292250888431
0.841864224137931	118.4776439422867	19.70020914799406	116.82830938450046
0.8138020833333333	114.8034288065739	18.534220560513738	113.29744010329762
0.7875504032258065	111.34832503499572	17.462958824375143	109.97042582984406
0.7629394531249999	108.09559686674632	16.486026797970208	106.83103005398172
0.7180606617647058	102.18518904273836	15.012261011852768	101.07643087788657
0.6781684027777778	96.83122460370242	13.498847569609357	95.88569847764117
0.6424753289473684	92.00733595320499	12.19525340439063	91.19553532716733
0.6103515625	87.64377193132304	11.08445531697005	86.94001155208034
0.5812872023809523	83.67281337614811	10.111038717772288	83.05965683969217
0.5548650568181818	80.04740406779973	9.267323733139472	79.50914166823077
0.5307404891304348	76.72139777598196	8.519697366988066	76.24688605756556
0.5086263020833333	73.66158517602464	7.863382709677421	73.24067410261787
0.48828125	70.83534809460244	7.276648150653125	70.46060552801895
0.46950120192307687	68.21850404007346	6.7560596792634975	67.88313451127422
0.4521122685185185	65.787372017762	6.287161475224694	65.48625747122723
0.43596540178571425	63.52390274976355	5.867319610455061	63.25235790980591
0.4209321120689655	61.4105062292422	5.486695570409866	61.164911894397754
0.40690104166666663	59.43343059370387	5.1432012977239205	59.210473334940545
0.39377520161290325	57.57934705301526	4.830005081249765	57.376408548868575
0.38146972656249994	55.83759130204596	4.54541879214906	55.652275518780876
0.3590303308823529	52.667700605675016	4.110465150790548	52.507054414937016
0.3390842013888889	49.823371723719895	3.6791175708604102	49.68734711996362
0.3212376644736842	47.27016736865271	3.3113220196101034	47.15404404229699
0.30517578125	44.966211595346714	2.997467404837929	44.8661941153295
0.29064360119047616	42.87616952671102	2.7255248922102697	42.789454627807594
0.2774325284090909	40.97192367147771	2.4896116788088416	40.8962145317893
0.2653702445652174	39.229502789318545	2.282703382476274	39.16303300773298
0.25431315104166663	37.62929986456682	2.1008775950652168	37.570607150111925
0.244140625	36.15445922966104	1.9397667240638246	36.10238534010512
0.23475060096153844	34.79089804170451	1.796672932586564	34.74447514241062
0.22605613425925924	33.52641390015263	1.6687595238682136	33.48485733366422
0.21798270089285712	32.350636752729024	1.5541300725615153	32.313284853517786
0.21046605603448276	31.254512891065662	1.4508730507538419	31.220819070748064
0.20345052083333331	30.23024080997156	1.3576297374093202	30.199740080420753
0.19688760080645162	29.270960049665092	1.2730709399904216	29.243262345553063
0.19073486328124997	28.370690885303198	1.1962061536314668	28.345461579368223
0.17951516544117646	26.730842353330154	1.0783296105525213	26.709083439339413
0.16954210069444445	25.26624565981802	0.9629222508657279	25.24789002037716
0.1606188322368421	23.953810564476537	0.8650931742373188	23.93818402382929
0.152587890625	22.77100866118161	0.7814953981743524	22.757594345410066
0.14532180059523808	21.69952320098995	0.7094494016197523	21.687922645953037
0.13871626420454544	20.724353556907875	0.6469490964998388	20.714253238247768
0.1326851222826087	19.8330645947961	0.5923566578356244	19.824216625412273
0.12715657552083331	19.01528394704567	0.5444075006268477	19.0074891571726
0.1220703125	18.26227402780967	0.5020529058656779	18.25537169017721
0.11737530048076922	17.566635251537345	0.46446417956142505	17.56049393059486
0.11302806712962962	16.922049250953194	0.4309443218227459	16.91656105250634
0.10899135044642856	16.323096285888195	0.4009321926416476	16.31817164192363
0.10523302801724138	15.765094646820895	0.3739498243919423	15.760658956784075
0.10172526041666666	15.243984255509826	0.3496063886402464	15.239974781975636
0.09844380040322581	14.75622265845745	0.3275652475969607	14.752586490325681
0.09536743164062499	14.298708488534343	0.30754746602811617	14.29540062384485
0.08975758272058823	13.464934171760147	0.27687705150699515	13.462087183946734
0.08477105034722222	12.721994819956011	0.24693002237372239	12.719598176162567
0.08030941611842105	12.056759683877567	0.22159238914634477	12.054723177570189
0.0762939453125	11.457644355376056	0.19996883430540324	11.45589920694082
0.07266090029761904	10.915255828900277	0.18136295876160805	10.913749002406584
0.06935813210227272	10.42190187602005	0.1652409075905368	10.420591833281298
0.06634256114130435	9.971219507549598	0.15117685461440938	9.970073421312732
0.06357828776041666	9.557902239259764	0.13883649187024544	9.556893828214896
0.06103515625	9.17748756433455	0.12794761714020678	9.176595632410935
0.05868765024038461	8.826197144331475	0.11829226358245522	8.825404408353286
0.05651403356481481	8.500809265021118	0.10968987858458425	8.500101545911377
0.05449567522321428	8.198560991337741	0.10199344761222308	8.197926546714667
0.05261651400862069	7.9170684751257845	0.09507940132252939	7.91649753030181
0.05086263020833333	7.654264776655599	0.08884567173464895	7.653749128222365
0.049221900201612906	7.4083483292242285	0.08320538576267446	7.407881062145875
0.04768371582031249	7.177742143589458	0.07808589002298227	7.177317386993521
0.044878791360294115	6.75736282535882	0.07024615363898183	6.7569976936092155
0.04238552517361111	6.383230776498808	0.06260155445678141	6.382923796460457
0.04015470805921052	6.048356275074758	0.05614008565259963	6.048095726839905
0.03814697265625	5.746868370900852	0.05063048880695484	5.7466453367215715
0.03633045014880952	5.474010816581548	0.04589392462283323	5.473818426631861
0.03467906605113636	5.2258902006466785	0.04179275436184244	5.22572308440639
0.033171280570652176	4.9992882230377695	0.03821781184275836	4.99914213999383
0.03178914388020833	4.791521872991679	0.03508309630187698	4.791393433617361
0.030517578125	4.600336228435196	0.03231892823268579	4.600222701297325
0.029343825120192304	4.423822631150192	0.02986934209449145	4.423721792142839
0.028257016782407406	4.260354445647293	0.02768817771830269	4.260264471527711
0.02724783761160714	4.108537014968028	0.025737750983933362	4.1084563976677035
0.026308257004310345	3.9671675706601244	0.0239865055841266	3.967095055736277
0.025431315104166664	3.835203460314363	0.0224083181862271	3.83513799612
0.024610950100806453	3.7117362496154795	0.02098102719065052	3.7116769502756584
0.023841857910156247	3.5959708926340888	0.01968606326740835	3.595917006770962
0.022439395680147058	3.3849050629045414	0.0177038021253582	3.3848587651875675
0.021192762586805556	3.19717440607726	0.015772460846554422	3.1971355010938027
0.02007735402960526	3.029173772769664	0.014141043093455988	3.029140765388071
0.019073486328125	2.8779480446886834	0.012750676341399992	2.8779197987748466
0.01816522507440476	2.7411041148301325	0.011555955381540384	2.741079755905308
0.01733953302556818	2.6166834883495618	0.010521899306049541	2.616662333553228
0.016585640285326088	2.503067796170761	0.009620847702919648	2.5030493066491175
0.015894571940104164	2.3989081111505755	0.00883097200621035	2.3988918566032624
0.0152587890625	2.303071051713667	0.008134650505266964	2.3030566855165886
0.014671912560096152	2.214597429468185	0.007517693274214271	2.214584669615259
0.014128508391203703	2.1326699853339224	0.006968446813427602	2.1326586006891026
0.01362391880580357	2.056588102126929	0.006477364564481494	2.0565779016507846
0.013154128502155173	1.9857476903478255	0.006036492126595064	1.9857385151334828
0.012715657552083332	1.9196251341622275	0.0056392163057680375	1.9196168510790914
0.012305475050403226	1.8577643098985235	0.00527995811922824	1.8577568067901127
0.011920928955078123	1.7997660610682629	0.004954019500847449	1.7997592428610987
0.011219697840073529	1.6940136202645406	0.004455106326692266	1.6940077619861702
0.010596381293402778	1.599982065913286	0.003969026560002949	1.5999771429843341
0.01003867701480263	1.5158407641356315	0.0035584515389088067	1.515836587379372
0.0095367431640625	1.4401072651357947	0.0032085169504776035	1.4401036908903042
0.00908261253720238	1.3715812910018277	0.0029078225996308645	1.3715782086319284
0.00866976651278409	1.3092806585593841	0.0026475419850543235	1.309277981713254
0.008292820142663044	1.2523938885902153	0.0024207321784117286	1.2523915490907152
0.007947285970052082	1.2002446694101	0.0022218890707329368	1.2002426128313883
0.00762939453125	1.1522648338956025	0.002046589137411056	1.1522630163748915
0.007335956280048076	1.1079735778589745	0.0018912565645991684	1.1079719637166927
0.007064254195601851	1.0669612869540706	0.00175296502709291	1.0669598469353476
0.006811959402901785	1.0288768336850114	0.0016293101259994287	1.0288755436116692
0.006577064251077586	0.993417495934066	0.0015182934320991106	0.9934163356885994
0.006357828776041666	0.9603208956108396	0.0014182501118270958	0.960319848338784
0.006152737525201613	0.9293584925584847	0.0013277777039412484	0.9293575440576937
0.005960464477539062	0.9003303016694636	0.001245693944180715	0.9003294399000983
0.005609848920036764	0.8473988327891243	0.0011200393505378956	0.8473980925894413
0.005298190646701389	0.8003412343947774	0.0009976259018927706	0.8003406126238478
0.005019338507401315	0.7582351043985551	0.0008942300522545421	0.7582345770900332
0.00476837158203125	0.7203379977302474	0.0008061128607886525	0.7203375466793867
0.00454130626860119	0.686048835388709	0.0007304003011210445	0.6860484465791057
0.004334883256392045	0.6548757924780783	0.000664872692381975	0.6548754549668921
0.004146410071331522	0.6264125493744631	0.0006077781810153538	0.626412254525322
0.003973642985026041	0.600320487883714	0.0005577326687179573	0.6003202288006049
0.003814697265625	0.5763151509597141	0.000513619177355711	0.5763149220877928
0.003667978140024038	0.5541558333251391	0.00047453850827635226	0.5541556301450735
0.0035321270978009257	0.5336374785747433	0.0004397513111631183	0.5336372973831515
0.0034059797014508925	0.5145843174670031	0.00040865294585912525	0.5145841552027727
0.003288532125538793	0.4968448175140045	0.0003807382958867229	0.4968446716317631
0.003178914388020833	0.48028764640204635	0.0003555886923875064	0.48028751476912135
0.0030763687626008066	0.46479841303192093	0.0003328495746234545	0.4647982938524547
0.002980232238769531	0.4502770224989996	0.00031222362649289975	0.4502769142505217
0.002804924460018382	0.4237974174021848	0.0002806528100174933	0.42379732447334056
0.0026490953233506945	0.4002581353908965	0.00024991489822125655	0.40025805736941866
0.0025096692537006577	0.3791961827001326	0.00022396152502258263	0.3791961165618494
0.002384185791015625	0.36024002909706054	0.0002018519892884108	0.36023997254555945
0.002270653134300595	0.34308889822575905	0.00018286084930424807	0.3430888494948139
0.0021674416281960225	0.3274966926486815	0.00016642991506445593	0.32749665035982933
0.002073205035665761	0.3132601067220863	0.00015211746675294546	0.3132600697883617
0.0019868214925130205	0.3002097147052816	0.00013957549135958525	0.3002096822590984
0.0019073486328125	0.28820319438477626	0.00012852270570101268	0.28820316572776095
0.001833989070012019	0.27712011665226155	0.00011873304407850258	0.27712009121647474
0.0017660635489004629	0.26685789092661305	0.0001100205736876617	0.26685786824688806
0.0017029898507254463	0.2573285807803685	0.00010223329574861524	0.25732856047238883
0.0016442660627693966	0.2484563771564059	9.524435734048318e-5	0.24845635890071038
0.0015894571940104165	0.24017557779989784	8.894851651800776e-5	0.24017556132894993
0.0015381843813004033	0.23242895699578497	8.325684714515957e-5	0.23242894208434084
0.0014901161193847654	0.22516644152075727	7.809461517786803e-5	0.2251664279779552
0.001402462230009191	0.2119231755249729	7.019268972073397e-5	0.21192316390044477
0.0013245476616753472	0.20015091987532624	6.25018334323373e-5	0.20015091011649205
0.0012548346268503288	0.1896177268257799	5.600917283995885e-5	0.1896177185538014
0.0011920928955078125	0.1801377540655564	5.047834828626414e-5	0.1801377469930143
0.0011353265671502975	0.17156055467789794	4.572815360299675e-5	0.17156054858365305
0.0010837208140980113	0.1637630335802241	4.1618389533168186e-5	0.16376302829181943
0.0010366025178328805	0.15664350179044967	3.803881045501188e-5	0.15664349717183765
0.0009934107462565103	0.15011721724214086	3.490202671558121e-5	0.1501172131848065
0.00095367431640625	0.14411299558332366	3.2137866824979926e-5	0.1441129919998769
0.0009169945350060095	0.13857060314314984	2.9689580004332993e-5	0.13857059996256482
0.0008830317744502314	0.13343872913719146	2.7510789867684228e-5	0.1334387263012698
0.0008514949253627231	0.12867339241546605	2.556335225634282e-5	0.12867338987614937
0.0008221330313846983	0.12423667780009921	2.3815626035987124e-5	0.12423667551742368
0.0007947285970052083	0.12009572515934225	2.224121057829603e-5	0.12009572309985407
0.0007690921906502017	0.11622191412065307	2.0817921454837675e-5	0.11622191225617742
0.0007450580596923827	0.11259020164992363	1.9527018335224108e-5	0.11259019995659489
0.0007012311150045955	0.10596770330028259	1.755095213304321e-5	0.10596770184684011
0.0006622738308376736	0.10008092217688055	1.562778517018395e-5	0.10008092095672957
0.0006274173134251644	0.09481377168784408	1.4004297182637545e-5	0.09481377065360434
0.0005960464477539062	0.09007331148697324	1.2621299960408029e-5	0.09007331060270903
0.0005676632835751488	0.08578430339847802	1.1433528941013656e-5	0.08578430263653453
0.0005418604070490056	0.08188518835628683	1.0405891121541227e-5	0.0818851876951015
0.0005183012589164402	0.07832511279775585	9.51083923659491e-6	0.07832511222031613
0.0004967053731282551	0.0750616984328734	8.726505555097608e-6	0.07506169792561136
0.000476837158203125	0.0720593472500608	8.035352089104491e-6	0.07205934680204895
0.00045849726750300476	0.06928793766147989	7.423181169179469e-6	0.06928793726383767
0.0004415158872251157	0.06672181038433893	6.878399974335672e-6	0.0667218100297893
0.00042574746268136157	0.06433897162649681	6.3914673469490585e-6	0.06433897130903093
0.00041106651569234915	0.062120461125149615	5.954472958103396e-6	0.06212046083977063
0.00039736429850260413	0.06004984657402244	5.560813895418804e-6	0.06004984631654758
0.00038454609532510083	0.058112815900502116	5.204943612782243e-6	0.05811281566740863
0.00037252902984619135	0.05629684598867129	4.88217544832801e-6	0.05629684577697526
0.0003506155575022978	0.05298538048670608	4.388095836221556e-6	0.05298538030500138
0.0003311369154188368	0.050041826611283556	3.9072469710960085e-6	0.05004182645874537
0.0003137086567125822	0.0474081128785127	3.5013295190269025e-6	0.04740811274921723
0.0002980232238769531	0.04503776432908365	3.1555433899289633e-6	0.04503776421853804
0.0002838316417875744	0.042893158188847647	2.8585706018255895e-6	0.04289315809359439
0.0002709302035245028	0.0409435120483497	2.601636349932899e-6	0.04094351196569299
0.0002591506294582201	0.03916339685541217	2.377852759965812e-6	0.03916339678322507
0.00024835268656412757	0.03753162165292469	2.181752040773911e-6	0.037531621589510934
0.0002384185791015625	0.036030385974933625	2.0089490589680547e-6	0.03603038591892706
0.00022924863375150238	0.034644627840352694	1.8558938922070428e-6	0.03464462779064308
0.00022075794361255786	0.03336151663460387	1.7196879506735072e-6	0.03336151659028144
0.00021287373134068078	0.032170054657752765	1.597945627417672e-6	0.032170054618066324
0.00020553325784617457	0.031060761109706743	1.4886890964016366e-6	0.031060761074031586
0.00019868214925130207	0.03002541927742262	1.3902674233872511e-6	0.030025419245235833
0.00019227304766255041	0.029056872652918616	1.3012938165855888e-6	0.029056872623779803
0.00018626451492309568	0.028148859278614838	1.2205964794062606e-6	0.028148859252150965
0.0001753077787511489	0.02649307244560975	1.097068714934034e-6	0.026493072422895135
0.0001655684577094184	0.025021254680698463	9.768493560957355e-7	0.02502125466162998
0.0001568543283562911	0.023704363193187437	8.753642918060403e-7	0.023704363177024537
0.00014901161193847656	0.022519159306979047	7.889131548395347e-7	0.02251915929316006
0.0001419158208937872	0.021446830713462386	7.146661986838291e-7	0.021446830701555085
0.0001354651017622514	0.020471985488851346	6.504295368490605e-7	0.020471985478518726
0.00012957531472911006	0.019581908539361818	5.944810598610881e-7	0.019581908530337987
0.00012417634328206378	0.018766003933435114	5.454537171757035e-7	0.01876600392550802
0.00011920928955078125	0.018015371073066874	5.0225114534944e-7	0.018015371066065735
0.00011462431687575119	0.017322478670933054	4.639857982088612e-7	0.01732247866471908
0.00011037897180627893	0.01668091117645764	4.299329831673638e-7	0.016680911170917103
0.00010643686567034039	0.016085169538714063	3.9949625608571404e-7	0.016085169533753055
0.00010276662892308729	0.015530513190488444	3.721811311403449e-7	0.015530513186028874
9.934107462565103e-5	0.015012833635287845	3.475748502413184e-7	0.015012833631264344
9.613652383127521e-5	0.014528552501204495	3.2533069340698344e-7	0.01452855249756201
9.313225746154784e-5	0.014074538709546223	3.051556971791556e-7	0.014074538706238121
8.765388937557444e-5	0.013246631772505077	2.742727734886289e-7	0.013246631769665654
8.27842288547092e-5	0.012510712683402854	2.442170403501833e-7	0.012510712681019217
7.842716417814555e-5	0.011852258284485858	2.1884506241760986e-7	0.011852258282465434
7.450580596923828e-5	0.011259648938602566	1.9723170220803474e-7	0.011259648936875144
7.09579104468936e-5	0.010723478261070023	1.7866949323660183e-7	0.01072347825958157
6.77325508811257e-5	0.010236050110234915	1.62609940344594e-7	0.010236050108943304
6.478765736455503e-5	0.009791006797284948	1.486224987784901e-7	0.00979100679615694
6.208817164103189e-5	0.009383050243192057	1.363653929371182e-7	0.009383050242201147
5.9604644775390625e-5	0.009007730057698797	1.2556452137504958e-7	0.009007730056823635
5.7312158437875595e-5	0.008661280522949915	1.1599799046893369e-7	0.00866128052217315
5.5189485903139464e-5	0.008340493802835988	1.0748462023049418e-7	0.008340493802143406
5.3218432835170196e-5	0.008042620321655336	9.987529521670087e-8	0.008042620321035197
5.138331446154364e-5	0.007765289754009477	9.304638987866455e-8	0.007765289753452019
4.9670537312825516e-5	0.007506447816659632	8.689471178439568e-8	0.007506447816156685
4.8068261915637603e-5	0.007264305294173292	8.133357822174311e-8	0.007264305293717973
4.656612873077392e-5	0.007037296622228963	7.6289746692676e-8	0.007037296621815443
4.382694468778722e-5	0.006623339773569488	6.856889252579307e-8	0.006623339773214554
4.13921144273546e-5	0.006255377677376048	6.105484775375224e-8	0.006255377677078089
3.9213582089072776e-5	0.005926148314142097	5.471176442147048e-8	0.00592614831388954
3.725290298461914e-5	0.005629841790517458	4.930835212403441e-8	0.005629841790301527
3.54789552234468e-5	0.005361754856567131	4.466774135180809e-8	0.005361754856381073
3.386627544056285e-5	0.005118039396524783	4.0652804603180014e-8	0.00511803939636333
3.2393828682277515e-5	0.004895516530504749	3.715590397867268e-8	0.004895516530363746
3.1044085820515946e-5	0.004691537190681017	3.4091593650664265e-8	0.004691537190557152
2.9802322387695312e-5	0.004503876159111407	3.139134722414296e-8	0.00450387615900201
2.8656079218937797e-5	0.0043306505583200075	2.8999690116349755e-8	0.004330650558222912
2.7594742951569732e-5	0.004170256455047079	2.6871326920594216e-8	0.004170256454960506
2.6609216417585098e-5	0.0040213190488821	2.496897772247593e-8	0.0040213190488045825
2.569165723077182e-5	0.0038826531666780644	2.326173566381133e-8	0.003882653166608382
2.4835268656412758e-5	0.0037532316580677714	2.1723803119562115e-8	0.0037532316580049024
2.4034130957818802e-5	0.0036321599079649474	2.0333507451085014e-8	0.003632159907908032
2.328306436538696e-5	0.003518655127965478	1.9072539647540485e-8	0.0035186551279137875
2.191347234389361e-5	0.003311675858600491	1.7142310516726965e-8	0.003311675858556124
2.06960572136773e-5	0.003127694172595564	1.526378533914986e-8	0.003127694172558319
1.9606791044536388e-5	0.002963078950036586	1.3678003448529313e-8	0.002963078950005016
1.862645149230957e-5	0.0028149252255550332	1.2327141372193529e-8	0.0028149252255280414
1.77394776117234e-5	0.0026808813597850186	1.116698138174712e-8	0.002680881359761761
1.6933137720281426e-5	0.002559023283608611	1.0163241138431624e-8	0.0025590232835884293
1.6196914341138758e-5	0.002447761548213076	9.289010847895089e-9	0.0024477615481954505
1.5522042910257973e-5	0.002345771612607547	8.522929060799382e-9	0.002345771612592064
1.4901161193847656e-5	0.0022519408621175544	7.847863973517786e-9	0.00225194086210388
1.4328039609468899e-5	0.0021653278533680467	7.2499465529462154e-9	0.0021653278533559097
1.3797371475784866e-5	0.002085130615927955	6.717853184134082e-9	0.0020851306159171334
1.3304608208792549e-5	0.0020106617464521375	6.2422636705115565e-9	0.0020106617464424477
1.284582861538591e-5	0.0019413286557551429	5.8154511998593745e-9	0.0019413286557464324
1.2417634328206379e-5	0.0018766177664662892	5.430966233585874e-9	0.0018766177664584307
1.2017065478909401e-5	0.0018160817692003336	5.0833912167725756e-9	0.0018160817691932193
1.164153218269348e-5	0.0017593292681938484	4.768147803109969e-9	0.001759329268187387
1.0956736171946805e-5	0.0016558394222524941	4.285588542406917e-9	0.0016558394222469482
1.034802860683865e-5	0.0015638484197732791	3.815955486083122e-9	0.0015638484197686234
9.803395522268194e-6	0.001481540673258532	3.4195086932634274e-9	0.0014815406732545857
9.313225746154785e-6	0.0014074636953506092	3.081791962991804e-9	0.0014074636953472352
8.8697388058617e-6	0.0013404416627670582	2.791751149010865e-9	0.001340441662764151
8.466568860140713e-6	0.0012795125381401492	2.540815268744709e-9	0.0012795125381376265
8.098457170569379e-6	0.0012238815948461144	2.3222570734452595e-9	0.0012238815948439113
7.761021455128987e-6	0.0011728865606200063	2.1307360771344354e-9	0.001172886560618071
7.450580596923828e-6	0.0011259711266987783	1.9619693991851946e-9	0.001125971126697069
7.164019804734449e-6	0.0010826645702356425	1.8124896604759857e-9	0.0010826645702341252
6.898685737892433e-6	0.0010425659050647229	1.6794659536434404e-9	0.0010425659050633702
6.6523041043962745e-6	0.0010053314287285413	1.5605683805097258e-9	0.00100533142872733
6.422914307692955e-6	0.0009706648459813014	1.4538648880572103e-9	0.0009706648459802126
6.2088171641031895e-6	0.000938309367591023	1.3577435335443038e-9	0.0009383093675900406
6.0085327394547004e-6	0.0009080413384043752	1.2708495595757408e-9	0.000908041338403486
5.82076609134674e-6	0.0008796650601494763	1.1920384944231664e-9	0.0008796650601486687
5.478368085973403e-6	0.000827920084364109	1.0713985332089474e-9	0.0008279200843634158
5.174014303419325e-6	0.000781924543255351	9.539900417761817e-10	0.000781924543254769
4.901697761134097e-6	0.000740770636189172	8.548781306768552e-10	0.0007407706361886786
4.656612873077393e-6	0.0007037321183184681	7.704488421062393e-10	0.0007037321183180463
4.43486940293085e-6	0.0006702210771020505	6.979384839556171e-10	0.000670221077101687
4.2332844300703565e-6	0.0006397564931539543	6.352044618102756e-10	0.0006397564931536389
4.049228585284689e-6	0.0006119410026078747	5.8056480871866e-10	0.0006119410026075993
3.880510727564493e-6	0.0005864434688889936	5.326844788933066e-10	0.0005864434688887516
3.725290298461914e-6	0.0005629857372593242	4.904927514084221e-10	0.0005629857372591106
3.5820099023672247e-6	0.0005413324460056866	4.531228386474613e-10	0.000541332446005497
3.4493428689462165e-6	0.0005212831018075113	4.198668398672081e-10	0.0005212831018073422
3.3261520521981373e-6	0.0005026658532398364	3.901423764908288e-10	0.0005026658532396851
3.2114571538464777e-6	0.0004853325525165529	3.634664734593428e-10	0.0004853325525164168
3.1044085820515948e-6	0.00046915480488495117	3.3943614482251543e-10	0.0004691548048848284
3.0042663697273502e-6	0.00045402078265320626	3.177125852329141e-10	0.00045402078265309513
2.91038304567337e-6	0.00043983263658786605	2.9800985043607224e-10	0.00043983263658776506
2.7391840429867014e-6	0.00041396013549148777	2.678497984302336e-10	0.00041396013549140114
2.5870071517096626e-6	0.0003909623549698293	2.384976567023957e-10	0.00039096235496975657
2.4508488805670485e-6	0.00037038539298454864	2.137196618776471e-10	0.000370385392984487
2.3283064365386963e-6	0.0003518661268200048	1.926123050005394e-10	0.00035186612681995205
2.217434701465425e-6	0.00033511059998064823	1.744847200643942e-10	0.0003351105999806028
2.1166422150351783e-6	0.0003198783025979277	1.5880117203959226e-10	0.00031987830259788826
2.0246142926423447e-6	0.0003059705526001367	1.4514128413445334e-10	0.00030597055260010226
1.9402553637822466e-6	0.00029322178158923894	1.3317117959028072e-10	0.0002932217815892087
1.862645149230957e-6	0.00028149291210714035	1.2262323567712074e-10	0.00028149291210711363
1.7910049511836123e-6	0.0002706662632247967	1.1328075541216621e-10	0.000270666263224773
1.7246714344731083e-6	0.00026064158822253864	1.049667635480975e-10	0.0002606415882225175
1.6630760260990686e-6	0.000251332961338801	9.753560757597668e-11	0.00025133296133878207
1.6057285769232388e-6	0.00024266630863975486	9.086666910453356e-11	0.00024266630863973787
1.5522042910257974e-6	0.0002345774327148293	8.485906643598725e-11	0.00023457743271481396
1.5021331848636751e-6	0.00022701041968936088	7.942818522266637e-11	0.000227010419689347
1.455191522836685e-6	0.00021991634492220415	7.450247166120126e-11	0.00021991634492219152
1.3695920214933507e-6	0.00020698009107310116	6.696247623370176e-11	0.00020698009107309034
1.2935035758548313e-6	0.0001954811983204483	5.962442528961456e-11	0.0001954811983204392
1.2254244402835243e-6	0.0001851927152147643	5.342994001855215e-11	0.0001851927152147566
1.1641532182693481e-6	0.00017593308032519354	4.815308567069123e-11	0.00017593308032518696
1.1087173507327124e-6	0.00016755531534772767	4.362119361818756e-11	0.000167555315347722
1.0583211075175891e-6	0.00015993916530420132	3.97002964911933e-11	0.0001599391653041964
1.0123071463211724e-6	0.00015298528912411626	3.62853336933137e-11	0.00015298528912411195
9.701276818911233e-7	0.00014661090258080524	3.329280719825269e-11	0.00014661090258080147
9.313225746154785e-7	0.00014074646692293705	3.065580649385216e-11	0.00014074646692293372
8.955024755918062e-7	0.000135333141667889	2.8320205385422707e-11	0.00013533314166788604
8.623357172365541e-7	0.00013032080344096058	2.6241687951646925e-11	0.00013032080344095793
8.315380130495343e-7	0.00012566648934912296	2.4383903595978037e-11	0.00012566648934912058
8.028642884616194e-7	0.00012133316241524605	2.2716678440520365e-11	0.00012133316241524392
7.761021455128987e-7	0.00011728872392550063	2.1214763150439206e-11	0.00011728872392549872
7.510665924318376e-7	0.00011350521693536989	1.9857057202448662e-11	0.00011350521693536815
7.275957614183425e-7	0.00010995817911817103	1.862561903408826e-11	0.00010995817911816945
6.847960107466753e-7	0.00010349005136838893	1.674062239481459e-11	0.00010349005136838757
6.467517879274156e-7	9.774060436910836e-5	1.4906109528794435e-11	9.774060436910722e-5
6.127122201417621e-7	9.259636228800276e-5	1.3357485672395656e-11	9.25963622880018e-5
5.820766091346741e-7	8.79665443913945e-5	1.203827199907951e-11	8.796654439139368e-5
5.543586753663562e-7	8.377766151321394e-5	1.0905298888275959e-11	8.377766151321323e-5
5.291605537587946e-7	7.996958615341046e-5	9.925074550918069e-12	7.996958615340985e-5
5.061535731605862e-7	7.649264776807048e-5	9.07133860407465e-12	7.649264776806995e-5
4.850638409455617e-7	7.330545423694681e-5	8.323197334623455e-12	7.330545423694633e-5
4.6566128730773926e-7	7.03732361788112e-5	7.663951921548096e-12	7.037323617881077e-5
4.477512377959031e-7	6.766657334781675e-5	7.080056434481714e-12	6.766657334781638e-5
4.3116785861827706e-7	6.516040405290332e-5	6.560419822963996e-12	6.516040405290299e-5
4.1576900652476716e-7	6.28332468444923e-5	6.0959761114412955e-12	6.2833246844492e-5
4.014321442308097e-7	6.0666583231464045e-5	5.679169801444955e-12	6.066658323146378e-5
3.8805107275644935e-7	5.8644363854772615e-5	5.303690973538052e-12	5.864436385477237e-5
3.755332962159188e-7	5.675261024035614e-5	4.96426445740883e-12	5.675261024035592e-5
3.6379788070917124e-7	5.497909122335353e-5	4.656407324409422e-12	5.497909122335333e-5
3.4239800537333767e-7	5.174502714215382e-5	4.185155712463301e-12	5.174502714215365e-5
3.233758939637078e-7	4.887030348677498e-5	3.72652747756793e-12	4.887030348677484e-5
3.0635611007088106e-7	4.629818231415659e-5	3.3393715090568803e-12	4.629818231415648e-5
2.9103830456733704e-7	4.398327325289673e-5	3.009568068572537e-12	4.398327325289663e-5
2.771793376831781e-7	4.188883171644487e-5	2.7263259856756878e-12	4.188883171644478e-5
2.645802768793973e-7	3.998479395203273e-5	2.481268697711625e-12	3.9984793952032654e-5
2.530767865802931e-7	3.824632468553742e-5	2.2678334980418967e-12	3.824632468553735e-5
2.4253192047278083e-7	3.6652727855111124e-5	2.0808029779016e-12	3.665272785511106e-5
2.3283064365386963e-7	3.5186618768740664e-5	1.9159856120519303e-12	3.518661876874062e-5
2.2387561889795154e-7	3.3833287302376164e-5	1.7700153407786234e-12	3.3833287302376117e-5
2.1558392930913853e-7	3.258020260955748e-5	1.6401037779712213e-12	3.258020260955744e-5
2.0788450326238358e-7	3.14166239647289e-5	1.5239940551375654e-12	3.141662396472886e-5
2.0071607211540486e-7	3.033329212169233e-5	1.4197924783397867e-12	3.0333292121692296e-5
1.9402553637822467e-7	2.932218240039225e-5	1.3259239701751467e-12	2.932218240039222e-5
1.877666481079594e-7	2.837630556334624e-5	1.2410673412076505e-12	2.8376305563346213e-5
1.8189894035458562e-7	2.7489546027742837e-5	1.1640994324166287e-12	2.7489546027742813e-5
1.7119900268666884e-7	2.587251393556711e-5	1.0462901357048083e-12	2.587251393556709e-5
1.616879469818539e-7	2.443515206894241e-5	9.316306888998195e-13	2.4435152068942388e-5
1.5317805503544053e-7	2.3149091449617455e-5	8.348440810333749e-13	2.314909144961744e-5
1.4551915228366852e-7	2.1991636890748107e-5	7.523914311176595e-13	2.1991636890748094e-5
1.3858966884158905e-7	2.094441609818194e-5	6.815821047957208e-13	2.094441609818193e-5
1.3229013843969864e-7	1.9992397194848102e-5	6.203165803176992e-13	1.9992397194848092e-5
1.2653839329014654e-7	1.9123162543144264e-5	5.669577802000304e-13	1.9123162543144254e-5
1.2126596023639041e-7	1.832636411171468e-5	5.202013525159105e-13	1.8326364111714673e-5
1.1641532182693481e-7	1.7593309554204436e-5	4.789964062222854e-13	1.759330955420443e-5
1.1193780944897577e-7	1.6916643808305037e-5	4.4250444270047135e-13	1.691664380830503e-5
1.0779196465456927e-7	1.629010145055503e-5	4.1002474234820343e-13	1.6290101450555023e-5
1.0394225163119179e-7	1.570831211798579e-5	3.810009259814426e-13	1.5708312117985784e-5
1.0035803605770243e-7	1.5166646187335755e-5	3.549463112020383e-13	1.5166646187335752e-5
9.701276818911234e-8	1.4661091318447777e-5	3.3148220179798553e-13	1.4661091318447774e-5
9.38833240539797e-8	1.4188152892464186e-5	3.102638200731952e-13	1.4188152892464182e-5
9.094947017729281e-8	1.3744773117889072e-5	2.910278821605762e-13	1.3744773117889069e-5
8.559950134333442e-8	1.2936257058905703e-5	2.615716428402473e-13	1.29362570589057e-5
8.084397349092696e-8	1.2217576115860091e-5	2.329076755069769e-13	1.2217576115860088e-5
7.658902751772027e-8	1.1574545797943353e-5	2.0871102193146811e-13	1.1574545797943351e-5
7.275957614183426e-8	1.099581851144923e-5	1.8809845864988158e-13	1.0995818511449229e-5
6.929483442079453e-8	1.0472208109080759e-5	1.7039552749565574e-13	1.0472208109080757e-5
6.614506921984932e-8	9.996198652132142e-6	1.5507944477066753e-13	9.99619865213214e-6
6.326919664507327e-8	9.561581321666022e-6	1.41739145667028e-13	9.56158132166602e-6
6.063298011819521e-8	9.163182101896955e-6	1.300500379369437e-13	9.163182101896954e-6
5.820766091346741e-8	8.79665481956066e-6	1.1974880257904344e-13	8.796654819560658e-6
5.5968904724487885e-8	8.458321943431594e-6	1.106258118869107e-13	8.458321943431593e-6
5.389598232728463e-8	8.145050761721995e-6	1.0250709148164968e-13	8.145050761721994e-6
5.1971125815595895e-8	7.85415609289766e-6	9.524932964097978e-14	7.854156092897659e-6
5.0179018028851214e-8	7.583323125290845e-6	8.873778487120433e-14	7.583323125290844e-6
4.850638409455617e-8	7.330545688786394e-6	8.28696468162672e-14	7.330545688786393e-6
4.694166202698985e-8	7.094076473930511e-6	7.75668620667544e-14	7.09407647393051e-6
4.5474735088646405e-8	6.872386584948381e-6	7.275636673920899e-14	6.8723865849483805e-6
4.279975067166721e-8	6.468128552233428e-6	6.539261312419557e-14	6.468128552233428e-6
4.042198674546348e-8	6.108788078277387e-6	5.82273655210262e-14	6.108788078277387e-6
3.829451375886013e-8	5.787272917255333e-6	5.217775582489567e-14	5.787272917255333e-6
3.637978807091713e-8	5.497909272243248e-6	4.702431465993348e-14	5.497909272243248e-6
3.464741721039726e-8	5.236104069537789e-6	4.2598732174559334e-14	5.236104069537789e-6
3.307253460992466e-8	4.998099339743054e-6	3.8769862561581806e-14	4.998099339743054e-6
3.1634598322536636e-8	4.780790673356604e-6	3.543508654347954e-14	4.780790673356604e-6
3.0316490059097604e-8	4.581591062458382e-6	3.2512359143183394e-14	4.581591062458382e-6
2.9103830456733704e-8	4.398327420395142e-6	2.9937801964280676e-14	4.398327420395142e-6
2.7984452362243943e-8	4.229160981535565e-6	2.7656301976381355e-14	4.229160981535565e-6
2.6947991163642316e-8	4.072525389971914e-6	2.562647147428476e-14	4.072525389971914e-6
2.5985562907797947e-8	3.927078054925225e-6	2.381263385320882e-14	3.927078054925225e-6
2.5089509014425607e-8	3.7916615705508782e-6	2.2183993849218332e-14	3.7916615705508782e-6
2.4253192047278084e-8	3.665272851784108e-6	2.0718015330846657e-14	3.665272851784108e-6
2.3470831013494924e-8	3.5470382438895756e-6	1.9391111573399565e-14	3.5470382438895756e-6
2.2737367544323203e-8	3.436193298975355e-6	1.8189544657905403e-14	3.436193298975355e-6
2.1399875335833604e-8	3.2340642818118785e-6	1.6348079443880388e-14	3.2340642818118785e-6
2.021099337273174e-8	3.0543940442254094e-6	1.4556617688145803e-14	3.0543940442254094e-6
1.9147256879430066e-8	2.8936364631986012e-6	1.3044513918578194e-14	2.8936364631986012e-6
1.8189894035458565e-8	2.7489546402513613e-6	1.1756228922881492e-14	2.7489546402513613e-6
1.732370860519863e-8	2.6180520385182663e-6	1.064968342970838e-14	2.6180520385182663e-6
1.653626730496233e-8	2.4990496732908133e-6	9.692615275852398e-15	2.4990496732908133e-6
1.5817299161268318e-8	2.3903953398091394e-6	8.858696881468648e-15	2.3903953398091394e-6
1.5158245029548802e-8	2.290795534106687e-6	8.128089866141026e-15	2.290795534106687e-6
1.4551915228366852e-8	2.1991637128511336e-6	7.484225211241015e-15	2.1991637128511336e-6
1.3992226181121971e-8	2.1145804932227255e-6	6.914000441872226e-15	2.1145804932227255e-6
1.3473995581821158e-8	2.036262697263808e-6	6.406919290154375e-15	2.036262697263808e-6
1.2992781453898974e-8	1.9635390295816304e-6	5.9530078941755856e-15	1.9635390295816304e-6
1.2544754507212804e-8	1.8958307872518245e-6	5.54584782280797e-15	1.8958307872518245e-6
1.2126596023639042e-8	1.8326364277397212e-6	5.1795793790063135e-15	1.8326364277397212e-6
1.1735415506747462e-8	1.7735191236759692e-6	4.847853365147932e-15	1.7735191236759692e-6
1.1368683772161601e-8	1.7180966511128872e-6	4.547310876296234e-15	1.7180966511128872e-6
1.0699937667916802e-8	1.61703214232973e-6	4.08698239301003e-15	1.61703214232973e-6
1.010549668636587e-8	1.527197023384454e-6	3.6393035088491615e-15	1.527197023384454e-6
9.573628439715033e-9	1.4468182327420143e-6	3.2610912605670435e-15	1.4468182327420143e-6
9.094947017729282e-9	1.3744773211580758e-6	2.9389823495694774e-15	1.3744773211580758e-6
8.661854302599316e-9	1.3090260201964765e-6	2.6624210447419985e-15	1.3090260201964765e-6
8.268133652481165e-9	1.249524837500198e-6	2.423116541817952e-15	1.249524837500198e-6
7.908649580634159e-9	1.1951976706872997e-6	2.214711678004356e-15	1.1951976706872997e-6
7.579122514774401e-9	1.1453977677727078e-6	2.0319851164581165e-15	1.1453977677727078e-6
7.275957614183426e-9	1.0995818570890382e-6	1.871244337892867e-15	1.0995818570890382e-6
6.996113090560986e-9	1.0572902472250985e-6	1.7284624639635585e-15	1.0572902472250985e-6
6.736997790910579e-9	1.018131349201296e-6	1.6016169323543358e-15	1.018131349201296e-6
6.496390726949487e-9	9.817695153206205e-7	1.4883650356546692e-15	9.817695153206205e-7
6.272377253606402e-9	9.479153941200187e-7	1.3864243096158778e-15	9.479153941200187e-7
6.063298011819521e-9	9.16318214331737e-7	1.294781646011842e-15	9.16318214331737e-7
5.867707753373731e-9	8.867595622707906e-7	1.212038978695535e-15	8.867595622707906e-7
5.684341886080801e-9	8.590483259627467e-7	1.1367900733708974e-15	8.590483259627467e-7
5.349968833958401e-9	8.085160715208385e-7	1.0218202167714884e-15	8.085160715208385e-7
5.052748343182935e-9	7.635985120101192e-7	9.097327316345285e-16	7.635985120101192e-7
4.786814219857517e-9	7.234091166566957e-7	8.152914705863594e-16	7.234091166566957e-7
4.547473508864641e-9	6.872386608371619e-7	7.348017646393443e-16	6.872386608371619e-7
4.330927151299658e-9	6.54513010332564e-7	6.655677133775749e-16	6.54513010332564e-7
4.1340668262405825e-9	6.247624189638069e-7	6.057978133187788e-16	6.247624189638069e-7
3.9543247903170795e-9	5.975988355393272e-7	5.536778716317737e-16	5.975988355393272e-7
3.7895612573872004e-9	5.726988840662052e-7	5.080149900184331e-16	5.726988840662052e-7
3.637978807091713e-9	5.497909287103365e-7	4.677171623414975e-16	5.497909287103365e-7
3.498056545280493e-9	5.286451237659932e-7	4.3213447224042716e-16	5.286451237659932e-7
3.3684988954552896e-9	5.090656747430264e-7	4.004607664295271e-16	5.090656747430264e-7
3.2481953634747434e-9	4.90884757792731e-7	3.7203481291738174e-16	4.90884757792731e-7
3.136188626803201e-9	4.7395769718355103e-7	3.4664376783544985e-16	4.7395769718355103e-7
3.0316490059097605e-9	4.5815910728135254e-7	3.2369542561162856e-16	4.5815910728135254e-7
2.9338538766868654e-9	4.433797812435965e-7	3.0304751393130545e-16	4.433797812435965e-7
2.8421709430404003e-9	4.2952416308294873e-7	2.841785999159823e-16	4.2952416308294873e-7
2.6749844169792006e-9	4.0425803584939475e-7	2.5542710535303973e-16	4.0425803584939475e-7
2.5263741715914674e-9	3.8179925608455273e-7	2.274611284904264e-16	3.8179925608455273e-7
2.3934071099287583e-9	3.617045583997724e-7	2.038415518927377e-16	3.617045583997724e-7
2.2737367544323206e-9	3.436193304830967e-7	1.836724118988423e-16	3.436193304830967e-7
2.165463575649829e-9	3.2725650522486587e-7	1.6638260087144976e-16	3.2725650522486587e-7
2.0670334131202913e-9	3.12381209535333e-7	1.5146822549260535e-16	3.12381209535333e-7
1.9771623951585398e-9	2.9879941781858297e-7	1.3841954342549787e-16	2.9879941781858297e-7
1.8947806286936002e-9	2.863494420780577e-7	1.2698496770741856e-16	2.863494420780577e-7
1.8189894035458565e-9	2.748954643966402e-7	1.1694803800908092e-16	2.748954643966402e-7
1.7490282726402464e-9	2.643225619213601e-7	1.0805246610735706e-16	2.643225619213601e-7
1.6842494477276448e-9	2.545328374070899e-7	1.0007750214609964e-16	2.545328374070899e-7
1.6240976817373717e-9	2.4544237892947324e-7	9.298990854755583e-17	2.4544237892947324e-7
1.5680943134016004e-9	2.369788486226609e-7	8.667978714072651e-17	2.369788486226609e-7
1.5158245029548803e-9	2.2907955366954726e-7	8.092386342664456e-17	2.2907955366954726e-7
1.4669269383434327e-9	2.216898906488434e-7	7.576183605432016e-17	2.216898906488434e-7
1.4210854715202002e-9	2.1476208156687072e-7	7.104465656258924e-17	2.1476208156687072e-7
1.3374922084896003e-9	2.0212901794694996e-7	6.387540842174893e-17	2.0212901794694996e-7
1.2631870857957337e-9	1.9089962806214077e-7	5.684665834495843e-17	1.9089962806214077e-7
1.1967035549643792e-9	1.808522792177398e-7	5.096039351521931e-17	1.808522792177398e-7
1.1368683772161603e-9	1.7180966525768355e-7	4.592743576973707e-17	1.7180966525768355e-7
1.0827317878249145e-9	1.636282526270827e-7	4.160502908609989e-17	1.636282526270827e-7
1.0335167065601456e-9	1.5619060478101622e-7	3.7848315925894336e-17	1.5619060478101622e-7
9.885811975792699e-10	1.4939970892152632e-7	3.462361681718461e-17	1.4939970892152632e-7
9.473903143468001e-10	1.431747210502702e-7	3.1746262208395976e-17	1.431747210502702e-7
9.094947017729282e-10	1.374477322086805e-7	2.921824420324855e-17	1.374477322086805e-7
8.745141363201232e-10	1.3216128097026586e-7	2.7003715278406878e-17	1.3216128097026586e-7
8.421247238638224e-10	1.2726641871245188e-7	2.5047609997527803e-17	1.2726641871245188e-7
8.120488408686859e-10	1.2272118947301359e-7	2.323803891692144e-17	1.2272118947301359e-7
7.840471567008002e-10	1.1848942431904933e-7	2.1669950414285656e-17	1.1848942431904933e-7
7.579122514774401e-10	1.1453977684199146e-7	2.0230969364705293e-17	1.1453977684199146e-7
7.334634691717164e-10	1.1084494533118309e-7	1.8940474714644118e-17	1.1084494533118309e-7
7.105427357601001e-10	1.0738104078978453e-7	1.7761155507603294e-17	1.0738104078978453e-7
6.687461042448001e-10	1.0106450897903444e-7	1.5964209948927436e-17	1.0106450897903444e-7
6.315935428978668e-10	9.544981403604155e-8	1.4220982323378415e-17	9.544981403604155e-8
5.983517774821896e-10	9.042613961333333e-8	1.2740101147935742e-17	9.042613961333333e-8
5.684341886080801e-10	8.590483263287057e-8	1.1467851202504027e-17	8.590483263287057e-8
5.413658939124572e-10	8.181412631720382e-8	1.0405928537862128e-17	8.181412631720382e-8
5.167583532800728e-10	7.809530239384813e-8	9.462081372857316e-18	7.809530239384813e-8
4.942905987896349e-10	7.469985446381937e-8	8.655923078373406e-18	7.469985446381937e-8
4.736951571734001e-10	7.158736052794415e-8	7.93187059812774e-18	7.158736052794415e-8
4.547473508864641e-10	6.872386610693417e-8	7.309247902604888e-18	6.872386610693417e-8
4.372570681600616e-10	6.60806404875332e-8	6.7603288032224704e-18	6.60806404875332e-8
4.210623619319112e-10	6.363320935844506e-8	6.247789166384204e-18	6.363320935844506e-8
4.0602442043434293e-10	6.136059473857983e-8	5.8189331496580725e-18	6.136059473857983e-8
3.920235783504001e-10	5.924471216145437e-8	5.4174828401096955e-18	5.924471216145437e-8
3.7895612573872006e-10	5.72698884227989e-8	5.053032642678224e-18	5.72698884227989e-8
3.667317345858582e-10	5.5422472667281865e-8	4.7351203756292886e-18	5.5422472667281865e-8
3.5527136788005004e-10	5.369052039647827e-8	4.435575492280978e-18	5.369052039647827e-8
3.3437305212240007e-10	5.053225449090894e-8	3.9957048962496556e-18	5.053225449090894e-8
3.157967714489334e-10	4.7724907019261045e-8	3.550589635045286e-18	4.7724907019261045e-8
2.991758887410948e-10	4.521306980778314e-8	3.187365832459555e-18	4.521306980778314e-8
2.842170943040401e-10	4.2952416317445006e-8	2.8692959983721126e-18	4.2952416317445006e-8
2.706829469562286e-10	4.090706315951688e-8	2.601483386941318e-18	4.090706315951688e-8
2.583791766400364e-10	3.904765119775905e-8	2.365517203594297e-18	3.904765119775905e-8
2.4714529939481747e-10	3.73499272326731e-8	2.1616307484706962e-18	3.73499272326731e-8
2.3684757858670003e-10	3.5793680264675614e-8	1.9853133445462994e-18	3.5793680264675614e-8
2.2737367544323206e-10	3.4361933054114925e-8	1.827320657598306e-18	3.4361933054114925e-8
2.186285340800308e-10	3.304032024436476e-8	1.6877318882381662e-18	3.304032024436476e-8
2.105311809659556e-10	3.181660467977921e-8	1.5619517980786649e-18	3.181660467977921e-8
2.0301221021717146e-10	3.06802973698069e-8	1.454734226752231e-18	3.06802973698069e-8
1.9601178917520005e-10	2.962235608120898e-8	1.3520168775741668e-18	2.962235608120898e-8
1.8947806286936003e-10	2.8634944211852145e-8	1.267973668541341e-18	2.8634944211852145e-8
1.833658672929291e-10	2.7711236334063513e-8	1.1837778657720342e-18	2.7711236334063513e-8
1.7763568394002502e-10	2.6845260198636274e-8	1.1088917145631012e-18	2.6845260198636274e-8
1.6718652606120003e-10	2.526612724580147e-8	9.977656847290276e-19	2.526612724580147e-8
1.578983857244667e-10	2.3862453509941847e-8	8.899794921371844e-19	2.3862453509941847e-8
1.495879443705474e-10	2.2606534904170063e-8	7.956725696772362e-19	2.2606534904170063e-8
1.4210854715202004e-10	2.147620815897461e-8	7.173246571206884e-19	2.147620815897461e-8
1.353414734781143e-10	2.045353157998718e-8	6.503714729514025e-19	2.045353157998718e-8
1.291895883200182e-10	1.9523825599087955e-8	5.902115729914426e-19	1.9523825599087955e-8
1.2357264969740873e-10	1.8674963616528033e-8	5.415817678809321e-19	1.8674963616528033e-8
1.1842378929335001e-10	1.789684013251305e-8	4.951565845191284e-19	1.789684013251305e-8
1.1368683772161603e-10	1.7180966527219104e-8	4.556537811439755e-19	1.7180966527219104e-8
1.093142670400154e-10	1.6520160122333183e-8	4.2545862999040635e-19	1.6520160122333183e-8
1.052655904829778e-10	1.590830234002877e-8	3.904884365743707e-19	1.590830234002877e-8
1.0150610510858573e-10	1.5340148685031743e-8	3.6015179979503223e-19	1.5340148685031743e-8
9.800589458760003e-11	1.4811178040726198e-8	3.41536781955454e-19	1.4811178040726198e-8
9.473903143468002e-11	1.4317472106037653e-8	3.1345867689367625e-19	1.4317472106037653e-8
9.168293364646455e-11	1.3855618167137712e-8	2.971232151465457e-19	1.3855618167137712e-8
8.881784197001251e-11	1.3422630099417094e-8	2.7604458245504045e-19	1.3422630099417094e-8
8.359326303060002e-11	1.2633063622988102e-8	2.511865824123662e-19	1.2633063622988102e-8
7.894919286223336e-11	1.1931226755048121e-8	2.213308865627855e-19	1.1931226755048121e-8
7.47939721852737e-11	1.1303267452154963e-8	1.9950202385501522e-19	1.1303267452154963e-8
7.105427357601002e-11	1.0738104079550173e-8	1.7874733021173478e-19	1.0738104079550173e-8
6.767073673905715e-11	1.0226765790050773e-8	1.6259431674224426e-19	1.0226765790050773e-8
6.45947941600091e-11	9.76191279959624e-9	1.4755210833099673e-19	9.76191279959624e-9
6.178632484870437e-11	9.33748180831157e-9	1.3480897334792145e-19	9.33748180831157e-9
5.921189464667501e-11	8.948420066300966e-9	1.2554985637766266e-19	8.948420066300966e-9
5.6843418860808015e-11	8.590483263650115e-9	1.1391275455899638e-19	8.590483263650115e-9
5.46571335200077e-11	8.260080061203343e-9	1.0460325137169764e-19	8.260080061203343e-9
5.26327952414889e-11	7.954151170049178e-9	9.762235266966394e-20	7.954151170049178e-9
5.0753052554292866e-11	7.670074342548896e-9	9.180259495515935e-20	7.670074342548896e-9
4.9002947293800014e-11	7.405589020392575e-9	8.361836767117338e-20	7.405589020392575e-9
4.736951571734001e-11	7.158736053047675e-9	8.013327247132568e-20	7.158736053047675e-9
4.584146682323227e-11	6.927809083595189e-9	7.428101588989926e-20	6.927809083595189e-9
4.4408920985006255e-11	6.71131504973329e-9	6.842197252012306e-20	6.71131504973329e-9
4.179663151530001e-11	6.316531811515505e-9	6.221618254173453e-20	6.316531811515505e-9
3.947459643111668e-11	5.965613377543674e-9	5.591441784968889e-20	5.965613377543674e-9
3.739698609263685e-11	5.651633726094652e-9	4.900100339509365e-20	5.651633726094652e-9
3.552713678800501e-11	5.369052039791117e-9	4.556264509202055e-20	5.369052039791117e-9
3.383536836952858e-11	5.113382895039604e-9	4.035580277400602e-20	5.113382895039604e-9
3.229739708000455e-11	4.880956399811187e-9	3.688817651903873e-20	4.880956399811187e-9
3.0893162424352184e-11	4.668740904167831e-9	3.399576352649884e-20	4.668740904167831e-9
2.9605947323337503e-11	4.4742100331612795e-9	3.109402945181306e-20	4.4742100331612795e-9
2.8421709430404007e-11	4.295241631835122e-9	2.8185046560070217e-20	4.295241631835122e-9
2.732856676000385e-11	4.130040030611334e-9	2.70322273247449e-20	4.130040030611334e-9
2.631639762074445e-11	3.9770755850332065e-9	2.4112083111426632e-20	3.9770755850332065e-9
2.5376526277146433e-11	3.835037171282308e-9	2.2362771351966572e-20	3.835037171282308e-9
2.4501473646900007e-11	3.7027945102041327e-9	2.1788143650398805e-20	3.7027945102041327e-9
2.3684757858670004e-11	3.5793680265306522e-9	1.9443701419784917e-20	3.5793680265306522e-9
2.2920733411616136e-11	3.4639045418040974e-9	1.8275778900169964e-20	3.4639045418040974e-9
2.2204460492503128e-11	3.355657524872909e-9	1.7105595867443868e-20	3.355657524872909e-9
2.0898315757650004e-11	3.1582659057633102e-9	1.5989985304606666e-20	3.1582659057633102e-9
1.973729821555834e-11	2.982806688776584e-9	1.3687607844205517e-20	2.982806688776584e-9
1.8698493046318424e-11	2.8258168630518148e-9	1.2541791321648083e-20	2.8258168630518148e-9
1.7763568394002505e-11	2.6845260198993703e-9	1.1098662048371482e-20	2.6845260198993703e-9
1.691768418476429e-11	2.5566914475234347e-9	1.0235211601778771e-20	2.5566914475234347e-9
1.6148698540002275e-11	2.44047819990882e-9	9.075807193081009e-21	2.44047819990882e-9
1.5446581212176092e-11	2.334370452086887e-9	8.499271518300474e-21	2.334370452086887e-9
1.4802973661668752e-11	2.237105016583338e-9	7.62703841017309e-21	2.237105016583338e-9
1.4210854715202004e-11	2.1476208159201943e-9	7.339600975544006e-21	2.1476208159201943e-9
1.3664283380001925e-11	2.0650200153078842e-9	6.4644337967053036e-21	2.0650200153078842e-9
1.3158198810372225e-11	1.9885377925188366e-9	6.1751158407511005e-21	1.9885377925188366e-9
1.2688263138573216e-11	1.9175185856432765e-9	5.8847489455832204e-21	1.9175185856432765e-9
1.2250736823450003e-11	1.8513972551037892e-9	5.0051678653238614e-21	1.8513972551037892e-9
1.1842378929335002e-11	1.7896840132671486e-9	5.008014329697761e-21	1.7896840132671486e-9
1.1460366705808068e-11	1.731952270903754e-9	4.716480598036105e-21	1.731952270903754e-9
1.1102230246251564e-11	1.6778287624380603e-9	4.423794977719518e-21	1.6778287624380603e-9
1.0449157878825002e-11	1.5791329528829273e-9	3.779623185587689e-21	1.5791329528829273e-9
9.86864910777917e-12	1.4914033443895766e-9	3.64018078786288e-21	1.4914033443895766e-9
9.349246523159212e-12	1.4129084315269314e-9	2.9168221882108682e-21	1.4129084315269314e-9
8.881784197001252e-12	1.3422630099507166e-9	2.9205982931950922e-21	1.3422630099507166e-9
8.458842092382144e-12	1.2783457237625865e-9	2.4857507224148577e-21	1.2783457237625865e-9
8.074349270001138e-12	1.2202390999552562e-9	2.3421449847127078e-21	1.2202390999552562e-9
7.723290606088046e-12	1.1671852260441674e-9	2.051379718109777e-21	1.1671852260441674e-9
7.401486830834376e-12	1.118552508292403e-9	2.0533312927153443e-21	1.118552508292403e-9
7.105427357601002e-12	1.0738104079606573e-9	1.6147394983456234e-21	1.0738104079606573e-9
6.8321416900009626e-12	1.0325100076545362e-9	1.6161400606791546e-21	1.0325100076545362e-9
6.5790994051861124e-12	9.94268896259977e-10	1.61721610561039e-21	9.94268896259977e-10
6.344131569286608e-12	9.5875929282213e-10	1.4713230335982336e-21	9.5875929282213e-10
6.125368411725002e-12	9.256986275524049e-10	1.3250086870715598e-21	9.256986275524049e-10
5.921189464667501e-12	8.948420066339905e-10	1.178513888321656e-21	8.948420066339905e-10
5.730183352904034e-12	8.659761354522834e-10	1.17914666238214e-21	8.659761354522834e-10
5.551115123125782e-12	8.389143812193919e-10	1.0322089694875096e-21	8.389143812193919e-10
5.224578939412501e-12	7.895664764418307e-10	1.0175996855849356e-21	7.895664764418307e-10
4.934324553889585e-12	7.457016721950703e-10	8.736406401924256e-22	7.457016721950703e-10
4.674623261579606e-12	7.064542157637706e-10	8.020906652669188e-22	7.064542157637706e-10
4.440892098500626e-12	6.711315049755768e-10	6.572242777014111e-22	6.711315049755768e-10
4.229421046191072e-12	6.391728618815105e-10	5.849115915881256e-22	6.391728618815105e-10
4.037174635000569e-12	6.101195499778299e-10	5.855549257022199e-22	6.101195499778299e-10
3.861645303044023e-12	5.835926130222941e-10	5.861423177194372e-22	5.835926130222941e-10
3.700743415417188e-12	5.592762541463456e-10	4.400191317498151e-22	5.592762541463456e-10
3.552713678800501e-12	5.36905203980528e-10	5.137385148672891e-22	5.36905203980528e-10
3.4160708450004813e-12	5.16255003827407e-10	3.673113808247275e-22	5.16255003827407e-10
3.2895497025930562e-12	4.971344481301085e-10	3.675055083752152e-22	4.971344481301085e-10
3.172065784643304e-12	4.793796464112077e-10	4.413447852960747e-22	4.793796464112077e-10
3.062684205862501e-12	4.6284931377631047e-10	2.9447353934104513e-22	4.6284931377631047e-10
2.9605947323337505e-12	4.4742100331710944e-10	2.9469184410793717e-22	4.4742100331710944e-10
2.865091676452017e-12	4.3298806772624356e-10	2.947999220318846e-22	4.3298806772624356e-10
2.775557561562891e-12	4.1945719060980645e-10	2.949943832917574e-22	4.1945719060980645e-10
2.6122894697062505e-12	3.947832382209877e-10	2.180333205598581e-22	3.947832382209877e-10
2.4671622769447924e-12	3.7285083609762045e-10	2.548489626155271e-22	3.7285083609762045e-10
2.337311630789803e-12	3.532271078819372e-10	1.45827039679062e-22	3.532271078819372e-10
2.220446049250313e-12	3.355657524878579e-10	1.8257143157320065e-22	3.355657524878579e-10
2.114710523095536e-12	3.1958643094082437e-10	1.8274785922894972e-22	3.1958643094082437e-10
2.0185873175002844e-12	3.0505977498896537e-10	1.4639807118750393e-22	3.0505977498896537e-10
1.9308226515220115e-12	2.917963065111799e-10	1.0990475270460624e-22	2.917963065111799e-10
1.850371707708594e-12	2.796381270732285e-10	1.4667875154892158e-22	2.796381270732285e-10
1.7763568394002505e-12	2.6845260199028407e-10	7.345405078342361e-23	2.6845260199028407e-10
1.7080354225002406e-12	2.581275019137479e-10	1.1023412603932665e-22	2.581275019137479e-10
1.6447748512965281e-12	2.48567224065094e-10	1.102908564603276e-22	2.48567224065094e-10
1.586032892321652e-12	2.3968982320561956e-10	7.356724872850984e-23	2.3968982320561956e-10
1.5313421029312504e-12	2.3142465688819685e-10	1.1044396657035523e-22	2.3142465688819685e-10
1.4802973661668753e-12	2.237105016585731e-10	3.682191739663319e-23	2.237105016585731e-10
1.4325458382260085e-12	2.16494033863147e-10	7.370660872611986e-23	2.16494033863147e-10
1.3877787807814455e-12	2.097285953049257e-10	7.373173235772751e-23	2.097285953049257e-10
1.3061447348531253e-12	1.9739161911052158e-10	7.268180243687162e-23	1.9739161911052158e-10
1.2335811384723962e-12	1.8642541804882416e-10	5.461110146047418e-23	1.8642541804882416e-10
1.1686558153949015e-12	1.766135539409938e-10	5.471725556005696e-23	1.766135539409938e-10
1.1102230246251565e-12	1.6778287624393644e-10	1.8265362147814634e-23	1.6778287624393644e-10
1.057355261547768e-12	1.5979321547042702e-10	5.486375279508587e-23	1.5979321547042702e-10
1.0092936587501422e-12	1.5252988749449535e-10	3.662112189714537e-23	1.5252988749449535e-10
9.654113257610057e-13	1.4589815325560563e-10	3.66486940959121e-23	1.4589815325560563e-10
9.25185853854297e-13	1.3981906353661838e-10	1.8356788064300978e-23	1.3981906353661838e-10
8.881784197001252e-13	1.342263009951595e-10	3.672702539171659e-23	1.342263009951595e-10
8.540177112501203e-13	1.290637509568852e-10	3.674734297160368e-23	1.290637509568852e-10
8.223874256482641e-13	1.2428361203255212e-10	1.8386882860977428e-23	1.2428361203255212e-10
7.93016446160826e-13	1.198449116028188e-10	1.8395481374313557e-23	1.198449116028188e-10
7.656710514656252e-13	1.1571232844410154e-10	1.8403486886729958e-23	1.1571232844410154e-10
7.401486830834376e-13	1.118552508293037e-10	3.683990509287322e-23	1.118552508293037e-10
7.162729191130043e-13	1.0824701693157998e-10	1.8441984123655575e-23	1.0824701693157998e-10
6.938893903907227e-13	1.0486429765246362e-10	6.4210863232462436e-27	1.0486429765246362e-10
