# k	S
0.11780972450961723	0.026846127740487172
0.35342917352885167	0.02452514635591881
0.5890486225480861	0.021060724149253335
0.8246680715673206	0.017746429780757144
1.060287520586555	0.015216388577574817
1.2959069696057894	0.013510586298417756
1.531526418625024	0.012446939410029053
1.7671458676442584	0.011846852983761114
2.002765316663493	0.011591673695096531
2.2383847656827274	0.011614263577214642
2.474004214701962	0.011882690306768862
2.7096236637211963	0.012389673258404505
2.945243112740431	0.013147688440277335
3.1808625617596653	0.014188056586184496
3.4164820107789	0.015563163778905086
3.6521014597981343	0.01735185548201199
3.8877209088173683	0.01966886490427294
4.123340357836603	0.02268013224365377
4.358959806855838	0.026627394017172838
4.594579255875072	0.031868027678078316
4.830198704894307	0.03894084094893095
5.065818153913541	0.048677261356086084
5.301437602932776	0.06239408262226901
5.53705705195201	0.08223614211150115
5.772676500971244	0.11179908839872102
6.008295949990479	0.157275309700271
6.243915399009713	0.22954070329156515
6.479534848028948	0.34771965549392203
6.715154297048182	0.5441261138393599
6.950773746067417	0.8665818721363893
7.186393195086651	1.361857831643747
7.422012644105886	2.006982750859193
7.65763209312512	2.598365440310921
7.8932515421443545	2.8063438527894653
8.12887099116359	2.532113886830876
8.364490440182824	2.0193456691433536
8.600109889202058	1.5271702392704076
8.835729338221292	1.1541458331668972
9.071348787240527	0.8970575616207854
9.306968236259761	0.7254855741978741
9.542587685278995	0.611842417476058
9.77820713429823	0.5370124280265776
10.013826583317464	0.488873649769481
10.2494460323367	0.45999499959646556
10.485065481355933	0.4459304886940666
10.720684930375167	0.4441489706453549
10.956304379394401	0.4533992109915827
11.191923828413637	0.47333832670120124
11.427543277432871	0.5043072511923958
11.663162726452105	0.5471726758647067
11.89878217547134	0.6031687993992662
12.134401624490575	0.6736696962363025
12.37002107350981	0.7598124079440955
12.605640522529043	0.8618877625300851
12.841259971548277	0.9784515553488751
13.076879420567513	1.105231003984866
13.312498869586747	1.234149422137562
13.548118318605981	1.3531179706867165
13.783737767625215	1.44740441224897
14.01935721664445	1.5029696271084516
14.254976665663685	1.5109667020693216
14.49059611468292	1.4712648652216336
14.726215563702153	1.3927762913578063
14.961835012721387	1.2901837258455877
15.197454461740623	1.1790149567919899
15.433073910759857	1.0717236335914722
15.668693359779091	0.9761344825291683
15.904312808798325	0.8958864914387169
16.13993225781756	0.8317577888501834
16.375551706836795	0.7829824501194079
16.61117115585603	0.7481869173152595
16.846790604875263	0.7259285158103385
17.0824100538945	0.7149485100797571
17.31802950291373	0.7142550013848895
17.553648951932967	0.7231143364086187
17.789268400952203	0.7409940796366263
18.024887849971435	0.7674764372278555
18.26050729899067	0.8021475176642211
18.496126748009903	0.8444623691042089
18.73174619702914	0.8935869171818467
18.967365646048375	0.9482256557837816
19.202985095067607	1.0064583771662685
19.438604544086843	1.0656287490543928
19.67422399310608	1.1223461336353493
19.90984344212531	1.1726674655184253
20.145462891144547	1.2125019527429761
20.38108234016378	1.23821688941197
20.616701789183015	1.2473279728268578
20.85232123820225	1.2390736308891568
21.087940687221483	1.2146599444803634
21.32356013624072	1.1770571817805304
21.55917958525995	1.1304003346574858
21.794799034279187	1.0792014024637957
22.030418483298423	1.0276301042001568
22.266037932317655	0.9790453141232759
22.50165738133689	0.9358249418466393
22.737276830356127	0.8994306658597484
22.97289627937536	0.8705988310440123
23.208515728394595	0.8495611346898467
23.444135177413827	0.8362359958521925
23.679754626433063	0.8303668491261333
23.9153740754523	0.8316059506131543
24.15099352447153	0.8395521450159361
24.386612973490767	0.8537531902791692
24.62223242251	0.8736821886981344
24.857851871529235	0.8986963202919426
25.09347132054847	0.9279858488613044
25.329090769567703	0.9605227261407119
25.56471021858694	0.9950207893068784
25.800329667606174	1.0299225510167294
26.035949116625407	1.063429148133636
26.271568565644642	1.0935877404114092
26.507188014663875	1.1184422220957966
26.74280746368311	1.1362377504376506
26.978426912702346	1.1456497978472322
27.21404636172158	1.1459907912125982
27.449665810740814	1.1373409999099295
27.68528525976005	1.120562218843493
27.920904708779283	1.0971824997733064
28.15652415779852	1.0691774956055335
28.39214360681775	1.0387030705337237
28.627763055836986	1.0078421872534398
28.863382504856222	0.978414969632048
29.099001953875455	0.9518735064739189
29.33462140289469	0.9292758952553082
29.570240851913923	0.9113169575386406
29.80586030093316	0.8983883388992917
30.041479749952394	0.8906449409907133
30.277099198971626	0.8880626187048933
30.512718647990862	0.8904798175236421
30.748338097010098	0.8976214998848514
30.98395754602933	0.9091071754636249
31.219576995048566	0.9244467645846512
31.4551964440678	0.9430291539511623
31.690815893087034	0.9641091804107738
31.92643534210627	0.9867995798113653
32.162054791125506	1.01007498544041
32.39767424014474	1.0327948757061314
32.63329368916397	1.0537508106312543
32.86891313818321	1.0717398066526718
33.10453258720244	1.0856601834141115
33.340152036221674	1.0946194228230282
33.57577148524091	1.0980372704177812
33.811390934260146	1.0957239333311348
34.04701038327938	1.0879150033058813
34.28262983229861	1.0752523859808352
34.51824928131785	1.0587124108513122
34.75386873033708	1.0394946616110672
34.989488179356314	1.018893538606647
35.225107628375554	0.9981762731471538
35.460727077394786	0.9784860565268574
35.69634652641402	0.9607797806603268
35.93196597543326	0.9458003479881882
36.16758542445249	0.9340765750325095
36.40320487347172	0.9259405897855808
36.638824322490954	0.9215528476873411
36.874443771510194	0.9209271455025453
37.110063220529426	0.9239509564883771
37.34568266954866	0.9303991502680342
37.5813021185679	0.9399413186376402
37.81692156758713	0.952144480716032
38.05254101660636	0.9664740082887109
38.2881604656256	0.9822962994114526
38.523779914644834	0.9988870389028867
38.759399363664066	1.0154487057384778
38.995018812683305	1.0311401348166742
39.23063826170254	1.045119252922381
39.46625771072177	1.0565975814229183
39.701877159741	1.0649020159146396
39.93749660876024	1.069536394215517
40.173116057779474	1.0702333601714131
40.408735506798706	1.0669869384624087
40.644354955817946	1.0600585773783051
40.87997440483718	1.0499539591872185
41.11559385385641	1.0373735343971378
41.35121330287565	1.0231448707374566
41.58683275189488	1.0081479626822103
41.822452200914114	0.9932447959222193
42.05807164993335	0.9792219291941897
42.293691098952586	0.9667507439735646
42.52931054797182	0.956365746905961
42.76492999699106	0.9484580481352127
43.00054944601029	0.9432794268915741
43.23616889502952	0.940952169356903
43.471788344048754	0.9414806839995148
43.70740779306799	0.9447622368827754
43.943027242087226	0.950595578982306
44.17864669110646	0.9586875058544138
44.4142661401257	0.9686583874786259
44.64988558914493	0.9800484002406984
44.88550503816416	0.9923265662709522
45.1211244871834	1.0049047201969574
45.35674393620263	1.017158121370338
45.592363385221866	1.028453561856503
45.827982834241105	1.0381844999614986
46.06360228326034	1.045811107331271
46.29922173227957	1.0509014381738544
46.5348411812988	1.0531686270395773
46.77046063031804	1.0524985498715036
47.00608007933727	1.0489630762315587
