# τ	Fs	F	Δζ	ΔG	Δr²
0.0	1.0	1.0	6504.839276777379	735.5338440069231	0.0
3.125e-7	0.9999838611727643	0.9999869624993417	6500.764113519733	735.0540242841022	3.125e-7
6.25e-7	0.999967731883076	0.9999739326630093	6496.693020584691	734.5746693846999	6.246823808946887e-7
9.375000000000001e-7	0.9999516213907605	0.9999609179714564	6492.626671303661	734.095811176098	9.362302443659837e-7
1.25e-6	0.9999355296676214	0.9999479184019988	6488.565058668073	733.6174490492431	1.2471449553106781e-6
1.5625e-6	0.9999194566801831	0.9999349339276881	6484.508175282906	733.1395823899132	1.557428198056888e-6
1.8750000000000003e-6	0.999903402395033	0.9999219645216256	6480.456013767385	732.6622105847631	1.867081652565957e-6
2.1875000000000002e-6	0.9998873667788243	0.9999090101569664	6476.40856675528	732.1853330213273	2.1761069941160367e-6
2.5e-6	0.9998713497982762	0.9998960708069182	6472.365826894857	731.7089490880181	2.4845058933150782e-6
2.8125e-6	0.9998553514201735	0.9998831464447415	6468.32778684883	731.233058174124	2.792280016114123e-6
3.125e-6	0.9998393716113665	0.9998702370437497	6464.294439294356	730.7576596698085	3.099431023820554e-6
3.4375e-6	0.9998234103387709	0.9998573425773085	6460.2657769229845	730.2827529661078	3.4059605731113096e-6
3.7500000000000005e-6	0.9998074675693676	0.9998444630188367	6456.241792440625	729.8083374549304	3.7118703160460577e-6
4.0625000000000005e-6	0.9997915432702027	0.9998315983418047	6452.222478567527	729.3344125290548	4.017161900080336e-6
4.3750000000000005e-6	0.9997756374083873	0.9998187485197356	6448.207828038211	728.8609775821295	4.321836968078647e-6
4.6875000000000004e-6	0.9997597499510972	0.9998059135262047	6444.197833601483	728.3880320086687	4.625897158327525e-6
5.0e-6	0.9997438808655731	0.9997930933348395	6440.1924880203605	727.9155752040533	4.929344104548555e-6
5.3125e-6	0.99972804221062	0.9997802976745528	6436.193255970432	727.4437193432335	5.23177419975129e-6
5.625e-6	0.9997122258585425	0.9997675199881523	6432.199143982954	726.9723883572814	5.533461032652376e-6
5.9375e-6	0.9996964290774656	0.9997547580716794	6428.20981606158	726.5015564951726	5.834496932123658e-6
6.25e-6	0.9996806509348645	0.99974201117285	6424.2251554201675	726.0312147752472	6.134913763070448e-6
6.5625e-6	0.9996648910982727	0.9997292790234944	6420.245118366499	725.5613598049263	6.4347232190843035e-6
6.875e-6	0.9996491494353642	0.9997165615169106	6416.269685587118	725.0919900548008	6.733930262459113e-6
7.1875e-6	0.9996334258805947	0.9997038586002748	6412.298845905725	724.623104616946	7.0325376072480355e-6
7.500000000000001e-6	0.9996177203907305	0.9996911702387619	6408.332590868172	724.1547027911182	7.330547214639299e-6
7.8125e-6	0.9996020329300197	0.9996784964035833	6404.370912937114	723.686783946852	7.627960791761728e-6
8.125000000000001e-6	0.9995863634652473	0.9996658370679978	6400.413804890051	723.2193474775015	7.92477995807452e-6
8.4375e-6	0.9995707119640872	0.9996531922059799	6396.461259618644	722.752392784925	8.22100630087649e-6
8.750000000000001e-6	0.9995550783945513	0.9996405617917761	6392.513270061772	722.2859192743766	8.516641393829993e-6
9.0625e-6	0.9995394627248042	0.999627945799758	6388.569829183173	721.8199263528069	8.811686803148015e-6
9.375000000000001e-6	0.9995238649231042	0.9996153442043708	6384.630929964018	721.3544134282924	9.10614408966616e-6
9.6875e-6	0.9995082849577822	0.9996027569801204	6380.696565400351	720.8893799098475	9.400014809541995e-6
1.0e-5	0.9994927227972357	0.9995901841015636	6376.766728502264	720.4248252073577	9.693300514496504e-6
1.0625e-5	0.9994616517225906	0.9995650812463786	6368.920604102549	719.49714961703	1.0278125111164518e-5
1.125e-5	0.9994306514757034	0.9995400354589109	6361.092504971248	718.5713821394761	1.0860628823920312e-5
1.1875e-5	0.999399721815364	0.9995150465449699	6353.2823769625065	717.6475181460522	1.1440823449913764e-5
1.25e-5	0.9993688624950943	0.9994901143061241	6345.49016528908	716.7255529800808	1.2018721026364991e-5
1.3125e-5	0.999338073267311	0.9994652385430508	6337.715815092366	715.8054819843538	1.259433362527379e-5
1.375e-5	0.9993073538847101	0.9994404190566517	6329.959271631066	714.8873005103164	1.3167673286032818e-5
1.4375e-5	0.9992767041007259	0.9994156556484227	6322.220480344467	713.9710039210497	1.3738751992327704e-5
1.5000000000000002e-5	0.9992461236696819	0.9993909481205753	6314.4993868719375	713.0565875922816	1.430758166552262e-5
1.5625e-5	0.9992156123468385	0.999366296276074	6306.795937059725	712.1440469126483	1.487417416186338e-5
1.6250000000000002e-5	0.9991851698884074	0.9993416999186491	6299.110076961633	711.233377283799	1.543854127262667e-5
1.6875e-5	0.9991547960515521	0.9993171588527953	6291.441752839591	710.3245741203552	1.6000694723586336e-5
1.7500000000000002e-5	0.9991244905943841	0.9992926728837731	6283.790911162196	709.4176328499146	1.6560646175907904e-5
1.8125e-5	0.9990942532759636	0.9992682418176025	6276.157498604585	708.512548912977	1.7118407225867926e-5
1.8750000000000002e-5	0.9990640838562935	0.9992438654610641	6268.5414620468155	707.6093177629384	1.7673989405823213e-5
1.9375e-5	0.9990339820963137	0.9992195436216925	6260.942748573605	706.7079348660133	1.822740418395914e-5
2.0e-5	0.9990039477579014	0.9991952761077755	6253.361305472732	705.8083957012266	1.877866296525901e-5
2.125e-5	0.9989440800858218	0.999146903041918	6238.249978351654	704.0148284427921	1.9874772716490555e-5
2.25e-5	0.9988844791655834	0.9990987449153653	6223.207091839544	702.2285815006778	2.0962398447861978e-5
2.375e-5	0.9988251431961879	0.9990508002781193	6208.232241071035	700.4496196380188	2.2041625742470248e-5
2.5e-5	0.9987660703440787	0.9990030676539632	6193.325017937843	698.6779075019496	2.3112541476433324e-5
2.625e-5	0.9987072587744305	0.9989555455656506	6178.485015333865	696.9134098331215	2.4175232308943476e-5
2.75e-5	0.9986487066615194	0.9989082325432543	6163.711828541545	695.1560915353341	2.5229784197314092e-5
2.875e-5	0.9985904121921032	0.9988611271268888	6149.00505569022	693.4059176971444	2.627628222966352e-5
3.0000000000000004e-5	0.9985323735664741	0.9988142278675582	6134.364297876448	691.6628535989186	2.7314810588359523e-5
3.125e-5	0.9984745889987313	0.9987675333273748	6119.7891591998205	689.9268647136234	2.8345452532619888e-5
3.2500000000000004e-5	0.9984170567167991	0.9987210420795738	6105.2792467428535	688.1979167069496	2.9368290411701425e-5
3.375e-5	0.9983597749623513	0.9986747527084524	6090.834170559998	686.4759754358159	3.03834056641701e-5
3.5000000000000004e-5	0.9983027419907168	0.9986286638092944	6076.453543642566	684.7610069477395	3.1390878836304026e-5
3.625e-5	0.9982459560707673	0.9985827739882803	6062.136981902851	683.0529774791071	3.239078958314954e-5
3.7500000000000003e-5	0.9981894154848144	0.998537081862403	6047.884104138037	681.3518534544744	3.338321668717016e-5
3.875e-5	0.9981331185284905	0.9984915860593746	6033.694532014066	679.6576014848364	3.436823805942849e-5
4.0e-5	0.9980770635106481	0.9984462852175436	6019.567890030097	677.9701883669281	3.534593075793302e-5
4.25e-5	0.9979656704127818	0.9983562612694922	5991.5016197168225	674.6157315744745	3.72797323920084e-5
4.5e-5	0.9978552244283834	0.9982670005470281	5963.6825467667595	671.2882315906331	3.918515211036228e-5
4.75e-5	0.9977457129954214	0.9981784929353615	5936.107833855809	667.9874328220186	4.106275336969331e-5
5.0e-5	0.9976371234175595	0.9980907282114756	5908.774641764791	664.7130802065179	4.2913102325825724e-5
5.25e-5	0.9975294430841974	0.9980036962212754	5881.680158581024	661.4649207221057	4.473675771537118e-5
5.5e-5	0.9974226595420465	0.9979173869372296	5854.821608812382	658.2427038755097	4.65342678177767e-5
5.75e-5	0.997316760516832	0.9978317904758376	5828.196256139606	655.0461818311634	4.830616945052021e-5
6.000000000000001e-5	0.9972117339186356	0.997746897101942	5801.801403677433	651.8751094412064	5.005298797194338e-5
6.25e-5	0.9971075678415078	0.9976626972284114	5775.634393779181	648.7292442227271	5.177523729309703e-5
6.500000000000001e-5	0.9970042505615045	0.9975791814145695	5749.692607337646	645.6083463377697	5.3473420208007985e-5
6.75e-5	0.9969017705339146	0.9974963403639577	5723.973463280504	642.5121785548312	5.514802851292549e-5
7.000000000000001e-5	0.996800116390577	0.9974141649221882	5698.474417792172	639.440506224094	5.679954335978418e-5
7.25e-5	0.9966992769369242	0.9973326460745539	5673.19296379416	636.3930972381946	5.84284353810623e-5
7.500000000000001e-5	0.9965992411493084	0.9972517749438932	5648.12663018529	633.369722007662	6.003516503282996e-5
7.75e-5	0.9964999981721061	0.9971715427882439	5623.272981338911	630.3701534225827	6.16201827141255e-5
8.0e-5	0.9964015373151383	0.9970919409987862	5598.6296163713005	627.394166828767	6.318392909635474e-5
8.5e-5	0.9962069067236744	0.9969345840346104	5549.9625993653235	621.511953133204	6.624985910855244e-5
9.0e-5	0.9960152765665153	0.9967796454160471	5502.108287539653	615.7214024037905	6.92358961928248e-5
9.5e-5	0.9958265701665661	0.9966270633913173	5455.049075650415	610.0208259798709	7.214510341351836e-5
0.0001	0.9956407111203536	0.9964767764279567	5408.767583347274	604.4085559301955	7.498049726758288e-5
0.000105	0.9954576246341102	0.9963287242885484	5363.246823403009	598.8829545902084	7.774499277620823e-5
0.00011	0.9952772379272224	0.9961828483558236	5318.470245893004	593.4424173001181	8.044139063423184e-5
0.000115	0.995099480317024	0.9960390917008324	5274.421744876825	588.0853726335852	8.307237456532555e-5
0.00012000000000000002	0.9949242832059461	0.9958973990728239	5231.085648863964	582.8102820694216	8.56405156354464e-5
0.000125	0.9947515800294222	0.995757716857196	5188.446710097948	577.615639237011	8.814827520912655e-5
0.00013000000000000002	0.9945813062003543	0.995619993030995	5146.490090064383	572.4999692855296	9.059801073346861e-5
0.000135	0.9944133990452791	0.9954841771114137	5105.201347671468	567.4618280620485	9.299197902519401e-5
0.00014000000000000001	0.9942477977479132	0.9953502201105413	5064.566425195095	562.4998014808785	9.533234178194426e-5
0.000145	0.9940844432874104	0.9952180744855436	5024.571637116759	557.6125047327977	9.762116863016415e-5
0.00015000000000000001	0.9939232783854284	0.9950876940962363	4985.2036570328255	552.7985816856592	9.986044220245667e-5
0.000155	0.9937642474478016	0.9949590341580185	4946.449507282904	548.056704133176	0.00010205206090783973
0.00016	0.9936072965153744	0.994832051202471	4908.296546810047	543.3855712281604	0.0001041978435904342
0.00017	0.9932993645275049	0.9945828986177746	4833.737539900344	534.2499203830587	0.00010836078968965903
0.00018	0.9929991288490294	0.9943399514857373	4761.4378678429875	525.3821541238207	0.00011236074284431281
0.00019	0.9927062270197742	0.9941029177817756	4691.309408498803	516.7729188607427	0.00011620918831666268
0.0002	0.9924203075030927	0.9938715142728288	4623.267159394415	508.41315067054757	0.0001199170075187542
0.00021	0.9921410354425544	0.9936454711528542	4557.229870387969	500.29411838186627	0.00012349430026468842
0.00022	0.9918680939024339	0.9934245330449473	4493.120087374177	492.40742874863065	0.00012695038753993148
0.00023	0.9916011834521964	0.9932084586656128	4430.864032339654	484.745016744281	0.00013029384210844417
0.00024000000000000003	0.9913400214246808	0.9929970202300801	4370.39141120637	477.29913417348706	0.0001335325522973338
0.00025	0.9910843409180226	0.9927900026473342	4311.635231845913	470.0623355453743	0.00013667376818949416
0.00026000000000000003	0.9908338899461944	0.9925872028384909	4254.531611380354	463.0274660350047	0.00013972416223064732
0.00027	0.9905884304805708	0.9923884289637039	4199.019608763665	456.18764809053664	0.00014268987007598594
0.00028000000000000003	0.9903477376914993	0.9921934998136328	4145.041054405601	449.53627036114995	0.00014557654220465259
0.00029	0.9901115990871722	0.9920022441146819	4092.5404028423713	443.0669754739998	0.00014838937822810023
0.00030000000000000003	0.9898798138556227	0.9918145000011475	4041.4645840551007	436.7736499940479	0.00015113317022606154
0.00031	0.9896521920959162	0.9916301143947919	3991.7628741924486	430.6504133051517	0.0001538123314064108
0.00032	0.9894285542501419	0.9914489425492936	3943.38676579153	424.69160851113463	0.0001564309324068267
0.00034	0.9889923875319877	0.9910955607519627	3850.4048251424047	413.2435444844025	0.00016150451432352719
0.00036	0.9885702075849567	0.9907534627902592	3762.1904226864185	402.39009318163045	0.000166377432901467
0.00038	0.988160935738734	0.9904217789319288	3678.429846661582	392.0936775331723	0.00017107156171261586
0.0004	0.9877635750250622	0.9900997052808083	3598.831029477902	382.31909926972213	0.00017560624345979887
0.00042	0.9873772190892697	0.9897865109447651	3523.1239002155785	373.03357866924716	0.00017999823564363013
0.00044	0.9870010498449641	0.9894815361710185	3451.0591566825633	364.2066490444833	0.00018426199701222816
0.00046	0.9866343287618239	0.9891841853127862	3382.4066272982914	355.8099924757932	0.00018840997218052145
0.00048000000000000007	0.9862763900296803	0.9888939213424964	3316.953613302649	347.81728718924404	0.00019245290180953782
0.0005	0.9859266316919697	0.9886102586936688	3254.503343564192	340.2040484580198	0.000196400066231772
0.0005200000000000001	0.9855845099368283	0.9883327586790379	3194.873582866744	332.94749408345075	0.00020025951372644308
0.00054	0.9852495317043454	0.9880610235198434	3137.8953594058466	326.02640833041016	0.0002040382418085309
0.0005600000000000001	0.9849212503798068	0.9877946928912154	3083.411845154051	319.4210284879161	0.00020774235567764867
0.00058	0.9845992597414085	0.9875334390317545	3031.27731753689	313.1129299052602	0.0002113772020017267
0.0006000000000000001	0.9842831907914411	0.9872769642038586	2981.356258004635	307.0849306427513	0.00021494747668472292
0.00062	0.9839727067791163	0.9870249966700181	2933.522499458132	301.3209942515445	0.00021845732498735484
0.00064	0.9836675009115989	0.9867772888605443	2887.65849598343	295.80614949648	0.00022191041337233275
0.00068	0.9830716715670678	0.9862936421580144	2801.3685751340745	285.4635865160323	0.0002286587653474543
0.00072	0.9824938898996188	0.9858245608842556	2721.7308547279317	275.96057490183836	0.0002352144742371005
0.00076	0.9819325217265643	0.9853687260178019	2648.062634592096	267.209652430187	0.00024159570765367643
0.0008	0.9813861530665554	0.9849249963205132	2579.758490426321	259.1332072043682	0.0002478173692695604
0.00084	0.9808535582636906	0.984492382480005	2516.2840613210738	251.66270380111072	0.00025389198011093746
0.00088	0.980333685714514	0.9840700357146057	2457.1681573376754	244.73770104522464	0.0002598300199644331
0.00092	0.979825617805976	0.9836572153406281	2401.9943689330894	238.30480834905245	0.00026564056816473627
0.0009600000000000001	0.9793285597169784	0.9832532798421266	2350.394245366799	232.31681481058754	0.00027133141076583105
0.001	0.9788418082890517	0.9828576616560777	2302.040762753483	226.73186858392478	0.00027690949102574663
0.0010400000000000001	0.9783647471451651	0.9824698633227833	2256.643297807481	221.51282088190115	0.0002823808847045178
0.00108	0.9778968232656338	0.982089438497389	2213.9427543789047	216.62661064074433	0.0002877511350179109
0.0011200000000000001	0.9774375463153276	0.9817159914834684	2173.7078997478357	212.04377774332502	0.0002930251661343127
0.00116	0.9769864706509414	0.9813491626362427	2135.7317103985583	207.73800159544857	0.0002982075472362843
0.0012000000000000001	0.9765431970703476	0.980988629841137	2099.8286814917305	203.68573860058274	0.00030330238154578865
0.00124	0.976107358617997	0.9806340969904002	2065.83205872845	199.86587391397046	0.0003083135235452557
0.00128	0.9756786236237084	0.9802852964946362	2033.5918452461372	196.25944980651508	0.00031324446210740406
0.00136	0.9748414309025586	0.9796040601009058	1973.813591034929	189.6146065522831	0.0003228724113973346
0.00144	0.9740293165101545	0.9789430625332436	1919.5996335657296	183.63969726049797	0.0003322159737601961
0.00152	0.9732403346448315	0.9783007337748788	1870.1901586846257	178.2398916778936	0.0003412977181041032
0.0016	0.9724728579705384	0.9776757613731165	1824.950096080942	173.3360457288401	0.00035013539918157414
0.00168	0.9717254345633841	0.9770669742250386	1783.3475690681184	168.86216983172696	0.0003587450925068632
0.00176	0.9709968100046763	0.9764733608806092	1744.9367927002954	164.76316672081654	0.00036714058169662686
0.00184	0.9702858383559477	0.9758939971812929	1709.3410495929836	160.9927306445874	0.0003753348554646321
0.0019200000000000003	0.9695915128407134	0.9753280714513874	1676.2411972546615	157.51179287846745	0.00038333924633522355
0.002	0.9689129016912511	0.9747748323175861	1645.3644686321493	154.28714789294366	0.0003911645016119482
0.0020800000000000003	0.9682491771424816	0.9742336124716622	1616.4772282468248	151.2904667861965	0.00039882005762573397
0.00216	0.9675995664588735	0.9737037888142611	1589.3776244311975	148.4974096418366	0.00040631489139088744
0.0022400000000000002	0.9669633772298435	0.9731848031747256	1563.890986433745	145.8869952930091	0.00041365693401650854
0.00232	0.9663399589315774	0.9726761310130349	1539.8649079398554	143.44101717196443	0.0004208537571736835
0.0024000000000000002	0.965728724461774	0.9721772990567982	1517.166270295727	141.14363282377852	0.00042791209414881474
0.00248	0.9651291194485213	0.9716878602996748	1495.6778795640473	138.98097080890875	0.00043483839550021396
0.00256	0.9645406404423863	0.9712074089015041	1475.296505599381	136.94085781079784	0.00044163843389961204
0.00272	0.9633958834723776	0.9702725230652272	1437.4866939586489	133.18335702176742	0.00045486594085849234
0.00288	0.9622903785576846	0.9693693530122647	1403.1309471007414	129.8026020610803	0.0004676512705304598
0.00304	0.9612209437026219	0.9684953317112555	1371.736212801449	126.7419165612429	0.00048003185502113653
0.0032	0.9601850044920268	0.9676483837613199	1342.9015197595572	123.95516434382172	0.0004920357077587144
0.00336	0.959180241173572	0.9668266383596504	1316.2959202534846	121.40460521952704	0.0005036887625332998
0.00352	0.9582046424469901	0.9660284740993204	1291.6455329229623	119.05926307699602	0.0005150134148151521
0.00368	0.9572563478729947	0.9652523904587651	1268.7205008564706	116.89342005524097	0.0005260309730260507
0.0038400000000000005	0.9563337199456831	0.9644970671622847	1247.327532029653	114.8856148774941	0.0005367599339213626
0.004	0.9554352363621016	0.9637612762332864	1227.3019252271733	113.01773565514205	0.0005472177786689711
0.0041600000000000005	0.9545595460090776	0.9630439281267937	1208.503141349118	111.27443229079067	0.0005574197576334463
0.00432	0.9537053877009315	0.9623440053469787	1190.809793472822	109.6425629682314	0.0005673803019400096
0.0044800000000000005	0.9528716331905945	0.961660597916724	1174.1169654651926	108.11084049434118	0.000577112111827564
0.00464	0.9520572248309275	0.9609928524180115	1158.3329736370822	106.66948236233803	0.0005866272473165729
0.0048000000000000004	0.9512612095342269	0.960340000013567	1143.377698290941	105.30999042075634	0.000595936411571582
0.00496	0.9504826903132294	0.959701316804285	1129.1804222048356	104.02492167411403	0.0006050498017503528
0.00512	0.9497208535945298	0.9590761463783957	1115.6787603496016	102.80774655095169	0.0006139765350486228
0.00544	0.9482460159175146	0.9578653766626007	1090.5646893266342	100.5543150605032	0.0006312715320206746
0.00576	0.9468292767939696	0.9567016928691857	1067.63569893799	98.51148640766216	0.0006479229040900856
0.00608	0.9454655585071465	0.9555809926116824	1046.5884564104706	96.64838964855507	0.0006639862543481131
0.0064	0.9441508621998216	0.9545000478057949	1027.1786741302926	94.94004094863509	0.0006795033446914792
0.00672	0.9428815876490941	0.9534559503997037	1009.2030758512356	93.36595413320845	0.0006945136861867384
0.00704	0.9416545871601576	0.9524461586605087	992.4920274166781	91.90925743994846	0.00070905190080447
0.00736	0.940466963013972	0.9514683310326768	976.9021624895905	90.5558686556468	0.0007231504945820125
0.007680000000000001	0.9393161633799602	0.9505204060050298	962.3122280105563	89.29398410333432	0.0007368376836414544
0.008	0.9381998363688492	0.9496004823018331	948.6183529307638	88.11358626403673	0.000750139797320137
0.008320000000000001	0.9371158967360051	0.9487068746229236	935.7314516602281	87.00614596264896	0.0007630798504556489
0.00864	0.9360624140404169	0.9478380217655503	923.5742165220574	85.96432040298484	0.0007756794064831295
0.008960000000000001	0.9350376630779679	0.9469925288318372	912.0795202363989	84.98177435686173	0.0007879574878559089
0.00928	0.9340400387922446	0.946169097249409	901.1884642679846	84.05298772727693	0.0007999319973259975
0.009600000000000001	0.9330680963454969	0.9453665583240647	890.849367838253	83.17314422874963	0.0008116188554645575
0.00992	0.9321204854779375	0.9445838191929934	881.0164575605517	82.33800408939014	0.0008230331055613325
0.01024	0.9311959829248392	0.9438198899803648	871.649206416956	81.54383242295476	0.0008341882202976983
0.01088	0.9294157464564848	0.9423480389364037	854.2124701669414	80.06737232354553	0.0008557085714328384
0.01152	0.9277146279063351	0.940940648314352	838.2383918242938	78.71927063628722	0.0008763505449007362
0.01216	0.9260852605912845	0.9395917441850341	823.5287112000565	77.48128772443916	0.0008961902607076467
0.0128	0.9245219469352177	0.9382967105172791	809.9253602213618	76.33889238153354	0.0009152866352484059
0.01344	0.9230195309436017	0.9370513664282257	797.2953879950023	75.28010418465743	0.0009336961484627827
0.01408	0.9215734768957264	0.9358520346810413	785.5267926661706	74.29496968014922	0.0009514685280317448
0.01472	0.9201796386918539	0.9346953506626264	774.5244012578042	73.37510305605942	0.0009686498944917471
0.015360000000000002	0.9188343709868653	0.9335783565754852	764.2072734436052	72.51341946871823	0.0009852803457356658
0.016	0.9175343424126164	0.93249834691779	754.5058253372773	71.70385890121692	0.0010013969590495
0.016640000000000002	0.916276605304894	0.9314529281546247	745.3601227308361	70.94122755321543	0.0010170322075999723
0.01728	0.9150584520612356	0.9304398997689207	736.7180209678062	70.22102399300572	0.0010322162630831161
0.017920000000000002	0.9138774679641036	0.9294572995472246	728.5340857454082	69.53934225108756	0.0010469757798505352
0.01856	0.9127314227431832	0.9285033136371965	720.7683734891514	68.89275871908046	0.0010613356476630435
0.019200000000000002	0.9116183130293128	0.9275763129344693	713.3857336607223	68.27827117270871	0.0010753180247357885
0.01984	0.9105362792678493	0.9266747840542314	706.3549839016521	67.6932226393622	0.0010889436967306283
0.02048	0.9094836403819627	0.9257973590333001	699.6484460297879	67.1352618869963	0.0011022312955652467
0.02176	0.9074675731264555	0.9241157170481552	687.1646367095781	66.09565647269966	0.0011277545920517376
0.02304	0.9055501192685	0.9225150450992834	675.6933199608717	65.1412404075981	0.0011521534934244443
0.02432	0.9037217105945635	0.9209875328643315	665.1017031324054	64.26030382482095	0.0011755246450366789
0.0256	0.9019749907968678	0.919527182529903	655.2839832748683	63.443696450534034	0.0011979457854326319
0.02688	0.900303227858992	0.9181284990870648	646.1497842179019	62.6837786675238	0.0012194922373217631
0.02816	0.8987004699721064	0.916786624579466	637.6221994325725	61.97411724530617	0.0012402305605637497
0.02944	0.8971613108910638	0.915497140872401	629.6355504333238	61.309232439872915	0.0012602219958246902
0.030720000000000004	0.8956810080257219	0.9142561722697528	622.13371215597	60.684456226790275	0.001279519848887334
0.032	0.8942552598764839	0.9130601994761778	615.0683068726438	60.09576719253061	0.001298173046839663
0.033280000000000004	0.8928802706260734	0.9119061170281608	608.3975305480908	59.539698730291825	0.0013162244650942415
0.03456	0.8915525786662306	0.910791089789078	602.0849491864898	59.01322986251528	0.0013337136540728808
0.035840000000000004	0.8902691051098232	0.9097125961808471	596.098735651952	58.51372704802478	0.0013506755627760486
0.03712	0.8890270253760834	0.9086683204808502	590.4108710333076	58.03887136863576	0.0013671426063664343
0.038400000000000004	0.887823808851031	0.9076561880654469	584.9966448901764	57.58662135871501	0.001383143646128777
0.03968	0.8866571213275776	0.9066742834075857	579.8341112809745	57.15516314259005	0.0013987055847353978
0.04096	0.8855248578819653	0.90572087921981	574.9037533978025	56.74288614358761	0.0014138525383774036
0.04352	0.8833666333557604	0.903902165319509	565.72532990613	55.97398128857439	0.0014428337733110314
0.04608	0.8813213769864705	0.9021771359288495	557.2660317654984	55.265171373413104	0.0014704616790358652
0.04864	0.8793780694203865	0.9005367120488909	549.436235712528	54.60854739688161	0.0014968490097483442
0.0512	0.8775280589165722	0.8989737762487091	542.1630122037443	53.997959622233914	0.001522092178316594
0.05376	0.8757632867160563	0.8974816896412584	535.3828660634572	53.42815907490881	0.0015462856314553955
0.05632	0.8740766044508715	0.8960545627300062	529.041297593049	52.89466246452591	0.0015695129434659032
0.05888	0.8724615607711259	0.8946870723031343	523.0915789814998	52.393618580216334	0.0015918504806928346
0.06144000000000001	0.8709125127505938	0.893374561808635	517.4936426525896	51.92172894717584	0.0016133646980408273
0.064	0.8694243769097614	0.89211283059545	512.2128819595216	51.47613953698741	0.0016341162058137436
0.06656000000000001	0.8679926805574194	0.8908981825599724	507.2193252482724	51.05438165370718	0.0016541580848899184
0.06912	0.8666133707126045	0.8897272641368611	502.48681398533284	50.65429692268711	0.0016735390009629044
0.07168000000000001	0.8652828524346254	0.8885971006938425	497.99245499922523	50.2739986232631	0.0016923019290751246
0.07424	0.8639978469861146	0.8875049759426554	493.716070334797	49.91182085440317	0.0017104865028761014
0.07680000000000001	0.8627554244851107	0.886448462595119	489.63983673044646	49.56629367740089	0.001728127986136214
0.07936	0.8615528970454783	0.8854253312686128	485.74790847322134	49.23610790795249	0.0017452590761058383
0.08192	0.8603878466907342	0.8844335764683113	482.0261744539874	48.920098816025416	0.0017619090631101695
0.08704	0.8581748839978903	0.8825482456993518	475.0926212522926	48.33019051862102	0.0017936723859741238
0.09216	0.8560823569394189	0.8807639324781299	468.6819823091874	47.78435259786718	0.0018238947918978424
0.09728	0.8540988715637852	0.8790711428634985	462.733178322178	47.277140363519344	0.0018526985366892907
0.1024	0.8522149688686158	0.8774620105496744	457.19440002868697	46.80421876251276	0.0018801973623624622
0.10752	0.8504216855972477	0.875929068750658	452.01972691083097	46.361784777045315	0.001906503274053886
0.11264	0.8487110742321848	0.8744656952844565	447.1695140020198	45.94655575986002	0.0019317152017870127
0.11776	0.8470760123158338	0.873065945337996	442.6096798207825	45.555699081004335	0.001955922930113491
0.12288000000000002	0.8455102893841041	0.8717246346205754	438.3109357904891	45.186782022718404	0.001979204493288459
0.128	0.8440083439658815	0.870437113556051	434.2479438852333	44.83769437242485	0.0020016306559221
0.13312000000000002	0.8425652962437292	0.8691993021968359	430.39872396385465	44.50660711441196	0.002023263310838617
0.13824	0.8411767482460231	0.8680075182968534	426.7440671386498	44.191917768817255	0.002044158899707726
0.14336000000000002	0.839838808508027	0.8668585036116829	423.26713823996187	43.89222304188561	0.0020643672058007043
0.14848	0.8385479451554411	0.8657492970669567	419.9530812748769	43.60628153680703	0.0020839339182296217
0.15360000000000001	0.8373010091760915	0.8646772585857997	416.78875751798313	43.33299620687023	0.002102899642519231
0.15872	0.8360951244981342	0.8636399739019844	413.7624734719678	43.0713883252869	0.002121301860269943
0.16384	0.8349277091914274	0.8626352757204803	410.8638040670379	42.82058598791331	0.002139174111484044
0.17408	0.8327141169596415	0.8607286987631199	405.4545563777299	42.35166334843045	0.002173216984632152
0.18432	0.8306219509714396	0.858925167563341	400.43479725646347	41.916054091950876	0.0022055882664681176
0.19456	0.8286403733888935	0.8572155429027607	395.7623758094961	41.509972071194596	0.00223641303012636
0.2048	0.8267595981746799	0.855591590930338	391.3994024285014	41.13023168178886	0.0022658193258698277
0.21504	0.8249702525034877	0.8540454090725076	387.31183837440835	40.77396746485624	0.002293933095961866
0.22528	0.8232640537279775	0.8525700117511779	383.4701459337412	40.43869286933117	0.0023208651878861286
0.23552	0.821633627205704	0.8511591680120557	379.8488953931356	40.122258060424336	0.0023467155803689396
0.24576000000000003	0.8200725596231333	0.8498074586423032	376.4261948160177	39.82281362941916	0.0023715710210121155
0.256	0.8185751353090471	0.8485100463402115	373.183073596699	39.53875225663879	0.002395509787935047
0.26624000000000003	0.8171363501039313	0.8472626959512602	370.1030506417051	39.26867858527476	0.0024186002367903837
0.27648	0.8157517128591003	0.8460616009980084	367.17170165970305	39.011367945457586	0.0024409044281635097
0.28672000000000003	0.8144172569142184	0.8449033996789498	364.37636733624	38.76574631222813	0.002462477027034173
0.29696	0.8131293953563832	0.8437850479043928	361.7058612981776	38.53086203403563	0.0024833680068954314
0.30720000000000003	0.8118849354250192	0.8427038362966122	359.1502780441995	38.3058730414908	0.002503621723299061
0.31744	0.8106809705939402	0.8416572952085455	356.7007902863299	38.0900269592315	0.002523278976364887
0.32768	0.8095148955447042	0.8406432111585023	354.34951934236506	37.882652761159605	0.0025423762305953226
0.34816	0.807302931160436	0.838718117819255	349.94912221440325	37.49387839300468	0.002578766512342655
0.36864	0.8052089271778395	0.8368942358165307	345.8471649784782	37.131051034937904	0.0026134117469696016
0.38912	0.8032231486467826	0.8351632624201978	342.01401777511654	36.79149731636558	0.0026464342090488247
0.4096	0.8013358738262789	0.8335169233463537	338.4211489220579	36.47278222064216	0.0026779719152984177
0.43008	0.7995377564838507	0.8319472445179961	335.0425921813507	36.172677203197296	0.002708160005914403
0.45056	0.7978205722555238	0.8304472071651625	331.8557829723287	35.88924535480872	0.0027371169659397144
0.47104	0.7961770340875809	0.8290105812363464	328.8412915306379	35.620810444671456	0.0027649491484086123
0.49152000000000007	0.7946008162093774	0.8276319587599998	325.9823254865846	35.36592799411218	0.0027917486616386767
0.512	0.7930862978076414	0.8263065269451674	323.2643131566266	35.12334001450179	0.002817598341186905
0.5324800000000001	0.7916285650552637	0.8250300789065891	320.67457529965833	34.89195277690449	0.0028425703972604827
0.55296	0.7902232187967048	0.8237988429581439	318.20199486393756	34.6708045739441	0.0028667302065446543
0.5734400000000001	0.7888663782897164	0.8226094924816088	315.836800516003	34.459050812340585	0.0028901352669284124
0.59392	0.7875545414597799	0.8214590213733209	313.5703428400414	34.25594181375351	0.0029128380207484685
0.6144000000000001	0.7862845945896654	0.8203447574632631	311.39495245130433	34.0608134076636	0.0029348849441486343
0.63488	0.7850537078468934	0.8192642690714352	309.30378334992895	33.87307116064587	0.0029563187075937205
0.65536	0.7838593473494156	0.8182153793632685	307.2907175860724	33.692184321605765	0.002977177389693721
0.69632	0.7815872086680681	0.8162185709054907	303.50694170557836	33.351640344700925	0.00301703523320358
0.73728	0.7794277115943123	0.8143193338479884	299.960109831334	33.03201862018662	0.003055117147056469
0.77824	0.7773723930403456	0.8125103789266331	296.62886167487915	32.73138317265982	0.0030915387761713954
0.8192	0.7754118417246141	0.8107836113633335	293.4909470029619	32.44780111141788	0.0031264437393346087
0.86016	0.773537009422513	0.8091312276454864	290.5259567179898	32.179486705316194	0.003159972103076455
0.90112	0.7717399634122983	0.8075463859851673	287.7161403411299	31.924887738333315	0.0031922461841862337
0.94208	0.7700136870892696	0.80602302411783	285.0461435846961	31.682657702608903	0.00322337558394658
0.9830400000000001	0.7683520966199515	0.8045558871238814	282.50269816124893	31.451634368161482	0.0032534550033331906
1.024	0.7667497902746024	0.8031403019788586	280.07425409081003	31.230803046918254	0.0032825695356634215
1.0649600000000001	0.7652020511524318	0.8017721895698501	277.75074401522875	31.019280250478516	0.0033107931845951627
1.10592	0.7637046575384457	0.8004478936800126	275.5233195315572	30.816287232185786	0.0033381929359665584
1.1468800000000001	0.7622538890626686	0.799164193591561	273.3841907067117	30.621139148842175	0.0033648275670376303
1.18784	0.7608463881045671	0.7979181785505941	271.32644585887573	30.433226665053677	0.0033907507018420937
1.2288000000000001	0.7594791726957345	0.7967072646139959	269.34394751386776	30.252009316490057	0.0034160097473994026
1.26976	0.7581495316589492	0.795529099320243	267.43120455848236	30.077002240482262	0.0034406482603191904
1.31072	0.756855040211483	0.7943815797225005	265.583303314348	29.907772077801763	0.003464705009450843
1.39264	0.7543790695000245	0.7921851872139857	262.0899363235518	29.587330670086004	0.0035109267536944733
1.47456	0.7520108363675883	0.790082803639367	258.7937217077283	29.28453012585355	0.003555365032780462
1.55648	0.7497431096547593	0.7880681498290631	255.6786993793938	28.997917929452154	0.00359812648550779
1.6384	0.7475668853616478	0.7861334114114583	252.726823372678	28.72589932083115	0.003639356991719198
1.72032	0.7454734940522664	0.7842710426871313	249.92145473297668	28.466993329675365	0.0036791989393794595
1.80224	0.7434553552735801	0.7824744484606251	247.24807866019597	28.2199118516681	0.0037177760813623677
1.88416	0.7415057519978716	0.7807377741194896	244.69410157330933	27.983533462730072	0.0037551995934358372
1.9660800000000003	0.7396188695399565	0.7790559549596019	242.2486195755856	27.756888745874054	0.003791565119596394
2.048	0.7377895331455327	0.7774244760442048	239.9021077444004	27.53912819142242	0.0038269588928665373
2.1299200000000003	0.7360132332908665	0.7758394058644099	237.64624994251898	27.329511293179802	0.0038614555429058593
2.21184	0.7342859229305502	0.7742972103483581	235.47371167703733	27.12738289824172	0.0038951228988848767
2.2937600000000002	0.7326040435543966	0.7727947846091242	233.3780258550162	26.93216630350847	0.003928020167038277
2.37568	0.7309643737887972	0.7713293134054191	231.3534348592199	26.74334646988656	0.003960201618108873
2.4576000000000002	0.7293640587454587	0.769898304037231	229.39480949453184	26.560465989338464	0.0039917149727187054
2.53952	0.7278004962279834	0.7684994807377064	227.49757079694842	26.38311352132572	0.004022604278429944
2.62144	0.7262713648762033	0.7671308153278276	225.6575949722496	26.21092096001259	0.004052908504037821
2.78528	0.7233249475819374	0.7644915844285524	222.15708108251775	25.882707297535816	0.004111594536418734
2.94912	0.720483677919583	0.7619444495534643	218.83207433234088	25.570353977648264	0.004168502299518775
3.11296	0.717741548950957	0.7594841590284618	215.6702133826992	25.272726849967462	0.004223726516555954
3.2768	0.7150899782902363	0.7571032141703202	212.6561570821504	24.98845217016685	0.004277412513402874
3.44064	0.7125206151897193	0.7547942949707223	209.77565513127436	24.716245503346816	0.004329704051070619
3.60448	0.7100261873419121	0.7525510349576766	207.01625938882955	24.454989376815696	0.004380724820623827
3.76832	0.7076002042346644	0.7503677392146747	204.36710963069575	24.203704785669146	0.004430587176284089
3.9321600000000005	0.7052370762247552	0.7482395108243991	201.81878716807591	23.961544985043	0.004479386640146339
4.096	0.7029317912656562	0.7461619490866264	199.36301720020268	23.727763110954616	0.004527210381281957
4.2598400000000005	0.7006800076518107	0.7441312484303323	196.99255751458992	23.5017078520756	0.0045741328450588595
4.42368	0.698477799722979	0.742143960094903	194.70100315810888	23.282799591612942	0.004620222568167261
4.5875200000000005	0.6963217388237534	0.7401970775922284	192.4826825698266	23.07052792379515	0.004665538498617193
4.75136	0.6942086927963839	0.7382878480810091	190.33251960139322	22.86443377477748	0.00471013548909252
4.9152000000000005	0.6921359090829352	0.7364138571846406	188.2459965090802	22.664109936759885	0.004754060958765245
5.07904	0.6901008517110955	0.7345728752155234	186.21903193769796	22.469186998346235	0.004797359438669893
5.24288	0.6881012774682268	0.7327629341785423	184.24795847696802	22.27933468910747	0.004840069625634474
5.57056	0.6842193212848023	0.7292457982192033	180.48113277351948	21.915560263974296	0.004923514718372867
5.89824	0.6804458899206327	0.725823434972433	176.8887731811941	21.567635468931392	0.005005195878549814
6.22592	0.6767765621348679	0.7224919609030261	173.4608465460144	21.234633924958914	0.005085187420875435
6.5536	0.6732032223458917	0.7192442711917596	170.18337056958634	20.915297384500345	0.005163628785533012
6.88128	0.6697176937980148	0.7160731721513627	167.0431813280103	20.60843147973517	0.005240664672225408
7.20896	0.6663129378246871	0.712972493406959	164.02876067673316	20.31299770707842	0.005316415909006809
7.53664	0.6629825371855835	0.7099365873041434	161.12993411894024	20.02807336561208	0.005390996236053764
7.864320000000001	0.6597210568973644	0.7069606900027733	158.33787532500057	19.752861562487684	0.005464498831691251
8.192	0.6565235121342928	0.7040404143685224	155.64471663952483	19.48664866928815	0.0055370121135438115
8.519680000000001	0.6533856635605058	0.7011720464303931	153.04356121915683	19.22881310678494	0.0056086085128648
8.84736	0.6503035839605972	0.6983521303882192	150.52822787253885	18.9787930926795	0.005679357666336312
9.175040000000001	0.6472739120433748	0.6955777234230414	148.0932320456501	18.736094652364542	0.005749316748934283
9.50272	0.6442934929636336	0.6928460502734534	145.73359739959128	18.50026621333135	0.005818541633920335
9.830400000000001	0.6413596143277894	0.6901547381376011	143.44487992431092	18.27090781161836	0.0058870782070130625
10.15808	0.6384697059573003	0.6875015268870589	141.22302707406112	18.047650956308914	0.00595497191707413
10.48576	0.6356215491640991	0.6848844773995119	139.06438267919094	17.830166915125808	0.006022260061881274
11.14112	0.6300663620478938	0.6797731708290148	134.94434543944163	17.41329182700249	0.006154709490190813
11.79648	0.6246407473970167	0.6747736028865788	131.02625599507712	17.01489340192417	0.006285384978259534
12.45184	0.6193429834161713	0.6698842990451879	127.30072140381436	16.634117446923934	0.006414318497721127
13.1072	0.6141653375617909	0.665098575516365	123.75289377510578	16.26964274109604	0.006541632631987721
13.76256	0.6090992112777234	0.6604088998514159	120.36850615943477	15.920179167452659	0.00666747724683501
14.41792	0.6041374330868449	0.6558090574201987	117.13503450558702	15.584607143501959	0.0067919658176522355
15.07328	0.599273060696933	0.6512929693020083	114.04119437468187	15.261905100576332	0.006915218832798283
15.728640000000002	0.5945004412088657	0.6468557471248161	111.07712362868472	14.951191641333294	0.007037324225338707
16.384	0.5898140506450273	0.6424925597809613	108.23385249706419	14.651655578120039	0.007158377247114258
17.039360000000002	0.5852094046946383	0.6381995401427288	105.50351044167809	14.362593201499932	0.007278446160529515
17.69472	0.5806820508188524	0.6339727999734509	102.87885534512526	14.083349759666563	0.007397607133251319
18.350080000000002	0.5762283587670965	0.6298092179394318	100.35346423291912	13.813352169142988	0.007515914140762656
19.00544	0.5718446737545115	0.6257056072673985	97.9213998845812	13.552062749272634	0.007633429197430874
19.660800000000002	0.5675280125796721	0.6216594108885135	95.57734819623323	13.299007708422627	0.007750195554580961
20.31616	0.5632753219564685	0.6176679707682595	93.31634618817901	13.053738253111607	0.007866264567412034
20.97152	0.5590841140609522	0.6137291610911862	91.13394871894077	12.815857343003279	0.007981671370356845
22.28224	0.5509123795910503	0.6060334106804973	87.01045716163775	12.362967006074257	0.00820998051452799
23.59296	0.5429359093544622	0.5985039218370679	83.13923036112294	11.933950285334719	0.008436450975303395
24.90368	0.5351573917010367	0.5911433681678975	79.50783320584968	11.527727136027556	0.008661036770960858
26.2144	0.5275682019393723	0.583944651650866	76.09667602146574	11.14257537801668	0.008883828144604861
27.52512	0.520156971019277	0.57689797011658	72.88688563294413	10.776785157443662	0.009105008231736458
28.83584	0.512914844584236	0.5699959231780339	69.86202540376752	10.42889198013861	0.009324678200919763
30.14656	0.5058322698874097	0.5632302749951713	67.00708954024363	10.097527675625026	0.00954299105333088
31.457280000000004	0.49890200487138087	0.5565949954687852	64.30902712228509	9.781524577009261	0.0097600255296803
32.768	0.4921161956254848	0.5500833269310341	61.75585796091008	9.479785121174666	0.00997590576173938
34.078720000000004	0.4854689025136218	0.5436903490953033	59.33708921905705	9.191366873246807	0.010190692216748056
35.38944	0.47895359560680956	0.5374104568293252	57.043021600052576	8.915376741105437	0.010404486467246368
36.700160000000004	0.4725653182190684	0.5312395645440747	54.865092230989774	8.65104221569484	0.010617335568844644
38.01088	0.46629855419425126	0.5251729480192605	52.795340058372595	8.39762605169985	0.010829323948641065
39.321600000000004	0.4601491091720757	0.5192071667541087	50.826693856525154	8.154486835248008	0.011040488558978233
40.63232	0.4541122562726838	0.5133381813042894	48.95252865233491	7.921008160584805	0.011250900550469305
41.94304	0.4481843991505584	0.507563055034915	47.166950481796384	7.696651389403017	0.011460589223695439
44.56448	0.43669834198188745	0.4963345809345084	43.86023868377466	7.2755480171742395	0.011876938104123788
47.18592	0.4255653676562113	0.48540963691963046	40.830685479980204	6.883551010121658	0.012291525800900389
49.80736	0.4147935958546061	0.47479677367032735	38.05917087874772	6.518968271375358	0.012704190034947353
52.4288	0.4043691826538676	0.4644854116291517	35.51946695548557	6.179390757250596	0.013114945921298997
55.05024	0.3942723179340272	0.45445880947198114	33.18714986898363	5.862471522932805	0.013524070258404106
57.67168	0.3844883961254791	0.44470535253729154	31.041428506825252	5.566242895183111	0.013931620908637574
60.29312	0.3750005134761278	0.4352107337030693	29.06357286953256	5.2888686430959515	0.014337830391435913
62.91456000000001	0.3657963146124717	0.42596513243243284	27.237586712435444	5.0288053525872405	0.014742739967570691
65.536	0.35686159301794884	0.41695653862925464	25.54897705043364	4.784605016531758	0.015146539169008084
68.15744000000001	0.34818585812158953	0.4081766288497171	23.985272356728142	4.5550404428382985	0.015549254876350381
70.77888	0.33975704315283217	0.3996152151100379	22.53510286616878	4.338953091774171	0.01595104249914203
73.40032000000001	0.3315660927005804	0.39126511684891574	21.188596730685795	4.135352143651311	0.01635191907745503
76.02176	0.32360261608485036	0.3831175678408945	19.936723931769414	3.943297739242432	0.016752013715436918
78.64320000000001	0.3158587080915867	0.37516629853178945	18.771582514187617	3.7619798747170687	0.017151336302067374
81.26464	0.30832531156415605	0.3674036698797699	17.685904286710784	3.590626656819891	0.01754999530808509
83.88608	0.3009954485065352	0.3598241414899944	16.67330486909733	3.4285684314821885	0.017947995582635788
89.12896	0.2870061426874579	0.34527489073124884	14.85819568545896	3.13174137352102	0.018740776406333395
94.37184	0.2736815751454838	0.3313279697856376	13.259923301148726	2.863680369953711	0.019532381021523593
99.61472	0.26102734319100346	0.3179929325856373	11.855783802467442	2.6219469715330095	0.020322551453891155
104.8576	0.24901057216939207	0.3052444908012359	10.619474172195856	2.403609061969274	0.021111123326559046
110.10048	0.23759008724394542	0.29304781359130627	9.527870573819829	2.205946084979694	0.021898519558719475
115.34336	0.22673365402033577	0.28137701853537783	8.561848300406043	2.026703847246795	0.022684666500636122
120.58624	0.21640619451650145	0.27020219282506086	7.704865166505988	1.863841713156036	0.023469906059083338
125.82912000000002	0.2065799237780664	0.2595007407703986	6.943120291329592	1.7156539147186691	0.024254170887856218
131.072	0.19722507723550597	0.24924711413941006	6.264601272820897	1.5805895681092028	0.02503773214469458
136.31488000000002	0.18831761328334948	0.23942152811811246	5.6591902733497275	1.4573382660798053	0.025820526084920303
141.55776	0.17983203043811455	0.23000193778105404	5.11801777458233	1.3447031707265067	0.026602769262933434
146.80064000000002	0.17174731527978346	0.22097083331364678	4.633556249275669	1.2416626970011042	0.027384402828254703
152.04352	0.16404139596948947	0.21230898177746055	4.19916523726448	1.1472806071068509	0.028165601821862903
157.28640000000001	0.1566957767696112	0.20400077464756722	3.8091617563591624	1.0607507201449813	0.02894631240645344
162.52928	0.14969119815196466	0.19602928352895146	3.458518784320436	0.9813321616255515	0.029726677419608143
167.77216	0.14301128232293508	0.18838050802217396	3.142898907242077	0.9083820310324471	0.03050664797791702
178.25792	0.13067683308469102	0.17411495586053227	2.607262098768963	0.7806442751113801	0.03206404245826697
188.74368	0.11936952417234017	0.16089036450345337	2.1663139104167395	0.6716070264264407	0.03362121413169931
199.22944	0.10905571509451263	0.14868384944598312	1.8047217278099843	0.5787615806298949	0.035177965311771246
209.7152	0.09965226202513364	0.1374223178622216	1.5074434339843712	0.4995716858202958	0.036733872917581026
220.20096	0.09107384781584393	0.12702726031237851	1.2622379269038069	0.43186046444178167	0.03828943380736734
230.68672	0.08324786254447357	0.11743239096284437	1.0594483302566275	0.373859879358187	0.039844381735449415
241.17248	0.0761045346953257	0.10857199123606585	0.8912599002469502	0.3240698390754801	0.04139909224376919
251.65824000000003	0.06958405154199483	0.10038998773330349	0.7514461132590488	0.2812610145594664	0.042953358749336264
262.144	0.06362950766496263	0.09283156692595841	0.6349305511459825	0.24438631949947498	0.04450746266660175
272.62976000000003	0.05819162865568191	0.08584934497607963	0.5376350890931952	0.2125797645255504	0.04606123999525433
283.11552	0.05322381505658804	0.07939741712812515	0.45621012992915444	0.1851008308980779	0.04761490343282736
293.60128000000003	0.04868532690020619	0.07343561653846489	0.3879407479433093	0.16133202954356035	0.049168322386013555
304.08704	0.044537839140192215	0.06792532688937948	0.3305899655029774	0.14074364063940398	0.050721659710710416
314.57280000000003	0.0407476015449087	0.0628324469193312	0.28232882271132015	0.12289092180989776	0.052274810691461074
325.05856	0.03728298481180408	0.05812437746727926	0.24164220404414477	0.10739122415115182	0.05382790142093349
335.54432	0.034115972737293276	0.05377211849538031	0.20728629286230535	0.09392140414018388	0.055380847615872475
356.51584	0.028662532560779812	0.04614064012359377	0.1544236615323912	0.07226694348757767	0.05848542584120736
377.48736	0.02404701807227687	0.039548544658656606	0.11578168783950687	0.05564715801814009	0.061590116881131446
398.45888	0.020175442187188922	0.033897379964868066	0.08768552013299645	0.042944257288748976	0.06469493460331478
419.4304	0.016931120948761917	0.02905734427891556	0.06715251787336528	0.03321607469171633	0.06779943774368334
440.40192	0.01421181024457214	0.024911333190913012	0.052047914334517484	0.02574526812421681	0.07090397222210612
461.37344	0.011932790463429979	0.02136038987486862	0.04086340018619191	0.0199948573121287	0.07400827554734915
482.34496	0.010022103499954221	0.01831831044828709	0.03251894132588047	0.01555758518528812	0.07711258296241233
503.31648000000007	0.008420198693723494	0.01571230979566132	0.02624493982445372	0.012126526675913593	0.0802167203789191
524.288	0.007076715877359925	0.01347932893992387	0.021486777376039313	0.009467715945025294	0.08332084702281863
545.2595200000001	0.0059498963857722055	0.011565995341533075	0.017845052583587408	0.00740356713134526	0.08642484517271336
566.23104	0.00500449573333897	0.009926193413910612	0.01503057341767739	0.005798018391207583	0.08952882359763145
587.2025600000001	0.004211220078888999	0.008520786105934989	0.012832341480482809	0.004547135915637117	0.09263270206835442
608.17408	0.003545381248438499	0.0073160249173674355	0.01109613350420474	0.0035709278990356174	0.09573655585141211
629.1456000000001	0.002986424536795488	0.006283213345160396	0.009708942443548719	0.0028079575640641524	0.09884032986377368
650.11712	0.002517042712599163	0.005397638591157392	0.008587238364124672	0.0022107474546071712	0.10194407675573197
671.08864	0.0021228058001660486	0.004638254720317384	0.007669210668491262	0.0017426601044809996	0.10504775853235282
713.03168	0.0015316111311221537	0.003462185065307671	0.006300568378531351	0.0011003036994272403	0.11125472700377205
754.97472	0.001102958155912352	0.00257795028254441	0.005299441630257879	0.0006944774266379564	0.11746159366095096
796.91776	0.0007967178514914507	0.0019215312820003647	0.00454604030036201	0.00043983358960113207	0.1236684267419722
838.8608	0.0005780982549901831	0.0014348087624167566	0.003959848706603277	0.0002796526450986515	0.12987510504873795
880.80384	0.00042182938260418643	0.0010737816520300129	0.003490239446362702	0.00017854174034171537	0.13608171872748168
922.74688	0.0003099299244238166	0.0008058287323355712	0.003105130134930407	0.00011449732398380055	0.14228821309092682
964.68992	0.00022959678410330278	0.0006067503136563776	0.0027833607900047065	7.378652967536211e-5	0.14849463937626503
1006.6329600000001	0.00017175173976167923	0.00045867368651785455	0.002510508750521516	4.781745586534652e-5	0.15470097155527107
1048.576	0.00012994111855525555	0.0003483682419762444	0.002276376465719828	3.1191676687461734e-5	0.16090723940955556
1090.5190400000001	9.958539261124148e-5	0.0002660613552223684	0.002073531132175441	2.0507780347684577e-5	0.16711343089739852
1132.46208	7.742655319046044e-5	0.00020451943102941294	0.0018963882037354245	1.3614428490775968e-5	0.1733195640659953
1174.4051200000001	6.114807089312052e-5	0.00015839427411338386	0.001740651885656932	9.147151966280895e-6	0.17952563379845413
1216.34816	4.909915277868731e-5	0.00012372542168571235	0.0016029440013249927	6.237600031894696e-6	0.18573165157296678
1258.2912000000001	4.010289226219613e-5	9.758123778365847e-5	0.0014805632502064565	4.331625132069859e-6	0.19193761568085077
1300.23424	3.331818891812727e-5	7.778860072031492e-5	0.0013712472514003115	3.074463037285741e-6	0.1981435338021305
1342.17728	2.8143492536172026e-5	6.273679532552845e-5	0.0012733445156116014	2.2383578308807658e-6	0.20434940586199737
1426.06336	2.1321359020053536e-5	4.334381506538926e-5	0.001109784381875592	1.3261982311542927e-6	0.21676098179368722
1509.94944	1.6836360891133224e-5	3.116428169311362e-5	0.0009742317697310495	8.712147811156673e-7	0.22917241607370473
1593.83552	1.379073711945297e-5	2.3442634868293377e-5	0.0008613207065209974	6.31277372135461e-7	0.24158372817489537
1677.7216	1.1619641002859173e-5	1.8393676788484855e-5	0.0007663995516485482	4.930198112929528e-7	0.25399492368275395
1761.60768	9.998871586462135e-6	1.496631931430429e-5	0.0006859263105909594	4.048590530745674e-7	0.2664060190590943
1845.49376	8.739938218550555e-6	1.2543360329624863e-5	0.0006171630051428206	3.4294445723854925e-7	0.27881702052929325
1929.37984	7.730169511829582e-6	1.0759355044586262e-5	0.0005579707770324243	2.959356899287891e-7	0.29122793952895853
2013.2659200000003	6.899627086852177e-6	9.39472115812519e-6	0.0005066623296018961	2.582195642870127e-7	0.303638781414401
2097.152	6.203110924708122e-6	8.315139445106699e-6	0.00046189485814150194	2.2685958611322394e-7	0.3160495545333562
2181.0380800000003	5.610091852952321e-6	7.4364570731809e-6	0.0004225914975998457	2.0020539537250255e-7	0.32846026330009603
2264.92416	5.099102127710044e-6	6.704538703103437e-6	0.00038788270793615407	1.7724826311276057e-7	0.34087091404182845
2348.8102400000002	4.654461513290035e-6	6.083438572819435e-6	0.0003570620172258409	1.5731580260734076e-7	0.3532815103799674
2432.69632	4.26436373527626e-6	5.548519882404851e-6	0.0003295521500681142	1.3992342992853734e-7	0.3656920572493169
2516.5824000000002	3.919684305550066e-6	5.082314672916691e-6	0.00030487886096615294	1.246994686073701e-7	0.3781025576427211
2600.46848	3.613233150123979e-6	4.6720545589498156e-6	0.0002826505174146354	1.113456845157247e-7	0.3905130155011406
2684.35456	3.3392516649258806e-6	4.3081283514210875e-6	0.00026254206244711366	9.961530079136565e-8	0.4029234333202394
2852.12672	2.883994425160684e-6	3.7088089482963428e-6	0.00022862839401091177	8.06360530243352e-8	0.42774412252621974
3019.89888	2.50617590461948e-6	3.214762114600423e-6	0.00020004369193081227	6.58096656509391e-8	0.4525646855638481
3187.67104	2.189862294874698e-6	2.8034542597829038e-6	0.0001757605471572965	5.421167137523713e-8	0.4773851398190156
3355.4432	1.922233096144949e-6	2.4570077826241278e-6	0.00015497839700063252	4.511981553459637e-8	0.502205495611318
3523.21536	1.6938179596363096e-6	2.1623405702627255e-6	0.00013708429065024038	3.797579322956154e-8	0.527025766293088
3690.98752	1.4975264859392565e-6	1.909774205929424e-6	0.00012160118157074529	3.234709989863246e-8	0.5518459598387138
3858.75968	1.3279237525977732e-6	1.691980025189273e-6	0.00010815128849716447	2.78981388348355e-8	0.5766660861168866
4026.5318400000006	1.1807498595515132e-6	1.5032745361791473e-6	9.643050839499724e-5	2.436824726616736e-8	0.6014861513113088
4194.304	1.0525811287763729e-6	1.339135068401124e-6	8.618653262779613e-5	2.1554832100073236e-8	0.6263061628388574
4362.0761600000005	9.406809346651725e-7	1.1959579867609358e-6	7.722224396270933e-5	1.9300371749041165e-8	0.6511261255151003
4529.84832	8.427685334405074e-7	1.0707686389795548e-6	6.936054786860312e-5	1.748234427570634e-8	0.6759460449769867
4697.6204800000005	7.569350550627515e-7	9.610881317033546e-7	6.245595566230076e-5	1.6005429014613057e-8	0.7007659249814351
4865.39264	6.815739596376273e-7	8.648363499877933e-7	5.638451945468416e-5	1.479545102899786e-8	0.7255857698514224
5033.1648000000005	6.153211331936975e-7	7.802519319882046e-7	5.1039958756901524e-5	1.3794677562528985e-8	0.7504055825210015
5200.93696	5.570096660911168e-7	7.058317618260898e-7	4.633066657997306e-5	1.2958162554873908e-8	0.7752253663281274
5368.70912	5.056354476668976e-7	6.402849657935408e-7	4.217735448204129e-5	1.2250905362225151e-8	0.8000451235651865
5704.25344	4.2394036233596705e-7	5.360189394219694e-7	3.557352058837637e-5	1.1148741687541315e-8	0.8496845386951232
6039.79776	3.59403043622039e-7	4.537132676145898e-7	3.034107305237108e-5	1.0287683223599265e-8	0.8993238742887093
6375.34208	3.082511582980265e-7	3.885468137942749e-7	2.618186589121833e-5	9.585336983880668e-9	0.9489631436839852
6710.8864	2.6753343832040937e-7	3.3671342488127297e-7	2.286322560676445e-5	8.989977520468524e-9	0.9986023536665218
7046.43072	2.3498152829934662e-7	2.9530227773381133e-7	2.020364076395416e-5	8.46903469867724e-9	1.048241512893897
7381.97504	2.088328926349258e-7	2.6205944961252337e-7	1.8061334507612906e-5	8.001866883577042e-9	1.0978806256313203
7717.51936	1.8771194184669676e-7	2.3522840072620578e-7	1.6325459833108582e-5	7.575266883287443e-9	1.147519697603925
8053.063680000001	1.7054321798005694e-7	2.1343661688806242e-7	1.4909289753226213e-5	7.1806677636569156e-9	1.1971587315267396
8388.608	1.5648516910203633e-7	1.9561035564151529e-7	1.3744930770620677e-5	6.812405045229532e-9	1.2467977312947336
8724.152320000001	1.448788902129589e-7	1.8090901894188175e-7	1.2779208427979551e-5	6.466635647362192e-9	1.2964366986790008
9059.69664	1.3520824126326732e-7	1.6867419440199896e-7	1.1970458981143931e-5	6.140664965137856e-9	1.3460756364104796
9395.240960000001	1.2706874439412335e-7	1.5838994456357931e-7	1.1286024637416693e-5	5.832527762585501e-9	1.3957145456980091
9730.78528	1.2014329612004284e-7	1.4965180789541696e-7	1.0700296276874549e-5	5.540726808986999e-9	1.4453534285263767
10066.329600000001	1.1418318509627666e-7	1.4214257559945482e-7	1.0193183095509568e-5	5.2640696723911645e-9	1.4949922857677316
10401.87392	1.0899324780925092e-7	1.356133508938537e-7	9.74891546211268e-6	5.001566522968449e-9	1.544631118919241
10737.41824	1.0442025533743452e-7	1.2986873200481453e-7	9.355108161836134e-6	4.752365943724747e-9	1.594269928653638
11408.50688	9.693309875387355e-8	1.2048446022917796e-7	8.703859226040604e-6	4.296382547582528e-9	1.693547454380506
12079.59552	9.061268875232151e-8	1.1258225823426778e-7	8.149195806719181e-6	3.884327926606347e-9	1.7928248973906586
12750.68416	8.511897099706439e-8	1.0572677915522103e-7	7.66351345414937e-6	3.5118692570530216e-9	1.892102264836863
13421.7728	8.022911937242417e-8	9.963375456659184e-8	7.228720955291941e-6	3.175158319290693e-9	1.9913795591508485
14092.86144	7.579629687560451e-8	9.411627518858676e-8	6.832855818806912e-6	2.8707454651513317e-9	2.0906567856777607
14763.95008	7.172261855067751e-8	8.904989391975175e-8	6.46791180713432e-6	2.595524501543781e-9	2.189933946872948
15435.03872	6.79418322608086e-8	8.435048576530213e-8	6.128441683116773e-6	2.346692498009151e-9	2.2892110469808684
16106.127360000002	6.440818774750024e-8	7.99600489377085e-8	5.8106584887569e-6	2.1217176236266776e-9	2.388488088439436
16777.216	6.108927565385706e-8	7.583757440681558e-8	5.511857183630371e-6	1.9183118110737236e-9	2.4877650747657887
17448.304640000002	5.796141702766137e-8	7.19531682082948e-8	5.230042175546592e-6	1.7344068170683697e-9	2.5870420083215357
18119.39328	5.500669190916516e-8	6.828426371840094e-8	4.963687178641227e-6	1.5681328897149073e-9	2.6863188921055476
18790.481920000002	5.221102165048025e-8	6.481317742212457e-8	4.711580155760183e-6	1.417799631231927e-9	2.7855957283580093
19461.57056	4.956292885339336e-8	6.152552861742976e-8	4.472722978238305e-6	1.2818787497495402e-9	2.8848725196845124
20132.659200000002	4.7052733230592625e-8	5.84092148768758e-8	4.24626629384932e-6	1.1589884968992503e-9	2.9841492681770836
20803.74784	4.467202804371238e-8	5.545374520673254e-8	4.031467058351448e-6	1.0478796058499888e-9	3.083425976127863
21474.83648	4.2413337268577156e-8	5.2649803590177934e-8	3.827660670615591e-6	9.47422585753428e-10	3.182702645468932
22817.01376	3.832901161477951e-8	4.757971084682652e-8	3.4590446747925987e-6	7.782284159468412e-10	3.381255839419047
24159.19104	3.463905782433668e-8	4.299914474346599e-8	3.126054247015421e-6	6.392498254692759e-10	3.579808903956002
25501.36832	3.130514721760146e-8	3.886057041209629e-8	2.825189120217086e-6	5.25090735820557e-10	3.7783618520381768
26843.5456	2.829259541385748e-8	3.5120929037341746e-8	2.553321060269231e-6	4.313187584078964e-10	3.9769146944191562
28185.72288	2.5570241663948487e-8	3.174153272909138e-8	2.307639993556007e-6	3.5429302772013387e-10	4.175467441574949
29527.90016	2.3110029053138902e-8	2.868754929385868e-8	2.0856149867447774e-6	2.91022884190639e-10	4.374020102392559
30870.07744	2.0886656038064205e-8	2.5927568707131497e-8	1.8849632385149857e-6	2.390517638978186e-10	4.572572685392626
32212.254720000004	1.8877285906981465e-8	2.343324158760181e-8	1.7036241228683955e-6	1.9636181717789586e-10	4.771125197868644
33554.432	1.7061296580311995e-8	2.117896815905974e-8	1.5397367402062946e-6	1.6129555897197187e-10	4.969677646772766
34896.609280000004	1.542006062378999e-8	1.914162494415332e-8	1.3916201289248265e-6	1.324915113711623e-10	5.16823003806934
36238.78656	1.3936749512751342e-8	1.7300321675025367e-8	1.2577556333639586e-6	1.0883133957466912e-10	5.366782377440537
37580.963840000004	1.2596158326506589e-8	1.5636183619577847e-8	1.1367710998731545e-6	8.93964289861229e-11	5.5653346697543995
38923.14112	1.1384548165560862e-8	1.413215593534547e-8	1.0274266644681111e-6	7.343221725147295e-11	5.763886919659749
40265.318400000004	1.0289504212527922e-8	1.2772827456313613e-8	9.286019483582807e-7	6.03188963342495e-11	5.962439131125417
41607.49568	9.299807733712714e-9	1.1544271792222601e-8	8.392845094765246e-7	4.954734693233434e-11	6.160991307957242
42949.67296	8.405320574519147e-9	1.0433903940883514e-8	7.58559420428924e-7	4.06993708042404e-11	6.359543453388622
45634.02752	6.927236869220477e-9	8.599150996991896e-9	6.251470913044078e-7	2.7949579146302786e-11	6.75664763075965
48318.38208	5.7089371680815725e-9	7.086813251074394e-9	5.152015257342886e-7	1.9193931887057404e-11	7.15375171847702
51002.73664	4.704916764829013e-9	5.840468086607674e-9	4.2459406535149956e-7	1.3181151692448698e-11	7.550855733452864
53687.0912	3.877486173758546e-9	4.813333419652618e-9	3.4992286951399265e-7	9.051979172702853e-12	7.947959687538141
56371.44576	3.195582386596596e-9	3.966849169546319e-9	2.8838466924633453e-7	6.216336554814453e-12	8.345063592374123
59055.80032	2.6336076090271226e-9	3.269239370661501e-9	2.3766941071975276e-7	4.269001200826743e-12	8.742167455853524
61740.15488	2.170467448907582e-9	2.6943183830384466e-9	1.9587344423890002e-7	2.9316952048534513e-12	9.139271286010798
64424.50944000001	1.7887783843950922e-9	2.220507080767611e-9	1.6142800369734845e-7	2.0133168847335352e-12	9.536375088078582
67108.864	1.4742147870597206e-9	1.8300222731876634e-9	1.3304027987108388e-7	1.3826308123346055e-12	9.93347886761839
69793.21856000001	1.2149709016256393e-9	1.508208828949544e-9	1.0964486759036058e-7	9.495134022247511e-13	10.330582628079574
72477.57312	1.0013175221560042e-9	1.2429893527288943e-9	9.036375851781932e-8	6.52073778428921e-13	10.727686373324975
75161.92768000001	8.252366867937769e-10	1.0244107110531068e-9	7.447337455628459e-8	4.4780933188681795e-13	11.12479010561191
77846.28224	6.801206523206954e-10	8.442703524904562e-10	6.13774020692446e-8	3.0753199448309906e-13	11.521893827633864
80530.63680000001	5.605238337866436e-10	6.958083764362053e-10	5.058440586570243e-8	2.1119723524955225e-13	11.918997540854186
83214.99136	4.6195838584469313e-10	5.734537768706877e-10	4.168938157166127e-8	1.450397047888079e-13	12.316101247159368
85899.34592	3.807257462334258e-10	4.726153279581878e-10	3.4358553373314436e-8	9.960619190455327e-14	12.713204947486282
91268.05504	2.664414658292176e-10	3.3075284830961113e-10	2.4043497749059765e-8	4.985921597690103e-14	13.507412322462617
96636.76416	1.8645217801052067e-10	2.3145656425369074e-10	1.6825299711757e-8	2.4957895914208573e-14	14.301619684583786
102005.47328	1.304769037082296e-10	1.6197041156366532e-10	1.1774134902613805e-8	1.2493135398591122e-14	15.095827040222671
107374.1824	9.130630982307586e-11	1.1334512068357243e-10	8.239411243712276e-9	6.25368412603786e-15	15.890034389567006
112742.89152	6.389529298123879e-11	7.931784369309193e-11	5.765862424543335e-9	3.130411970784799e-15	16.684241736212996
118111.60064	4.4713413495118487e-11	5.5505990197326846e-11	4.034904450080468e-9	1.5669969248850626e-15	17.478449079776556
123480.30976	3.129014937626359e-11	3.884272240753832e-11	2.8235994096479053e-9	7.843969794167209e-16	18.272656422342063
128849.01888000002	2.189667983976475e-11	2.718192997978568e-11	1.975939895741461e-9	3.926492943639294e-16	19.066863763398104
134217.728	1.5323207912602538e-11	1.902180441730546e-11	1.3827547858149308e-9	1.9655082943768243e-16	19.861071104184994
139586.43712000002	1.0723137861484209e-11	1.3311405212735283e-11	9.676479448294193e-10	9.838889820699825e-17	20.655278444232692
144955.14624	7.504034666616171e-12	9.315299944135844e-12	6.771584976887783e-10	4.925138782683377e-17	21.449485784297735
150323.85536000002	5.251320214077155e-12	6.518842832394056e-12	4.738752359603469e-10	2.4654262093262775e-17	22.243693124000796
155692.56448	3.674877616810027e-12	4.561890820155958e-12	3.316182346711429e-10	1.2341464621142956e-17	23.037900463813656
161061.27360000001	2.5716860705188578e-12	3.1924195143277735e-12	2.320670516151268e-10	6.177923863383214e-18	23.832107803449258
166429.98272	1.799673416872634e-12	2.2340644815812114e-12	1.62401203246049e-10	3.09257008278835e-18	24.626315143207442
171798.69184	1.25941863034964e-12	1.5634072219102063e-12	1.1364901148352922e-10	1.5480952973453192e-18	25.420522482878834
182536.11008	6.746096960404569e-13	8.374660809317499e-13	6.086871618143778e-11	4.638754422914923e-19	27.00893716014032
193273.52832	3.6131421232339745e-13	4.4853884301643384e-13	3.260062326050495e-11	1.3899883709051764e-19	28.597351837284048
204010.94656	1.9351527071065755e-13	2.402316743056625e-13	1.7460475634513216e-11	4.165022797343353e-20	30.18576651532123
214748.3648	1.0364402641845524e-13	1.2866466892578274e-13	9.351582023289156e-12	1.2480184001678745e-20	31.774181193324733
225485.78304	5.5510160023610075e-14	6.891083512192449e-14	5.0085645639635156e-12	3.739578754019594e-21	33.362595871778545
236223.20128	2.973035458610726e-14	3.690754224537303e-14	2.6825070652194075e-12	1.1205287161569566e-21	34.95101055022272
246960.61952	1.5923087527877864e-14	1.976707096367662e-14	1.4367065039548283e-12	3.3575485519106017e-22	36.539425228891055
257698.03776000004	8.528137466696792e-15	1.0586910298013549e-14	7.694757872945426e-13	1.0060531195974632e-22	38.12783990755663
268435.456	4.5675247140023785e-15	5.670168291874688e-15	4.1211807639543265e-13	3.0145259223421855e-23	39.716254586333044
279172.87424000003	2.4462874444932545e-15	3.036844336720633e-15	2.2072332846372798e-13	9.032683237836415e-24	41.304669265108664
289910.29248	1.3101890977230828e-15	1.6264811263135459e-15	1.182155818163138e-13	2.7065390551489787e-24	42.893083943938876
300647.71072000003	7.017144647513944e-16	8.711149707786825e-16	6.331420591770603e-14	8.1098284406125195e-25	44.48149862276885
311385.12896	3.7582603010623615e-16	4.665539888024228e-16	3.3909983991358667e-14	2.430014991617572e-25	46.069913301625625
322122.54720000003	2.0128586786800994e-16	2.498781813589759e-16	1.8161595789184627e-14	7.281254426844515e-26	47.65832798048235
332859.96544	1.0780520394168028e-16	1.3383040097299285e-16	9.727034127476755e-15	2.1817423497860943e-26	49.246742659352215
343597.38368	5.773859181837747e-17	7.167723488509608e-17	5.209630179558697e-15	6.537335005303628e-27	50.83515733822205
365072.22016	2.0841874885400998e-17	2.5874819225531615e-17	1.880048935704887e-15	9.281318154636662e-28	54.011986695936855
386547.05664	7.521672172157994e-18	9.33803487962809e-18	6.784935332917392e-16	1.3177928216393087e-28	57.18881605365164
408021.89312	2.7144789425408137e-18	3.3699820258097913e-18	2.448599431473141e-16	1.8710076634753966e-29	60.36564541138416
429496.7296	9.796156272585123e-19	1.2161770897338869e-18	8.836635631105723e-17	2.6564298728612998e-30	63.54247476911669
450971.56608	3.5352737226757193e-19	4.38898566986275e-19	3.18899817163904e-17	3.771528605252929e-31	66.7193041268543
472446.40256	1.2758189573209393e-19	1.5839088017065856e-19	1.1508540793522892e-17	5.354683681966171e-32	69.89613348459189
493921.23904	4.60419871541125e-20	5.716039002408877e-20	4.153223065742564e-18	7.602357240108315e-33	73.07296284233094
515396.0755200001	1.661568610382548e-20	2.062810844425457e-20	1.4988199527466853e-18	1.0793472298553783e-33	76.24979220006999
536870.912	5.996279071151554e-21	7.444284567154456e-21	5.4089505820722315e-19	1.532402303088716e-34	79.42662155780947
558345.7484800001	2.1639380238724e-21	2.6864944624180416e-21	1.9519827942258005e-19	2.1756212237106659e-35	82.60345091554895
579820.58496	7.809213302966754e-22	9.695013520044806e-22	7.044309734917111e-20	3.088821257622033e-36	85.78028027328853
601295.4214400001	2.8181836200404886e-22	3.498729944549321e-22	2.5421456871681755e-20	4.3853207297875675e-37	88.95710963102812
622770.25792	1.0170231935411979e-22	1.2626180537605647e-22	9.174068922364896e-21	6.225999922389746e-38	92.13393898876775
644245.0944000001	3.670219403698132e-23	4.5565187988266215e-23	3.3107253972566626e-21	8.83926349816258e-39	95.31076834650736
665719.93088	1.32450260952476e-23	1.6443488523014757e-23	1.1947689961316882e-21	1.2549381286448444e-39	98.48759770424702
687194.76736	4.779838803789397e-24	5.934093617950376e-24	4.311658636113345e-22	1.7816723927992761e-40	101.66442706198667
730144.44032	1.0197986066730993e-24	1.2662127033246439e-24	9.19451136564201e-23	9.594342695493006e-42	108.01808577746598
773094.11328	2.1751243908034643e-25	2.700705770136326e-25	1.9610858782956707e-23	5.168563823805815e-43	114.37174449294527
816043.78624	4.6392810886794005e-26	5.76028371921741e-26	4.182762233884577e-24	2.784337039198277e-44	120.72540320842454
858993.4592	9.895016428674742e-27	1.228597733447989e-26	8.921317647468354e-25	1.499934470640612e-45	127.07906192390381
901943.13216	2.1104828163940993e-27	2.6204447801322803e-27	1.9028050551430126e-25	8.080193115450637e-47	133.4327206393831
944892.80512	4.501390373463856e-28	5.589074148708897e-28	4.0584401637398215e-26	4.3528163004686727e-48	139.78637935486236
987842.47808	9.600882261574357e-29	1.192077082430477e-28	8.656126751247646e-27	2.3448668221690442e-49	146.14003807034166
1.0307921510400001e6	2.0477420857517294e-29	2.542543853968133e-29	1.8462381201724113e-27	1.2631802863622112e-50	152.49369678582096
1.073741824e6	4.3675616656069504e-30	5.4229080793414486e-30	3.937780445743909e-28	6.804745233786769e-52	158.84735550130023
1.1166914969600001e6	9.315422115027316e-31	1.1566334227101318e-30	8.398756435542804e-29	3.665707646671292e-53	165.20101421677953
1.15964116992e6	1.9868531141881058e-31	2.4669421256736124e-31	1.7913407471162656e-29	1.9747096655990582e-54	171.55467293225882
1.2025908428800001e6	4.23768561901197e-32	5.261649750203157e-32	3.820684477544783e-30	1.0637711106893097e-55	177.90833164773812
1.24554051584e6	9.038398368251976e-33	1.1222372513806965e-32	8.148992435569511e-31	5.730502205612495e-57	184.26199036321742
1.2884901888000001e6	1.9277646543453352e-33	2.393575966546398e-33	1.7380667263090321e-31	3.0870009578994467e-58	190.6156490786967
1.33143986176e6	4.111652041110812e-34	5.105162345969777e-34	3.7070528995091493e-32	1.662954877797656e-59	196.969307794176
1.37438953472e6	8.769574419178194e-35	1.088859191823037e-34	7.906621411136878e-33	8.958263187638147e-61	203.3229665096553
1.46028888064e6	9.786366929296734e-36	1.2153933502940225e-35	8.814559111629558e-34	1.5408397165630098e-62	216.03028394061388
1.54618822656e6	1.0919080777186948e-36	1.3560736940833035e-36	9.83470928437144e-35	2.6545639204378226e-64	228.73760137157245
1.63208757248e6	1.2182796531564196e-37	1.513018459680228e-37	1.097292500206446e-35	4.573290867115379e-66	241.44491880253102
1.7179869184e6	1.3592760992991392e-38	1.688126227206505e-38	1.2242866033437277e-36	7.87887247891217e-68	254.1522362334896
1.80388626432e6	1.516590048465762e-39	1.8834991961616016e-39	1.365977720769082e-37	1.3573723188063358e-69	266.8595536644482
1.88978561024e6	1.6921099544387935e-40	2.101482695394967e-40	1.524066763767359e-38	2.3384798046778486e-71	279.5668710954067
1.97568495616e6	1.887942822893954e-41	2.3446934792151875e-41	1.7004514915279708e-39	4.0287286712296436e-73	292.2741885263653
2.0615843020800003e6	2.1064395052737316e-42	2.6160511413816806e-42	1.8972492927154648e-40	6.940683022508188e-75	304.9815059573239
2.147483648e6	2.350222919388276e-43	2.9188131631332623e-43	2.1168226034841761e-41	1.195738543858604e-76	317.68882338828246
2.2333829939200003e6	2.622219536001006e-44	3.2566140173344897e-44	2.3618072671349703e-42	2.0600136527234734e-78	330.39614081924105
2.31928233984e6	2.925694509390511e-45	3.633508798186734e-45	2.6351441758653252e-43	3.548982377528532e-80	343.10345825019965
2.4051816857600003e6	3.2642908736123563e-46	4.054021900255366e-46	2.940114574455111e-44	6.114169581264763e-82	355.8107756811582
2.49108103168e6	3.6420732749892976e-47	4.523201331176691e-47	3.2803794496884944e-45	1.0533459413516222e-83	368.5180931121168
2.5769803776000002e6	4.063576765813055e-48	5.0466793100371214e-48	3.660023478359086e-46	1.814698561453602e-85	381.2254105430754
2.66287972352e6	4.53386124499766e-49	5.630739878872917e-49	4.0836040614285896e-47	3.126352170136642e-87	393.932727974034
2.74877906944e6	5.058572199212793e-50	6.282394338927225e-50	4.556206032965534e-48	5.3860607150446536e-89	406.6400454049927
2.92057776128e6	2.6218410929179276e-51	3.257663769334567e-51	2.35679286173507e-49	2.637462082314604e-91	432.0546802669098
3.09237645312e6	1.3606532739560453e-52	1.6906452814003396e-52	1.223065826748065e-50	1.299929868276626e-93	457.469315128827
3.26417514496e6	7.061182636370642e-54	8.773695141343817e-54	6.347163895296311e-52	6.4070268879974115e-96	482.88394999074416
3.4359738368e6	3.664437414033121e-55	4.553154683645442e-55	3.293893672556246e-53	3.157861913785688e-98	508.2985848526613
3.60777252864e6	1.9016787691170628e-56	2.362883197971563e-56	1.7093831750012204e-54	1.556430367765949e-100	533.7132197145785
3.77957122048e6	9.868860194400406e-58	1.2262304400414614e-57	8.870932273069736e-56	7.671251748494452e-103	559.1278545764956
3.95136991232e6	5.121495878747204e-59	6.363586089785266e-59	4.6036160375909753e-57	3.780965888817773e-105	584.5424894384126
4.1231686041600006e6	2.657826655875234e-60	3.302415766350713e-60	2.3890702453190338e-58	1.8635423714247225e-107	609.9571243003298
4.294967296e6	1.3792928141693804e-61	1.7138056486997546e-61	1.239820292303737e-59	9.18492841371878e-110	635.3717591622469
4.466765987840001e6	7.157910954096533e-63	8.893882502940023e-63	6.434111132285037e-61	4.527018545011217e-112	660.7863940241641
4.63856467968e6	3.7146346610147345e-64	4.615526014361149e-64	3.3390150249089034e-62	2.2312527398457104e-114	686.2010288860813
4.8103633715200005e6	1.927728732391937e-65	2.3952509264249358e-65	1.7327989932730599e-63	1.099727933591346e-116	711.6156637479984
4.98216206336e6	1.0004047218429082e-66	1.2430277645177761e-66	8.992449329943397e-65	5.420280272503787e-119	737.0302986099156
5.1539607552000005e6	5.191651649431172e-68	6.450756381991588e-68	4.666677733043173e-66	2.6715187646484946e-121	762.4449334718328
5.32575944704e6	2.694234265131657e-69	3.347653127380492e-69	2.42179635718369e-67	1.3167238829612422e-123	787.85956833375
5.49755813888e6	1.3981866960611136e-70	1.737281767338794e-70	1.2568036458224607e-68	6.489798248184213e-126	813.274203195667
5.84115552256e6	2.95178540610864e-72	3.6709410555890287e-72	2.6432423229792507e-70	8.351363526685476e-129	864.1034729195014
6.18475290624e6	6.29099760793709e-74	7.824176259617405e-74	5.632242790113716e-72	1.1031263681587782e-131	914.9327426433356
6.52835028992e6	1.3405298274180328e-75	1.6672322814819923e-75	1.2001551623861097e-73	1.457190814739844e-134	965.76201236717
6.8719476736e6	2.8564888893299126e-77	3.5526479536480396e-77	2.557369321138732e-75	1.9248976024883544e-137	1016.5912820910044
7.21554505728e6	6.086793841198469e-79	7.570215226894071e-79	5.449410250549856e-77	2.542721750624058e-140	1067.4205518148387
7.55914244096e6	1.297013946061838e-80	1.6131111025174273e-80	1.161196070898021e-78	3.3588456296404425e-143	1118.249821538673
7.90273982464e6	2.763762368260305e-82	3.4373229173816414e-82	2.4743527335691015e-80	4.4369164496569705e-146	1169.0790912625073
8.246337208320001e6	5.889206088416007e-84	7.32447307531799e-84	5.272513060732115e-82	5.861009927329989e-149	1219.9083609863414
8.589934592e6	1.2549106518466144e-85	1.5607467531932672e-85	1.123501657536605e-83	7.742187114958144e-152	1270.7376307101758
8.933531975680001e6	2.6740459078077806e-87	3.325741527781e-87	2.3940310055774458e-85	1.0227155740156447e-154	1321.5669004340102
9.27712935936e6	5.6980323710569495e-89	7.08670813307049e-89	5.101358255391889e-87	1.3509711529663289e-157	1372.3961701578446
9.620726743040001e6	1.2141741024961514e-90	1.5100822401132046e-90	1.0870308692371052e-88	1.7845851794003567e-160	1423.2254398816788
9.96432412672e6	2.587241797109713e-92	3.2177822609310545e-92	2.316316658259067e-90	2.357373993904564e-163	1474.0547096055132
1.0307921510400001e7	5.513064479747374e-94	6.856661447769609e-94	4.935759427959361e-92	3.114007788065986e-166	1524.8839793293473
1.065151889408e7	1.1747599312814007e-95	1.4610623838687283e-95	1.051743985166776e-93	4.113494307305939e-169	1575.7132490531817
1.099511627776e7	2.503255496492245e-97	3.113327536757263e-97	2.241125051736839e-95	5.433780699286184e-172	1626.542518777016
1.168231104512e7	1.8272841065944022e-99	2.2754434820122526e-99	1.6271975723785823e-97	1.6657525608935668e-175	1728.201058224685
1.236950581248e7	1.4031076230967432e-101	1.7483291609256285e-101	1.2462885885967825e-99	5.681920472113908e-179	1829.8595976723536
1.305670057984e7	1.0749373200294617e-103	1.339442926114539e-103	9.547567600801581e-102	1.9389713478770926e-182	1931.5181371200224
1.37438953472e7	8.23488712171965e-106	1.0261215206694655e-105	7.314207059842904e-104	6.616806016058951e-186	2033.1766765676912
1.443109011456e7	6.308587869057408e-108	7.860918609539306e-108	5.603272722625653e-106	2.258007691258101e-189	2134.83521601536
1.511828488192e7	4.832887287902049e-110	6.022097876903913e-110	4.292558981129634e-108	7.705528500537214e-193	2236.4937554630287
1.580547964928e7	3.702381582947434e-112	4.613412840381749e-112	3.2884465059275825e-110	2.629537964041014e-196	2338.152294910697
1.6492674416640002e7	2.836323003033164e-114	3.5342464488079216e-114	2.519215337491186e-112	8.973388267723476e-200	2439.8108343583654
1.7179869184e7	2.1728522566629688e-116	2.7075179250328824e-116	1.9299222004101484e-114	3.06219944737262e-203	2541.469373806034
1.7867063951360002e7	1.6645801357026012e-118	2.0741771748393303e-118	1.47847611286186e-116	1.0449860382412848e-206	2643.1279132537024
1.855425871872e7	1.2752026833297357e-120	1.588987061857482e-120	1.1326319868430804e-118	3.566050608023435e-210	2744.786452701371
1.9241453486080002e7	9.769081395921994e-123	1.2172922898672123e-122	8.67687483389166e-121	1.216926970659492e-213	2846.44499214904
1.992864825344e7	7.483904524961862e-125	9.325441059526167e-125	6.647186178528185e-123	4.1528049225844195e-217	2948.1035315967088
2.0615843020800002e7	5.733274672286483e-127	7.144040234098826e-127	5.092280911951189e-125	1.4171588879894201e-220	3049.7620710443775
2.130303778816e7	4.3921509632098346e-129	5.472911205018763e-129	3.901098027009697e-127	4.83610319108743e-224	3151.4206104920463
2.199023255552e7	3.364741999345314e-131	4.1926915409930167e-131	2.9885558317535375e-129	1.6503367599117516e-227	3253.079149939715
2.336462209024e7	6.228775089079994e-134	7.694549105684358e-134	5.730333565764095e-132	8.870631151760375e-232	3456.3962288350526
2.473901162496e7	1.5858777356819768e-136	1.982112484918319e-136	1.3888789723612033e-134	7.616236733577897e-236	3659.7133077303897
2.611340115968e7	3.8570477068393846e-139	4.823783422615883e-139	3.3734330014504945e-137	6.567085728238225e-240	3863.0303866257273
2.74877906944e7	9.368256628678938e-142	1.1716268211729036e-141	8.193834668344319e-140	5.662650774833699e-244	4066.347465521064
2.886218022912e7	2.275479942470504e-144	2.8457899987362744e-144	1.9902258546577733e-142	4.882778133901318e-248	4269.664544416401
3.023656976384e7	5.526983551802274e-147	6.912226996962854e-147	4.8341211621162136e-145	4.210311266836334e-252	4472.981623311739
3.161095929856e7	1.3424661400645237e-149	1.6789322105597963e-149	1.1741746473414652e-147	3.630458005225618e-256	4676.2987022070765
3.2985348833280005e7	3.2607575479060562e-152	4.078010398400471e-152	2.8519891335450313e-150	3.1304634010141466e-260	4879.615781102413
3.4359738368e7	7.920154906085467e-155	9.905205643000495e-155	6.927284655886048e-153	2.6993291455192165e-264	5082.932859997751
3.5734127902720004e7	1.923750932562742e-157	2.4059060484161957e-157	1.682589605242498e-155	2.3275716411471239e-268	5286.249938893087
3.710851743744e7	4.672658166941761e-160	5.843779647217815e-160	4.086893956731718e-158	2.007013392073845e-272	5489.567017788425
3.8482906972160004e7	1.1349564008268756e-162	1.4194137209854127e-162	9.926783192722159e-161	1.7306031250572135e-276	5692.8840966837615
3.985729650688e7	2.756730721051161e-165	3.447657907978882e-165	2.411147086236468e-163	1.4922606836036486e-280	5896.201175579098
4.1231686041600004e7	6.695908550187983e-168	8.374122973953894e-168	5.856509766153537e-166	1.286743283648936e-284	6099.518254474436
4.260607557632e7	1.626389946979825e-170	2.0340166412859758e-170	1.4225057789646593e-168	1.1095301887987086e-288	6302.835333369772
4.398046511104e7	3.9503888677852055e-173	4.940485958823777e-173	3.4551683032825707e-171	9.567232683466406e-293	6506.15241226511
4.672924418048e7	-1.7695771558974595e-176	-2.859060483802411e-176	3.472297102997633e-175	4.2744326452641763e-299	6912.786570055785
4.947802324992e7	1.8788441500477847e-180	1.9495003791920366e-180	2.18445839954706e-178	7.475099196722519e-304	7319.420727846459
5.222680231936e7	1.8397278510494545e-183	2.3462192570563013e-183	1.5179415288708766e-181	1.594864966148661e-308	7726.054885637134
5.49755813888e7	1.2448271416147612e-186	1.5707332351537258e-186	1.0565885105184623e-184	3.41436565427e-313	8132.689043427809
5.772436045824e7	8.636684873123848e-190	1.0869690351040712e-189	7.354764156069232e-188	7.310047e-318	8539.323201218484
6.047313952768e7	6.012373123563398e-193	7.566830896372168e-193	5.119550287385098e-191	1.6e-322	8945.957359009159
6.322191859712e7	4.185243684270575e-196	5.267465592585193e-196	3.563648647387464e-194	0.0	9352.591516799834
6.597069766656001e7	2.913291960441896e-199	3.6666178490948565e-199	2.480606883543482e-197	0.0	9759.225674590509
6.8719476736e7	2.0279021612880563e-202	2.5522812756675207e-202	1.7267163852436143e-200	0.0	10165.859832381184
7.146825580544001e7	1.4115948307045664e-205	1.7766078778903727e-205	1.2019435626211766e-203	0.0	10572.493990171859
7.421703487488e7	9.825917769917573e-209	1.2366723478407254e-208	8.366564075446969e-207	0.0	10979.128147962532
7.696581394432001e7	6.839686420201082e-212	8.608306383748881e-212	5.8238503541635836e-210	0.0	11385.762305753207
7.971459301376e7	4.761011787079787e-215	5.992123855125915e-215	4.0539022520877935e-213	0.0	11792.396463543882
8.246337208320001e7	3.3140749215926754e-218	4.1710351251774774e-218	2.821865685084681e-216	0.0	12199.030621334558
8.521215115264e7	2.306882040440324e-221	2.9034002694458234e-221	1.9642619504595754e-219	0.0	12605.664779125233
8.796093022208e7	1.6057889077380105e-224	2.0210170549118468e-224	1.367295768334017e-222	0.0	13012.298936915906
9.345848836096e7	-6.497106483610424e-227	-9.897851317340251e-227	-6.416629890096784e-226	0.0	13825.567252497256
9.895604649984e7	-2.36189028364958e-231	-3.5277896945424474e-231	-1.2452078675735226e-229	0.0	14638.835568078606
1.0445360463872e8	-1.8898060923699456e-235	-1.846642174516684e-235	-2.3119996627762906e-233	0.0	15452.103883659956
1.099511627776e8	-4.8743481434351624e-239	-5.873173648353731e-239	-4.2865284800521345e-237	0.0	16265.372199241305
1.1544872091648e8	-9.65978028898461e-243	-1.232026049150437e-242	-7.946989206495271e-241	0.0	17078.640514822655
1.2094627905536e8	-1.7751203361625767e-246	-2.2545789147116552e-246	-1.4733259133608633e-244	0.0	17891.908830404005
1.2644383719424e8	-3.277877506839039e-250	-4.1437242164767704e-250	-2.731461025526618e-248	0.0	18705.177145985355
1.3194139533312002e8	-6.078004749082358e-254	-7.682636202438002e-254	-5.063970743126713e-252	0.0	19518.445461566705
1.37438953472e8	-1.1270710939750136e-257	-1.4251108907909038e-257	-9.388308837659357e-256	0.0	20331.713777148052
1.4293651161088002e8	-2.0895397280151077e-261	-2.6421966878894516e-261	-1.7405381528067487e-259	0.0	21144.982092729402
1.4843406974976e8	-3.8738448246121864e-265	-4.8983272077549504e-265	-3.226857055685668e-263	0.0	21958.250408310752
1.5393162788864002e8	-7.181876046600492e-269	-9.081162926911381e-269	-5.982406327053069e-267	0.0	22771.518723892103
1.5942918602752e8	-1.3314788874357616e-272	-1.6835975312000802e-272	-1.1091035284288356e-270	0.0	23584.787039473453
1.6492674416640002e8	-2.468485065677548e-276	-3.121293987840961e-276	-2.0562137867677152e-274	0.0	24398.055355054803
1.7042430230528e8	-4.57642844767397e-280	-5.78669822919788e-280	-3.8121014211207723e-278	0.0	25211.32367063615
1.7592186044416e8	-8.48443357298812e-284	-1.072820340723136e-283	-7.067415527718501e-282	0.0	26024.591986217496
1.8691697672192e8	2.22313891766606e-285	3.463182599219093e-285	4.6252781857945996e-285	0.0	27651.128617380196
1.9791209299968e8	1.793197390119561e-290	3.2661578379472064e-290	2.3212958795870644e-289	0.0	29277.665248542897
2.0890720927744e8	-1.700565239681601e-294	-3.328858319643829e-294	1.0871544847292206e-293	0.0	30904.201879705593
2.199023255552e8	-2.089115373331794e-299	-5.525478895408577e-299	5.067303509320304e-298	0.0	32530.738510868294
2.3089744183296e8	1.652693220303898e-303	3.545182412804236e-303	2.3610950550131154e-302	0.0	34157.275142030994
2.4189255811072e8	4.3318406812127697e-308	1.0737165234341558e-307	1.1001180318370963e-306	0.0	35783.811773193695
2.5288767438848e8	-5.20884832146e-313	-2.149578560415e-312	5.125831440131e-311	0.0	37410.348404356395
2.6388279066624004e8	-1.1710507e-317	-9.6776156e-317	2.38830233e-315	0.0	39036.88503551909
2.74877906944e8	1.774e-321	3.315e-321	1.1128e-319	0.0	40663.42166668179
2.8587302322176003e8	0.0	0.0	5.0e-324	0.0	42289.95829784448
2.9686813949952e8	0.0	0.0	0.0	0.0	43916.494929007175
3.0786325577728003e8	0.0	0.0	0.0	0.0	45543.031560169875
3.1885837205504e8	0.0	0.0	0.0	0.0	47169.56819133257
3.2985348833280003e8	0.0	0.0	0.0	0.0	48796.10482249526
3.4084860461056e8	0.0	0.0	0.0	0.0	50422.64145365796
3.5184372088832e8	0.0	0.0	0.0	0.0	52049.178084820654
3.7383395344384e8	0.0	0.0	0.0	0.0	55302.251347146055
3.9582418599936e8	0.0	0.0	0.0	0.0	58555.324609471456
4.1781441855488e8	0.0	0.0	0.0	0.0	61808.39787179685
4.398046511104e8	0.0	0.0	0.0	0.0	65061.471134122236
4.6179488366592e8	0.0	0.0	0.0	0.0	68314.54439644764
4.8378511622144e8	0.0	0.0	0.0	0.0	71567.61765877304
5.0577534877696e8	0.0	0.0	0.0	0.0	74820.69092109843
5.277655813324801e8	0.0	0.0	0.0	0.0	78073.76418342383
5.49755813888e8	0.0	0.0	0.0	0.0	81326.83744574923
5.717460464435201e8	0.0	0.0	0.0	0.0	84579.91070807463
5.9373627899904e8	0.0	0.0	0.0	0.0	87832.98397040003
6.157265115545601e8	0.0	0.0	0.0	0.0	91086.05723272543
6.3771674411008e8	0.0	0.0	0.0	0.0	94339.13049505082
6.597069766656001e8	0.0	0.0	0.0	0.0	97592.20375737622
6.8169720922112e8	0.0	0.0	0.0	0.0	100845.2770197016
7.0368744177664e8	0.0	0.0	0.0	0.0	104098.35028202702
7.4766790688768e8	0.0	0.0	0.0	0.0	110604.49680667781
7.9164837199872e8	0.0	0.0	0.0	0.0	117110.64333132861
8.3562883710976e8	0.0	0.0	0.0	0.0	123616.78985597941
8.796093022208e8	0.0	0.0	0.0	0.0	130122.93638063021
9.2358976733184e8	0.0	0.0	0.0	0.0	136629.08290528101
9.6757023244288e8	0.0	0.0	0.0	0.0	143135.22942993182
1.01155069755392e9	0.0	0.0	0.0	0.0	149641.3759545826
1.0555311626649601e9	0.0	0.0	0.0	0.0	156147.5224792334
1.099511627776e9	0.0	0.0	0.0	0.0	162653.66900388416
1.1434920928870401e9	0.0	0.0	0.0	0.0	169159.81552853493
1.18747255799808e9	0.0	0.0	0.0	0.0	175665.96205318574
1.2314530231091201e9	0.0	0.0	0.0	0.0	182172.1085778365
1.27543348822016e9	0.0	0.0	0.0	0.0	188678.2551024873
1.3194139533312001e9	0.0	0.0	0.0	0.0	195184.4016271381
1.36339441844224e9	0.0	0.0	0.0	0.0	201690.5481517889
1.40737488355328e9	0.0	0.0	0.0	0.0	208196.6946764397
1.49533581377536e9	0.0	0.0	0.0	0.0	221208.98772574132
1.58329674399744e9	0.0	0.0	0.0	0.0	234221.28077504286
1.67125767421952e9	0.0	0.0	0.0	0.0	247233.57382434446
1.7592186044416e9	0.0	0.0	0.0	0.0	260245.86687364604
1.84717953466368e9	0.0	0.0	0.0	0.0	273258.1599229476
1.93514046488576e9	0.0	0.0	0.0	0.0	286270.4529722492
2.02310139510784e9	0.0	0.0	0.0	0.0	299282.7460215508
2.1110623253299203e9	0.0	0.0	0.0	0.0	312295.0390708524
2.199023255552e9	0.0	0.0	0.0	0.0	325307.332120154
2.2869841857740803e9	0.0	0.0	0.0	0.0	338319.6251694556
2.37494511599616e9	0.0	0.0	0.0	0.0	351331.91821875714
2.4629060462182403e9	0.0	0.0	0.0	0.0	364344.21126805875
2.55086697644032e9	0.0	0.0	0.0	0.0	377356.50431736035
2.6388279066624002e9	0.0	0.0	0.0	0.0	390368.79736666195
2.72678883688448e9	0.0	0.0	0.0	0.0	403381.09041596355
2.81474976710656e9	0.0	0.0	0.0	0.0	416393.38346526516
2.99067162755072e9	0.0	0.0	0.0	0.0	442417.9695638683
3.16659348799488e9	0.0	0.0	0.0	0.0	468442.5556624715
3.34251534843904e9	0.0	0.0	0.0	0.0	494467.1417610747
3.5184372088832e9	0.0	0.0	0.0	0.0	520491.72785967786
3.69435906932736e9	0.0	0.0	0.0	0.0	546516.3139582811
3.87028092977152e9	0.0	0.0	0.0	0.0	572540.9000568843
4.04620279021568e9	0.0	0.0	0.0	0.0	598565.4861554875
4.2221246506598406e9	0.0	0.0	0.0	0.0	624590.0722540906
4.398046511104e9	0.0	0.0	0.0	0.0	650614.6583526938
4.573968371548161e9	0.0	0.0	0.0	0.0	676639.2444512969
4.74989023199232e9	0.0	0.0	0.0	0.0	702663.8305499
4.9258120924364805e9	0.0	0.0	0.0	0.0	728688.4166485032
5.10173395288064e9	0.0	0.0	0.0	0.0	754713.0027471062
5.2776558133248005e9	0.0	0.0	0.0	0.0	780737.5888457095
5.45357767376896e9	0.0	0.0	0.0	0.0	806762.1749443127
5.62949953421312e9	0.0	0.0	0.0	0.0	832786.7610429159
5.98134325510144e9	0.0	0.0	0.0	0.0	884835.9332401223
6.33318697598976e9	0.0	0.0	0.0	0.0	936885.1054373286
6.68503069687808e9	0.0	0.0	0.0	0.0	988934.277634535
7.0368744177664e9	0.0	0.0	0.0	0.0	1.0409834498317414e6
7.38871813865472e9	0.0	0.0	0.0	0.0	1.0930326220289478e6
7.74056185954304e9	0.0	0.0	0.0	0.0	1.1450817942261542e6
8.09240558043136e9	0.0	0.0	0.0	0.0	1.1971309664233604e6
8.444249301319681e9	0.0	0.0	0.0	0.0	1.2491801386205668e6
8.796093022208e9	0.0	0.0	0.0	0.0	1.3012293108177732e6
9.147936743096321e9	0.0	0.0	0.0	0.0	1.3532784830149796e6
9.49978046398464e9	0.0	0.0	0.0	0.0	1.405327655212186e6
9.851624184872961e9	0.0	0.0	0.0	0.0	1.4573768274093925e6
1.020346790576128e10	0.0	0.0	0.0	0.0	1.5094259996065986e6
1.0555311626649601e10	0.0	0.0	0.0	0.0	1.561475171803805e6
1.090715534753792e10	0.0	0.0	0.0	0.0	1.6135243440010112e6
1.125899906842624e10	0.0	0.0	0.0	0.0	1.6655735161982176e6
1.196268651020288e10	0.0	0.0	0.0	0.0	1.7696718605926305e6
1.266637395197952e10	0.0	0.0	0.0	0.0	1.873770204987043e6
1.337006139375616e10	0.0	0.0	0.0	0.0	1.9778685493814556e6
1.40737488355328e10	0.0	0.0	0.0	0.0	2.0819668937758682e6
1.477743627730944e10	0.0	0.0	0.0	0.0	2.1860652381702806e6
1.548112371908608e10	0.0	0.0	0.0	0.0	2.2901635825646934e6
1.618481116086272e10	0.0	0.0	0.0	0.0	2.3942619269591062e6
1.6888498602639362e10	0.0	0.0	0.0	0.0	2.498360271353519e6
1.7592186044416e10	0.0	0.0	0.0	0.0	2.602458615747932e6
1.8295873486192642e10	0.0	0.0	0.0	0.0	2.7065569601423447e6
1.899956092796928e10	0.0	0.0	0.0	0.0	2.810655304536757e6
1.9703248369745922e10	0.0	0.0	0.0	0.0	2.91475364893117e6
2.040693581152256e10	0.0	0.0	0.0	0.0	3.0188519933255827e6
2.1110623253299202e10	0.0	0.0	0.0	0.0	3.1229503377199955e6
2.181431069507584e10	0.0	0.0	0.0	0.0	3.2270486821144084e6
2.251799813685248e10	0.0	0.0	0.0	0.0	3.3311470265088207e6
2.392537302040576e10	0.0	0.0	0.0	0.0	3.5393437152976464e6
2.533274790395904e10	0.0	0.0	0.0	0.0	3.747540404086472e6
2.674012278751232e10	0.0	0.0	0.0	0.0	3.955737092875297e6
2.81474976710656e10	0.0	0.0	0.0	0.0	4.1639337816641224e6
2.955487255461888e10	0.0	0.0	0.0	0.0	4.372130470452948e6
3.096224743817216e10	0.0	0.0	0.0	0.0	4.580327159241773e6
3.236962232172544e10	0.0	0.0	0.0	0.0	4.788523848030599e6
3.3776997205278725e10	0.0	0.0	0.0	0.0	4.9967205368194245e6
3.5184372088832e10	0.0	0.0	0.0	0.0	5.20491722560825e6
3.6591746972385284e10	0.0	0.0	0.0	0.0	5.413113914397075e6
3.799912185593856e10	0.0	0.0	0.0	0.0	5.6213106031859e6
3.9406496739491844e10	0.0	0.0	0.0	0.0	5.829507291974725e6
4.081387162304512e10	0.0	0.0	0.0	0.0	6.03770398076355e6
4.2221246506598404e10	0.0	0.0	0.0	0.0	6.245900669552376e6
4.362862139015168e10	0.0	0.0	0.0	0.0	6.454097358341201e6
4.503599627370496e10	0.0	0.0	0.0	0.0	6.662294047130027e6
4.785074604081152e10	0.0	0.0	0.0	0.0	7.078687424707677e6
5.066549580791808e10	0.0	0.0	0.0	0.0	7.4950808022853285e6
5.348024557502464e10	0.0	0.0	0.0	0.0	7.91147417986298e6
5.62949953421312e10	0.0	0.0	0.0	0.0	8.327867557440631e6
5.910974510923776e10	0.0	0.0	0.0	0.0	8.744260935018282e6
6.192449487634432e10	0.0	0.0	0.0	0.0	9.160654312595934e6
6.473924464345088e10	0.0	0.0	0.0	0.0	9.577047690173583e6
6.755399441055745e10	0.0	0.0	0.0	0.0	9.993441067751234e6
7.0368744177664e10	0.0	0.0	0.0	0.0	1.0409834445328886e7
7.318349394477057e10	0.0	0.0	0.0	0.0	1.0826227822906537e7
7.599824371187712e10	0.0	0.0	0.0	0.0	1.1242621200484188e7
7.881299347898369e10	0.0	0.0	0.0	0.0	1.165901457806184e7
8.162774324609024e10	0.0	0.0	0.0	0.0	1.2075407955639489e7
8.444249301319681e10	0.0	0.0	0.0	0.0	1.249180133321714e7
8.725724278030336e10	0.0	0.0	0.0	0.0	1.290819471079479e7
9.007199254740993e10	0.0	0.0	0.0	0.0	1.3324588088372441e7
9.570149208162305e10	0.0	0.0	0.0	0.0	1.4157374843527744e7
1.0133099161583617e11	0.0	0.0	0.0	0.0	1.4990161598683044e7
1.0696049115004929e11	0.0	0.0	0.0	0.0	1.5822948353838345e7
1.125899906842624e11	0.0	0.0	0.0	0.0	1.6655735108993646e7
1.1821949021847552e11	0.0	0.0	0.0	0.0	1.7488521864148945e7
1.2384898975268864e11	0.0	0.0	0.0	0.0	1.8321308619304247e7
1.2947848928690176e11	0.0	0.0	0.0	0.0	1.915409537445955e7
1.351079888211149e11	0.0	0.0	0.0	0.0	1.9986882129614852e7
1.40737488355328e11	0.0	0.0	0.0	0.0	2.0819668884770155e7
1.4636698788954114e11	0.0	0.0	0.0	0.0	2.1652455639925458e7
1.5199648742375424e11	0.0	0.0	0.0	0.0	2.2485242395080756e7
1.5762598695796738e11	0.0	0.0	0.0	0.0	2.331802915023606e7
1.6325548649218048e11	0.0	0.0	0.0	0.0	2.415081590539136e7
1.6888498602639362e11	0.0	0.0	0.0	0.0	2.4983602660546664e7
1.7451448556060672e11	0.0	0.0	0.0	0.0	2.5816389415701967e7
1.8014398509481985e11	0.0	0.0	0.0	0.0	2.6649176170857266e7
1.914029841632461e11	0.0	0.0	0.0	0.0	2.8314749681167867e7
2.0266198323167233e11	0.0	0.0	0.0	0.0	2.9980323191478476e7
2.1392098230009857e11	0.0	0.0	0.0	0.0	3.1645896701789077e7
2.251799813685248e11	0.0	0.0	0.0	0.0	3.3311470212099683e7
2.3643898043695105e11	0.0	0.0	0.0	0.0	3.4977043722410284e7
2.476979795053773e11	0.0	0.0	0.0	0.0	3.664261723272088e7
2.5895697857380353e11	0.0	0.0	0.0	0.0	3.830819074303149e7
2.702159776422298e11	0.0	0.0	0.0	0.0	3.997376425334209e7
2.81474976710656e11	0.0	0.0	0.0	0.0	4.163933776365269e7
2.927339757790823e11	0.0	0.0	0.0	0.0	4.3304911273963295e7
3.039929748475085e11	0.0	0.0	0.0	0.0	4.497048478427389e7
3.1525197391593475e11	0.0	0.0	0.0	0.0	4.66360582945845e7
3.2651097298436096e11	0.0	0.0	0.0	0.0	4.83016318048951e7
3.3776997205278723e11	0.0	0.0	0.0	0.0	4.996720531520571e7
3.4902897112121344e11	0.0	0.0	0.0	0.0	5.1632778825516306e7
3.602879701896397e11	0.0	0.0	0.0	0.0	5.329835233582691e7
3.828059683264922e11	0.0	0.0	0.0	0.0	5.6629499356448114e7
4.0532396646334467e11	0.0	0.0	0.0	0.0	5.996064637706931e7
4.2784196460019714e11	0.0	0.0	0.0	0.0	6.329179339769052e7
4.503599627370496e11	0.0	0.0	0.0	0.0	6.662294041831173e7
4.728779608739021e11	0.0	0.0	0.0	0.0	6.995408743893294e7
4.953959590107546e11	0.0	0.0	0.0	0.0	7.328523445955415e7
5.1791395714760706e11	0.0	0.0	0.0	0.0	7.661638148017536e7
5.404319552844596e11	0.0	0.0	0.0	0.0	7.994752850079657e7
5.62949953421312e11	0.0	0.0	0.0	0.0	8.327867552141778e7
5.854679515581646e11	0.0	0.0	0.0	0.0	8.660982254203899e7
6.07985949695017e11	0.0	0.0	0.0	0.0	8.99409695626602e7
6.305039478318695e11	0.0	0.0	0.0	0.0	9.327211658328141e7
6.530219459687219e11	0.0	0.0	0.0	0.0	9.660326360390261e7
6.755399441055745e11	0.0	0.0	0.0	0.0	9.993441062452382e7
6.980579422424269e11	0.0	0.0	0.0	0.0	1.0326555764514503e8
7.205759403792794e11	0.0	0.0	0.0	0.0	1.0659670466576625e8
7.656119366529844e11	0.0	0.0	0.0	0.0	1.1325899870700866e8
8.106479329266893e11	0.0	0.0	0.0	0.0	1.1992129274825108e8
8.556839292003943e11	0.0	0.0	0.0	0.0	1.265835867894935e8
9.007199254740992e11	0.0	0.0	0.0	0.0	1.332458808307359e8
9.457559217478042e11	0.0	0.0	0.0	0.0	1.399081748719783e8
9.907919180215092e11	0.0	0.0	0.0	0.0	1.4657046891322073e8
1.0358279142952141e12	0.0	0.0	0.0	0.0	1.5323276295446312e8
1.0808639105689192e12	0.0	0.0	0.0	0.0	1.5989505699570552e8
1.125899906842624e12	0.0	0.0	0.0	0.0	1.6655735103694794e8
1.170935903116329e12	0.0	0.0	0.0	0.0	1.7321964507819033e8
1.215971899390034e12	0.0	0.0	0.0	0.0	1.7988193911943275e8
1.261007895663739e12	0.0	0.0	0.0	0.0	1.8654423316067517e8
1.3060438919374438e12	0.0	0.0	0.0	0.0	1.932065272019176e8
1.351079888211149e12	0.0	0.0	0.0	0.0	1.9986882124316e8
1.3961158844848538e12	0.0	0.0	0.0	0.0	2.0653111528440243e8
1.4411518807585588e12	0.0	0.0	0.0	0.0	2.1319340932564482e8
