# z G G_prime G_double_prime
1.5999999999999998e6	9.601211991879143e6	1706.1753074172839	9.601211840281917e6
1.0666666666666665e6	6.402210055325336e6	3240.436370005999	6.402209235262541e6
799999.9999999999	4.802706983884514e6	3767.5577562113576	4.802705506124818e6
640000.0	3.843009616090411e6	4026.602784779066	3.843007506606431e6
533333.3333333333	3.203213920467808e6	4178.312531477897	3.203211195344936e6
457142.8571428571	2.7462183632386024e6	4277.070977282611	2.7462150325953653e6
399999.99999999994	2.403472447664421e6	4346.077767522584	2.40346851826481e6
355555.55555555556	2.1368927136485307e6	4396.802182040007	2.136888190283889e6
320000.0	1.9236291640527428e6	4435.530817479218	1.9236240502916938e6
290909.0909090909	1.7491409347104232e6	4465.9839570023105	1.7491352333273003e6
266666.6666666666	1.603734140764014e6	4490.497635815324	1.6037278539961427e6
246153.84615384613	1.4806976457876775e6	4510.609686344292	1.4806907754968381e6
228571.42857142855	1.3752377899496716e6	4527.372305600622	1.3752303377273437e6
213333.3333333333	1.283839228489828e6	4541.528903125082	1.283831195728075e6
199999.99999999997	1.2038654566481437e6	4553.6191667521725	1.2038568445887277e6
188235.29411764705	1.1334099050666096e6	4921.837594610507	1.1333992184653177e6
177777.77777777778	1.0707198576791596e6	5004.490014846372	1.0707081622497193e6
168421.05263157893	1.0146082780543066e6	5003.19802252173	1.0145959421887477e6
160000.0	964100.8570725337	4979.685607438723	964087.9966783349
152380.95238095237	918401.0184874628	4952.477965008552	918387.6652703993
145454.54545454544	876854.5092912709	4926.796233728495	876840.668048253
139130.4347826087	838920.0517558296	4903.82047973595	838905.7192454385
133333.3333333333	804146.3171511771	4883.555122233575	804131.488176635
128000.0	772154.1003699192	4865.7061082837645	772138.7696665329
123076.92307692306	742622.5035182677	4849.940876951332	742606.6662811677
118518.51851851851	715278.1560692508	4835.958335356949	715261.808051294
114285.71428571428	689886.7340109128	4823.501857993149	689869.8714932186
110344.8275862069	666246.2300320496	4812.356416174977	666228.8497638348
106666.66666666666	644181.568437862	4802.342270833464	644163.6675750796
103225.80645161291	623540.2618921734	4793.308764836684	623521.8379428624
99999.99999999999	604188.8823374413	4785.129046358789	604169.9331149939
94117.64705882352	568882.646375765	4703.268328506099	568863.2037797169
88888.88888888889	537515.8620599017	4694.994881097378	537495.357179079
84210.52631578947	509450.4738232014	4688.214648712034	509428.9017341792
80000.0	484191.30044867547	4682.576616501882	484168.6575010924
76190.47619047618	461337.4781327359	4677.828813953421	461313.76160641457
72727.27272727272	440561.0240562126	4673.783688152922	440536.23195316765
69565.21739130435	421590.99293105473	4670.298406837712	421565.12383424665
66666.66666666666	404201.5946482476	4667.262620180139	404174.64761637454
64000.0	388203.1636205909	4664.590005562011	388175.1381079361
61538.46153846153	373435.2121110662	4662.212466935325	373406.10790311155
59259.259259259255	359761.02715867595	4660.07576432812	359730.8443213291
57142.85714285714	347063.4253025508	4658.136446882863	347032.1641398409
55172.41379310345	335241.385557286	4656.359402817251	335209.04657762544
53333.33333333333	324207.35580692533	4654.716154459473	324173.9396941705
51612.903225806454	313885.080479332	4653.183410036836	313850.58806965663
49999.99999999999	304207.83555449755	4651.742086745988	304172.2678159707
47058.82352941176	286542.7501161485	4580.742808886667	286506.133336521
44444.444444444445	270857.13596287824	4582.127149703989	270818.3749541324
42105.26315789473	256822.31342196494	4583.307890716162	256781.41280121676
40000.0	244190.6633862502	4584.251862408982	244147.62894584693
38095.23809523809	232761.73660504128	4584.96068303336	232716.5747490489
36363.63636363636	222371.5299710704	4585.446987799833	222324.24748010898
34782.608695652176	212884.56237110324	4585.726050519327	212835.1662966572
33333.33333333333	204187.93249053607	4585.8135362381145	204136.43008774935
32000.0	196186.80275007582	4585.724179620781	196133.2014398521
30769.230769230766	188800.92565586942	4585.471871414528	188745.23298941777
29629.629629629628	181961.9418933061	4585.069215998677	181904.16553192894
28571.42857142857	175611.25757316066	4584.527909872598	175551.40526430024
27586.206896551725	169698.36048970022	4583.8584584385235	169636.44005497536
26666.666666666664	164179.4732854537	4583.070581579849	164115.49260302412
25806.451612903227	159016.4671295557	4582.172975017609	158950.4341270954
24999.999999999996	154175.97923065987	4581.173695952913	154107.90187170927
23529.41176470588	145331.37633698518	4511.949497451078	145261.32059063372
22222.222222222223	137485.35450552273	4513.206749837401	137411.25742944964
21052.631578947367	130464.69941414414	4513.877675214751	130386.58942374472
20000.0	124145.59282086109	4513.972116193384	124063.50096856554
19047.619047619046	118427.81135917008	4513.544114593478	118341.76956108437
18181.81818181818	113229.35756223829	4512.654053313368	113139.39794497902
17391.304347826088	108482.49509588983	4511.356252791328	108388.6498070262
16666.666666666664	104130.77741566699	4509.69864621364	104033.07850540384
16000.0	100126.78922203579	4507.721597165312	100025.26863706206
15384.615384615383	96430.4100000102	4505.460368810288	96325.09953088628
14814.814814814814	93007.46277242221	4502.944607241681	92898.3940723822
14285.714285714284	89828.65309815019	4500.200554430329	89715.8576417665
13793.103448275862	86868.72693704242	4497.25037396272	86752.2360445904
13333.333333333332	84105.79756990122	4494.113993506805	83985.64236988705
12903.225806451614	81520.80218608295	4490.808305172032	81397.01364195535
12499.999999999998	79097.06094328508	4487.348735315369	78969.66981818664
11764.70588235294	74660.52268067605	4416.535461569536	74529.77835381265
11111.111111111111	70730.96337074367	4412.523264255948	70593.19243238601
10526.315789473683	67214.07478037212	4407.905030580179	67069.38363980126
10000.0	64047.93359815791	4402.639521942188	63896.43623422106
9523.809523809523	61182.430229906706	4396.775153935881	61024.24220818423
9090.90909090909	58576.57298237995	4390.382029884526	58411.809148422646
8695.652173913044	56196.50031935911	4383.523950011841	56025.27434938094
8333.333333333332	54013.99562799033	4376.259961321982	53836.41957310579
8000.0	52005.35639860455	4368.638018683059	51821.54084941508
7692.3076923076915	50150.527356154125	4360.701830550429	49960.58119803449
7407.407407407407	48432.42370943873	4352.486386869438	48236.45435376359
7142.857142857142	46836.401934285976	4344.024327812662	46634.515101900215
6896.551724137931	45349.83767628543	4335.341635598766	45142.13763401199
6666.666666666666	43961.79035832866	4326.463251725166	43748.37970989452
6451.612903225807	42662.73051324167	4317.408881173686	42443.710433917586
6249.999999999999	41444.320345653614	4308.198011092767	41219.79037804989
5882.35294117647	39207.63579313394	4232.818887944925	38978.480585431935
5555.555555555556	37230.349379133455	4217.171932356181	36990.733647567606
5263.157894736842	35459.5228138271	4201.100912954998	35209.778603443294
5000.0	33864.165910612006	4184.468441835225	33604.64189186877
4761.9047619047615	32419.21968427617	4167.295928936518	32150.26360044391
4545.454545454545	31104.194038409434	4149.659604309008	30826.144941386865
4347.826086956522	29902.16261438354	4131.62694773341	29615.350542949844
4166.666666666666	28799.02339390167	4113.27014058836	28503.767421045235
4000.0	27782.92830623869	4094.6418915981076	27479.53807925397
3846.1538461538457	26843.85414206674	4075.79734481687	26532.628614680027
3703.7037037037035	25973.260197150306	4056.7749316847717	25654.48932297282
3571.428571428571	25163.8276387078	4037.616735564586	24837.791216758455
3448.2758620689656	24409.24491009536	4018.3510079413836	24076.214242650207
3333.333333333333	23704.04357829477	3999.0105013072216	23364.280364953083
3225.8064516129034	23043.458792270405	3979.6162784517674	22697.216732175464
3124.9999999999995	22423.322738158222	3960.1943119718617	22070.846463854286
2941.176470588235	21280.605172754294	3877.0336202726203	20924.453799942607
2777.777777777778	20271.23182256323	3841.5594471504733	19903.900638269602
2631.578947368421	19365.598354188656	3806.3553460076646	18987.839755898334
2500.0	18548.164000466477	3771.1948566131955	18160.73999432993
2380.9523809523807	17806.37723147138	3736.0577943691014	17410.02418914449
2272.7272727272725	17129.987913426707	3701.0312080068375	16725.395478478364
2173.913043478261	16510.522450591758	3666.1707756389465	16098.339772639456
2083.333333333333	15940.92606614682	3631.5619509283874	15521.755108328707
2000.0	15415.264187556773	3597.2448776369597	14989.66975161511
1923.0769230769229	14928.519883348252	3563.282297399695	14497.024700832997
1851.8518518518517	14476.411662693366	3529.6974263014413	14039.506070603962
1785.7142857142856	14055.273629109559	3496.5349827007085	13613.41103118145
1724.1379310344828	13661.938652398225	3463.8061104405283	13215.544444750185
1666.6666666666665	13293.665376762743	3431.542470493749	12843.132617182546
1612.9032258064517	12948.06012053641	3399.74689664628	12493.757718307543
1562.4999999999998	12623.031526262945	3368.441546896624	12165.300097332942
1470.5882352941176	12022.221795014004	3279.5762368731794	11566.252487087013
1388.888888888889	11490.032115895541	3222.966279029748	11028.749992113708
1315.7894736842104	11010.945786009805	3168.4226714353376	10545.237070714988
1250.0	10577.108780980741	3115.655508684064	10107.814843768487
1190.4761904761904	10182.1667791974	3064.508516462954	9710.062197118881
1136.3636363636363	9820.9425433345	3015.0012686424807	9346.693521752051
1086.9565217391305	9489.136679950927	2967.063977223333	9013.33713370657
1041.6666666666665	9183.176133487803	2920.713141741818	8706.328654623407
1000.0	8900.038555245983	2875.8745174889386	8422.590577994562
961.5384615384614	8637.17414873632	2832.544044471678	8159.501915664154
925.9259259259259	8392.393456819516	2790.642610429466	7914.833021291254
892.8571428571428	8163.826361604786	2750.1527992153588	7686.658600679568
862.0689655172414	7949.84634878538	2710.995622362604	7473.323203557238
833.3333333333333	7749.049545804747	2673.146503999949	7273.3800004873665
806.4516129032259	7560.201337991979	2636.529779527987	7085.573723604731
781.2499999999999	7382.226534867886	2601.1176448342167	6908.79552525906
735.2941176470588	7052.879940717376	2520.0131960325325	6587.309689850283
694.4444444444445	6759.48944445686	2458.2293409346057	6296.650383901899
657.8947368421052	6494.432372554199	2400.2282785870752	6034.613165096077
625.0	6253.624150586877	2345.624461154811	5797.056227434372
595.2380952380952	6033.72518659514	2294.006377898581	5580.624908154389
568.1818181818181	5832.022782304468	2245.2111652996214	5382.519536103168
543.4782608695652	5646.240142819623	2198.9492000089404	5200.447112140243
520.8333333333333	5474.492129623177	2155.091843319845	5032.45896398196
500.0	5315.167169855664	2113.40297120792	4876.938581200404
480.7692307692307	5166.911455478206	2073.7719428675377	4732.488131810508
462.96296296296293	5028.5503011105	2036.0035992622295	4597.93513162047
446.4285714285714	4899.085067202714	2000.0036480117956	4472.249982238037
431.0344827586207	4777.638288969198	1965.610744720696	4354.5610594482505
416.66666666666663	4663.456414755549	1932.745298837205	4244.092522807127
403.2258064516129	4555.8701328052175	1901.2736521307436	4140.18250403289
390.62499999999994	4454.299614665499	1871.1288576682314	4042.23476003193
367.6470588235294	4266.2992741302605	1808.4495881910934	3864.041871333158
347.22222222222223	4097.889402954444	1756.8441048168634	3702.1880490078524
328.9473684210526	3945.2671765512027	1708.889799519973	3555.956797750626
312.5	3806.2142359480276	1664.2486430977142	3423.0897247780176
297.6190476190476	3678.892602868498	1622.4686005704693	3301.7944247944115
284.09090909090907	3561.812839055286	1583.3354623804812	3190.542197499896
271.7391304347826	3453.712572705709	1546.522711753642	3088.105897940621
260.41666666666663	3353.5502669518496	1511.8695392817951	2993.4177605480786
250.0	3260.4277970863454	1479.1275353595643	2905.61028944944
240.38461538461536	3173.5934964264547	1448.1720853043887	2823.9145333925085
231.48148148148147	3092.3898890725995	1418.8105366807135	2747.699380762428
223.2142857142857	3016.260123955086	1390.9451159714727	2676.396237427608
215.51724137931035	2944.7111791556613	1364.4241923747484	2609.534546984738
208.33333333333331	2877.321238556355	1339.170168295918	2546.6842698288615
201.61290322580646	2813.7128950259016	1315.062041595537	2487.487101954424
195.31249999999997	2753.560423877902	1292.0375105729515	2431.6114161640016
183.8235294117647	2642.224343635527	1246.857869639764	2329.526762030774
173.61111111111111	2541.9421878245957	1207.5914049408052	2236.7818590456213
164.4736842105263	2450.782426052859	1171.1527444781027	2152.843642476375
156.25	2367.498852951811	1137.3502321908518	2076.411632616124
148.8095238095238	2291.0440439863764	1105.829902374387	2006.4952126780925
142.04545454545453	2220.5691993250534	1076.4118479320707	1942.2319899081504
135.8695652173913	2155.3486942770132	1048.824295759016	1882.9486425676166
130.20833333333331	2094.7854020566497	1022.9310160809274	1828.0421267053123
125.0	2038.3604373718417	998.52784086674	1777.0355718602632
120.19230769230768	1985.6409679591823	975.5123220390683	1729.4929208261663
115.74074074074073	1936.2454846094663	953.7284774349854	1685.0663393469385
111.60714285714285	1889.8520707924076	933.0979033290413	1643.4321258516575
107.75862068965517	1846.1734778158757	913.4991042371333	1604.330357734566
104.16666666666666	1804.9649551514515	894.8709868177883	1567.515360778528
100.80645161290323	1766.0057671230588	877.117274128688	1532.7888494300066
97.65624999999999	1729.1062648025188	860.1895962331066	1499.9607773244084
91.91176470588235	1660.8451214215054	828.5604570725914	1439.4075469877437
86.80555555555556	1599.0228015311798	799.7089148511535	1384.6803137635102
82.23684210526315	1542.6652105532853	772.9376752805996	1335.0592878158013
78.125	1491.050977091585	748.1758193697972	1289.754224492443
74.4047619047619	1443.560481416464	725.1532446338441	1248.2065675617723
71.02272727272727	1399.6918856803873	703.7274521774958	1209.9194385955159
67.93478260869566	1359.0115038497675	683.6795101016635	1174.5188781212314
65.10416666666666	1321.164252487412	664.902914823934	1141.6562949983058
62.5	1285.8384574851548	647.2357159662237	1111.065464644407
60.09615384615384	1252.7757041801362	630.6003327336672	1082.4925798083905
57.87037037037037	1221.7458275966026	614.8744451633387	1055.7425272928924
55.80357142857142	1192.5559239772465	599.9999792196141	1030.6258568218084
53.87931034482759	1165.0319839504682	585.8823428581943	1006.9962283715652
52.08333333333333	1139.0268485839383	572.4770617021978	984.7091832718307
50.403225806451616	1114.4062959613511	559.7095962668146	963.652717697168
48.82812499999999	1091.0559494229906	547.5452710628018	943.71460776448
45.955882352941174	1047.90829914101	525.7976044746326	906.4483893401447
43.40277777777778	1008.6132161480693	504.9983152193977	873.0849451308401
41.118421052631575	972.7007582250525	485.6844793050544	842.7676735695135
39.0625	939.7405107846868	467.85181118331894	815.0011720128703
37.20238095238095	909.351465809044	451.29077837532725	789.4660991597095
35.51136363636363	881.2266048784057	435.8943921187307	765.8697069769531
33.96739130434783	855.0970996535009	421.49332516393025	743.9989426592504
32.55208333333333	830.7451113711909	408.01236140512196	723.6458754168011
31.25	807.9768776057066	395.3294360666405	704.6568467876396
30.04807692307692	786.6335300600732	383.3918576307582	686.8791699543731
28.935185185185183	766.5715292705843	372.1083947584806	670.199412144258
27.90178571428571	747.6720087045956	361.4403705960018	654.5030871613897
26.939655172413794	729.8261053407363	351.317530469406	639.7047262774486
26.041666666666664	712.9429400748842	341.71061411714186	625.7167825800309
25.201612903225808	696.9382842204869	332.564344269247	612.4736148871737
24.414062499999996	681.7413570344694	323.85609809683234	599.9070808189338
22.977941176470587	653.7195894212707	308.958622876647	576.1023094410234
21.70138888888889	628.0428600601078	294.0247235320585	554.9660314148757
20.559210526315788	604.5303452195664	280.1956024924339	535.6746798526042
19.53125	582.9174910432004	267.47755753324384	517.9271740120901
18.601190476190474	562.9615745037459	255.7036360583048	501.5390163031173
17.755681818181817	544.4697312790253	244.79641166921672	486.3352805554306
16.983695652173914	527.2699254149201	234.62735238845897	472.19019447489296
16.276041666666664	511.2252205287089	225.14548023477715	458.97792848292676
15.625	496.2111328743843	216.25847370022473	446.6069423344526
15.02403846153846	482.12753832348596	207.93098260279766	434.98467752749576
14.467592592592592	468.88174111867636	200.0933272284316	424.04333216445843
13.950892857142856	456.3985923409702	192.7195195658212	413.71350215957193
13.469827586206897	444.60741081327916	185.75532877412493	403.94394113800587
13.020833333333332	433.4505611157516	179.1810527072204	394.68156694009946
12.600806451612904	422.87306286021544	172.95359236887097	385.886877438819
12.207031249999998	412.8298886756587	167.0576888424224	377.5185367403634
11.488970588235293	394.39228190228465	157.41802192696585	361.6142121055151
10.850694444444445	377.4257943985369	147.44201596004336	347.4350042914573
10.279605263157894	361.90416995912824	138.33029296708628	334.42392001985394
9.765625	347.6563752243851	130.0659085069416	322.40938987322056
9.300595238095237	334.51933308198295	122.50738608873847	311.2798171409759
8.877840909090908	322.3675582882553	115.59889330228368	300.9281284692724
8.491847826086957	311.0851486250268	109.23757713470393	291.27499281056487
8.138020833333332	300.58281676521966	103.38778291386903	282.2427963273258
7.8125	290.77604799672474	97.97454112389423	273.773080086695
7.51201923076923	281.59924273851163	92.97296092075077	265.8085063509664
7.233796296296296	272.9889773197238	88.32591363610418	258.30508070577343
6.975446428571428	264.895792346539	84.01513905338874	251.21950006466548
6.734913793103448	257.27098892973834	79.99601188627818	244.517892652411
6.510416666666666	250.0764825764659	76.25480368832766	238.16685758575238
6.300403225806452	243.2741597289853	72.75604696167298	232.13977346063444
6.103515624999999	236.83416409693734	69.48924257402007	226.41039386473415
5.744485294117647	225.08557786824323	64.37610239944865	215.68318155140582
5.425347222222222	214.30751862231622	59.05591828274426	206.0099780443565
5.139802631578947	204.50666672428576	54.32045619449465	197.16050510561206
4.8828125	195.56557803673775	50.13883711413524	189.0290779898309
4.650297619047619	187.36905745113123	46.3987552034004	181.53324545575734
4.438920454545454	179.83252647652648	43.06436979089339	174.60010777042433
4.2459239130434785	172.87445186227964	40.05790031752702	168.16938106812046
4.069010416666666	166.43469124599486	37.35723789662625	162.1879873075824
3.90625	160.45381541440946	34.906604143926835	156.61084211567402
3.756009615384615	154.88769209088323	32.69123623646798	151.39841556162898
3.616898148148148	149.69186712695733	30.669841446072983	146.51626500026333
3.487723214285714	144.83316497627106	28.832222913200763	141.93431085867593
3.367456896551724	140.2776384256669	27.147208950814864	137.6257420995903
3.255208333333333	135.99984680037034	25.607626979787295	133.56724063253037
3.150201612903226	131.97341236631982	24.18959136698445	129.73760149281708
3.0517578124999996	128.17848877975362	22.887983706590525	126.11845696688599
2.8722426470588234	121.28023460183711	20.910235725627587	119.46404206695559
2.712673611111111	115.01630962481882	18.880259914973234	113.45610281185955
2.5699013157894735	109.36260964899557	17.116433813367507	108.0148512138548
2.44140625	104.24045719993235	15.599685453077468	103.06659367135391
2.3251488095238093	99.57394558729435	14.268119344340272	98.54639217240334
2.219460227272727	95.30835923568614	13.106596648105821	94.40286258637744
2.1229619565217392	91.3912509879448	12.075465568541608	90.58997675485124
2.034505208333333	87.7841053679611	11.165839689474309	87.07108118820081
1.953125	84.44951122458036	10.351150353482923	83.81272953692724
1.8780048076923075	81.35948178357644	9.625628445819299	80.78807184922253
1.808449074074074	78.48663011649748	8.970933551313019	77.97226082564116
1.743861607142857	75.81010380281137	8.38309574939822	75.34517598525771
1.683728448275862	73.30941487168693	7.849181324925518	72.888000805054
1.6276041666666665	70.96869531315211	7.366334754393685	70.58535844449067
1.575100806451613	68.77232816158997	6.9252725473444325	68.42275733197557
1.5258789062499998	66.70801657011752	6.523862253691233	66.38824215185952
1.4361213235294117	62.95269755331808	5.912886109847826	62.674395945166545
1.3563368055555556	59.576031868534855	5.301436797311359	59.33968605482164
1.2849506578947367	56.54220093079405	4.777242817241248	56.340025178938326
1.220703125	53.80303909901485	4.330021282657408	53.62851789842653
1.1625744047619047	51.316511917132026	3.941314387873577	51.164933658093354
1.1097301136363635	49.0499711672313	3.6041217098348293	48.91737910198091
1.0614809782608696	46.97486946619742	3.3075116244894103	46.8582834536238
1.0172526041666665	45.068382660661534	3.0468577675233726	44.9652729713976
0.9765625	43.31042668784885	2.815316025748333	43.21882755881625
0.9390024038461537	41.684555655268966	2.6096595151447426	41.602786654168135
0.904224537037037	40.17622694106957	2.4254336826725487	40.10294855333311
0.8719308035714285	38.773293020709964	2.2603237557677907	38.70735315400612
0.841864224137931	37.464963921593295	2.1113353388379736	37.40542453619877
0.8138020833333333	36.242075512133965	1.976774475379703	36.188125125525744
0.7875504032258065	35.09645239202597	1.8545702291214072	35.04741844659891
0.7629394531249999	34.0210532835773	1.7434624131052692	33.97635067717095
0.7180606617647058	32.06259860602959	1.5731334865169457	32.02398289415247
0.6781684027777778	30.31161819002315	1.405903839864587	30.278996543657062
0.6424753289473684	28.741945479817275	1.2638586353554075	28.714144446851037
0.6103515625	27.326884899627	1.1424607319433844	27.30299290908287
0.5812872023809523	26.04460800632492	1.0376941310523293	26.023927395639262
0.5548650568181818	24.87729707140575	0.9467762103082564	24.859274413919795
0.5307404891304348	23.810127627751157	0.8672761171954145	23.794327260638017
0.5086263020833333	22.8307611514379	0.7974227522584971	22.816830886610582
0.48828125	21.928775766124975	0.7356671946623945	21.916432200056825
0.46950120192307687	21.09535880176221	0.6808394431524422	21.084369106704003
0.4521122685185185	20.32296994107572	0.6319129848732064	20.3131433610216
0.43596540178571425	19.60514831638047	0.5880907040154787	19.596325926844717
0.4209321120689655	18.93630398263097	0.5486698860524126	18.928353596621783
0.40690104166666663	18.31159316755033	0.5130927706479782	18.304403299277055
0.39377520161290325	17.726784223194176	0.48086491366971945	17.72026094137689
0.38146972656249994	17.178174739195324	0.4515867950811119	17.17223796529843
0.3590303308823529	16.178508642980564	0.4067142222430463	16.17339560674944
0.3390842013888889	15.287271191203734	0.3628684255451456	15.282963946144413
0.3212376644736842	14.489106128590873	0.32574480593055083	14.485443960299555
0.30517578125	13.770160824184204	0.2940510385355209	13.76702085095514
0.29064360119047616	13.119194739312174	0.26676638040413403	13.116482238248269
0.2774325284090909	12.527003062896837	0.24311654285494746	12.524643710877248
0.2653702445652174	11.9859674247328	0.2224771413309494	11.983902495779121
0.25431315104166663	11.489734548906164	0.20436233853639987	11.487916958218138
0.244140625	11.032959222582843	0.18837279202036947	11.031351000598352
0.23475060096153844	10.61111578860828	0.17419121301819007	10.609685937885212
0.22605613425925924	10.220343859920517	0.1615525821023428	10.219066952429221
0.21798270089285712	9.857332797489727	0.15024260234682033	9.856187753939487
0.21046605603448276	9.519225286731709	0.14007981516038867	9.51819456120419
0.20345052083333331	9.203543870911957	0.13091527398397687	9.202612725462197
0.19688760080645162	8.908128580787002	0.12262135967945292	8.907284592623311
0.19073486328124997	8.631088703324808	0.11509195150672089	8.630321317735481
0.17951516544117646	8.126098782950521	0.10355930015925295	8.125438874400599
0.16954210069444445	7.6765397950700995	0.09231018039535865	7.675984761311755
0.1606188322368421	7.274117776909524	0.08279834648812869	7.273646531566542
0.152587890625	6.911788616064739	0.07468559873543762	6.911385095225389
0.14532180059523808	6.583844310868588	0.0677090933676343	6.5834961371927605
0.13871626420454544	6.285611973515422	0.06166705388087101	6.28530946382643
0.1326851222826087	6.0132283092846786	0.05639896878632177	6.01296381628083
0.12715657552083331	5.763472370446415	0.0517786559013759	5.763239777737194
0.1220703125	5.53363673589644	0.04770363513670219	5.53343111351875
0.11737530048076922	5.321429595607751	0.04409173223287368	5.321246927192796
0.11302806712962962	5.12489753838149	0.04087503845653659	5.124734530699111
0.10899135044642856	4.942365644661636	0.03799818409556721	4.942219572574357
0.10523302801724138	4.77238929414648	0.03541473076286872	4.7722578903207795
0.10172526041666666	4.613716119473308	0.033086271297078376	4.613597482414292
0.09844380040322581	4.465254869377359	0.030980181311954604	4.465147396991962
0.09536743164062499	4.326050459883317	0.0290691447341368	4.325952792886335
0.08975758272058823	4.072259460993448	0.026143352678986594	4.0721755417419505
0.08477105034722222	3.8464954315432607	0.023292469931191124	3.846424907069899
0.08030941611842105	3.644449966997889	0.02088389569550105	3.644390130714808
0.0762939453125	3.4625718136999404	0.018830995698365834	3.462520607683123
0.07266090029761904	3.297984823880371	0.01706680697960867	3.2979406639060023
0.06935813210227272	3.148335061356631	0.015539779771367248	3.1482967099389025
0.06634256114130435	3.011677239709959	0.01420908704593504	3.0116437203016426
0.06357828776041666	2.886389875866941	0.013042550810668343	2.8863604084340415
0.06103515625	2.771110492295154	0.012014145200503897	2.7710844485189177
0.05868765024038461	2.664685977456765	0.011102947852828279	2.66466284602831
0.05651403356481481	2.5661337855029527	0.010291739180977354	2.5661131473893244
0.05449567522321428	2.474611580530413	0.009566440753661032	2.4745930893192387
0.05261651400862069	2.3893930418520615	0.00891529483808793	2.3893764094359424
0.05086263020833333	2.3098485917013325	0.008328547326026019	2.3098335766639266
0.049221900201612906	2.23542977742494	0.007797949881399713	2.2354161764145313
0.04768371582031249	2.165656635959889	0.007316572027103262	2.1656442765724186
0.044878791360294115	2.038436610100863	0.006579660565998766	2.0384259911672866
0.04238552517361111	1.925308798112584	0.005861841650624135	1.9252998745395964
0.04015470805921052	1.8240776417822167	0.005255515263473089	1.8240700706960489
0.03814697265625	1.7329602591986504	0.004738761431434235	1.7329537801401254
0.03633045014880952	1.6505130593498694	0.004294731175455173	1.6505074717699997
0.03467906605113636	1.5755547226925175	0.0039103924276264294	1.5755498700548192
0.033171280570652176	1.5071092105686474	0.003575484988684334	1.5071049692997325
0.03178914388020833	1.4443630422158265	0.003281880383288242	1.4443593136682116
0.030517578125	1.3866327964987706	0.003023043253709273	1.3866295011774008
0.029343825120192304	1.3333401243133411	0.002793691937426175	1.3333371975570452
0.028257016782407406	1.2839922982234964	0.0025895042167958524	1.2839896870166705
0.02724783761160714	1.238166936697593	0.0024069282317490514	1.2381645972275206
0.026308257004310345	1.1954998796551743	0.002243013055328437	1.1954977754675957
0.025431315104166664	1.1556754933846047	0.002095299136497566	1.1556735939404683
0.024610950100806453	1.118418845978162	0.0019617160863159453	1.1184171255435607
0.023841857910156247	1.0834893531970062	0.0018405171940038528	1.0834877899578406
0.022439395680147058	1.0197977695977094	0.0016549651029976772	1.019796426727889
0.021192762586805556	0.9631721021632065	0.0014742145805602255	0.9631709739588609
0.02007735402960526	0.912504128463444	0.0013215326454244975	0.9125031715091716
0.019073486328125	0.8669006009869534	0.001191401731425389	0.8668997823009621
0.01816522507440476	0.8256383385761802	0.001079583280708597	0.8256376327583277
0.01733953302556818	0.7881255972363669	0.0009827982274282822	0.7881249844579374
0.016585640285326088	0.7538735027685594	0.000898463247240986	0.753872967376023
0.015894571940104164	0.7224746315960057	0.0008245335791202509	0.7224741610910117
0.0152587890625	0.6935867226228891	0.0007593623295293663	0.6935863069349142
0.014671912560096152	0.6669201535135877	0.0007016210397212234	0.6669197844497522
0.014128508391203703	0.6422281931008899	0.0006502196612525922	0.6422278639455204
0.01362391880580357	0.6192993472284982	0.0006042648659862644	0.6192990524307427
0.013154128502155173	0.5979512830448546	0.0005630119276829032	0.5979510179877254
0.012715657552083332	0.5780259722267257	0.0005258422462009275	0.5780257330418634
0.012305475050403226	0.5593857702868671	0.0004922330193828508	0.5593855537159377
0.011920928955078123	0.5419102340579917	0.00046174492349110037	0.5419100373386831
0.011219697840073529	0.5100439322513439	0.00041507540939003933	0.5100437633564575
0.010596381293402778	0.4817155869742033	0.00036963261424892646	0.4817154451599323
0.01003867701480263	0.4563684473165042	0.0003312593153110368	0.45636832709264885
0.0095367431640625	0.433555434874087	0.00029856629790829265	0.4335553320708032
0.00908261253720238	0.4129146087870822	0.0002704826304908132	0.41291452019629404
0.00866976651278409	0.39414982400007775	0.00024618339754862534	0.3941497471178017
0.008292820142663044	0.37701642757159	0.00022501613338295087	0.37701636042297115
0.007947285970052082	0.3613105355083809	0.00020646650398531966	0.36131047651699183
0.00762939453125	0.3468608784754741	0.0001901188165063417	0.34686082637221116
0.007335956280048076	0.33352253238787194	0.0001756389618702538	0.3335224861405512
0.007064254195601851	0.32117203919217424	0.00016275203660433835	0.3211719979553543
0.006811959402901785	0.3097035752958302	0.0001512334004338759	0.30970353837093717
0.006577064251077586	0.29902591077205104	0.00014089542886185194	0.2990258775784008
0.006357828776041666	0.28905997813505924	0.0001315825874409669	0.2890599481862951
0.006152737525201613	0.27973691038281223	0.00012316330825654217	0.27973688326947704
0.005960464477539062	0.2709964478553738	0.00011552714583230125	0.27099642323047163
0.005609848920036764	0.2550581712564454	0.0001038385935197755	0.25505815011920074
0.005298190646701389	0.24089012831919346	9.246175060023116e-5	0.2408901105742246
0.005019338507401315	0.22821327745787867	8.285709749593813e-5	0.22821326241646891
0.00476837158203125	0.21680396521330852	7.467534159463788e-5	0.21680395235282696
0.00454130626860119	0.2064811340136481	6.764826825584613e-5	0.2064811229320344
0.004334883256392045	0.1970966427427337	6.156862994889588e-5	0.19709663312639464
0.004146410071331522	0.1885281113212521	5.627324540302296e-5	0.1885281029228276
0.003973642985026041	0.18067355454817913	5.1632918434136885e-5	0.18067354717034698
0.003814697265625	0.17344730331772623	4.754379126880091e-5	0.1734472968015911
0.003667978140024038	0.1667768672901143	4.392195450713746e-5	0.16677686150652407
0.0035321270978009257	0.16060049449927052	4.069877463997403e-5	0.16060048934240506
0.0034059797014508925	0.15486525399510392	3.781784711446064e-5	0.15486524937757498
0.003288532125538793	0.1495255150565754	3.52323496945045e-5	0.149525510905717
0.003178914388020833	0.14454173060575934	3.290323941198651e-5	0.1445417268607399
0.0030763687626008066	0.13987945602703253	3.079769058563454e-5	0.1398794526366213
0.002980232238769531	0.13550855197747672	2.8887986582380746e-5	0.13550854889827704
0.002804924460018382	0.1275381333674468	2.5964682095788032e-5	0.12753813072445405
0.0026490953233506945	0.12045314533213297	2.311961930145522e-5	0.1204531431133582
0.0025096692537006577	0.11411390033213598	2.071788074289516e-5	0.11411389845142476
0.002384185791015625	0.10840854319985574	1.867191355986504e-5	0.10840854159186274
0.002270653134300595	0.10324652339822961	1.6914753721801966e-5	0.10324652201266772
0.0021674416281960225	0.09855375329881289	1.5394488412722652e-5	0.09855375209647271
0.002073205035665761	0.09426902945452088	1.4070365097657052e-5	0.09426902840446671
0.0019868214925130205	0.09034134851796984	1.291003435111313e-5	0.0903413475955296
0.0019073486328125	0.08672786731031934	1.1887551166440931e-5	0.0867278664956223
0.001833989070012019	0.08339233362494675	1.0981912385510485e-5	0.08339233290184431
0.0017660635489004629	0.08030386572695497	1.0175968041242637e-5	0.08030386508221436
0.0017029898507254463	0.07743599337861819	9.455603413847555e-6	0.07743599280131278
0.0016442660627693966	0.07476589726571427	8.809116273051774e-6	0.07476589674675754
0.0015894571940104165	0.07227380053309686	8.226738516997572e-6	0.07227380006488274
0.0015381843813004033	0.06994247808332527	7.700264777587182e-6	0.06994247765944782
0.0014901161193847654	0.06775685787864824	7.22276177752425e-6	0.06775685749368139
0.001402462230009191	0.06377132852984395	6.491820046018714e-6	0.06377132819941546
0.0013245476616753472	0.060228592895312016	5.780450521356729e-6	0.06022859261792211
0.0012548346268503288	0.057058765507485	5.179933903780074e-6	0.057058765272361485
0.0011920928955078125	0.05420591170068329	4.668375229189667e-6	0.054205911499656076
0.0011353265671502975	0.05162475075305778	4.2290308541944745e-6	0.05162475057983949
0.0010837208140980113	0.04927823459460338	3.848919460872521e-6	0.049278234444291774
0.0010366025178328805	0.04713575814222612	3.5178511968919047e-6	0.04713575801095341
0.0009934107462565103	0.04517181704122113	3.227737059683971e-6	0.04517181692590269
0.00095367431640625	0.04336498754193491	2.9720897023584576e-6	0.04336498744008641
0.0009169945350060095	0.04169714178466294	2.745657397774869e-6	0.041697141694265444
0.0008830317744502314	0.04015283746217389	2.5441519581165493e-6	0.040152837381573
0.0008514949253627231	0.03871883826631366	2.3640441336001487e-6	0.0387188381941433
0.0008221330313846983	0.03738373355066727	2.2024079198017187e-6	0.03738373348579145
0.0007947285970052083	0.036137634059303265	2.056800924895779e-6	0.03613763400077107
0.0007690921906502017	0.03497192654567323	1.9251715131954475e-6	0.0349719264926838
0.0007450580596923827	0.03387907439967638	1.8057861276660772e-6	0.03387907435155134
0.0007012311150045955	0.03188622971404912	1.6230364024206193e-6	0.03188622967274215
0.0006622738308376736	0.030114801494815116	1.445181029380063e-6	0.030114801460138677
0.0006274173134251644	0.028529836580565775	1.295041509323784e-6	0.02852983655117317
0.0005960464477539062	0.027103365868365724	1.1671434667695296e-6	0.027103365843235565
0.0005676632835751488	0.025812747633912926	1.0573005365948317e-6	0.0258127476122592
0.0005418604070490056	0.024639456778385024	9.622670521639415e-7	0.024639456759594877
0.0005183012589164402	0.023568189920353623	8.794952965150732e-7	0.023568189903943538
0.0004967053731282551	0.022586194212265622	8.069628291331066e-7	0.02258619419784998
0.000476837158203125	0.021682757239252164	7.430476678098992e-7	0.02168275722652039
0.00045849726750300476	0.020848814632385936	6.864367637275961e-7	0.02084881462108564
0.0004415158872251157	0.020076644878119748	6.36057984709487e-7	0.020076644868044117
0.00042574746268136157	0.019359629525065734	5.910289447431251e-7	0.019359629516043992
0.00041106651569234915	0.018692063002699367	5.506180865094528e-7	0.0186920629945895
0.00039736429850260413	0.018069000475973748	5.142147683892105e-7	0.018069000468656882
0.00038454609532510083	0.01748613514716346	4.813060443803275e-7	0.017486135140539483
0.00037252902984619135	0.01693969856341555	4.5145849262800513e-7	0.016939698557399657
0.0003506155575022978	0.015943256217735187	4.0576927474704905e-7	0.015943256212571602
0.0003311369154188368	0.015057527007905898	3.6130380805771014e-7	0.015057527003571174
0.0003137086567125822	0.014265031745914411	3.2376763127510145e-7	0.0142650317422402
0.0002980232238769531	0.013551785437786512	2.917920744057661e-7	0.013551785434645133
0.0002838316417875744	0.012906466880537322	2.643304871718854e-7	0.012906466877830517
0.0002709302035245028	0.01231981325880916	2.405714117812972e-7	0.012319813256460317
0.0002591506294582201	0.01178417267192341	2.198778864314752e-7	0.011784172669872087
0.00024835268656412757	0.011293168528557778	2.017442777211437e-7	0.011293168526755772
0.0002384185791015625	0.01084144448627057	1.8576507213783637e-7	0.010841444484679054
0.00022924863375150238	0.01042446825083223	1.7161199290637498e-7	0.010424468249419654
0.00022075794361255786	0.010038378975487577	1.590169954366366e-7	0.010038378974228091
0.00021287373134068078	0.009679867360217162	1.4775947543124443e-7	0.009679867359089416
0.00020553325784617457	0.00934608055793022	1.3765653504187726e-7	0.009346080556916462
0.00019868214925130207	0.009034546099334078	1.285555095226628e-7	0.009034546098419449
0.00019227304766255041	0.008743110541953621	1.2032815634421116e-7	0.008743110541125606
0.00018626451492309568	0.00846988962241329	1.1286611857122731e-7	0.008469889621661288
0.0001753077787511489	0.007971663448848712	1.0144359018076272e-7	0.007971663448203251
0.0001655684577094184	0.007528795068916069	9.032702122087491e-8	0.007528795068374218
0.0001568543283562911	0.007132544236730772	8.094281442580051e-8	0.007132544236271488
0.00014901161193847656	0.006775918344681327	7.294879459007494e-8	0.006775918344288648
0.0001419158208937872	0.006453256706068224	6.60832910125812e-8	0.006453256705729868
0.0001354651017622514	0.006159927846726927	6.014343410710538e-8	0.0061599278464333175
0.00012957531472911006	0.005892105763827874	5.4969979351049845e-8	0.005892105763571455
0.00012417634328206378	0.005646602119824064	5.043651582715328e-8	0.005646602119598811
0.00011920928955078125	0.00542073870974311	4.644166254890283e-8	0.005420738709544168
0.00011462431687575119	0.005212249359029021	4.290334814901787e-8	0.005212249358852447
0.00011037897180627893	0.0050192036218095	3.975456156799282e-8	0.005019203621652061
0.00010643686567034039	0.004839946829492944	3.694014857859819e-8	0.004839946829351975
0.00010276662892308729	0.004673052543077671	3.441438562374217e-8	0.004673052542950949
9.934107462565103e-5	0.004517284514974625	3.2139104513388675e-8	0.004517284514860296
9.613652383127521e-5	0.004371566013043587	3.008224460380808e-8	0.004371566012940084
9.313225746154784e-5	0.0042349548963594085	2.821671668671e-8	0.004234954896265407
8.765388937557444e-5	0.003985840559395096	2.536105644764016e-8	0.0039858405593144125
8.27842288547092e-5	0.0037644054256785347	2.2581888783519655e-8	0.003764405425610803
7.842716417814555e-5	0.0035662792092920497	2.023581709317572e-8	0.0035662792092346386
7.450580596923828e-5	0.0033879655787735622	1.8237295611303166e-8	0.003387965578724477
7.09579104468936e-5	0.003226634169472023	1.6520906371562824e-8	0.003226634169429728
6.77325508811257e-5	0.0030799692276838354	1.5035931252952276e-8	0.003079969227647134
6.478765736455503e-5	0.002946057738871665	1.3742558270496298e-8	0.0029460577388396125
6.208817164103189e-5	0.002823305523790666	1.2609184710394593e-8	0.0028233055237625094
5.9604644775390625e-5	0.0027103734715168324	1.1610464951301719e-8	0.0027103734714919643
5.7312158437875595e-5	0.002606128487911934	1.072588084692219e-8	0.0026061284878898623
5.5189485903139464e-5	0.002509605344415959	9.938679387886262e-9	0.002509605344396279
5.3218432835170196e-5	0.0024199767020880226	9.235072202098916e-9	0.0024199767020704013
5.138331446154364e-5	0.0023365293375628674	8.603627853560156e-9	0.002336529337547027
4.9670537312825516e-5	0.0022586451238105552	8.034804496799542e-9	0.0022586451237962637
4.8068261915637603e-5	0.002185785692035221	7.520586805781882e-9	0.002185785692022283
4.656612873077392e-5	0.002117479969464938	7.054202598472004e-9	0.0021174799694531877
4.382694468778722e-5	0.0019929224884371764	6.340284003305246e-9	0.001992922488427091
4.13921144273546e-5	0.001882204685641856	5.645488794721808e-9	0.0018822046856333894
3.9213582089072776e-5	0.0017831413773755891	5.058968504956767e-9	0.0017831413773684128
3.725290298461914e-5	0.0016939843909932444	4.559336023197587e-9	0.0016939843909871087
3.54789552234468e-5	0.0016133185388440038	4.130237074112988e-9	0.0016133185388387168
3.386627544056285e-5	0.0015399859399207127	3.758991869552418e-9	0.001539985939916125
3.2393828682277515e-5	0.001473030083674182	3.4356475546432376e-9	0.0014730300836701753
3.1044085820515946e-5	0.0014116538778640175	3.152303065805573e-9	0.001411653877860498
2.9802322387695312e-5	0.0013551877649189252	2.902622494872842e-9	0.0013551877649158166
2.8656079218937797e-5	0.0013030651960545582	2.681475577984559e-9	0.001303065196051799
2.7594742951569732e-5	0.001254803555585162	2.4846747967497523e-9	0.0012548035555827019
2.6609216417585098e-5	0.001209989172878804	2.3087723806453803e-9	0.0012099891728766013
2.569165723077182e-5	0.001168265435286917	2.150910836425243e-9	0.001168265435284937
2.4835268656412758e-5	0.0011293232784856738	2.0087048155042397e-9	0.0011293232784838874
2.4034130957818802e-5	0.0010928935173955372	1.880149809496748e-9	0.00109289351739392
2.328306436538696e-5	0.0010587406150534221	1.7635536535138464e-9	0.0010587406150519532
2.191347234389361e-5	0.0009964617964031022	1.5850734615522812e-9	0.0009964617964018415
2.06960572136773e-5	0.0009411028360212813	1.411374316500049e-9	0.000941102836020223
1.9606791044536388e-5	0.0008915711318699109	1.264743882277965e-9	0.0008915711318690138
1.862645149230957e-5	0.0008469925958980096	1.1398354891520382e-9	0.0008469925958972427
1.77394776117234e-5	0.0008066596329488127	1.0325605872747142e-9	0.0008066596329481518
1.6933137720281426e-5	0.0007699933014799068	9.397491340457696e-10	0.0007699933014793333
1.6196914341138758e-5	0.0007365153453965299	8.589128667558457e-10	0.0007365153453960291
1.5522042910257973e-5	0.000705827217924077	7.88076656370116e-10	0.000705827217923637
1.4901161193847656e-5	0.0006775941397494642	7.256563624581309e-10	0.0006775941397490756
1.4328039609468899e-5	0.000651532836051856	6.703696029430892e-10	0.0006515328360515111
1.3797371475784866e-5	0.0006274019986367811	6.211692890518894e-10	0.0006274019986364736
1.3304608208792549e-5	0.0006049947918980401	5.77193662568669e-10	0.0006049947918977648
1.284582861538591e-5	0.0005841329092697638	5.37728164260393e-10	0.0005841329092695162
1.2417634328206379e-5	0.0005646618183878521	5.021766188644261e-10	0.0005646618183876288
1.2017065478909401e-5	0.0005464469265422254	4.700378990129225e-10	0.0005464469265420234
1.164153218269348e-5	0.0005293704651068917	4.408887773142382e-10	0.0005293704651067082
1.0956736171946805e-5	0.0004982310362476334	3.962686701830353e-10	0.0004982310362474757
1.034802860683865e-5	0.00047055154131068355	3.528438323962123e-10	0.0004705515413105513
9.803395522268194e-6	0.00044578567673046184	3.1618622174718794e-10	0.0004457856767303497
9.313225746154785e-6	0.0004234963980493298	2.8495906636804696e-10	0.00042349639804923397
8.8697388058617e-6	0.0004033299073560776	2.581402857332347e-10	0.000403329907355995
8.466568860140713e-6	0.0003849967336198203	2.3493743800799884e-10	0.00038499673361974863
8.098457170569379e-6	0.0003682577485881067	2.147283303326005e-10	0.00036825774858804407
7.761021455128987e-6	0.0003529136787100382	1.9701927250962732e-10	0.0003529136787099832
7.450580596923828e-6	0.0003387971341972291	1.814142061256513e-10	0.00033879713419718055
7.164019804734449e-6	0.0003257664775320524	1.675924661158529e-10	0.0003257664775320093
6.898685737892433e-6	0.0003137010545294358	1.5529240755736217e-10	0.0003137010545293974
6.6523041043962745e-6	0.0003024974473136717	1.442984981531035e-10	0.0003024974473136373
6.422914307692955e-6	0.0002920665025414478	1.3443207476533482e-10	0.00029206650254141685
6.2088171641031895e-6	0.0002823309539801796	1.2554422109321544e-10	0.00028233095398015167
6.0085327394547004e-6	0.00027322350523221523	1.1750952766212627e-10	0.00027322350523218997
5.82076609134674e-6	0.0002646852719484806	1.1022222234930378e-10	0.0002646852719484577
5.478368085973403e-6	0.00024911555263533447	9.906721565590889e-11	0.0002491155526353148
5.174014303419325e-6	0.00023527580148034592	8.8210981156531e-11	0.00023527580148032938
4.901697761134097e-6	0.0002228928660640991	7.904658251474991e-11	0.0002228928660640851
4.656612873077393e-6	0.00021174822404974243	7.123979227328265e-11	0.00021174822404973045
4.43486940293085e-6	0.00020166497639845802	6.453509601721455e-11	0.0002016649763984477
4.2332844300703565e-6	0.00019249838752987417	5.873438311952745e-11	0.00019249838752986523
4.049228585284689e-6	0.00018412889326651334	5.368209964966058e-11	0.0001841288932665055
3.880510727564493e-6	0.0001764568567920148	4.925482298045071e-11	0.0001764568567920079
3.725290298461914e-6	0.00016939858317923244	4.535355582310251e-11	0.00016939858317922637
3.5820099023672247e-6	0.00016288325364256285	4.189814352579825e-11	0.00016288325364255746
3.4493428689462165e-6	0.0001568505410674766	3.882311112680049e-11	0.0001568505410674718
3.3261520521981373e-6	0.00015124873649799425	3.6074627622468966e-11	0.00015124873649798994
3.2114571538464777e-6	0.00014603326324736827	3.3608027240127293e-11	0.0001460332632473644
3.1044085820515948e-6	0.00014116548818665116	3.1386063581520355e-11	0.00014116548818664766
3.0042663697273502e-6	0.000136611763106381	2.9377384190740116e-11	0.00013661176310637786
2.91038304567337e-6	0.00013234264582299965	2.7555557642025416e-11	0.00013234264582299678
2.7391840429867014e-6	0.00012455778494554462	2.4766808495879282e-11	0.00012455778494554215
2.5870071517096626e-6	0.00011763790844642553	2.2052752470900836e-11	0.00011763790844642347
2.4508488805670485e-6	0.00011144643995676719	1.9761652601079282e-11	0.00011144643995676543
2.3283064365386963e-6	0.00010587411828113872	1.7809946255909402e-11	0.00010587411828113723
2.217434701465425e-6	0.00010083249387933328	1.6133777804461227e-11	0.00010083249387933199
2.1166422150351783e-6	9.624919894492513e-5	1.4683590813427697e-11	9.6249198944924e-5
2.0246142926423447e-6	9.206445137637401e-5	1.3420537187281079e-11	9.206445137637304e-5
1.9402553637822466e-6	8.82284327552578e-5	1.2313709245838494e-11	8.822843275525693e-5
1.862645149230957e-6	8.469929560977053e-5	1.1338386609654648e-11	8.469929560976977e-5
1.7910049511836123e-6	8.144163054041304e-5	1.0474536362275585e-11	8.144163054041237e-5
1.7246714344731083e-6	7.842527398442848e-5	9.705781119275611e-12	7.842527398442789e-5
1.6630760260990686e-6	7.562437145928562e-5	9.018651497544313e-12	7.562437145928508e-5
1.6057285769232388e-6	7.301663461784643e-5	8.40201296104095e-12	7.301663461784594e-5
1.5522042910257974e-6	7.058274689246471e-5	7.846513293626379e-12	7.058274689246428e-5
1.5021331848636751e-6	6.830588417575996e-5	7.344349243813741e-12	6.830588417575956e-5
1.455191522836685e-6	6.617132537368996e-5	6.888889676209708e-12	6.61713253736896e-5
1.3695920214933507e-6	6.22788946297419e-5	6.1917037785042704e-12	6.227889462974159e-5
1.2935035758548313e-6	5.8818956149774954e-5	5.5131868699882945e-12	5.881895614977469e-5
1.2254244402835243e-6	5.5723221709563165e-5	4.940416176007473e-12	5.572322170956295e-5
1.1641532182693481e-6	5.293706070463674e-5	4.452486697150342e-12	5.2937060704636554e-5
1.1087173507327124e-6	5.0416248359692045e-5	4.03344312775169e-12	5.041624835969188e-5
1.0583211075175891e-6	4.812460076746043e-5	3.670897803611505e-12	4.812460076746029e-5
1.0123071463211724e-6	4.6032226873964875e-5	3.3551343744357673e-12	4.6032226873964753e-5
9.701276818911233e-7	4.411421746744118e-5	3.0784273888607327e-12	4.411421746744107e-5
9.313225746154785e-7	4.23496488099243e-5	2.8345967209807122e-12	4.234964880992421e-5
8.955024755918062e-7	4.0720816199989475e-5	2.6186341516071838e-12	4.072081619998939e-5
8.623357172365541e-7	3.921263785488722e-5	2.4264482294633646e-12	3.9212637854887144e-5
8.315380130495343e-7	3.7812186532214964e-5	2.2546600183862346e-12	3.7812186532214896e-5
8.028642884616194e-7	3.650831805746305e-5	2.1005032884984054e-12	3.6508318057462986e-5
7.761021455128987e-7	3.5291374146017965e-5	1.961629820928038e-12	3.529137414601791e-5
7.510665924318376e-7	3.415294274352198e-5	1.836087343455129e-12	3.4152942743521934e-5
7.275957614183425e-7	3.308566330239295e-5	1.7222238993659006e-12	3.30856633023929e-5
6.847960107466753e-7	3.1139447854113184e-5	1.547925972384895e-12	3.1139447854113144e-5
6.467517879274156e-7	2.940947855652805e-5	1.3782960226461536e-12	2.9409478556528016e-5
6.127122201417621e-7	2.7861611287576306e-5	1.2351047878635521e-12	2.786161128757628e-5
5.820766091346741e-7	2.6468530743335245e-5	1.1131216944805808e-12	2.646853074333522e-5
5.543586753663562e-7	2.5208124534852784e-5	1.0083615161671294e-12	2.5208124534852763e-5
5.291605537587946e-7	2.4062300707479317e-5	9.177230187316594e-13	2.4062300707479297e-5
5.061535731605862e-7	2.301611373342731e-5	8.387850488626393e-13	2.3016113733427293e-5
4.850638409455617e-7	2.2057109006173475e-5	7.696061325428088e-13	2.205710900617346e-5
4.6566128730773926e-7	2.1174824656221915e-5	7.086491893022782e-13	2.1174824656221905e-5
4.477512377959031e-7	2.036040833244068e-5	6.546592693461184e-13	2.036040833244067e-5
4.3116785861827706e-7	1.9606319143110693e-5	6.066091652228289e-13	1.9606319143110683e-5
4.1576900652476716e-7	1.8906093466751508e-5	5.63667185719335e-13	1.89060934667515e-5
4.014321442308097e-7	1.825415921586629e-5	5.25125102537341e-13	1.8254159215866282e-5
3.8805107275644935e-7	1.7645687247955387e-5	4.904081854883348e-13	1.764568724795538e-5
3.755332962159188e-7	1.70764715356713e-5	4.59021114674669e-13	1.7076471535671292e-5
3.6379788070917124e-7	1.654283180508327e-5	4.305559811897483e-13	1.6542831805083263e-5
3.4239800537333767e-7	1.5569724061867148e-5	3.8698149692359094e-13	1.556972406186714e-5
3.233758939637078e-7	1.470473939867436e-5	3.445743664626306e-13	1.4704739398674356e-5
3.0635611007088106e-7	1.3930805751986637e-5	3.0877584097242454e-13	1.3930805751986634e-5
2.9103830456733704e-7	1.3234265469421833e-5	2.7828042314223433e-13	1.323426546942183e-5
2.771793376831781e-7	1.260406235617798e-5	2.520903812027666e-13	1.2604062356177977e-5
2.645802768793973e-7	1.2031150434677125e-5	2.29430756594718e-13	1.2031150434677121e-5
2.530767865802931e-7	1.1508056940824482e-5	2.096955433232653e-13	1.150805694082448e-5
2.4253192047278083e-7	1.102855457120035e-5	1.9240261826938453e-13	1.1028554571200348e-5
2.3283064365386963e-7	1.0587412390925903e-5	1.771622998762555e-13	1.0587412390925901e-5
2.2387561889795154e-7	1.0180204224331732e-5	1.6366481971268173e-13	1.018020422433173e-5
2.1558392930913853e-7	9.80315962547251e-6	1.5165229135155738e-13	9.803159625472509e-6
2.0788450326238358e-7	9.45304678353637e-6	1.4091643538983374e-13	9.453046783536369e-6
2.0071607211540486e-7	9.127079654717036e-6	1.3128163833815255e-13	9.127079654717034e-6
1.9402553637822467e-7	8.822843667714101e-6	1.2260168482297082e-13	8.8228436677141e-6
1.877666481079594e-7	8.538235808813426e-6	1.1475564348770914e-13	8.538235808813425e-6
1.8189894035458562e-7	8.271415941013238e-6	1.0763863239991097e-13	8.271415941013236e-6
1.7119900268666884e-7	7.784862064636215e-6	9.674537575236897e-14	7.784862064636213e-6
1.616879469818539e-7	7.352369729439715e-6	8.614359300973058e-14	7.352369729439714e-6
1.5317805503544053e-7	6.965402903043086e-6	7.719431957433018e-14	6.9654029030430855e-6
1.4551915228366852e-7	6.617132759149423e-6	6.956992699065457e-14	6.617132759149423e-6
1.3858966884158905e-7	6.302031200276888e-6	6.302259571552271e-14	6.302031200276888e-6
1.3229013843969864e-7	6.015575237572929e-6	5.735768952578531e-14	6.015575237572929e-6
1.2653839329014654e-7	5.754028488940044e-6	5.242388553696052e-14	5.754028488940044e-6
1.2126596023639041e-7	5.514277302628382e-6	4.810047367121033e-14	5.514277302628382e-6
1.1641532182693481e-7	5.293706211166685e-6	4.429057467480504e-14	5.293706211166685e-6
1.1193780944897577e-7	5.090102126693761e-6	4.0916385472430354e-14	5.090102126693761e-6
1.0779196465456927e-7	4.901579826215495e-6	3.791289296708866e-14	4.901579826215495e-6
1.0394225163119179e-7	4.7265234043084845e-6	3.522947116279809e-14	4.7265234043084845e-6
1.0035803605770243e-7	4.563539839054391e-6	3.2820228425988804e-14	4.563539839054391e-6
9.701276818911234e-8	4.41142184479125e-6	3.065060312003806e-14	4.41142184479125e-6
9.38833240539797e-8	4.26911791465096e-6	2.868836600907829e-14	4.26911791465096e-6
9.094947017729281e-8	4.1357079801247135e-6	2.6910203766295836e-14	4.1357079801247135e-6
8.559950134333442e-8	3.892431040743743e-6	2.418625465525997e-14	3.892431040743743e-6
8.084397349092696e-8	3.6761848722454433e-6	2.1535719236264522e-14	3.6761848722454433e-6
7.658902751772027e-8	3.4827014582839116e-6	1.9298489946476035e-14	3.4827014582839116e-6
7.275957614183426e-8	3.3085663856844347e-6	1.739275149737585e-14	3.3085663856844347e-6
6.929483442079453e-8	3.1510156056853942e-6	1.575555949583851e-14	3.1510156056853942e-6
6.614506921984932e-8	3.007787623845105e-6	1.433960282066394e-14	3.007787623845105e-6
6.326919664507327e-8	2.8770142491019485e-6	1.3105881419029186e-14	2.8770142491019485e-6
6.063298011819521e-8	2.757138655571267e-6	1.2025118520782626e-14	2.757138655571267e-6
5.820766091346741e-8	2.646853109509227e-6	1.1072463042429215e-14	2.646853109509227e-6
5.5968904724487885e-8	2.5450510669788043e-6	1.0229006324804813e-14	2.5450510669788043e-6
5.389598232728463e-8	2.4507899164776793e-6	9.478585484742608e-15	2.4507899164776793e-6
5.1971125815595895e-8	2.3632617052891946e-6	8.807096316864541e-15	2.3632617052891946e-6
5.0179018028851214e-8	2.2817699224512368e-6	8.205238569253813e-15	2.2817699224512368e-6
4.850638409455617e-8	2.2057109251291247e-6	7.662560005403997e-15	2.2057109251291247e-6
4.694166202698985e-8	2.1345589598866387e-6	7.172182340965185e-15	2.1345589598866387e-6
4.5474735088646405e-8	2.0678539924667576e-6	6.727369416578282e-15	2.0678539924667576e-6
4.279975067166721e-8	1.9462155224782914e-6	6.046563729944949e-15	1.9462155224782914e-6
4.042198674546348e-8	1.838092438004153e-6	5.383974357949858e-15	1.838092438004153e-6
3.829451375886013e-8	1.7413507308325836e-6	4.82471244249349e-15	1.7413507308325836e-6
3.637978807091713e-8	1.6542831943695622e-6	4.3480081235860644e-15	1.6542831943695622e-6
3.464741721039726e-8	1.575507804229458e-6	3.938934704287668e-15	1.575507804229458e-6
3.307253460992466e-8	1.5038938131871875e-6	3.584900754224023e-15	1.5038938131871875e-6
3.1634598322536636e-8	1.4385071257089797e-6	3.2765152789273207e-15	1.4385071257089797e-6
3.0316490059097604e-8	1.378569328849878e-6	3.0061893740778076e-15	1.378569328849878e-6
2.9103830456733704e-8	1.32342655573617e-6	2.768341781308452e-15	1.32342655573617e-6
2.7984452362243943e-8	1.272525534397396e-6	2.557251621985755e-15	1.272525534397396e-6
2.6947991163642316e-8	1.2253949590812129e-6	2.3694198934588294e-15	1.2253949590812129e-6
2.5985562907797947e-8	1.181630853428421e-6	2.2019552866227023e-15	1.181630853428421e-6
2.5089509014425607e-8	1.1408849619565799e-6	2.0512189873657185e-15	1.1408849619565799e-6
2.4253192047278084e-8	1.1028554632479742e-6	1.915730887935471e-15	1.1028554632479742e-6
2.3470831013494924e-8	1.0672794805835604e-6	1.7929093533938195e-15	1.0672794805835604e-6
2.2737367544323203e-8	1.0339269968345403e-6	1.6819785264788768e-15	1.0339269968345403e-6
2.1399875335833604e-8	9.731077617657512e-7	1.5116408550604428e-15	9.731077617657512e-7
2.021099337273174e-8	9.19046219472417e-7	1.3459488251125702e-15	9.19046219472417e-7
1.9147256879430066e-8	8.70675365838931e-7	1.2061556150641863e-15	8.70675365838931e-7
1.8189894035458565e-8	8.271415975666666e-7	1.0870920512636168e-15	8.271415975666666e-7
1.732370860519863e-8	7.87753902461414e-7	9.847337880815507e-16	7.87753902461414e-7
1.653626730496233e-8	7.519469069097531e-7	8.962252954374386e-16	7.519469069097531e-7
1.5817299161268318e-8	7.192535631439857e-7	8.1912892193550125e-16	7.192535631439857e-7
1.5158245029548802e-8	6.892846646910067e-7	7.51524713225534e-16	6.892846646910067e-7
1.4551915228366852e-8	6.617132781134257e-7	6.920176577108759e-16	6.617132781134257e-7
1.3992226181121971e-8	6.362627674257024e-7	6.393355297988318e-16	6.362627674257024e-7
1.3473995581821158e-8	6.126974797512487e-7	5.924230154117211e-16	6.126974797512487e-7
1.2992781453898974e-8	5.908154269101178e-7	5.503981238547936e-16	5.908154269101178e-7
1.2544754507212804e-8	5.704424811610488e-7	5.128274372683762e-16	5.704424811610488e-7
1.2126596023639042e-8	5.51427731794822e-7	4.789099648860181e-16	5.51427731794822e-7
1.1735415506747462e-8	5.336397404518773e-7	4.482954876205035e-16	5.336397404518773e-7
1.1368683772161601e-8	5.169634985675302e-7	4.2044924853736313e-16	5.169634985675302e-7
1.0699937667916802e-8	4.86553881014518e-7	3.7787662936118217e-16	4.86553881014518e-7
1.010549668636587e-8	4.595231098538117e-7	3.365320646518296e-16	4.595231098538117e-7
9.573628439715033e-9	4.353376830251314e-7	3.0155017856832603e-16	4.353376830251314e-7
9.094947017729282e-9	4.135707988787804e-7	2.717279823543213e-16	4.135707988787804e-7
8.661854302599316e-9	3.9387695131738413e-7	2.4620593590434226e-16	3.9387695131738413e-7
8.268133652481165e-9	3.7597345353391936e-7	2.2406764734715834e-16	3.7597345353391936e-7
7.908649580634159e-9	3.5962678164435757e-7	2.0474838378433672e-16	3.5962678164435757e-7
7.579122514774401e-9	3.4464233241202926e-7	1.8790380231857302e-16	3.4464233241202926e-7
7.275957614183426e-9	3.3085663911806927e-7	1.7304967898730465e-16	3.3085663911806927e-7
6.996113090560986e-9	3.1813138376958723e-7	1.5978864770974779e-16	3.1813138376958723e-7
6.736997790910579e-9	3.063487399282697e-7	1.4808307755878399e-16	3.063487399282697e-7
6.496390726949487e-9	2.9540771350406617e-7	1.376675278894652e-16	2.9540771350406617e-7
6.272377253606402e-9	2.8522124062620495e-7	1.2818422693803486e-16	2.8522124062620495e-7
6.063298011819521e-9	2.7571386594011045e-7	1.1968216569639902e-16	2.7571386594011045e-7
5.867707753373731e-9	2.6681987026595374e-7	1.1207385046797979e-16	2.6681987026595374e-7
5.684341886080801e-9	2.584817493213423e-7	1.0513504827659454e-16	2.584817493213423e-7
5.349968833958401e-9	2.4327694054017706e-7	9.44803465960414e-17	2.4327694054017706e-7
5.052748343182935e-9	2.2976155495629754e-7	8.412179939912535e-17	2.2976155495629754e-7
4.786814219857517e-9	2.176688415389776e-7	7.537628991469698e-17	2.176688415389776e-7
4.547473508864641e-9	2.0678539946326707e-7	6.796577283820347e-17	2.0678539946326707e-7
4.330927151299658e-9	1.9693847568035528e-7	6.154022976240612e-17	1.9693847568035528e-7
4.1340668262405825e-9	1.8798672678671881e-7	5.601689672739181e-17	1.8798672678671881e-7
3.9543247903170795e-9	1.7981339084027758e-7	5.119840068234587e-17	1.7981339084027758e-7
3.7895612573872004e-9	1.7232116622263696e-7	4.6953361567184363e-17	1.7232116622263696e-7
3.637978807091713e-9	1.654283195743676e-7	4.3262443181850485e-17	1.654283195743676e-7
3.498056545280493e-9	1.590656918989836e-7	3.9947166800982826e-17	1.590656918989836e-7
3.3684988954552896e-9	1.531743699773022e-7	3.703208292036099e-17	1.531743699773022e-7
3.2481953634747434e-9	1.4770385676427266e-7	3.4405571585984873e-17	1.4770385676427266e-7
3.136188626803201e-9	1.4261062032451953e-7	3.20233724724106e-17	1.4261062032451953e-7
3.0316490059097605e-9	1.3785693298074536e-7	2.995456909357765e-17	1.3785693298074536e-7
2.9338538766868654e-9	1.334099351429806e-7	2.801846670359716e-17	1.334099351429806e-7
2.8421709430404003e-9	1.2924087467006236e-7	2.628375167929964e-17	1.2924087467006236e-7
2.6749844169792006e-9	1.2163847027831505e-7	2.361449947733402e-17	1.2163847027831505e-7
2.5263741715914674e-9	1.1488077748549821e-7	2.1030440614007735e-17	1.1488077748549821e-7
2.3934071099287583e-9	1.0883442077609478e-7	1.884970651227065e-17	1.0883442077609478e-7
2.2737367544323206e-9	1.0339269973759367e-7	1.6974583878407862e-17	1.0339269973759367e-7
2.165463575649829e-9	9.846923784559797e-8	1.5396331638433417e-17	9.846923784559797e-8
2.0670334131202913e-9	9.39933633982992e-8	1.4004237495660354e-17	9.39933633982992e-8
1.9771623951585398e-9	8.990669542466194e-8	1.2799612905477413e-17	8.990669542466194e-8
1.8947806286936002e-9	8.61605831154771e-8	1.1738343030269712e-17	8.61605831154771e-8
1.8189894035458565e-9	8.271415979101551e-8	1.0809947345494753e-17	8.271415979101551e-8
1.7490282726402464e-9	7.953284595304084e-8	9.99245411419679e-18	7.953284595304084e-8
1.6842494477276448e-9	7.65871849919399e-8	9.252368656358824e-18	7.65871849919399e-8
1.6240976817373717e-9	7.385192838519776e-8	8.60138695870484e-18	7.385192838519776e-8
1.5680943134016004e-9	7.130531016512013e-8	8.017181700467359e-18	7.130531016512013e-8
1.5158245029548803e-9	6.892846649303757e-8	7.47729558257662e-18	6.892846649303757e-8
1.4669269383434327e-9	6.670496757399123e-8	7.004618718412535e-18	6.670496757399123e-8
1.4210854715202002e-9	6.462043733737746e-8	6.5652578451802354e-18	6.462043733737746e-8
1.3374922084896003e-9	6.081923514121715e-8	5.912026582235587e-18	6.081923514121715e-8
1.2631870857957337e-9	5.74403887445857e-8	5.2548123371853415e-18	5.74403887445857e-8
1.1967035549643792e-9	5.441721038969813e-8	4.712428294257176e-18	5.441721038969813e-8
1.1368683772161603e-9	5.169634987028988e-8	4.246459881886599e-18	5.169634987028988e-8
1.0827317878249145e-9	4.92346189241518e-8	3.846263888460603e-18	4.92346189241518e-8
1.0335167065601456e-9	4.6996681700383024e-8	3.495420500990246e-18	4.6996681700383024e-8
9.885811975792699e-10	4.4953347713463263e-8	3.2055492248816513e-18	4.4953347713463263e-8
9.473903143468001e-10	4.308029155877895e-8	2.9374137546291588e-18	4.308029155877895e-8
9.094947017729282e-10	4.1357079896466445e-8	2.7024926941899546e-18	4.1357079896466445e-8
8.745141363201232e-10	3.9766422977406137e-8	2.4952847568431876e-18	3.9766422977406137e-8
8.421247238638224e-10	3.8293592496793665e-8	2.315924797453096e-18	3.8293592496793665e-8
8.120488408686859e-10	3.692596419336347e-8	2.1475150428066433e-18	3.692596419336347e-8
7.840471567008002e-10	3.565265508327286e-8	2.0014624169675868e-18	3.565265508327286e-8
7.579122514774401e-10	3.446423324718729e-8	1.8721640643507974e-18	3.446423324718729e-8
7.334634691717164e-10	3.3352483787621605e-8	1.7539920988312103e-18	3.3352483787621605e-8
7.105427357601001e-10	3.2310218669276055e-8	1.6413190376949109e-18	3.2310218669276055e-8
6.687461042448001e-10	3.04096175711216e-8	1.4752087517750191e-18	3.04096175711216e-8
6.315935428978668e-10	2.8720194372752744e-8	1.3151069397465555e-18	2.8720194372752744e-8
5.983517774821896e-10	2.7208605195262127e-8	1.1795065194094105e-18	2.7208605195262127e-8
5.684341886080801e-10	2.5848174935517443e-8	1.060209597150127e-18	2.5848174935517443e-8
5.413658939124572e-10	2.4617309462414103e-8	9.601619276423401e-19	2.4617309462414103e-8
5.167583532800728e-10	2.3498340850501384e-8	8.766707829460708e-19	2.3498340850501384e-8
4.942905987896349e-10	2.247667385701396e-8	8.013879943801464e-19	2.247667385701396e-8
4.736951571734001e-10	2.1540145779648452e-8	7.315322029786784e-19	2.1540145779648452e-8
4.547473508864641e-10	2.0678539948472906e-8	6.756215108738972e-19	2.0678539948472906e-8
4.372570681600616e-10	1.988321148892604e-8	6.280645743715264e-19	1.988321148892604e-8
4.210623619319112e-10	1.9146796248602013e-8	5.775639293943787e-19	1.9146796248602013e-8
4.0602442043434293e-10	1.8462982096872897e-8	5.354629122501588e-19	1.8462982096872897e-8
3.920235783504001e-10	1.7826327541815403e-8	5.017831998893449e-19	1.7826327541815403e-8
3.7895612573872006e-10	1.723211662375964e-8	4.652024301660329e-19	1.723211662375964e-8
3.667317345858582e-10	1.667624189396731e-8	4.399167343095358e-19	1.667624189396731e-8
3.5527136788005004e-10	1.6155109334784488e-8	4.0891153428402987e-19	1.6155109334784488e-8
3.3437305212240007e-10	1.5204808785690002e-8	3.7090092804960164e-19	1.5204808785690002e-8
3.157967714489334e-10	1.43600971864906e-8	3.266711161091141e-19	1.43600971864906e-8
2.991758887410948e-10	1.3604302597734142e-8	2.9487855674722543e-19	1.3604302597734142e-8
2.842170943040401e-10	1.2924087467852233e-8	2.657544424680352e-19	1.2924087467852233e-8
2.706829469562286e-10	1.2308654731291982e-8	2.407459909133646e-19	1.2308654731291982e-8
2.583791766400364e-10	1.1749170425327593e-8	2.1846497309807573e-19	1.1749170425327593e-8
2.4714529939481747e-10	1.123833692857718e-8	1.9893493943196246e-19	1.123833692857718e-8
2.3684757858670003e-10	1.0770072889889916e-8	1.8499980185733402e-19	1.0770072889889916e-8
2.2737367544323206e-10	1.033926997429618e-8	1.68198594300367e-19	1.033926997429618e-8
2.186285340800308e-10	9.941605744518185e-9	1.5701644796764416e-19	9.941605744518185e-9
2.105311809659556e-10	9.573398124352107e-9	1.4297660785558012e-19	9.573398124352107e-9
2.0301221021717146e-10	9.231491048484993e-9	1.3599063128044218e-19	9.231491048484993e-9
1.9601178917520005e-10	8.913163770952058e-9	1.2473853748558282e-19	8.913163770952058e-9
1.8947806286936003e-10	8.616058311922076e-9	1.177185149373208e-19	8.616058311922076e-9
1.833658672929291e-10	8.338120947022396e-9	1.0927033934173915e-19	8.338120947022396e-9
1.7763568394002502e-10	8.077554667429045e-9	1.0222723408654249e-19	8.077554667429045e-9
1.6718652606120003e-10	7.602404392876735e-9	9.167632747443684e-20	7.602404392876735e-9
1.578983857244667e-10	7.180048593274421e-9	8.272023094833379e-20	7.180048593274421e-9
1.495879443705474e-10	6.802151298892838e-9	7.37206026334049e-20	6.802151298892838e-9
1.4210854715202004e-10	6.462043733949302e-9	6.608726728303785e-20	6.462043733949302e-9
1.353414734781143e-10	6.154327365667032e-9	5.983412007184953e-20	6.154327365667032e-9
1.291895883200182e-10	5.87458521268321e-9	5.496861651921399e-20	5.87458521268321e-9
1.2357264969740873e-10	5.6191684643064225e-9	5.008700770535623e-20	5.6191684643064225e-9
1.1842378929335001e-10	5.385036444960999e-9	4.5897976297278546e-20	5.385036444960999e-9
1.1368683772161603e-10	5.169634987163021e-9	4.1697404755229e-20	5.169634987163021e-9
1.093142670400154e-10	4.970802872272981e-9	3.9608012836125253e-20	4.970802872272981e-9
1.052655904829778e-10	4.786699062189115e-9	3.609823112820357e-20	4.786699062189115e-9
1.0150610510858573e-10	4.615745524254159e-9	3.328907982451537e-20	4.615745524254159e-9
9.800589458760003e-11	4.456581885487406e-9	3.1893790529206525e-20	4.456581885487406e-9
9.473903143468002e-11	4.308029155971318e-9	2.9075349728618396e-20	4.308029155971318e-9
9.168293364646455e-11	4.169060473520885e-9	2.6962699858726663e-20	4.169060473520885e-9
8.881784197001251e-11	4.038777333723724e-9	2.5556932173587203e-20	4.038777333723724e-9
8.359326303060002e-11	3.801202196446584e-9	2.3444188912560308e-20	3.801202196446584e-9
7.894919286223336e-11	3.590024296644256e-9	2.0329822190968796e-20	3.590024296644256e-9
7.47939721852737e-11	3.401075649452911e-9	1.8605081386792622e-20	3.401075649452911e-9
7.105427357601002e-11	3.2310218669804973e-9	1.6521915742304042e-20	3.2310218669804973e-9
6.767073673905715e-11	3.0771636828388735e-9	1.5134565634473038e-20	3.0771636828388735e-9
6.45947941600091e-11	2.937292606346318e-9	1.3390050671259554e-20	2.937292606346318e-9
6.178632484870437e-11	2.8095842321575763e-9	1.2345599466681602e-20	2.8095842321575763e-9
5.921189464667501e-11	2.692518222484702e-9	1.200398078179968e-20	2.692518222484702e-9
5.6843418860808015e-11	2.5848174935852443e-9	1.0247368361661208e-20	2.5848174935852443e-9
5.46571335200077e-11	2.485401436139915e-9	9.901803367527806e-21	2.485401436139915e-9
5.26327952414889e-11	2.3933495310977274e-9	8.847399035173693e-21	2.3933495310977274e-9
5.0753052554292866e-11	2.3078727621301374e-9	8.499648555071456e-21	2.3078727621301374e-9
4.9002947293800014e-11	2.2282909427464043e-9	7.796384620475188e-21	2.2282909427464043e-9
4.736951571734001e-11	2.154014577988324e-9	7.44610883040774e-21	2.154014577988324e-9
4.584146682323227e-11	2.0845302367629117e-9	6.740738785021705e-21	2.0845302367629117e-9
4.4408920985006255e-11	2.019388666864163e-9	6.389294869350759e-21	2.019388666864163e-9
4.179663151530001e-11	1.9006010982252527e-9	5.773747645737479e-21	1.9006010982252527e-9
3.947459643111668e-11	1.795012148323984e-9	5.2576832336193476e-21	1.795012148323984e-9
3.739698609263685e-11	1.7005378247279839e-9	4.388138521789531e-21	1.7005378247279839e-9
3.552713678800501e-11	1.6155109334917334e-9	4.218593048390553e-21	1.6155109334917334e-9
3.383536836952858e-11	1.5385818414207286e-9	3.695546994446862e-21	1.5385818414207286e-9
3.229739708000455e-11	1.4686463031744323e-9	3.523980430738817e-21	1.4686463031744323e-9
3.0893162424352184e-11	1.4047921160799276e-9	3.1745621152198516e-21	1.4047921160799276e-9
2.9605947323337503e-11	1.3462591112432829e-9	2.8243690354124842e-21	1.3462591112432829e-9
2.8421709430404007e-11	1.2924087467935563e-9	2.473494163031331e-21	1.2924087467935563e-9
2.732856676000385e-11	1.2427007180708615e-9	2.6523632171999763e-21	1.2427007180708615e-9
2.631639762074445e-11	1.196674765549657e-9	2.1234032429380248e-21	1.196674765549657e-9
2.5376526277146433e-11	1.15393638106581e-9	2.124947467881617e-21	1.15393638106581e-9
2.4501473646900007e-11	1.1141454713739015e-9	1.9490065709916426e-21	1.1141454713739015e-9
2.3684757858670004e-11	1.0770072889947809e-9	1.772837884328343e-21	1.0770072889947809e-9
2.2920733411616136e-11	1.0422651183820973e-9	1.773969760781576e-21	1.0422651183820973e-9
2.2204460492503128e-11	1.0096943334326568e-9	1.5972425317222575e-21	1.0096943334326568e-9
2.0898315757650004e-11	9.503005491131398e-10	1.4870393872107867e-21	9.503005491131398e-10
1.973729821555834e-11	8.975060741624086e-10	1.2268619218665065e-21	8.975060741624086e-10
1.8698493046318424e-11	8.502689123644209e-10	1.1409561101742782e-21	8.502689123644209e-10
1.7763568394002505e-11	8.077554667462496e-10	1.1425582867867646e-21	8.077554667462496e-10
1.691768418476429e-11	7.69290920710687e-10	8.799249499740778e-22	7.69290920710687e-10
1.6148698540002275e-11	7.343231515874866e-10	7.928061905493398e-22	7.343231515874866e-10
1.5446581212176092e-11	7.023960580402364e-10	7.937400151099802e-22	7.023960580402364e-10
1.4802973661668752e-11	6.731295556218978e-10	7.0611286750228235e-22	6.731295556218978e-10
1.4210854715202004e-11	6.462043733970468e-10	7.067090779553639e-22	6.462043733970468e-10
1.3664283380001925e-11	6.213503590356207e-10	6.188222617759441e-22	6.213503590356207e-10
1.3158198810372225e-11	5.983373827750383e-10	5.308027007398229e-22	5.983373827750383e-10
1.2688263138573216e-11	5.769681905330899e-10	5.311904751898074e-22	5.769681905330899e-10
1.2250736823450003e-11	5.570727356871135e-10	4.429858897889852e-22	5.570727356871135e-10
1.1842378929335002e-11	5.385036444975807e-10	5.318884691997807e-22	5.385036444975807e-10
1.1460366705808068e-11	5.211325591911969e-10	4.435662526151435e-22	5.211325591911969e-10
1.1102230246251564e-11	5.0484716671646e-10	3.550471464933122e-22	5.0484716671646e-10
1.0449157878825002e-11	4.751502745566865e-10	3.499877034781065e-22	4.751502745566865e-10
9.86864910777917e-12	4.4875303708133206e-10	3.505722235301339e-22	4.4875303708133206e-10
9.349246523159212e-12	4.25134456182306e-10	2.633043196580062e-22	4.25134456182306e-10
8.881784197001252e-12	4.038777333732028e-10	2.636806133085888e-22	4.038777333732028e-10
8.458842092382144e-12	3.84645460355442e-10	2.640210694686399e-22	3.84645460355442e-10
8.074349270001138e-12	3.6716157579382873e-10	2.202248754196092e-22	3.6716157579382873e-10
7.723290606088046e-12	3.511980290201803e-10	1.764159463178863e-22	3.511980290201803e-10
7.401486830834376e-12	3.3656477781101304e-10	1.7653852120005056e-22	3.3656477781101304e-10
7.105427357601002e-12	3.231021866985668e-10	1.3252928519315861e-22	3.231021866985668e-10
6.8321416900009626e-12	3.1067517951786986e-10	1.7689335194810278e-22	3.1067517951786986e-10
6.5790994051861124e-12	2.991686913875716e-10	1.3274304898142937e-22	2.991686913875716e-10
6.344131569286608e-12	2.884840952665913e-10	1.3280645107557003e-22	2.884840952665913e-10
6.125368411725002e-12	2.785363678436094e-10	1.329273281092492e-22	2.785363678436094e-10
5.921189464667501e-12	2.692518222488141e-10	8.867899811754621e-23	2.692518222488141e-10
5.730183352904034e-12	2.6056627959564153e-10	1.330878292850924e-22	2.6056627959564153e-10
5.551115123125782e-12	2.524235833582689e-10	8.874149021925618e-23	2.524235833582689e-10
5.224578939412501e-12	2.375751372783811e-10	1.093700185328278e-22	2.375751372783811e-10
4.934324553889585e-12	2.2437651854068617e-10	6.572842345009114e-23	2.2437651854068617e-10
4.674623261579606e-12	2.1256722809117978e-10	6.585618761198774e-23	2.1256722809117978e-10
4.440892098500626e-12	2.019388666866238e-10	6.592633592182228e-23	2.019388666866238e-10
4.229421046191072e-12	1.9232273017773371e-10	4.39971277504266e-23	1.9232273017773371e-10
4.037174635000569e-12	1.835807878969357e-10	6.608826430778426e-23	1.835807878969357e-10
3.861645303044023e-12	1.7559901451010867e-10	4.4109362748752556e-23	1.7559901451010867e-10
3.700743415417188e-12	1.6828238890552247e-10	4.4139782462239976e-23	1.6828238890552247e-10
3.552713678800501e-12	1.615510933493031e-10	4.4203640147346376e-23	1.615510933493031e-10
3.4160708450004813e-12	1.5533758975894674e-10	4.42280938290812e-23	1.5533758975894674e-10
3.2895497025930562e-12	1.495843456937959e-10	2.212994776324494e-23	1.495843456937959e-10
3.172065784643304e-12	1.4424204763331014e-10	4.4271761117893404e-23	1.4424204763331014e-10
3.062684205862501e-12	1.3926818392181182e-10	2.2149931913105585e-23	1.3926818392181182e-10
2.9605947323337505e-12	1.346259111244249e-10	4.433949905877898e-23	1.346259111244249e-10
2.865091676452017e-12	1.3028313979782552e-10	2.219626613128902e-23	1.3028313979782552e-10
2.775557561562891e-12	1.2621179167914416e-10	2.2203249000193254e-23	1.2621179167914416e-10
2.6122894697062505e-12	1.1878756863919563e-10	2.1873092663288172e-23	1.1878756863919563e-10
2.4671622769447924e-12	1.1218825927035248e-10	2.1928371531713777e-23	1.1218825927035248e-10
2.337311630789803e-12	1.0628361404559507e-10	1.0980369931589918e-23	1.0628361404559507e-10
2.220446049250313e-12	1.0096943334331898e-10	2.1977506172164896e-23	1.0096943334331898e-10
2.114710523095536e-12	9.6161365088873e-11	1.1002226030306297e-23	9.6161365088873e-11
2.0185873175002844e-12	9.179039394847318e-11	2.2038088803385126e-23	9.179039394847318e-11
1.9308226515220115e-12	8.779950725505893e-11	1.1020281068376352e-23	8.779950725505893e-11
1.850371707708594e-12	8.414119445276527e-11	1.104686324581219e-23	8.414119445276527e-11
1.7763568394002505e-12	8.077554667465504e-11	1.1053383074704184e-23	8.077554667465504e-11
1.7080354225002406e-12	7.766879487947338e-11	4.755842052138971e-27	7.766879487947338e-11
1.6447748512965281e-12	7.479217284690647e-11	2.2125368063493547e-23	7.479217284690647e-11
1.586032892321652e-12	7.212102381665426e-11	4.416139048414783e-27	7.212102381665426e-11
1.5313421029312504e-12	6.963409196091071e-11	1.1074965956553555e-23	6.963409196091071e-11
1.4802973661668753e-12	6.731295556221096e-11	4.121729778520484e-27	6.731295556221096e-11
1.4325458382260085e-12	6.514156989891696e-11	1.1098133065645226e-23	6.514156989891696e-11
1.3877787807814455e-12	6.310589583957304e-11	3.86412166736297e-27	6.310589583957304e-11
1.3061447348531253e-12	5.939378431960132e-11	1.0936546331644731e-23	5.939378431960132e-11
1.2335811384723962e-12	5.6094129635177894e-11	5.483810270336323e-24	5.6094129635177894e-11
1.1686558153949015e-12	5.314180702280034e-11	5.4901849657952485e-24	5.314180702280034e-11
1.1102230246251565e-12	5.048471667165906e-11	3.0912973338904144e-27	5.048471667165906e-11
1.057355261547768e-12	4.808068254443731e-11	2.9440926989432585e-27	4.808068254443731e-11
1.0092936587501422e-12	4.589519697423721e-11	5.505831945558074e-24	4.589519697423721e-11
9.654113257610057e-13	4.3899753627531387e-11	5.510140534188417e-24	4.3899753627531387e-11
9.25185853854297e-13	4.207059722638291e-11	2.5760811115753675e-27	4.207059722638291e-11
8.881784197001252e-13	4.038777333732915e-11	5.5266915373523145e-24	4.038777333732915e-11
8.540177112501203e-13	3.8834397439739684e-11	5.529700689148612e-24	3.8834397439739684e-11
8.223874256482641e-13	3.7396086423451654e-11	2.289849876955893e-27	3.7396086423451654e-11
7.93016446160826e-13	3.606051190832991e-11	5.535074174499144e-24	3.606051190832991e-11
7.656710514656252e-13	3.4817045980455076e-11	2.1319291957865264e-27	3.4817045980455076e-11
7.401486830834376e-13	3.3656477781106606e-11	2.060864889260311e-27	3.3656477781106606e-11
7.162729191130043e-13	3.2570784949459534e-11	5.549066532822793e-24	3.2570784949459534e-11
6.938893903907227e-13	3.155294791978751e-11	1.9320608336815452e-27	3.155294791978751e-11
