# z G G_prime G_double_prime
1.5999999999999998e6	9.60129876857026e6	1828.3472864676273	9.60129859448684e6
1.0666666666666665e6	6.40236829729891e6	3472.520643926462	6.402367355584849e6
799999.9999999999	4.802900813121212e6	4037.4446011304785	4.8028991161299115e6
640000.0	3.8432251192455147e6	4315.088886218987	3.8432226968011633e6
533333.3333333333	3.2034440565488553e6	4477.709290971135	3.203440927121599e6
457142.8571428571	2.7464590503376103e6	4583.585445932234	2.746455225545435e6
399999.99999999994	2.4037211027404973e6	4657.578798953662	2.403716590349146e6
355555.55555555556	2.1371475970434058e6	4711.980166725828	2.1371424025533046e6
320000.0	1.9238890477870563e6	4753.526444690842	1.9238831752945203e6
290909.0909090909	1.7494049195045833e6	4786.204391836624	1.7493983721938115e6
266666.6666666666	1.6040015482318278e6	4812.517366994972	1.6039943286703646e6
246153.84615384613	1.480967951516664e6	4834.113352855175	1.4809600618408166e6
228571.42857142855	1.375510580156068e6	4852.119911602112	1.3755020221917692e6
213333.3333333333	1.284114170931683e6	4867.333700410554	1.2841049462758922e6
199999.99999999997	1.204142280512724e6	4880.3330629925595	1.2041323905898298e6
188235.29411764705	1.1336961972276524e6	5274.976361176432	1.1336839251893929e6
177777.77777777778	1.071010084962356e6	5363.600823465726	1.0709966544659603e6
168421.05263157893	1.0149005665986174e6	5362.263483248163	1.0148864006441956e6
160000.0	964394.5019512442	5337.11111301572	964379.7336312889
152380.95238095237	918695.7018277682	5307.99732395259	918680.3675496852
145454.54545454544	877150.0511386906	5280.518015390773	877134.1564105782
139130.4347826087	839216.3285077495	5255.938136240538	839199.8696069578
133333.3333333333	804443.2333436976	5234.262580337051	804426.2043019874
128000.0	772451.5778283158	5215.176304149542	772433.9725993227
123076.92307692306	742920.4764104517	5198.322961308784	742902.2894757576
118518.51851851851	715576.5681439713	5183.3799109090205	715557.7946255654
114285.71428571428	690185.5367703228	5170.072157254165	690166.1723967841
110344.8275862069	666545.3813864837	5158.169276248036	666525.4224239092
106666.66666666666	644481.0316589038	5147.478659254059	644460.4748404494
103225.80645161291	623840.0047737547	5137.8388605305445	623818.8472368894
99999.99999999999	604488.87651336	5129.113944038925	604467.1157462028
94117.64705882352	569181.7891681493	5041.454665478592	569159.461711313
88888.88888888889	537815.4240552506	5032.668365150168	537791.876659415
84210.52631578947	509750.3852557716	5025.4832481376525	509725.6122528377
80000.0	484491.5038495694	5019.522241249041	484465.5010409791
76190.47619047618	461637.92589870706	5014.515044577971	461610.6901566815
72727.27272727272	440861.67645244306	5010.2605851869575	440833.2054794955
69565.21739130435	421891.81652277266	5006.605774923401	421862.1086889641
66666.66666666666	404502.5610848575	5003.432352291806	404471.61530681595
64000.0	388504.24868796614	5000.647809589291	388472.0643367879
61538.46153846153	373736.3949902935	4998.179172197731	373702.9718175964
59259.259259259255	360062.28983856295	4995.968314569788	360027.62791817676
57142.85714285714	347364.7521124855	4993.968672663802	347328.8517918789
55172.41379310345	335542.76279019564	4992.142619272987	335505.6246517282
53333.33333333333	324508.77141474414	4990.459635775012	324470.39624244673
51612.903225806454	314186.52382319106	4988.894761765433	314146.91257619683
49999.99999999999	304509.2972001918	4987.427546565122	304468.45098929794
47058.82352941176	286842.9500640082	4911.462833643989	286800.8987682166
44444.444444444445	271157.39343699545	4913.096985606215	271112.87961577106
42105.26315789473	257122.60056690683	4914.514126296285	257075.62948127065
40000.0	244490.9561289754	4915.6769185210715	244441.53441936435
38095.23809523809	233062.0144601823	4916.586558971353	233010.14948033137
36363.63636363636	222671.7755164179	4917.2564355839695	222617.47505705996
34782.608695652176	213184.76071792963	4917.702885678082	213128.0328832627
33333.33333333333	204488.07084053275	4917.942698447208	204428.92397040475
32000.0	196486.87003034097	4917.991677824503	196425.31265643172
30769.230769230766	189100.91223166953	4917.86472278082	189036.9530367489
29629.629629629628	182261.83933203813	4917.575355391401	182195.4871266622
28571.42857142857	175911.05845872549	4917.136121741683	175842.32215376763
27586.206896551725	169998.05826659146	4916.558292567463	169926.946859429
26666.666666666664	164479.06213567368	4915.852294179979	164405.5846899752
25806.451612903227	159315.94186643418	4915.027456403424	159240.10750401995
24999.999999999996	154475.33521503498	4914.09242259417	154397.1531002422
23529.41176470588	145629.27448438664	4840.120080572687	145548.81938529926
22222.222222222223	137783.06029894252	4841.72783575831	137697.96431649406
21052.631578947367	130762.19719377616	4842.707144327823	130672.49290672569
20000.0	124442.86761381225	4843.065145527374	124348.59074370316
19047.619047619046	118724.8498975567	4842.858772977764	118626.03720137652
18181.81818181818	113526.1483476043	4842.152497444766	113422.83684441044
17391.304347826088	108779.02818783686	4841.004531445021	108671.25493255672
16666.666666666664	104427.0442132737	4839.466300403672	104314.84615838858
16000.0	100422.78224393129	4837.581141963137	100306.19623087581
15384.615384615383	96726.1227215034	4835.386921421966	96605.1854201185
14814.814814814814	93302.88947094376	4832.915488829576	93177.63740031714
14285.714285714284	90123.78874585993	4830.195035930357	89994.25822697392
13793.103448275862	87163.56709352492	4827.249386937904	87029.79427657937
13333.333333333332	84400.33831123471	4824.099961066554	84262.35913274984
12903.225806451614	81815.04002827218	4820.764927711127	81672.89024112915
12499.999999999998	79390.99279473767	4817.260877952028	79244.70792783478
11764.70588235294	74952.76211261997	4741.69688436646	74802.62601652289
11111.111111111111	71022.64024094859	4737.773421559267	70864.44051709698
10526.315789473683	67505.1802883907	4733.1937904034185	67339.03951134601
10000.0	64338.45736980798	4727.907754002163	64164.50720605781
9523.809523809523	61472.36264664309	4721.9656628799985	61290.73673597816
9090.90909090909	58865.90576186373	4715.44247931317	58676.73698655124
8695.652173913044	56485.2264564161	4708.406860731203	56288.64639220266
8333.333333333332	54302.109298287214	4700.922464329382	54098.24768167167
8000.0	52292.85275551128	4693.0411043764025	52081.83766441251
7692.3076923076915	50437.402430542956	4684.810018054471	50219.36000224691
7407.407407407407	48718.67424863554	4676.267104551093	48493.728940055305
7142.857142857142	47122.025339349704	4667.447713054929	46890.29967837926
6896.551724137931	45634.83188119161	4658.380059994571	45396.4467336516
6666.666666666666	44246.15379426379	4649.091218962248	44001.22812403549
6451.612903225807	42946.46201570476	4639.602653893375	42695.11314987182
6249.999999999999	41727.419136058634	4629.935571730321	41469.76253076377
5882.35294117647	39488.63351860354	4549.51525491563	39225.68148690178
5555.555555555556	37510.1379788839	4533.083935352549	37235.21990306968
5263.157894736842	35738.105936013264	4516.1747146552825	35451.60619549437
5000.0	34141.54343111389	4498.631747218746	33843.866508742045
4761.9047619047615	32695.391431450553	4480.476798742595	32386.941018127964
4545.454545454545	31379.16099812609	4461.792607349295	31060.33083654005
4347.826086956522	30175.92691170254	4442.653221477212	29847.100317017594
4166.666666666666	29071.588359204015	4423.137810694166	28733.135951973883
4000.0	28054.298181023838	4403.304672292233	27706.57962276771
3846.1538461538457	27114.034077791253	4383.214600126954	26757.396617400194
3703.7037037037035	26242.25599795945	4362.9104099509495	25877.03639556084
3571.428571428571	25431.645779888986	4342.438718549393	25058.168988363625
3448.2758620689656	24675.892328974798	4321.831251329388	24294.473381124975
3333.333333333333	23969.527709257814	4301.124460922113	23580.470457065432
3225.8064516129034	23307.78739430268	4280.342208906385	22911.386335022795
3124.9999999999995	22686.503939291975	4259.513536715786	22283.043001754617
2941.176470588235	21541.025109253023	4170.536103212299	21133.442487424334
2777.777777777778	20529.458314527725	4132.3924797208065	20109.251380433794
2631.578947368421	19621.67120505626	4094.5071114765833	19189.710586494046
2500.0	18802.117710028404	4056.630659443668	18359.285881390522
2380.9523809523807	18058.244985168156	4018.7435375301493	17605.394409779932
2272.7272727272725	17379.803329486673	3980.943463893184	16917.731907939735
2173.913043478261	16758.319295566194	3943.294870353707	16287.77735535418
2083.333333333333	16186.738610775863	3905.893844151432	15708.421312525395
2000.0	15659.126640336055	3868.7874439235698	15173.685473602702
1923.0769230769229	15170.46662179342	3832.0465271023227	14678.503906634056
1851.8518518518517	14716.476748533625	3795.6991265315387	14218.556749226644
1785.7142857142856	14293.491029774244	3759.7959777924857	13790.134880544578
1724.1379310344828	13898.341846084528	3724.3514445485002	13390.037803834377
1666.6666666666665	13528.287567806292	3689.4016194162664	13015.486168711137
1612.9032258064517	13180.933915303187	3654.951378877278	12664.057378961645
1562.4999999999998	12854.189138642296	3621.026115560948	12333.626728680221
1470.5882352941176	12249.882619454043	3525.6060552586086	11731.569636392484
1388.888888888889	11714.495329001895	3464.188842019804	11190.567299294202
1315.7894736842104	11232.330085669159	3405.0112632546634	10703.790798148917
1250.0	10795.524486742845	3347.7607812626597	10263.325323466268
1190.4761904761904	10397.717793491704	3292.2714958722386	9862.732061176615
1136.3636363636363	10033.728517275955	3238.5666957195012	9496.704360765012
1086.9565217391305	9699.25238339873	3186.5731698573604	9160.854121205684
1041.6666666666665	9390.712537847163	3136.3097356902754	8851.499489368696
1000.0	9105.082164351943	3087.6971221689064	8565.550052468885
961.5384615384614	8839.807871043564	3040.730979305167	8300.370974146734
925.9259259259259	8592.696093838835	2995.3259475441523	8053.722656575771
892.8571428571428	8361.873365476822	2951.462687055122	7823.668844422803
862.0689655172414	8145.709438979863	2909.055502599555	7608.546401717012
833.3333333333333	7942.797369111064	2868.0770369832903	7406.899766885385
806.4516129032259	7751.899177072528	2828.4449497328637	7217.46770119745
781.2499999999999	7571.936881492862	2790.128285010178	7039.134342410152
735.2941176470588	7238.793053038427	2703.1724169289087	6715.130955467072
694.4444444444445	6941.825214916826	2636.34179359146	6421.73179616044
657.8947368421052	6673.388459530906	2573.633688658738	6157.152196299934
625.0	6429.381961541266	2514.6321506853915	5917.227184596817
595.2380952380952	6206.450345359616	2458.89021339762	5698.586211322235
568.1818181818181	6001.868301103621	2406.2273169701007	5498.408242651625
543.4782608695652	5813.346508840758	2356.3270628901937	5314.388055509525
520.8333333333333	5638.989620454115	2309.046354612351	5144.561096132561
500.0	5477.175923658139	2264.1272095193985	4987.30228458375
480.7692307692307	5326.543258032857	2221.4468777957964	4841.202004546659
462.96296296296293	5185.908659537581	2180.792322947919	4705.0816644600645
446.4285714285714	5054.266611185034	2142.059242149761	4577.9027053947575
431.0344827586207	4930.7328380466415	2105.0716994961513	4458.78901274459
416.66666666666663	4814.548087212689	2069.741889915102	4346.957762989425
403.2258064516129	4705.037401504573	2035.924223490349	4241.7436869478715
390.62499999999994	4601.616192513977	2003.545018874724	4142.544983527531
367.6470588235294	4410.1436548699285	1936.6829664320067	3962.149182466709
347.22222222222223	4238.481756983655	1881.2877010320487	3798.089544788116
328.9473684210526	4082.8225213159017	1829.8340911875955	3649.8146445116913
312.5	3940.92668495386	1781.963753463011	3515.0403009816882
297.6190476190476	3810.936219886484	1737.1890156306683	3391.9624402423497
284.09090909090907	3691.3453099887815	1695.2760016100372	3279.03483908623
271.7391304347826	3580.8762618789146	1655.870281827138	3175.022584588907
260.41666666666663	3478.4749891877887	1618.795943181015	3078.845229099
250.0	3383.231600258113	1583.7834685847406	2989.629740556974
240.38461538461536	3294.3846955349186	1550.6968761808066	2906.5976192754624
231.48148148148147	3211.2676194490928	1519.3274141356283	2829.113630163728
223.2142857142857	3133.3158540891263	1489.5686732737472	2756.6017864551563
215.51724137931035	3060.0291031246657	1461.2565522457505	2688.5883657579134
208.33333333333331	2990.979421949425	1434.3067965855505	2624.637482738028
201.61290322580646	2925.78355636744	1408.5885920503079	2564.3883475510947
195.31249999999997	2864.1108179027797	1384.034429459385	2507.5046311619776
183.8235294117647	2749.936450879814	1336.0627308380379	2403.55712708125
173.61111111111111	2647.017761704692	1294.2095500052671	2309.052764978592
164.4736842105263	2553.410585741951	1255.3792395766693	2223.4946782528973
156.25	2467.8490023153036	1219.375953733229	2145.553770401902
148.8095238095238	2389.2667927860484	1185.820244232494	2074.229050871316
142.04545454545453	2316.7996751243677	1154.517720725848	2008.6437133514667
135.8695652173913	2249.70791188192	1125.175048136858	1948.1187848368818
130.20833333333331	2187.3828132214308	1097.6450642830728	1892.0409309609317
125.0	2129.2949098251033	1071.7078107061	1839.9291240367475
120.19230769230768	2075.002610523926	1047.2530538605358	1791.3394080578053
115.74074074074073	2024.1163106782653	1024.1130751269366	1745.9207451965974
111.60714285714285	1976.3073245734881	1002.2037780596263	1703.34325031857
107.75862068965517	1931.2820909484458	981.3947135981147	1663.344501581039
104.16666666666666	1888.7905335844146	961.6205129075099	1625.673912232584
100.80645161290323	1848.6069115547696	942.7779197230525	1590.1312233682909
97.65624999999999	1810.5373206357333	924.8152838313333	1556.5224316426636
91.91176470588235	1740.0945283783003	891.3202194766708	1494.4822628737213
86.80555555555556	1676.2565030722947	860.707470674047	1438.4083265950744
82.23684210526315	1618.033340097521	832.3012862842698	1387.5541281393996
78.125	1564.6876112574778	806.0361569187236	1341.101425904218
74.4047619047619	1515.5842440018246	781.6235359880621	1298.4838268750598
71.02272727272727	1470.2086533738911	758.9105146157129	1259.1935177966825
67.93478260869566	1428.115707091893	737.6622800783794	1222.852743952494
65.10416666666666	1388.9409687068865	717.7651318486763	1189.1048019643501
62.5	1352.3642968102183	699.0459350031164	1157.6804274248636
60.09615384615384	1318.120274763887	681.4222630888997	1128.3194397467535
57.87037037037037	1285.9723165455632	664.7635596308675	1100.824331448238
55.80357142857142	1255.7221503688463	649.0082742743223	1075.000641325588
53.87931034482759	1227.1907909838983	634.055515956727	1050.7001666320105
52.08333333333333	1200.226883125795	619.8582196438662	1027.7744687030308
50.403225806451616	1174.6922792554265	606.3369104661065	1006.1100844086225
48.82812499999999	1150.4692679510642	593.4549356772523	985.5915867235099
45.955882352941174	1105.6947588945734	570.4274262587683	947.1924045402425
43.40277777777778	1064.90059663134	548.3922838706198	912.8412697161262
41.118421052631575	1027.60226554126	527.9265181489826	881.62350670829
39.0625	993.3570926293194	509.03377932290465	853.0198854570828
37.20238095238095	961.7720266680718	491.48958070565783	826.7063706897311
35.51136363636363	932.5301759167934	475.17913713829705	802.3822758660045
33.96739130434783	905.3539189872771	459.92131991266325	779.8320961049338
32.55208333333333	880.0182781059618	445.63634133343726	758.8414993155884
31.25	856.3230410391285	432.1941521533835	739.254601242981
30.04807692307692	834.1040320363098	419.5391788966346	720.9135965079082
28.935185185185183	813.2128442005522	407.5743466738854	703.7032626797372
27.90178571428571	793.5265648226253	396.25897602698507	687.5050785246909
26.939655172413794	774.9325768873924	385.51835724404214	672.2321733963568
26.041666666666664	757.3368564588951	375.3217828238731	657.7937925284416
25.201612903225808	740.6522280163563	365.61050066506374	644.1231906002407
24.414062499999996	724.805426244648	356.36081872710315	631.1496437373902
22.977941176470587	695.5698367357691	340.5088402685968	606.5238061902926
21.70138888888889	668.7717387073892	324.61645387774144	584.7048797175756
20.559210526315788	644.2195407320247	309.8851684555291	564.7919962537263
19.53125	621.6397710302186	296.3279941103284	546.4665816251272
18.601190476190474	600.7807600977486	283.7661896986178	529.5415671007863
17.755681818181817	581.4424300452988	272.1172446953369	513.8360678235815
16.983695652173914	563.4463660271344	261.24458971795747	499.22246717498564
16.276041666666664	546.6505090905583	251.09485234187352	485.56992721582264
15.625	530.9257443741834	241.57041267743202	472.7852385154764
15.02403846153846	516.1681742715971	232.63453603506784	460.77191404709396
14.467592592592592	502.28163242826093	224.21366139669632	449.46086850568673
13.950892857142856	489.1881168138785	216.28089062193817	438.7796599475528
13.469827586206897	476.81428569510166	208.7790210732333	428.6760821443534
13.020833333333332	465.1003032013017	201.68772728401964	419.0946822627909
12.600806451612904	453.9891107681108	194.9615749226495	409.995240215908
12.207031249999998	443.4339547372796	188.58486826344367	401.3345483209779
11.488970588235293	424.0396373383893	178.12319797473018	384.8139035655129
10.850694444444445	406.1783728809265	167.2807641942149	370.1324310659584
10.279605263157894	389.8220414098353	157.3523583057422	356.65313584006617
9.765625	374.79346018881773	148.32458213424115	344.19464861471863
9.300595238095237	360.9231912879386	140.04677193002635	332.64463272605065
8.877840909090908	348.08078890028804	132.46014689342084	321.8921326879864
8.491847826086957	336.14587666792187	125.45603147495231	311.85707394157583
8.138020833333332	325.0256783303592	118.99755261596317	302.458714613286
7.8125	314.6324028237451	113.00561215722894	293.63800933736997
7.51201923076923	304.8978780493459	107.45458923130948	285.33528925130224
7.233796296296296	295.75619061738394	102.284115458882	277.5061873423734
6.975446428571428	287.1559277801205	97.47541145508872	270.10566639913895
6.734913793103448	279.0464473823522	92.98120495181483	263.0996300309456
6.510416666666666	271.3881472945488	88.78737152089327	256.45336642434347
6.300403225806452	264.14136307579906	84.85622893955612	250.14012092764875
6.103515624999999	257.275035651029	81.17696174189031	244.13263782541227
5.744485294117647	244.73827932014038	75.39512944030756	232.8355639099455
5.425347222222222	233.21644197687422	69.3585930829801	222.66408415795826
5.139802631578947	222.72438996036882	63.96585777727836	213.34132961532663
4.8828125	213.13986750535526	59.18518950622451	204.757701841256
4.650297619047619	204.34230023519203	54.89445417025496	196.83082727753583
4.438920454545454	196.2433035745696	51.0551283721869	189.48564078779216
4.2459239130434785	188.75738523733904	47.5825307713557	182.66158120149458
4.069010416666666	181.82162490554748	44.45298333779236	176.3038160553071
3.90625	175.3735322294132	41.605312091528035	170.36688003361328
3.756009615384615	169.36685559978156	39.0236265870923	164.80985511718782
3.616898148148148	163.75470626037654	36.662256975280805	159.59787823119916
3.487723214285714	158.5022524613133	34.510165482921444	154.69974955910976
3.367456896551724	153.57357403184776	32.53258112623444	150.08822007799412
3.255208333333333	148.94191348039203	30.721705745127338	145.73904894471625
3.150201612903226	144.57927186182303	29.050672145732126	141.63059097517075
3.0517578124999996	140.4647411138135	27.51390105075773	137.74370673515273
2.8722426470588234	132.9848561722374	25.175976177695595	130.58002218812328
2.712673611111111	126.17890794289089	22.765994556198724	124.10812343085227
2.5699013157894735	120.02962115026553	20.667243434258662	118.23694432073826
2.44140625	114.45364588315124	18.858320189476373	112.8893299456462
2.3251488095238093	109.3693472574865	17.267001351975832	107.99770730825509
2.219460227272727	104.71856406809643	15.876377226247728	103.50805913866755
2.1229619565217392	100.44467970469753	14.639742574104288	99.37208671625667
2.034505208333333	96.50669536702121	13.547365110905691	95.55109182638809
1.953125	92.8640679349451	12.567562658134632	92.00973580148982
1.8780048076923075	89.4869617819772	11.694139791791052	88.71957745333945
1.808449074074074	86.3455960937662	10.904971788086298	85.65420920823948
1.743861607142857	83.41771091892353	10.195884232766561	82.79226074739786
1.683728448275862	80.68096285156659	9.551105429677806	80.11363274578832
1.6276041666666665	78.11839199576987	8.967695010947073	77.60195625237418
1.575100806451613	75.71292608007307	8.434219776485905	75.24168467258387
1.5258789062499998	73.45140648917923	7.948522847102539	73.02006641867514
1.4361213235294117	69.3383460405497	7.210700102587903	68.96239580865468
1.3563368055555556	65.63500831418067	6.468828972925059	65.31545428244077
1.2849506578947367	62.30587636400595	5.831853424062417	62.03234410472529
1.220703125	59.29905687630816	5.288619359069627	59.06275181275
1.1625744047619047	56.5683620940601	4.815751481746528	56.3630031817925
1.1097301136363635	54.07852297297738	4.405644284314512	53.89876571294494
1.0614809782608696	51.79815923293465	4.044404016107033	51.64002416803221
1.0172526041666665	49.70256736370968	3.72701664902691	49.562632591923276
0.9765625	47.76966077647879	3.444751277992077	47.645295458551075
0.9390024038461537	45.98160200617289	3.1940810956202412	45.870530507164226
0.904224537037037	44.322395381919335	2.9693152076917078	44.22282102702806
0.8719308035714285	42.77883922392649	2.7678938669914714	42.68920061195363
0.841864224137931	41.339065233880504	2.5859940949947138	41.25810161594544
0.8138020833333333	39.99309598479356	2.4217191820684794	39.919706945969835
0.7875504032258065	38.73193959657851	2.2724309421892683	38.665219545813876
0.7629394531249999	37.54791758325259	2.1367012430166517	37.48707274030369
0.7180606617647058	35.391910549096565	1.9286911209060718	35.33931921918404
0.6781684027777778	33.46304291926142	1.7241764495332688	33.418594479529006
0.6424753289473684	31.733488904656934	1.5503311628919245	31.69559577208403
0.6103515625	30.17400190887822	1.4017676910216137	30.14142396333316
0.5812872023809523	28.760581011752283	1.2734815389888705	28.73237311645908
0.5548650568181818	27.473679778519728	1.1621442277641738	27.449089262970425
0.5307404891304348	26.296996222434966	1.0647458497965638	26.27543199641254
0.5086263020833333	25.216981165471005	0.9791551797404844	25.197964089062964
0.48828125	24.222170852969388	0.9034611761375565	24.205315918897895
0.46950120192307687	23.302880269526483	0.8362491259634992	23.287870582241133
0.4521122685185185	22.450812777605304	0.7762554346200466	22.437388927308554
0.43596540178571425	21.65886358049533	0.7225129681879716	21.646809155376854
0.4209321120689655	20.9208801863258	0.6741579482793087	20.91001527573261
0.40690104166666663	20.23153341116581	0.6305119546134283	20.221706130843856
0.39377520161290325	19.586164419928725	0.5909677512610675	19.577246839161305
0.38146972656249994	18.980698103965448	0.5550385180955641	18.972581077895224
0.3590303308823529	17.877509036331343	0.4999657758854545	17.870516600452603
0.3390842013888889	16.893650103258853	0.44613563252910277	16.887758193695387
0.3212376644736842	16.012439623547348	0.4005486602313932	16.007429008698928
0.30517578125	15.218614142719867	0.3616228415161772	15.21431711729077
0.29064360119047616	14.499784266920974	0.3281059582596453	14.496071546022513
0.2774325284090909	13.845803833863405	0.2990498752549285	13.842573928931591
0.2653702445652174	13.248273152876981	0.2736885410105018	13.245445863230144
0.25431315104166663	12.700186972558399	0.2514266198374815	12.697697972182956
0.244140625	12.195650286446462	0.2317740165262429	12.193447695978564
0.23475060096153844	11.729671681781557	0.21434170815299125	11.727713135753886
0.22605613425925924	11.297992720952244	0.1988043597576804	11.296243461843023
0.21798270089285712	10.896961229709554	0.18489910292719428	10.895392437334685
0.21046605603448276	10.52342464660263	0.17240312348780557	10.522012329195178
0.20345052083333331	10.174649406181057	0.16113364592176657	10.17337340742256
0.19688760080645162	9.848251939789728	0.15093393008680106	9.847095268063608
0.19073486328124997	9.542145732234513	0.14167371160757178	9.54109394852816
0.17951516544117646	8.984197094536755	0.1274890329439298	8.983292491061487
0.16954210069444445	8.487407585339339	0.11365083250115435	8.486646629143195
0.1606188322368421	8.04268345940598	0.10194842966654541	8.042037288267885
0.152587890625	7.642247503365296	0.09196622916043518	7.641694126002893
0.14532180059523808	7.279796945643305	0.08338119602535504	7.279319415024111
0.13871626420454544	6.950171645365033	0.07594536211617246	6.949756700921919
0.1326851222826087	6.649105070058301	0.06946142150048198	6.6487422377167045
0.12715657552083331	6.373039884648311	0.06377426814611525	6.3727207858214365
0.1220703125	6.118985674871855	0.05875790597880834	6.118703555310713
0.11737530048076922	5.884410962318992	0.054311303330638265	5.884160318668286
0.11302806712962962	5.667157910065468	0.0503509552126517	5.666934229274835
0.10899135044642856	5.465376243849389	0.046808771717101266	5.465175790925996
0.10523302801724138	5.277470007093319	0.043627641192901835	5.277289674131362
0.10172526041666666	5.102055588842588	0.04076032481891816	5.101892769116237
0.09844380040322581	4.937927317600661	0.03816669420514657	4.93777981458877
0.09536743164062499	4.784029935111826	0.035813146491876675	4.783895885006738
0.08975758272058823	4.503457775130113	0.03220969153863557	4.503342588361544
0.08477105034722222	4.253848411298641	0.028698144458518527	4.253751605678523
0.08030941611842105	4.030456880427403	0.02573120646284165	4.030374743122351
0.0762939453125	3.8293585656704945	0.023202241359206108	3.82928827335706
0.07266090029761904	3.6473747659915983	0.021028825397231773	3.6473141449695117
0.06935813210227272	3.4819038320895523	0.019147502570970143	3.481851184221578
0.06634256114130435	3.33079567268942	0.017508006106709512	3.3307496577990867
0.06357828776041666	3.19225803893758	0.016070719790871383	3.192217586432198
0.06103515625	3.0647849070067217	0.014803591665426143	3.0647491544806735
0.05868765024038461	2.9471016473078246	0.013680859853219382	2.947069892900094
0.05651403356481481	2.8381221343473757	0.012681312638290266	2.8380938028511804
0.05449567522321428	2.7369152155524477	0.011787613510407493	2.736889831412699
0.05261651400862069	2.642677962662338	0.010985275927099193	2.6426551303668
0.05086263020833333	2.5547143830244035	0.010262287554464273	2.5546937711369453
0.049221900201612906	2.4724181512282475	0.009608484065895456	2.472399480576887
0.04768371582031249	2.395258651315927	0.009015329932768264	2.395241685202142
0.044878791360294115	2.254572467042649	0.008107321962296035	2.2545578902475265
0.04238552517361111	2.1294646810462123	0.0072228273645132115	2.129452431633097
0.04015470805921052	2.0175119205255316	0.006475720781320924	2.0175015277572856
0.03814697265625	1.9167429255321273	0.005838995302065444	1.9167340318133135
0.03633045014880952	1.8255615346571608	0.005291882479507951	1.8255538646667293
0.03467906605113636	1.7426615539667787	0.004818327033365391	1.742654892799635
0.033171280570652176	1.6669637472605963	0.004405682342085039	1.6669579252771167
0.03178914388020833	1.5975686101733135	0.004043933407390776	1.597563491950692
0.030517578125	1.5337204382676108	0.0037250251946969715	1.5337159146814285
0.029343825120192304	1.4747797039525519	0.003442449736234803	1.4747756862418737
0.028257016782407406	1.4202015505769392	0.0031908801517328772	1.4201979659698853
0.02724783761160714	1.369518904433637	0.002965939637984981	1.369515692791862
0.026308257004310345	1.3223290687826859	0.0027639916654901182	1.3223261800697128
0.025431315104166664	1.2782830049027327	0.0025820053005469784	1.278280397202346
0.024610950100806453	1.237076680409895	0.002417429367300017	1.2370743184017763
0.023841857910156247	1.1984440437076223	0.0022681113107677815	1.198441897452421
0.022439395680147058	1.1280004500706837	0.0020395140785392286	1.127998606267751
0.021192762586805556	1.0653704606955323	0.001816825846199423	1.065368911535556
0.02007735402960526	1.0093295247347223	0.0016287180825608932	1.0093282106325117
0.019073486328125	0.9588897844539602	0.0014683908787553896	0.9588886601469377
0.01816522507440476	0.9132514526149483	0.0013306233766554854	0.9132504832436403
0.01733953302556818	0.871760095301766	0.001211374764028309	0.8717592536541985
0.016585640285326088	0.8338750417346039	0.0011074634757000767	0.8338743063271211
0.015894571940104164	0.7991456975104547	0.0010163698069390488	0.7991450511902621
0.0152587890625	0.7671935325606296	0.0009360656933516805	0.7671929615056928
0.014671912560096152	0.7376982312161975	0.0008649141487174834	0.73769772418181
0.014128508391203703	0.7103869127392732	0.0008015729384300573	0.7103864605072793
0.01362391880580357	0.685025666443425	0.0007449412831280481	0.6850252613946024
0.013154128502155173	0.6614128326888911	0.0006941022040508757	0.6614124684851906
0.012715657552083332	0.6393736315956172	0.0006482934557329611	0.6393733029266732
0.012305475050403226	0.6187558271449085	0.0006068713223980411	0.6187555295372946
0.011920928955078123	0.5994262074797037	0.0005692944662076313	0.5994259371409545
0.011219697840073529	0.564179127506459	0.0005117723361883716	0.5641788953895965
0.010596381293402778	0.5328450068301457	0.0004557575518295487	0.532844811918885
0.01003867701480263	0.5048083195805224	0.0004084544340804448	0.5048081543345809
0.0095367431640625	0.4795745770397481	0.0003681512256921255	0.47957443573185626
0.00908261253720238	0.45674345400362454	0.000333528807861693	0.4567433322268596
0.00866976651278409	0.43598739722089525	0.0003035706688334925	0.43598729153531496
0.008292820142663044	0.4170358052545524	0.0002774729636931917	0.4170357129468259
0.007947285970052082	0.3996631688022387	0.00025460188006782555	0.39966308770629466
0.00762939453125	0.3836800516924545	0.00023444515762861378	0.38367998006436643
0.007335956280048076	0.3689261569981246	0.00021659106616341633	0.36892609341942045
0.007064254195601851	0.3552649302825976	0.00020070075973872855	0.3552648735913867
0.006811959402901785	0.3425793219396733	0.00018649740587402516	0.34257927117583153
0.006577064251077586	0.3307684237895027	0.0001737496870410318	0.33076837815492327
0.006357828776041666	0.31974478019004626	0.00016226593147819151	0.31974473901621664
0.006152737525201613	0.309432217884227	0.00015188390055241057	0.3094321806083402
0.005960464477539062	0.29976408402265153	0.00014246748733980777	0.2997640501677183
0.005609848920036764	0.2821342213437416	0.00012805411221950073	0.2821341922833596
0.005298190646701389	0.26646238629852237	0.00011402462015876542	0.2664623619018059
0.005019338507401315	0.2524399949925887	0.00010218031519081571	0.25243997431278864
0.00476837158203125	0.2398196621932194	9.209072349118858e-5	0.23981964451180499
0.00454130626860119	0.22840111768417717	8.342496275551698e-5	0.2284011024484272
0.004334883256392045	0.21802050025817749	7.592759802767306e-5	0.218020487036943
0.004146410071331522	0.20854244300294247	6.939731258946038e-5	0.2085424314561632
0.003973642985026041	0.19985413797857596	6.367486240492776e-5	0.1998541278349576
0.003814697265625	0.19186082458691914	5.8632119285094386e-5	0.19186081562801494
0.003667978140024038	0.18448231945621588	5.416565190068351e-5	0.18448231150445682
0.0035321270978009257	0.17765031705919518	5.019079110586187e-5	0.1776503099690993
0.0034059797014508925	0.17130626896040343	4.663800471541732e-5	0.17130626261182222
0.003288532125538793	0.1653997016298518	4.3449533893541624e-5	0.16539969592288253
0.003178914388020833	0.1598868707912292	4.057724549415056e-5	0.15988686564223584
0.0030763687626008066	0.15472967610800525	3.798064876021228e-5	0.15472967144655395
0.002980232238769531	0.14989477941526108	3.562557174381911e-5	0.14989477518168676
0.002804924460018382	0.14107826904195658	3.202050989578019e-5	0.1410782654081118
0.0026490953233506945	0.13324115944277887	2.8511921094998914e-5	0.13324115639218378
0.0025096692537006577	0.12622895302923917	2.5550038894807277e-5	0.12622895044344376
0.002384185791015625	0.11991792208030883	2.3026902029584008e-5	0.11991791986947072
0.002270653134300595	0.1142079046804559	2.085992504025092e-5	0.11420790277543681
0.0021674416281960225	0.10901694915554343	1.898509151803409e-5	0.10901694750243487
0.002073205035665761	0.10427735552630361	1.735214335800979e-5	0.1042773540825727
0.0019868214925130205	0.09993270655844583	1.592118788588089e-5	0.09993270529017123
0.0019073486328125	0.09593561132211327	1.466022881861563e-5	0.09593561020197494
0.001833989070012019	0.09224596944717131	1.3543365115778929e-5	0.09224596845296669
0.0017660635489004629	0.08882962108075504	1.254944697267329e-5	0.08882962019429048
0.0017029898507254463	0.08565728612800638	1.16610680001192e-5	0.08565728533425891
0.0016442660627693966	0.0827037229504856	1.0863796722908378e-5	0.08270372223696222
0.0015894571940104165	0.0799470553183223	1.0145586962272737e-5	0.07994705467456542
0.0015381843813004033	0.0773682296243396	9.49631967471708e-6	0.07736822904154168
0.0014901161193847654	0.07495057386669485	8.907444593455502e-6	0.07495057333739556
0.001402462230009191	0.07054192398181072	8.006018600589398e-6	0.07054192352749696
0.0013245476616753472	0.06662307120284651	7.128728775234637e-6	0.0666230708214563
0.0012548346268503288	0.06311671531444878	6.3881465805034805e-6	0.06311671499117136
0.0011920928955078125	0.059960983720909924	5.75727052107238e-6	0.05996098344451216
0.0011353265671502975	0.05710578873974356	5.215451825915191e-6	0.057105788501580865
0.0010837208140980113	0.05451014928493822	4.746681519040193e-6	0.05451014907827042
0.0010366025178328805	0.05214021122385726	4.338393138160681e-6	0.052140211043366476
0.0009934107462565103	0.0499677626327953	3.980611035412521e-6	0.04996776247424043
0.00095367431640625	0.04796910538275231	3.6653347945359534e-6	0.0479691052427176
0.0009169945350060095	0.04612418712249939	3.386087783105406e-6	0.04612418699820896
0.0008830317744502314	0.044415926149990806	3.1375816547203668e-6	0.04441592603916999
0.0008514949253627231	0.04282968095105924	2.9154639934197866e-6	0.0428296808518298
0.0008221330313846983	0.04135282948641609	2.716126340806817e-6	0.04135282939721612
0.0007947285970052083	0.03997443261953052	2.5365566398265156e-6	0.039974432539052585
0.0007690921906502017	0.038684962686204034	2.374224725932444e-6	0.03868496261334701
0.0007450580596923827	0.03747608295637415	2.226992704595223e-6	0.03747608289020533
0.0007012311150045955	0.035271659339248106	2.0016165570936266e-6	0.035271659282453655
0.0006622738308376736	0.03331215845803565	1.7822762379368203e-6	0.033312158410357735
0.0006274173134251644	0.03155891734552906	1.5971164368201295e-6	0.03155891730511606
0.0005960464477539062	0.02998099752086577	1.43938590920663e-6	0.029980997486313353
0.0005676632835751488	0.028553353461388483	1.3039218353694692e-6	0.028553353431615934
0.0005418604070490056	0.027255493312114753	1.186721509437513e-6	0.02725549328627945
0.0005183012589164402	0.026070488970925627	1.0846429656582078e-6	0.026070488948362752
0.0004967053731282551	0.02498423364943212	9.951920330809918e-7	0.024984233629611476
0.000476837158203125	0.023984877617115673	9.16368404089832e-7	0.02398487759961025
0.00045849726750300476	0.02306239415686649	8.465527644926088e-7	0.023062394141329257
0.0004415158872251157	0.022208241973768195	7.844229060632431e-7	0.022208241959914794
0.00042574746268136157	0.021415099944074378	7.288906251358485e-7	0.02141509993167001
0.00041106651569234915	0.02067665674313279	6.790537311772312e-7	0.020676656731982195
0.00039736429850260413	0.01998744254729118	6.341591471902753e-7	0.019987442537230917
0.00038454609532510083	0.01934269330930672	5.935742847857286e-7	0.019342693300199134
0.00037252902984619135	0.018738240481867136	5.567646216352068e-7	0.018738240473595635
0.0003506155575022978	0.017636004004549746	5.004181283583189e-7	0.017636003997450113
0.0003311369154188368	0.016656234941395388	4.4558081607682636e-7	0.016656234935435388
0.0003137086567125822	0.015779598593363735	3.992890828148928e-7	0.015779598588311905
0.0002980232238769531	0.014990625174294926	3.5985501253077716e-7	0.014990625169975706
0.0002838316417875744	0.014276791502521539	3.259878192181535e-7	0.014276791498799832
0.0002709302035245028	0.013627851322569313	2.966867688318491e-7	0.013627851319339785
0.0002591506294582201	0.013035340324437362	2.711663268148455e-7	0.013035340321616908
0.00024835268656412757	0.012492204907302589	2.488029172479145e-7	0.012492204904824928
0.0002384185791015625	0.011992520039406292	2.2909643946597337e-7	0.011992520037218046
0.00022924863375150238	0.011531272226822688	2.1164204362080173e-7	0.011531272224880476
0.00022075794361255786	0.011104190711122942	1.9610916306751473e-7	0.011104190709391218
0.00021287373134068078	0.010707614838770588	1.822257347913863e-7	0.010707614837219999
0.00020553325784617457	0.010338388871188885	1.697662013009757e-7	0.010338388869795025
0.00019868214925130207	0.00999377783270633	1.5854228556503013e-7	0.009993777831448765
0.00019227304766255041	0.009671399645915927	1.48395833185855e-7	0.00967139964477745
0.00018626451492309568	0.009369169991593965	1.3919321161094741e-7	0.009369169990560002
0.0001753077787511489	0.008818045585736074	1.2510628044598415e-7	0.008818045584848598
0.0001655684577094184	0.00832815639857002	1.113966738219954e-7	0.008328156397825005
0.0001568543283562911	0.007889834276647075	9.982351745762734e-8	0.007889834276015584
0.00014901161193847656	0.007495344190457778	8.996481990954247e-8	0.0074953441899178646
0.0001419158208937872	0.0071384244440860145	8.149787485260147e-8	0.007138424443620792
0.0001354651017622514	0.0068139518278001925	7.417249129491733e-8	0.006813951827396495
0.00012957531472911006	0.006517694121865414	6.779227982797916e-8	0.006517694121512851
0.00012417634328206378	0.006246124474213947	6.220134295954543e-8	0.006246124473904235
0.00011920928955078125	0.005996280327341951	5.727465232474703e-8	0.005996280327068415
0.00011462431687575119	0.005765654900444281	5.291099228770949e-8	0.005765654900201501
0.00011037897180627893	0.005552112786564379	4.9027720335536065e-8	0.005552112786347911
0.00010643686567034039	0.005353823636018308	4.555681866447076e-8	0.005353823635824481
0.00010276662892308729	0.0051692095604551494	4.2441896259717603e-8	0.005169209560280914
9.934107462565103e-5	0.004996903056078202	3.963588373757781e-8	0.004996903055921004
9.613652383127521e-5	0.004835713070737635	3.709924099437066e-8	0.004835713070595323
9.313225746154784e-5	0.0046845974334295964	3.479856008217071e-8	0.004684597433300349
8.765388937557444e-5	0.00440903368869959	3.127678864405361e-8	0.0044090336885886545
8.27842288547092e-5	0.004164087931225239	2.7849351952239614e-8	0.004164087931132111
7.842716417814555e-5	0.003944925883291824	2.495603546355084e-8	0.003944925883212887
7.450580596923828e-5	0.0037476799960370843	2.249133832459984e-8	0.003747679995969595
7.09579104468936e-5	0.003569219395232882	2.037458375740127e-8	0.0035692193951747287
6.77325508811257e-5	0.003406982455514887	1.854322264605514e-8	0.0034069824554644242
6.478765736455503e-5	0.003258853050832294	1.694815726079089e-8	0.0032588530507882234
6.208817164103189e-5	0.003123067742237123	1.5550412394603427e-8	0.0031230677421984084
5.9604644775390625e-5	0.002998145240571489	1.4318730876485223e-8	0.002998145240537297
5.7312158437875595e-5	0.002882832146972356	1.3227808282906918e-8	0.002882832146942008
5.5189485903139464e-5	0.002776060751025837	1.2256983857323785e-8	0.0027760607509987783
5.3218432835170196e-5	0.0026769158721610775	1.138925272259991e-8	0.002676915872136849
5.138331446154364e-5	0.002584608561437177	1.0610517384140135e-8	0.0025846085614153976
4.9670537312825516e-5	0.0024984550629653327	9.909009939055102e-9	0.0024984550629456826
4.8068261915637603e-5	0.002417859847309233	9.274845534354266e-9	0.0024178598472914437
4.656612873077392e-5	0.0023423018261188966	8.699672258074195e-9	0.0023423018261027407
4.382694468778722e-5	0.002204519568303454	7.819224427155123e-9	0.002204519568289587
4.13921144273546e-5	0.002082046398594237	6.9623609633998964e-9	0.002082046398582596
3.9213582089072776e-5	0.001972465127885074	6.239028377998995e-9	0.001972465127875207
3.725290298461914e-5	0.0018738419732181794	5.6228512877191934e-9	0.001873841973209743
3.54789552234468e-5	0.0017846114909118296	5.093660243445069e-9	0.0017846114909045602
3.386627544056285e-5	0.001703492863159414	4.635818235042486e-9	0.001703492863153106
3.2393828682277515e-5	0.0016294280228895037	4.237050138844665e-9	0.0016294280228839949
3.1044085820515946e-5	0.0015615352473998024	3.887612719101113e-9	0.0015615352473949632
2.9802322387695312e-5	0.0014990738895097238	3.5796911804625002e-9	0.0014990738895054496
2.8656079218937797e-5	0.001441417247672736	3.3069596357802076e-9	0.0014414172476689426
2.7594742951569732e-5	0.0013880314649479346	3.064252679532682e-9	0.0013880314649445521
2.6609216417585098e-5	0.001338458949617738	2.847319187890231e-9	0.0013384589496147094
2.569165723077182e-5	0.0012923052260202532	2.6526346516388524e-9	0.0012923052260175307
2.4835268656412758e-5	0.0012492284152136256	2.477257450352187e-9	0.0012492284152111695
2.4034130957818802e-5	0.0012089307516391528	2.3187157493402957e-9	0.0012089307516369291
2.328306436538696e-5	0.0011711516904099712	2.1749221586967247e-9	0.0011711516904079518
2.191347234389361e-5	0.0011022604651396153	1.9548094957465484e-9	0.0011022604651378819
2.06960572136773e-5	0.0010410238075420847	1.7405931000491145e-9	0.0010410238075406295
1.9606791044536388e-5	0.000986233110501968	1.5597595496593764e-9	0.0009862331105007346
1.862645149230957e-5	0.0009369214804086933	1.4057149135231548e-9	0.0009369214804076388
1.77394776117234e-5	0.0008923061937795194	1.2734168743288552e-9	0.0008923061937786107
1.6933137720281426e-5	0.000851746840429959	1.1589560857903609e-9	0.0008517468404291706
1.6196914341138758e-5	0.0008147143858129249	1.0592639420019306e-9	0.0008147143858122363
1.5522042910257973e-5	0.0007807679677700425	9.719043758483493e-10	0.0007807679677694375
1.4901161193847656e-5	0.0007495372620607181	8.949238655949047e-10	0.0007495372620601838
1.4328039609468899e-5	0.0007207089173828724	8.267408352497616e-10	0.0007207089173823983
1.3797371475784866e-5	0.0006940160048326031	7.660639836990811e-10	0.0006940160048321803
1.3304608208792549e-5	0.0006692297281930796	7.118305799903574e-10	0.000669229728192701
1.284582861538591e-5	0.0006461528493354557	6.631592908481953e-10	0.0006461528493351154
1.2417634328206379e-5	0.0006246144285394545	6.193149415025838e-10	0.0006246144285391474
1.2017065478909401e-5	0.000604465582815663	5.796795473753178e-10	0.000604465582815385
1.164153218269348e-5	0.000585576039542539	5.437310289495179e-10	0.0005855760395422866
1.0956736171946805e-5	0.0005511304028167182	4.887028039937346e-10	0.0005511304028165016
1.034802860683865e-5	0.0005205120558322338	4.351486435917484e-10	0.0005205120558320519
9.803395522268194e-6	0.0004931166918907962	3.899401990293657e-10	0.000493116691890642
9.313225746154785e-6	0.00046846086365420465	3.5142897386076693e-10	0.00046846086365407287
8.8697388058617e-6	0.00044615320897062175	3.1835442616857057e-10	0.0004461532089705082
8.466568860140713e-6	0.0004258735224275269	2.8973924423926073e-10	0.0004258735224274283
8.098457170569379e-6	0.00040735728649847074	2.6481613585733085e-10	0.00040735728649838465
7.761021455128987e-6	0.0003903840699025343	2.4297623709817573e-10	0.0003903840699024587
7.450580596923828e-6	0.0003747687103568048	2.2373110347304702e-10	0.000374768710356738
7.164019804734449e-6	0.00036035453207804873	2.0668532780939807e-10	0.00036035453207798943
6.898685737892433e-6	0.0003470080705059524	1.915161104887677e-10	0.00034700807050589956
6.6523041043962745e-6	0.0003346149274425734	1.779577300379833e-10	0.00033461492744252605
6.422914307692955e-6	0.0003230764837490513	1.657898915630987e-10	0.00032307648374900873
6.2088171641031895e-6	0.0003123072695028895	1.5482883988040972e-10	0.00031230726950285114
6.0085327394547004e-6	0.0003022328431568349	1.4491995022083981e-10	0.00030223284315680017
5.82076609134674e-6	0.0002927880683556476	1.3593280551488821e-10	0.000292788068355616
5.478368085973403e-6	0.0002755652439700806	1.221757642689505e-10	0.00027556524397005355
5.174014303419325e-6	0.0002602560659314056	1.0878720216545786e-10	0.0002602560659313829
4.901697761134097e-6	0.0002465583801053429	9.748508237785742e-11	0.00024655838010532365
4.656612873077393e-6	0.00023423046268956351	8.785727416206875e-11	0.00023423046268954703
4.43486940293085e-6	0.00022307663250552666	7.958864203065592e-11	0.00022307663250551246
4.2332844300703565e-6	0.00021293678676689233	7.243483257203702e-11	0.00021293678676688002
4.049228585284689e-6	0.00020367866664723863	6.62040607516143e-11	0.00020367866664722787
3.880510727564493e-6	0.00019519205645564404	6.07440787800847e-11	0.00019519205645563458
3.725290298461914e-6	0.00018738437501000633	5.593277536519309e-11	0.00018738437500999798
3.5820099023672247e-6	0.0001801772843856797	5.167136288407474e-11	0.0001801772843856723
3.4493428689462165e-6	0.00017350405227538714	4.787904515393558e-11	0.00017350405227538053
3.3261520521981373e-6	0.00016730747955779273	4.448943670719689e-11	0.00016730747955778682
3.2114571538464777e-6	0.0001615382566448589	4.1447489544421355e-11	0.0001615382566448536
3.1044085820515948e-6	0.00015615364855972868	3.870721338033179e-11	0.00015615364855972388
3.0042663697273502e-6	0.00015111643451566826	3.6229997087232334e-11	0.00015111643451566392
2.91038304567337e-6	0.00014639404632391792	3.398320420274041e-11	0.00014639404632391396
2.7391840429867014e-6	0.00013778263262546886	3.054394977848153e-11	0.00013778263262546547
2.5870071517096626e-6	0.0001301280424695245	2.7196805724463248e-11	0.00013012804246952166
2.4508488805670485e-6	0.00012327919859265858	2.437127863717118e-11	0.00012327919859265616
2.3283064365386963e-6	0.00011711523906039601	2.1964319991124278e-11	0.00011711523906039395
2.217434701465425e-6	0.0001115383232578152	1.9897161760700346e-11	0.00011153832325781342
2.1166422150351783e-6	0.00010646839977172699	1.8108706041322743e-11	0.00010646839977172546
2.0246142926423447e-6	0.00010183933917312204	1.655102894057561e-11	0.0001018393391731207
1.9402553637822466e-6	9.759603360391545e-5	1.5186020523698458e-11	9.759603360391427e-5
1.862645149230957e-6	9.369219246290501e-5	1.3983191390724113e-11	9.369219246290397e-5
1.7910049511836123e-6	9.008864677950183e-5	1.2917844582051669e-11	9.00886467795009e-5
1.7246714344731083e-6	8.67520303932952e-5	1.1969761887945452e-11	8.675203039329438e-5
1.6630760260990686e-6	8.365374373802259e-5	1.112235650159067e-11	8.365374373802185e-5
1.6057285769232388e-6	8.07691320150124e-5	1.0361876072548426e-11	8.076913201501174e-5
1.5522042910257974e-6	7.807682773193664e-5	9.676806999917722e-12	7.807682773193604e-5
1.5021331848636751e-6	7.55582204921455e-5	9.057496448980693e-12	7.555822049214495e-5
1.455191522836685e-6	7.319702619848462e-5	8.49580784155823e-12	7.319702619848412e-5
1.3695920214933507e-6	6.88913189728406e-5	7.63598615834476e-12	6.889131897284018e-5
1.2935035758548313e-6	6.506402361071752e-5	6.799201681395595e-12	6.506402361071717e-5
1.2254244402835243e-6	6.16396014313263e-5	6.092823054382895e-12	6.1639601431326e-5
1.1641532182693481e-6	5.855762145910177e-5	5.491080180451558e-12	5.8557621459101514e-5
1.1087173507327124e-6	5.576916338017115e-5	4.974292195523441e-12	5.5769163380170925e-5
1.0583211075175891e-6	5.323420148293383e-5	4.527175040209652e-12	5.3234201482933635e-5
1.0123071463211724e-6	5.091967104893466e-5	4.137755755675067e-12	5.091967104893449e-5
9.701276818911233e-7	4.87980181459816e-5	3.796506835196384e-12	4.879801814598145e-5
9.313225746154785e-7	4.684609747092804e-5	3.4957963345115766e-12	4.684609747092791e-5
8.955024755918062e-7	4.504432453641692e-5	3.2294644296942015e-12	4.504432453641681e-5
8.623357172365541e-7	4.337601626054809e-5	2.99244054189543e-12	4.337601626054799e-5
8.315380130495343e-7	4.182687285879336e-5	2.7805891924775124e-12	4.182687285879326e-5
8.028642884616194e-7	4.038456693065158e-5	2.590469078588716e-12	4.038456693065149e-5
7.761021455128987e-7	3.903841472898516e-5	2.4191985930617985e-12	3.903841472898508e-5
7.510665924318376e-7	3.7779111054651944e-5	2.2643773789122293e-12	3.7779111054651876e-5
7.275957614183425e-7	3.659851385837203e-5	2.123948787470264e-12	3.659851385837197e-5
6.847960107466753e-7	3.44456601514473e-5	1.9089973691138883e-12	3.4445660151447246e-5
6.467517879274156e-7	3.2532012399347804e-5	1.699801243360469e-12	3.253201239934776e-5
6.127122201417621e-7	3.081980124941199e-5	1.5232057909187572e-12	3.081980124941195e-5
5.820766091346741e-7	2.927881121177684e-5	1.3727700686190036e-12	2.9278811211776806e-5
5.543586753663562e-7	2.7884582127901255e-5	1.2435730723557254e-12	2.7884582127901228e-5
5.291605537587946e-7	2.661710114073452e-5	1.1317929829249972e-12	2.6617101140734496e-5
5.061535731605862e-7	2.54598358900614e-5	1.0344405515868453e-12	2.545983589006138e-5
4.850638409455617e-7	2.4399009408996353e-5	9.491259235106996e-13	2.4399009408996333e-5
4.6566128730773926e-7	2.3423049045333135e-5	8.73949098507181e-13	2.342304904533312e-5
4.477512377959031e-7	2.252216255487476e-5	8.073669210378124e-13	2.2522162554874745e-5
4.3116785861827706e-7	2.168800839624853e-5	7.48107739867659e-13	2.1688008396248516e-5
4.1576900652476716e-7	2.091343667684263e-5	6.951489113883935e-13	2.091343667684262e-5
4.014321442308097e-7	2.019228369611193e-5	6.476164728632971e-13	2.019228369611192e-5
3.8805107275644935e-7	1.9519207580247662e-5	6.048012635121784e-13	1.9519207580247652e-5
3.755332962159188e-7	1.888955572947035e-5	5.660943513643762e-13	1.8889555729470344e-5
3.6379788070917124e-7	1.8299257118968676e-5	5.309863984109578e-13	1.829925711896867e-5
3.4239800537333767e-7	1.7222830241980517e-5	4.772501428539923e-13	1.722283024198051e-5
3.233758939637078e-7	1.6266006348170965e-5	4.2494991792192933e-13	1.6266006348170958e-5
3.0635611007088106e-7	1.5409900758143107e-5	3.808010545834122e-13	1.54099007581431e-5
2.9103830456733704e-7	1.4639405726444917e-5	3.4319251880386667e-13	1.4639405726444913e-5
2.771793376831781e-7	1.3942291173404669e-5	3.108936687681143e-13	1.3942291173404665e-5
2.645802768793973e-7	1.3308550670184274e-5	2.829482482608794e-13	1.330855067018427e-5
2.530767865802931e-7	1.2729918036428904e-5	2.586097401779592e-13	1.27299180364289e-5
2.4253192047278083e-7	1.2199504788499894e-5	2.3728228199111337e-13	1.219950478849989e-5
2.3283064365386963e-7	1.171152460013374e-5	2.184868759565142e-13	1.1711524600133736e-5
2.2387561889795154e-7	1.1261081349103739e-5	2.0184133056455148e-13	1.1261081349103737e-5
2.1558392930913853e-7	1.084400426461821e-5	1.8702693764966646e-13	1.0844004264618208e-5
2.0788450326238358e-7	1.0456718400282482e-5	1.7378682983579552e-13	1.045671840028248e-5
2.0071607211540486e-7	1.009614190575282e-5	1.619049231332618e-13	1.0096141905752819e-5
1.9402553637822467e-7	9.759603844062278e-6	1.5119991502148683e-13	9.759603844062276e-6
1.877666481079594e-7	9.444777915271158e-6	1.4152318728098506e-13	9.444777915271157e-6
1.8189894035458562e-7	9.149628606930216e-6	1.3274700283311298e-13	9.149628606930214e-6
1.7119900268666884e-7	8.611415162554313e-6	1.193123376927224e-13	8.611415162554311e-6
1.616879469818539e-7	8.1330032112098e-6	1.0623747931147598e-13	8.133003211209798e-6
1.5317805503544053e-7	7.704950412431045e-6	9.52008605226005e-14	7.704950412431043e-6
1.4551915228366852e-7	7.319702893361474e-6	8.579773207971176e-14	7.319702893361473e-6
1.3858966884158905e-7	6.971145614065787e-6	7.772341693658916e-14	6.971145614065786e-6
1.3229013843969864e-7	6.654275360046333e-6	7.073686232674398e-14	6.654275360046332e-6
1.2653839329014654e-7	6.364959041064105e-6	6.465263545408854e-14	6.364959041064105e-6
1.2126596023639041e-7	6.099752415250266e-6	5.93205715659677e-14	6.099752415250266e-6
1.1641532182693481e-7	5.8557623194336615e-6	5.4621518461913694e-14	5.8557623194336615e-6
1.1193780944897577e-7	5.630540692468567e-6	5.046053363619604e-14	5.630540692468567e-6
1.0779196465456927e-7	5.4220021489325906e-6	4.6756734119807324e-14	5.4220021489325906e-6
1.0394225163119179e-7	5.228359215606693e-6	4.3447108268026256e-14	5.228359215606693e-6
1.0035803605770243e-7	5.04807096730041e-6	4.047582921197486e-14	5.04807096730041e-6
9.701276818911234e-8	4.879801935515913e-6	3.7800381000228525e-14	4.879801935515913e-6
9.38833240539797e-8	4.722388970269414e-6	3.5379993322150893e-14	4.722388970269414e-6
9.094947017729281e-8	4.574814315326795e-6	3.318775658909781e-14	4.574814315326795e-6
8.559950134333442e-8	4.305707591668144e-6	2.9827886722746946e-14	4.305707591668144e-6
8.084397349092696e-8	4.066501614885925e-6	2.6559171816615052e-14	4.066501614885925e-6
7.658902751772027e-8	3.8524752145552894e-6	2.3800116071245337e-14	3.8524752145552894e-6
7.275957614183426e-8	3.6598514542156256e-6	2.14497318251129e-14	3.6598514542156256e-6
6.929483442079453e-8	3.4855728138737853e-6	1.943095421888812e-14	3.4855728138737853e-6
6.614506921984932e-8	3.3271376862617717e-6	1.768431545106066e-14	3.3271376862617717e-6
6.326919664507327e-8	3.1824795262444144e-6	1.6163059351979697e-14	3.1824795262444144e-6
6.063298011819521e-8	3.049876212875214e-6	1.4830142333187622e-14	3.049876212875214e-6
5.820766091346741e-8	2.9278811645585037e-6	1.365517981573351e-14	2.9278811645585037e-6
5.5968904724487885e-8	2.815270350713432e-6	1.2615133515312724e-14	2.815270350713432e-6
5.389598232728463e-8	2.711001078622221e-6	1.16893837836235e-14	2.711001078622221e-6
5.1971125815595895e-8	2.614179611669603e-6	1.0861576612629301e-14	2.614179611669603e-6
5.0179018028851214e-8	2.5240354872563397e-6	1.011925863577579e-14	2.5240354872563397e-6
4.850638409455617e-8	2.4399009711289882e-6	9.449693617696865e-15	2.4399009711289882e-6
4.694166202698985e-8	2.3611944882933553e-6	8.845299881696654e-15	2.3611944882933553e-6
4.5474735088646405e-8	2.287407160628603e-6	8.296637785601721e-15	2.287407160628603e-6
4.279975067166721e-8	2.1528537984318463e-6	7.456971755596944e-15	2.1528537984318463e-6
4.042198674546348e-8	2.033250809763273e-6	6.6398923479033405e-15	2.033250809763273e-6
3.829451375886013e-8	1.9262376093626265e-6	5.950128312100932e-15	1.9262376093626265e-6
3.637978807091713e-8	1.8299257289914415e-6	5.362233918506935e-15	1.8299257289914415e-6
3.464741721039726e-8	1.7427864086470888e-6	4.857689079877468e-15	1.7427864086470888e-6
3.307253460992466e-8	1.663568844690537e-6	4.421128969711153e-15	1.663568844690537e-6
3.1634598322536636e-8	1.5912397645503249e-6	4.0408145326709105e-15	1.5912397645503249e-6
3.0316490059097604e-8	1.524938107750114e-6	3.707485689044477e-15	1.524938107750114e-6
2.9103830456733704e-8	1.4639405834897509e-6	3.413995238603253e-15	1.4639405834897509e-6
2.7984452362243943e-8	1.40763517647649e-6	3.1537332589070532e-15	1.40763517647649e-6
2.6947991163642316e-8	1.3555005403500387e-6	2.922245913269952e-15	1.3555005403500387e-6
2.5985562907797947e-8	1.3070898068014336e-6	2.7155446805998363e-15	1.3070898068014336e-6
2.5089509014425607e-8	1.2620177445296094e-6	2.529614198951472e-15	1.2620177445296094e-6
2.4253192047278084e-8	1.2199504864073605e-6	2.362624168023654e-15	1.2199504864073605e-6
2.3470831013494924e-8	1.1805972449362451e-6	2.211124204787832e-15	1.1805972449362451e-6
2.2737367544323203e-8	1.143703581055698e-6	2.0743604867263724e-15	1.143703581055698e-6
2.1399875335833604e-8	1.07642689986536e-6	1.8642183544571237e-15	1.07642689986536e-6
2.021099337273174e-8	1.0166254054616879e-6	1.6599233442190085e-15	1.0166254054616879e-6
1.9147256879430066e-8	9.63118805202539e-7	1.4875074080261265e-15	9.63118805202539e-7
1.8189894035458565e-8	9.149628649666749e-7	1.340633272154388e-15	9.149628649666749e-7
1.732370860519863e-8	8.713932047511003e-7	1.2144222972439552e-15	8.713932047511003e-7
1.653626730496233e-8	8.317844227351747e-7	1.1052821760653303e-15	8.317844227351747e-7
1.5817299161268318e-8	7.956198826321917e-7	1.0102287441404399e-15	7.956198826321917e-7
1.5158245029548802e-8	7.624690542031838e-7	9.268464739382418e-16	7.624690542031838e-7
1.4551915228366852e-8	7.319702920474597e-7	8.534487731570333e-16	7.319702920474597e-7
1.3992226181121971e-8	7.038175885181951e-7	7.88433336588569e-16	7.038175885181951e-7
1.3473995581821158e-8	6.77750270434785e-7	7.306365942523395e-16	6.77750270434785e-7
1.2992781453898974e-8	6.535449036423273e-7	6.787859151711082e-16	6.535449036423273e-7
1.2544754507212804e-8	6.310088724901915e-7	6.324034992267698e-16	6.310088724901915e-7
1.2126596023639042e-8	6.099752434143831e-7	5.907063097601776e-16	6.099752434143831e-7
1.1735415506747462e-8	5.902986226655347e-7	5.527559690469225e-16	5.902986226655347e-7
1.1368683772161601e-8	5.718517907131642e-7	5.185649979897808e-16	5.718517907131642e-7
1.0699937667916802e-8	5.382134500950426e-7	4.66054485725517e-16	5.382134500950426e-7
1.010549668636587e-8	5.083127028758664e-7	4.149933236600433e-16	5.083127028758664e-7
9.573628439715033e-9	4.815594027315822e-7	3.718892169962445e-16	4.815594027315822e-7
9.094947017729282e-9	4.574814326010557e-7	3.3512095021867046e-16	4.574814326010557e-7
8.661854302599316e-9	4.35696602482449e-7	3.0364293093970674e-16	4.35696602482449e-7
8.268133652481165e-9	4.158922114650569e-7	2.7629566939954705e-16	4.158922114650569e-7
7.908649580634159e-9	3.9780994140534967e-7	2.5255724243696687e-16	3.9780994140534967e-7
7.579122514774401e-9	3.812345271836234e-7	2.316991441735388e-16	3.812345271836234e-7
7.275957614183426e-9	3.659851460993892e-7	2.1338727479931287e-16	3.659851460993892e-7
6.996113090560986e-9	3.519087943290915e-7	1.9713334958419223e-16	3.519087943290915e-7
6.736997790910579e-9	3.388751352823066e-7	1.8259651718135242e-16	3.388751352823066e-7
6.496390726949487e-9	3.2677245188160317e-7	1.6978428408125878e-16	3.2677245188160317e-7
6.272377253606402e-9	3.1550443630142873e-7	1.5805068932896568e-16	3.1550443630142873e-7
6.063298011819521e-9	3.049876217598536e-7	1.4765146236552767e-16	3.049876217598536e-7
5.867707753373731e-9	2.951493113821236e-7	1.3818896855302458e-16	2.951493113821236e-7
5.684341886080801e-9	2.859258954029208e-7	1.2966643138434574e-16	2.859258954029208e-7
5.349968833958401e-9	2.691067250881151e-7	1.1652605845683475e-16	2.691067250881151e-7
5.052748343182935e-9	2.5415635147418047e-7	1.037235359475976e-16	2.5415635147418047e-7
4.786814219857517e-9	2.4077970139836763e-7	9.297233836530899e-17	2.4077970139836763e-7
4.547473508864641e-9	2.2874071632997248e-7	8.381757569047788e-17	2.2874071632997248e-7
4.330927151299658e-9	2.178483012679408e-7	7.589830779963971e-17	2.178483012679408e-7
4.1340668262405825e-9	2.0794610575689923e-7	6.907394681115083e-17	2.0794610575689923e-7
3.9543247903170795e-9	1.989049707249917e-7	6.315177145476535e-17	1.989049707249917e-7
3.7895612573872004e-9	1.9061726361231791e-7	5.791230585276441e-17	1.9061726361231791e-7
3.637978807091713e-9	1.8299257306860278e-7	5.3334289177429244e-17	1.8299257306860278e-7
3.498056545280493e-9	1.7595439718203768e-7	4.9270840476122854e-17	1.7595439718203768e-7
3.3684988954552896e-9	1.6943756765739718e-7	4.5674191203958616e-17	1.6943756765739718e-7
3.2481953634747434e-9	1.6338622595589304e-7	4.24210072167709e-17	1.6338622595589304e-7
3.136188626803201e-9	1.577522181648045e-7	3.951267716553934e-17	1.577522181648045e-7
3.0316490059097605e-9	1.5249381089309917e-7	3.692541555191838e-17	1.5249381089309917e-7
2.9338538766868654e-9	1.4757465570340434e-7	3.4559829631267364e-17	1.4757465570340434e-7
2.8421709430404003e-9	1.429629477130418e-7	3.2416596353614786e-17	1.429629477130418e-7
2.6749844169792006e-9	1.3455336255420105e-7	2.911911984389812e-17	1.3455336255420105e-7
2.5263741715914674e-9	1.2707817574615876e-7	2.594327515263796e-17	1.2707817574615876e-7
2.3934071099287583e-9	1.2038985070732965e-7	2.3249290083482312e-17	1.2038985070732965e-7
2.2737367544323206e-9	1.1437035817233903e-7	2.0941953718261137e-17	1.1437035817233903e-7
2.165463575649829e-9	1.0892415064065116e-7	1.897456819290403e-17	1.0892415064065116e-7
2.0670334131202913e-9	1.0397305288454064e-7	1.7262244946756618e-17	1.0397305288454064e-7
1.9771623951585398e-9	9.945248536807504e-8	1.5794195366684957e-17	9.945248536807504e-8
1.8947806286936002e-9	9.530863181128553e-8	1.447182578415993e-17	9.530863181128553e-8
1.8189894035458565e-9	9.149628653903011e-8	1.3333585254440678e-17	9.149628653903011e-8
1.7490282726402464e-9	8.797719859539681e-8	1.2330234659905743e-17	8.797719859539681e-8
1.6842494477276448e-9	8.471878383275449e-8	1.1412286216122006e-17	8.471878383275449e-8
1.6240976817373717e-9	8.169311298172275e-8	1.0605254305813183e-17	8.169311298172275e-8
1.5680943134016004e-9	7.887610908592643e-8	9.884441723894399e-18	7.887610908592643e-8
1.5158245029548803e-9	7.624690544983927e-8	9.225092043587078e-18	7.624690544983927e-8
1.4669269383434327e-9	7.378732785478611e-8	8.63995147522429e-18	7.378732785478611e-8
1.4210854715202002e-9	7.148147385941626e-8	8.104143341183097e-18	7.148147385941626e-8
1.3374922084896003e-9	6.727668127963891e-8	7.282874274795396e-18	6.727668127963891e-8
1.2631870857957337e-9	6.3539087875344e-8	6.482723915403793e-18	6.3539087875344e-8
1.1967035549643792e-9	6.019492535569961e-8	5.809223461651889e-18	6.019492535569961e-8
1.1368683772161603e-9	5.718517908801024e-8	5.238601107347022e-18	5.718517908801024e-8
1.0827317878249145e-9	5.446207532199662e-8	4.7467637123712636e-18	5.446207532199662e-8
1.0335167065601456e-9	5.1986526443792254e-8	4.309323659808118e-18	5.1986526443792254e-8
9.885811975792699e-10	4.972624268543233e-8	3.95166957211409e-18	4.972624268543233e-8
9.473903143468001e-10	4.765431590692693e-8	3.624200921541743e-18	4.765431590692693e-8
9.094947017729282e-10	4.574814327069555e-8	3.3271453862997805e-18	4.574814327069555e-8
8.745141363201232e-10	4.3988599298790395e-8	3.0794295501310133e-18	4.3988599298790395e-8
8.421247238638224e-10	4.235939191739459e-8	2.862469119750086e-18	4.235939191739459e-8
8.120488408686859e-10	4.0846556491803746e-8	2.6450430897691805e-18	4.0846556491803746e-8
7.840471567008002e-10	3.9438054543843436e-8	2.4711072599673136e-18	3.9438054543843436e-8
7.579122514774401e-10	3.812345272574377e-8	2.3094105002838132e-18	3.812345272574377e-8
7.334634691717164e-10	3.689366392816404e-8	2.1599889983938966e-18	3.689366392816404e-8
7.105427357601001e-10	3.574073693043113e-8	2.0228982266268086e-18	3.574073693043113e-8
6.687461042448001e-10	3.363834064045364e-8	1.8207195986103302e-18	3.363834064045364e-8
6.315935428978668e-10	3.1769543938238996e-8	1.6222338878247615e-18	3.1769543938238996e-8
5.983517774821896e-10	3.009746267835934e-8	1.4538639210624439e-18	3.009746267835934e-8
5.684341886080801e-10	2.859258954446404e-8	1.3065402254312573e-18	2.859258954446404e-8
5.413658939124572e-10	2.723103766141565e-8	1.1866887385685813e-18	2.723103766141565e-8
5.167583532800728e-10	2.599326322227786e-8	1.0788929458569314e-18	2.599326322227786e-8
4.942905987896349e-10	2.4863121343064028e-8	9.863613106643516e-19	2.4863121343064028e-8
4.736951571734001e-10	2.382715795378367e-8	9.060536052398673e-19	2.382715795378367e-8
4.547473508864641e-10	2.2874071635643745e-8	8.317845073700733e-19	2.2874071635643745e-8
4.372570681600616e-10	2.1994299649669454e-8	7.729860807501986e-19	2.1994299649669454e-8
4.210623619319112e-10	2.1179695958949098e-8	7.109197940027856e-19	2.1179695958949098e-8
4.0602442043434293e-10	2.0423278246138304e-8	6.612636651718834e-19	2.0423278246138304e-8
3.920235783504001e-10	1.9719027272142608e-8	6.209124273118661e-19	1.9719027272142608e-8
3.7895612573872006e-10	1.9061726363076637e-8	5.742147702543463e-19	1.9061726363076637e-8
3.667317345858582e-10	1.844683196427476e-8	5.399998623852171e-19	1.844683196427476e-8
3.5527136788005004e-10	1.7870368465396723e-8	5.057251037840674e-19	1.7870368465396723e-8
3.3437305212240007e-10	1.6819170320385773e-8	4.567284087944644e-19	1.6819170320385773e-8
3.157967714489334e-10	1.5884771969260823e-8	4.047812265851466e-19	1.5884771969260823e-8
2.991758887410948e-10	1.5048731339306842e-8	3.6346477025839665e-19	1.5048731339306842e-8
2.842170943040401e-10	1.4296294772347168e-8	3.2663549405823597e-19	1.4296294772347168e-8
2.706829469562286e-10	1.3615518830812368e-8	2.9745260064436846e-19	1.3615518830812368e-8
2.583791766400364e-10	1.2996631611233735e-8	2.68163842214322e-19	1.2996631611233735e-8
2.4714529939481747e-10	1.2431560671619187e-8	2.4658932809410273e-19	1.2431560671619187e-8
2.3684757858670003e-10	1.1913578976972302e-8	2.280745201625949e-19	1.1913578976972302e-8
2.2737367544323206e-10	1.1437035817895862e-8	2.0794774676814608e-19	1.1437035817895862e-8
2.186285340800308e-10	1.099714982490266e-8	1.9246546238713672e-19	1.099714982490266e-8
2.105311809659556e-10	1.0589847979537921e-8	1.7694725032493847e-19	1.0589847979537921e-8
2.0301221021717146e-10	1.0211639123128893e-8	1.67666429847127e-19	1.0211639123128893e-8
1.9601178917520005e-10	9.859513636125685e-9	1.5366199901925117e-19	9.859513636125685e-9
1.8947806286936003e-10	9.530863181590145e-9	1.443391230370519e-19	9.530863181590145e-9
1.833658672929291e-10	9.223415982185567e-9	1.3499922397780214e-19	9.223415982185567e-9
1.7763568394002502e-10	8.935184232743868e-9	1.2721721725112524e-19	8.935184232743868e-9
1.6718652606120003e-10	8.409585160232108e-9	1.1302089719342633e-19	8.409585160232108e-9
1.578983857244667e-10	7.942385984665956e-9	1.0158353388296686e-19	7.942385984665956e-9
1.495879443705474e-10	7.524365669685426e-9	9.164248389297587e-20	7.524365669685426e-9
1.4210854715202004e-10	7.148147386202164e-9	8.088136065824646e-20	7.148147386202164e-9
1.353414734781143e-10	6.8077594154321105e-9	7.397487064268991e-20	6.8077594154321105e-9
1.291895883200182e-10	6.498315805640987e-9	6.782033412887111e-20	6.498315805640987e-9
1.2357264969740873e-10	6.215780335831387e-9	6.164752232712913e-20	6.215780335831387e-9
1.1842378929335001e-10	5.956789488505848e-9	5.623777402696033e-20	5.956789488505848e-9
1.1368683772161603e-10	5.718517908966534e-9	5.237819971467675e-20	5.718517908966534e-9
1.093142670400154e-10	5.498574912468523e-9	4.8507841652794555e-20	5.498574912468523e-9
1.052655904829778e-10	5.294923989785015e-9	4.4627898035713753e-20	5.294923989785015e-9
1.0150610510858573e-10	5.10581956157875e-9	4.0741663326580525e-20	5.10581956157875e-9
9.800589458760003e-11	4.929756818076859e-9	3.9198855520255386e-20	4.929756818076859e-9
9.473903143468002e-11	4.765431590807711e-9	3.530084612283756e-20	4.765431590807711e-9
9.168293364646455e-11	4.6117079911048295e-9	3.374943518493498e-20	4.6117079911048295e-9
8.881784197001251e-11	4.467592116383098e-9	3.141210322411005e-20	4.467592116383098e-9
8.359326303060002e-11	4.204792580126223e-9	2.9029350132576064e-20	4.204792580126223e-9
7.894919286223336e-11	3.971192992341654e-9	2.481446983832314e-20	3.971192992341654e-9
7.47939721852737e-11	3.7621828348506085e-9	2.2910318470720602e-20	3.7621828348506085e-9
7.105427357601002e-11	3.5740736931084347e-9	2.060931544181893e-20	3.5740736931084347e-9
6.767073673905715e-11	3.4038797077226413e-9	1.868844375413323e-20	3.4038797077226413e-9
6.45947941600091e-11	3.2491579028262616e-9	1.6370802042892115e-20	3.2491579028262616e-9
6.178632484870437e-11	3.107890167921194e-9	1.560727127269288e-20	3.107890167921194e-9
5.921189464667501e-11	2.978394744258058e-9	1.4450384556025114e-20	2.978394744258058e-9
5.6843418860808015e-11	2.859258954487812e-9	1.2899093496570464e-20	2.859258954487812e-9
5.46571335200077e-11	2.749287456238402e-9	1.1735736875312624e-20	2.749287456238402e-9
5.26327952414889e-11	2.6474619948964152e-9	1.0961299964738654e-20	2.6474619948964152e-9
5.0753052554292866e-11	2.5529097807932136e-9	1.05771941439669e-20	2.5529097807932136e-9
4.9002947293800014e-11	2.4648784090418283e-9	9.80033665816623e-21	2.4648784090418283e-9
4.736951571734001e-11	2.3827157954071737e-9	9.021304614299935e-21	2.3827157954071737e-9
4.584146682323227e-11	2.305853995555479e-9	8.633526326975216e-21	2.305853995555479e-9
4.4408920985006255e-11	2.233796058194393e-9	7.852846195135713e-21	2.233796058194393e-9
4.179663151530001e-11	2.1023962900654713e-9	6.967036281720564e-21	2.1023962900654713e-9
3.947459643111668e-11	1.985596496173126e-9	6.397449840847685e-21	1.985596496173126e-9
3.739698609263685e-11	1.8810914174272523e-9	5.630942854059332e-21	1.8810914174272523e-9
3.552713678800501e-11	1.7870368465559772e-9	5.054968708546271e-21	1.7870368465559772e-9
3.383536836952858e-11	1.701939853862941e-9	4.672163045417616e-21	1.701939853862941e-9
3.229739708000455e-11	1.6245789514147041e-9	4.2873635399922504e-21	1.6245789514147041e-9
3.0893162424352184e-11	1.5539450839619462e-9	3.901865394023436e-21	1.5539450839619462e-9
2.9605947323337503e-11	1.4891973721302342e-9	3.515094601094814e-21	1.4891973721302342e-9
2.8421709430404007e-11	1.4296294772450428e-9	3.1268864373291015e-21	1.4296294772450428e-9
2.732856676000385e-11	1.3746437281203412e-9	3.1296301604349716e-21	1.3746437281203412e-9
2.631639762074445e-11	1.323730997449211e-9	2.740365518759965e-21	1.323730997449211e-9
2.5376526277146433e-11	1.2764548903974877e-9	2.546412578156711e-21	1.2764548903974877e-9
2.4501473646900007e-11	1.2324392045217901e-9	2.548090915613327e-21	1.2324392045217901e-9
2.3684757858670004e-11	1.1913578977043633e-9	2.1573525614190655e-21	1.1913578977043633e-9
2.2920733411616136e-11	1.1529269977784792e-9	2.1584168799541258e-21	1.1529269977784792e-9
2.2204460492503128e-11	1.1168980290979073e-9	1.963245743925085e-21	1.1168980290979073e-9
2.0898315757650004e-11	1.0511981450333908e-9	1.83865759796924e-21	1.0511981450333908e-9
1.973729821555834e-11	9.927982480870729e-10	1.454119274841367e-21	9.927982480870729e-10
1.8698493046318424e-11	9.405457087141392e-10	1.4563205302438888e-21	9.405457087141392e-10
1.7763568394002505e-11	8.935184232784679e-10	1.3610851969139678e-21	8.935184232784679e-10
1.691768418476429e-11	8.509699269318757e-10	1.1679723381542754e-21	8.509699269318757e-10
1.6148698540002275e-11	8.12289475707693e-10	9.745591087511628e-22	8.12289475707693e-10
1.5446581212176092e-11	7.769725419813106e-10	9.754901364296968e-22	7.769725419813106e-10
1.4802973661668752e-11	7.445986860654314e-10	8.787964470340128e-22	7.445986860654314e-10
1.4210854715202004e-11	7.14814738622845e-10	8.795154800611432e-22	7.14814738622845e-10
1.3664283380001925e-11	6.873218640604034e-10	6.845253475769433e-22	6.873218640604034e-10
1.3158198810372225e-11	6.618654987248565e-10	6.850381616452741e-22	6.618654987248565e-10
1.2688263138573216e-11	6.382274451989905e-10	6.85514346137296e-22	6.382274451989905e-10
1.2250736823450003e-11	6.162196022610878e-10	5.879886718176103e-22	6.162196022610878e-10
1.1842378929335002e-11	5.956789488524025e-10	5.883614112495803e-22	5.956789488524025e-10
1.1460366705808068e-11	5.764634988894116e-10	4.906616358199512e-22	5.764634988894116e-10
1.1102230246251564e-11	5.584490145491317e-10	4.908285335513817e-22	5.584490145491317e-10
1.0449157878825002e-11	5.255990725168399e-10	4.354639053537436e-22	5.255990725168399e-10
9.86864910777917e-12	4.963991240437032e-10	4.362920298234773e-22	4.963991240437032e-10
9.349246523159212e-12	4.702728543571719e-10	2.91260499283185e-22	4.702728543571719e-10
8.881784197001252e-12	4.467592116393409e-10	3.402849772845365e-22	4.467592116393409e-10
8.458842092382144e-12	4.254849634660393e-10	2.920533495789105e-22	4.254849634660393e-10
8.074349270001138e-12	4.0614473785395805e-10	2.923055345042059e-22	4.0614473785395805e-10
7.723290606088046e-12	3.8848627099073966e-10	2.438844280691842e-22	3.8848627099073966e-10
7.401486830834376e-12	3.722993430327878e-10	1.9528239374966484e-22	3.722993430327878e-10
7.105427357601002e-12	3.574073693114838e-10	1.9548649618940456e-22	3.574073693114838e-10
6.8321416900009626e-12	3.4366093203027964e-10	1.9567489844147207e-22	3.4366093203027964e-10
6.5790994051861124e-12	3.309327493624977e-10	1.9577586313957534e-22	3.309327493624977e-10
6.344131569286608e-12	3.1911372259954383e-10	1.469070970751271e-22	3.1911372259954383e-10
6.125368411725002e-12	3.0810980113059876e-10	1.4704080815600505e-22	3.0810980113059876e-10
5.921189464667501e-12	2.978394744262498e-10	1.4709947151639447e-22	2.978394744262498e-10
5.730183352904034e-12	2.8823174944476193e-10	1.4721835044878788e-22	2.8823174944476193e-10
5.551115123125782e-12	2.7922450727460364e-10	9.816356519318132e-23	2.7922450727460364e-10
5.224578939412501e-12	2.627995362584625e-10	1.2098231523834672e-22	2.627995362584625e-10
4.934324553889585e-12	2.481995620218802e-10	9.695610416368426e-23	2.481995620218802e-10
4.674623261579606e-12	2.3513642717862775e-10	9.707422882060194e-23	2.3513642717862775e-10
4.440892098500626e-12	2.2337960581968732e-10	4.8621909652053957e-23	2.2337960581968732e-10
4.229421046191072e-12	2.1274248173304494e-10	7.304346991487233e-23	2.1274248173304494e-10
4.037174635000569e-12	2.0307236892700032e-10	7.310514648618897e-23	2.0307236892700032e-10
3.861645303044023e-12	1.9424313549539415e-10	7.316145987739115e-23	1.9424313549539415e-10
3.700743415417188e-12	1.8614967151641519e-10	4.882629762740641e-23	1.8614967151641519e-10
3.552713678800501e-12	1.7870368465576697e-10	7.330025163496511e-23	1.7870368465576697e-10
3.4160708450004813e-12	1.7183046601514936e-10	2.4467253491317923e-23	1.7183046601514936e-10
3.2895497025930562e-12	1.654663746812628e-10	4.894903173155097e-23	1.654663746812628e-10
3.172065784643304e-12	1.5955686129979055e-10	4.8972289038372636e-23	1.5955686129979055e-10
3.062684205862501e-12	1.5405490056530977e-10	2.4501687767520575e-23	1.5405490056530977e-10
2.9605947323337505e-12	1.4891973721314034e-10	4.904721901486671e-23	1.4891973721314034e-10
2.865091676452017e-12	1.4411587472238838e-10	2.455294149377747e-23	1.4411587472238838e-10
2.775557561562891e-12	1.3961225363732118e-10	4.9081782596597464e-23	1.3961225363732118e-10
2.6122894697062505e-12	1.3139976812923865e-10	2.419545527491385e-23	1.3139976812923865e-10
2.4671622769447924e-12	1.2409978101094886e-10	2.4256603344335457e-23	1.2409978101094886e-10
2.337311630789803e-12	1.1756821358931783e-10	1.2146204182077207e-23	1.1756821358931783e-10
2.220446049250313e-12	1.1168980290985604e-10	2.4310954826029673e-23	1.1168980290985604e-10
2.114710523095536e-12	1.0637124086653044e-10	2.4334248318184348e-23	1.0637124086653044e-10
2.0185873175002844e-12	1.0153618446350383e-10	1.2180820759153703e-23	1.0153618446350383e-10
1.9308226515220115e-12	9.712156774769989e-11	1.2190352860087814e-23	9.712156774769989e-11
1.850371707708594e-12	9.307483575821292e-11	1.2219757384411812e-23	9.307483575821292e-11
1.7763568394002505e-12	8.935184232788487e-11	1.2226969452260872e-23	8.935184232788487e-11
1.7080354225002406e-12	8.591523300758203e-11	1.2233626745660007e-23	8.591523300758203e-11
1.6447748512965281e-12	8.273318734063493e-11	1.2239790906214763e-23	8.273318734063493e-11
1.586032892321652e-12	7.977843064989834e-11	1.2245514769587039e-23	7.977843064989834e-11
1.5313421029312504e-12	7.702745028266078e-11	1.2250843883761225e-23	7.702745028266078e-11
1.4802973661668753e-12	7.445986860656908e-11	4.559351987698366e-27	7.445986860656908e-11
1.4325458382260085e-12	7.205793736119937e-11	1.2276470746889618e-23	7.205793736119937e-11
1.3877787807814455e-12	6.980612681866214e-11	1.2280332882319271e-23	6.980612681866214e-11
1.3061447348531253e-12	6.569988406462199e-11	6.0581694499471844e-24	6.569988406462199e-11
1.2335811384723962e-12	6.204989050547664e-11	6.066050566078954e-24	6.204989050547664e-11
1.1686558153949015e-12	5.878410679466237e-11	6.07310209103896e-24	5.878410679466237e-11
1.1102230246251565e-12	5.584490145492785e-11	3.4195139907738385e-27	5.584490145492785e-11
1.057355261547768e-12	5.3185620433266404e-11	6.0851904195418294e-24	5.3185620433266404e-11
1.0092936587501422e-12	5.076809223175449e-11	6.09041037957716e-24	5.076809223175449e-11
9.654113257610057e-13	4.85607838738523e-11	6.095176430044202e-24	4.85607838738523e-11
9.25185853854297e-13	4.6537417879106976e-11	2.849594992311558e-27	4.6537417879106976e-11
8.881784197001252e-13	4.4675921163944424e-11	6.1134847261307085e-24	4.4675921163944424e-11
8.540177112501203e-13	4.295761650379121e-11	2.630395377518371e-27	4.295761650379121e-11
8.223874256482641e-13	4.136659367031917e-11	6.119895453107634e-24	4.136659367031917e-11
7.93016446160826e-13	3.988921532495075e-11	6.122757384793763e-24	3.988921532495075e-11
7.656710514656252e-13	3.851372514132857e-11	-6.120705370858565e-24	3.851372514132857e-11
7.401486830834376e-13	3.722993430328757e-11	6.1279088618287945e-24	3.722993430328757e-11
7.162729191130043e-13	3.602896868060098e-11	6.138235373445029e-24	3.602896868060098e-11
6.938893903907227e-13	3.490306340933064e-11	2.1371962442336936e-27	3.490306340933064e-11
