# z G G_prime G_double_prime
1.5999999999999998e6	9.605266527075456e6	7416.301848520173	9.60526366398253e6
1.0666666666666665e6	6.4096055846954305e6	14096.925169289523	6.409590082685445e6
799999.9999999999	4.811767691456672e6	16401.38256957313	4.811739738514135e6
640000.0	3.8530852001325036e6	17539.235827611323	3.8530452806431847e6
533333.3333333333	3.2139753082246482e6	18210.036467510017	3.2139237197621185e6
457142.8571428571	2.7574747821213864e6	18650.433437880733	2.757411709442021e6
399999.99999999994	2.4151031756540616e6	18961.369746693523	2.415028740100553e6
355555.55555555556	2.148816444096937e6	19192.74578885015	2.148730729740348e6
320000.0	1.9357885033532055e6	19371.91193617391	1.935691571181313e6
290909.0909090909	1.7614938507905595e6	19515.053014802113	1.761385746813793e6
266666.6666666666	1.6162489248159314e6	19632.33148605444	1.616129684935301e6
246153.84615384613	1.4933497848224305e6	19730.437233996203	1.4932194378843836e6
228571.42857142855	1.3880079411092028e6	19813.947442035344	1.3878665108968415e6
213333.3333333333	1.296711859697918e6	19886.09598112169	1.2965593662720819e6
199999.99999999997	1.2168279066669296e6	19949.23049388741	1.2166643672953208e6
188235.29411764705	1.1468130642415625e6	21567.632490113352	1.1466102395949087e6
177777.77777777778	1.084307891737945e6	21940.536570556505	1.0840858900198743e6
168421.05263157893	1.0282944386570288e6	21946.33380384079	1.0280602175969774e6
160000.0	977852.4197259384	21854.597252803258	977608.1686150084
152380.95238095237	932203.1704799001	21746.42605462488	931949.485759088
145454.54545454544	890698.8344832163	21644.74766946158	890435.8026540068
139130.4347826087	852800.7555533358	21554.78042137636	852528.31044683
133333.3333333333	818058.9182832211	21476.575951773542	817776.9564301146
128000.0	786094.9265054351	21408.867109281255	785803.3430106305
123076.92307692306	756588.4606145977	21350.211414337515	756287.1592244111
118518.51851851851	729266.5992656747	21299.300281971995	728955.4942601232
114285.71428571428	703895.3820539064	21255.017394817223	703574.3977095535
110344.8275862069	680273.1022431756	21216.426919091344	679942.171706051
106666.66666666666	658224.9356281203	21182.74634603032	657883.9997597471
103225.80645161291	637598.607035224	21153.319603747623	637247.6133835259
99999.99999999999	618260.8685630814	21127.5941593114	617899.7704817628
94117.64705882352	582919.3716309755	20785.995953017038	582548.6556459405
88888.88888888889	551575.842848042	20769.42601010655	551184.6708288781
84210.52631578947	523530.4547454186	20759.496925385978	523118.7057765663
80000.0	498288.57696796145	20754.526147635195	497856.1595291788
76190.47619047618	475449.80031774676	20753.368137247457	474996.6424440758
72727.27272727272	454686.50839277235	20755.190266488346	454212.5526572472
69565.21739130435	435728.05067966797	20759.365374864232	435233.25114050764
66666.66666666666	418348.87530643557	20765.410562900597	417833.1954193129
64000.0	402359.5107815523	20772.94898931787	401822.92182833137
61538.46153846153	387599.6286725062	20781.68315043885	387042.1085521567
59259.259259259255	373932.64789217326	20791.37638960432	373354.1801392852
57142.85714285714	361241.4948651548	20801.83876060327	360642.0678686688
55172.41379310345	349425.24089638935	20812.917032986898	348804.84724280675
53333.33333333333	338396.4117987196	20824.486594080787	337755.0477436889
51612.903225806454	328078.8182842822	20836.445782707953	327416.48329605424
49999.99999999999	318405.79295032524	20848.711011106898	317722.48934172216
47058.82352941176	300689.92287788744	20566.62421818081	299985.73914200993
44444.444444444445	285013.48197675875	20608.819153262077	284267.41192339355
42105.26315789473	270986.5252559319	20650.16725787181	270198.57043016667
40000.0	258361.5627348962	20690.22093890143	257531.76863508925
38095.23809523809	246938.29859890672	20728.896139324297	246066.73115187255
36363.63636363636	236552.86862173077	20766.22071854593	235639.60560618507
34782.608695652176	227069.90954475632	20802.256196112186	226115.0370006717
33333.33333333333	218376.61784875405	20837.070339452563	217380.22845403734
32000.0	210378.23740647334	20870.730206203814	209340.4294323347
30769.230769230766	202994.58848467097	20903.29806644248	201915.4651927543
29629.629629629628	196157.3688722982	20934.832053534432	195037.03794354846
28571.42857142857	189808.0327735671	20965.384867461013	188646.60596663476
27586.206896551725	183896.109100549	20995.005274349143	182693.70185053197
26666.666666666664	178377.85554173918	21023.737249741524	177134.5867404878
25806.451612903227	173215.17363400882	21051.62149850978	171931.16532305395
24999.999999999996	168374.72673984605	21078.694696360366	167050.10396469515
23529.41176470588	159476.26479278033	20823.022890784665	158110.97605778938
22222.222222222223	151631.82059244558	20888.567714348344	150186.14035596856
21052.631578947367	144611.88685637637	20950.93556856398	143086.18423510806
20000.0	138292.5968464208	21009.586443771168	136687.37915399647
19047.619047619046	132573.78500866535	21064.593708462027	130889.61518554954
18181.81818181818	127373.5312180311	21116.181434003778	125611.00006208444
17391.304347826088	122624.17406354674	21164.594594576727	120783.88965592317
16666.666666666664	118269.33213826924	21210.05596868128	116351.916401225
16000.0	114261.64705863246	21252.764758612397	112267.73347078213
15384.615384615383	110561.04648228353	21292.892553992217	108491.27949260162
14814.814814814814	107133.39572278454	21330.591892171007	104988.42949879951
14285.714285714284	103949.43639908629	21365.994661765766	101729.934629887
13793.103448275862	100983.94665928965	21399.2198102767	98690.58148778797
13333.333333333332	98215.0675157765	21430.3712089699	95848.51943026712
12903.225806451614	95623.76133428056	21459.544048347703	93184.71817284459
12499.999999999998	93193.37016668615	21486.822257309188	90682.52705073779
11764.70588235294	88699.7725442696	21241.848105739067	86118.71770096134
11111.111111111111	84757.67520818696	21301.06515671687	82037.35813570433
10526.315789473683	81227.3149641242	21354.58411900094	78370.00978298746
10000.0	78046.60230701663	21401.240104777087	75055.04016151943
9523.809523809523	75165.4553140038	21441.055326282047	72042.5347906139
9090.90909090909	72542.95631722618	21474.363973477975	69291.64598404037
8695.652173913044	70145.32814218056	21501.573763424985	66768.62575993445
8333.333333333332	67944.43105166621	21523.068856260215	64445.35063092841
8000.0	65916.63488560624	21539.211833374946	62298.19506405721
7692.3076923076915	64041.947157922754	21550.32359721646	60307.16830222943
7407.407407407407	62303.34191257671	21556.704658745333	58455.2384113782
7142.857142857142	60686.226835294634	21558.6221767978	56727.805680661724
6896.551724137931	59178.02613660188	21556.329600705965	55112.28022473815
6666.666666666666	57767.84181066252	21550.05449329924	53597.74900868097
6451.612903225807	56446.18522273546	21540.01539357371	52174.70232827368
6249.999999999999	55204.75458178158	21526.410175900844	50834.81674377913
5882.35294117647	52896.35809644195	21247.151427980225	48441.54473242464
5555.555555555556	50872.73667494305	21215.16433522659	46237.99453941991
5263.157894736842	49054.659506658456	21174.021181449294	44249.5248146433
5000.0	47410.99370276726	21122.18268617965	42445.91526231339
4761.9047619047615	45916.770300930555	21060.02796037932	40802.267304360175
4545.454545454545	44551.63592998365	20988.423472440383	39298.01959614916
4347.826086956522	43298.812141232534	20908.35574793701	37916.06246380886
4166.666666666666	42144.32729803979	20820.746164385168	36642.06397792764
4000.0	41076.45593777449	20726.468149145876	35463.90771573785
3846.1538461538457	40085.278312217684	20626.297091613636	34371.28751816609
3703.7037037037035	39162.34979243382	20520.956458844143	33355.3591987729
3571.428571428571	38300.43192630245	20411.08641648944	32408.49637116675
3448.2758620689656	37493.28784700514	20297.2840844415	31524.06846163516
3333.333333333333	36735.51123173594	20180.078482024473	30696.28996990239
3225.8064516129034	36022.39505396606	20059.96314875698	29920.073928627087
3124.9999999999995	35349.819222332546	19937.375782787367	29190.936366405163
2941.176470588235	34098.59814348417	19554.4823260766	27934.50583615146
2777.777777777778	32986.272068372295	19312.565940373563	26741.707906702617
2631.578947368421	31978.806365483295	19068.88220936763	25671.419669475577
2500.0	31060.649597414522	18822.576479372306	24707.78355279055
2380.9523809523807	30219.343341150674	18574.61857421038	23836.7836922884
2272.7272727272725	29444.723286815108	18326.316109937492	23046.428514539024
2173.913043478261	28728.39517850633	18078.921499111257	22326.515334046166
2083.333333333333	28063.355068265202	17833.495060929366	21668.372149271712
2000.0	27443.709685439233	17590.90567180036	21064.596814192602
1923.0769230769229	26864.462806794345	17351.851482984603	20508.84228839068
1851.8518518518517	26321.34851068312	17116.872886627487	19995.65077720346
1785.7142857142856	25810.703004157403	16886.39759916105	19520.29625010512
1724.1379310344828	25329.359161130713	16660.732560448698	19078.69036550363
1666.6666666666665	24874.566830927568	16440.117199290777	18667.260685485315
1612.9032258064517	24443.923076151972	16224.69711992472	18282.904001266907
1562.4999999999998	24035.32142153129	16014.582495512672	17922.885463304734
1470.5882352941176	23275.170110584615	15580.528423952872	17291.057738237072
1388.888888888889	22585.558593080375	15203.47694090995	16702.147941767435
1315.7894736842104	21954.56005499202	14846.951309509916	16173.14885918302
1250.0	21374.147275593707	14509.420107706655	15694.932299849135
1190.4761904761904	20837.782788386372	14189.805469603762	15259.836574183044
1136.3636363636363	20340.096584813335	13887.392902202144	14861.354159678742
1086.9565217391305	19876.59969426293	13601.212023815551	14494.352241103725
1041.6666666666665	19443.528695760768	13330.488877969268	14154.464822705593
1000.0	19037.674596375735	13074.200433531667	13838.292418551157
961.5384615384614	18656.303845239294	12831.55070315031	13542.857147528852
925.9259259259259	18297.04722024397	12601.54771936199	13265.855873500217
892.8571428571428	17957.860213660293	12383.44446269335	13005.193066339029
862.0689655172414	17636.946365657263	12176.334443951235	12759.261601445345
833.3333333333333	17332.73882574274	11979.553271001723	12526.537375852984
806.4516129032259	17043.84480211427	11792.299942817877	12305.864768360452
781.2499999999999	16769.038726992174	11614.001161407821	12096.100067797928
735.2941176470588	16257.443558470753	11278.91524969306	11708.567027911806
694.4444444444445	15790.617928487105	10976.351398455197	11351.798295472354
657.8947368421052	15362.269394943276	10697.808729445449	11025.253255640508
625.0	14967.494818176456	10441.335231629007	10724.011362959378
595.2380952380952	14602.17399464217	10204.108196535279	10445.078328246544
568.1818181818181	14262.895386249076	9984.316469908978	10185.460688048897
543.4782608695652	13946.737752695033	9779.701581881807	9943.28572011221
520.8333333333333	13651.245716875377	9588.9073362627	9716.448204929397
500.0	13374.28459258361	9410.224119511766	9503.639849235573
480.7692307692307	13114.037420919278	9242.662596357182	9303.287892308346
462.96296296296293	12868.90451182802	9084.924605112683	9114.430769607377
446.4285714285714	12637.509467120628	8936.279957582175	8935.857320440977
431.0344827586207	12418.627543163782	8795.727590585004	8766.84014956631
416.66666666666663	12211.19494648149	8662.717944292526	8606.427821030473
403.2258064516129	12014.256510644222	8536.466057745623	8454.058596231396
390.62499999999994	11826.975635182898	8416.550125594451	8308.973261394332
367.6470588235294	11478.66424075698	8192.098539783501	8040.4759975084835
347.22222222222223	11160.93058513527	7989.060132582116	7793.669849576317
328.9473684210526	10869.47779035934	7801.67034702525	7568.321295469815
312.5	10600.97426561149	7629.492672643701	7360.12886695832
297.6190476190476	10352.595845926535	7470.369630767424	7167.274121226503
284.09090909090907	10122.004669572805	7323.07969795675	6987.666439393579
271.7391304347826	9907.193535983115	7185.865004859671	6820.251307053043
260.41666666666663	9706.477236476941	7057.862279080308	6663.503612348413
250.0	9518.391523541166	6937.824197947547	6516.622790509959
240.38461538461536	9341.690170617641	6825.156559870156	6378.433442239218
231.48148148148147	9175.27851161007	6718.94264764382	6248.323412187189
223.2142857142857	9018.213340962307	6618.750213030594	6125.3830476646945
215.51724137931035	8869.658400343664	6523.881237865272	6009.144176421165
208.33333333333331	8728.88529605769	6434.009567934356	5898.894760161542
201.61290322580646	8595.243097940329	6348.591299480572	5794.272380968161
195.31249999999997	8468.159386426692	6267.374575750134	5694.711522207891
183.8235294117647	8231.985770155015	6115.921041458514	5510.090701130034
173.61111111111111	8016.471493028418	5977.299701557413	5341.88201632149
164.4736842105263	7818.755183727939	5849.063041323779	5188.583059149458
156.25	7636.568316069795	5731.336976899908	5046.67733298067
148.8095238095238	7468.005592829375	5622.470643923254	4915.173587245119
142.04545454545453	7311.4776282384855	5521.550000564398	4792.722681263664
135.8695652173913	7165.630337365779	5427.345554433507	4678.694087514983
130.20833333333331	7029.317041253165	5339.2990003329	4572.000027503965
125.0	6901.550563527271	5256.575427822795	4472.1152660159805
120.19230769230768	6781.482846279749	5178.797144472608	4378.192518698652
115.74074074074073	6668.376593368423	5105.349426143729	4289.831421857711
111.60714285714285	6561.590004778271	5035.954387903192	4206.379297420133
107.75862068965517	6460.560360187706	4970.142571704047	4127.532311752843
104.16666666666666	6364.792057528287	4907.703063154839	4052.780351743205
100.80645161290323	6273.847457267217	4848.269686685618	3981.889370917236
97.65624999999999	6187.337087794102	4791.678967937205	3914.454356129427
91.91176470588235	6026.597769356432	4687.335349913013	3787.9767674931395
86.80555555555556	5879.832328429636	4589.660158379897	3675.2479972141314
82.23684210526315	5745.0826552701255	4499.3401062569565	3572.3820238201392
78.125	5620.799316140767	4416.45413123388	3476.825830989483
74.4047619047619	5505.718296107572	4339.702744070507	3388.202185407563
71.02272727272727	5398.768687102086	4268.400361835805	3305.6711403153745
67.93478260869566	5299.046470761951	4201.714779380603	3228.8521818177583
65.10416666666666	5205.77414249308	4139.26543961563	3156.986861400152
62.5	5118.290895910296	4080.492118753077	3089.738785715104
60.09615384615384	5036.020559907619	4025.1342329434738	3026.515733743805
57.87037037037037	4958.469348253309	3972.777445799376	2967.062123332672
55.80357142857142	4885.200738998371	3923.228833125926	2910.9211228131235
53.87931034482759	4815.837798467606	3876.171498225505	2857.8992665056558
52.08333333333333	4750.043117599541	3831.458456627867	2807.638814767593
50.403225806451616	4687.523517956328	3788.842102217793	2759.9913506849116
48.82812499999999	4628.013607866181	3748.207994502872	2714.672500420502
45.955882352941174	4517.331621782987	3674.4367675841986	2627.698502908181
43.40277777777778	4416.298273986197	3603.4903107201844	2553.144732552233
41.118421052631575	4323.394509613019	3538.0447008318674	2484.74944021878
39.0625	4237.5663366113495	3477.9745632572885	2420.88029330593
37.20238095238095	4157.988554745367	3422.271233863332	2361.5521216490247
35.51136363636363	4083.941475290982	3370.4216082630173	2306.260209984038
33.96739130434783	4014.822001380946	3321.8561826584987	2254.7876184922634
32.55208333333333	3950.1009105729504	3276.2986702724324	2206.6182784705525
31.25	3889.3349523389093	3233.3649154876803	2161.5452099779113
30.04807692307692	3832.130472901778	3192.86372397839	2119.1614382687435
28.935185185185183	3778.1556065196723	3154.5105280861712	2079.308326167511
27.90178571428571	3727.111423385493	3118.163158049234	2041.6704146641941
26.939655172413794	3678.7442790239697	3083.6035758680373	2006.1277270765786
26.041666666666664	3632.8226646979324	3050.723016213769	1972.432404795295
25.201612903225808	3589.1491009515707	3019.350765310181	1940.4927788791929
24.414062499999996	3547.541174942302	2989.4017836470366	1910.1113485446137
22.977941176470587	3469.950679369998	2935.685790305519	1849.9477446291748
21.70138888888889	3399.256607126029	2882.8958970483404	1801.0709946783907
20.559210526315788	3334.0960876483173	2834.3604162485913	1755.732824912415
19.53125	3273.767159840499	2789.762098514662	1713.1196252863367
18.601190476190474	3217.7373146281684	2748.334208847195	1673.4672098463002
17.755681818181817	3165.5195617138547	2709.696799873396	1636.4771151314503
16.983695652173914	3116.708109173043	2673.4537937604173	1602.0344098717223
16.276041666666664	3070.938637178081	2639.3985539004575	1569.7895995901306
15.625	3027.910769508487	2607.2616577668896	1539.6201726543238
15.02403846153846	2987.3521454305574	2576.8986987976123	1511.2464845099646
14.467592592592592	2949.037177827904	2548.109841010896	1484.57283901956
13.950892857142856	2912.7584057146605	2520.787252374623	1459.3810874226817
13.469827586206897	2878.3430809672955	2494.777520210121	1435.5988354712965
13.020833333333332	2845.630118100379	2469.997882466765	1413.0538665067497
12.600806451612904	2814.484810674419	2446.3280177210577	1391.6910502083358
12.207031249999998	2784.779949364016	2423.7030263656907	1371.3726723125424
11.488970588235293	2729.1529022010227	2383.331457291941	1329.6641411555538
10.850694444444445	2678.632085794482	2343.18129015927	1297.910356109095
10.279605263157894	2631.910756972829	2306.3475964821027	1267.957016964896
9.765625	2588.5416948677125	2272.4119368304628	1239.6338553859496
9.300595238095237	2548.181507603566	2240.811021596759	1213.2579944856204
8.877840909090908	2510.4952545670994	2211.2679936972813	1188.646408001104
8.491847826086957	2475.205478901279	2183.5039193131784	1165.741307978275
8.138020833333332	2442.057294995699	2157.3625253471046	1144.3036162966864
7.8125	2410.843841091876	2132.6514957537165	1124.2622575671865
7.51201923076923	2381.3735483100577	2109.2604453117415	1105.4231544680747
7.233796296296296	2353.4905076837053	2087.046298188961	1087.729432797081
6.975446428571428	2327.0483403968865	2065.9261935660447	1071.028917108038
6.734913793103448	2301.927396168373	2045.7899606084172	1055.278718777327
6.510416666666666	2278.013706152924	2026.5738061561212	1040.3581371924151
6.300403225806452	2255.213798839998	2008.1911086364803	1026.2347439410346
6.103515624999999	2233.437460377525	1990.5917183679028	1012.8116805125859
5.744485294117647	2192.426340694127	1959.1953142564748	984.0157417261738
5.425347222222222	2155.310685085063	1927.8068787987363	963.8074430601366
5.139802631578947	2120.8385714887168	1899.0034523299512	944.3209911641421
4.8828125	2088.7424796921086	1872.35715010327	925.8098341060651
4.650297619047619	2058.7970375569994	1847.4628490502337	908.5847584197475
4.438920454545454	2030.7666825317838	1824.11880605854	892.5266944269586
4.2459239130434785	2004.4576507717597	1802.124349408864	877.609425089043
4.069010416666666	1979.6883141515848	1781.360243598536	863.6674728823057
3.90625	1956.3133096214447	1761.6859021999858	850.6612412657774
3.756009615384615	1934.1954289799153	1743.0162871452853	838.4546381486973
3.616898148148148	1913.2247249768704	1725.2462168504283	827.0153199948031
3.487723214285714	1893.2960393543017	1708.3115651645903	816.23617229304
3.367456896551724	1874.3248002802936	1692.1309602333397	806.0932144395947
3.255208333333333	1856.2288957817368	1676.6549425379785	796.501046576873
3.150201612903226	1838.9421253288313	1661.8192744498451	787.4419593696473
3.0517578124999996	1822.3993260569143	1647.5850335963323	778.8471356319338
2.8722426470588234	1791.023848158941	1622.162742631371	759.1801242740291
2.712673611111111	1762.6958851625493	1596.634604706606	746.8967282177392
2.5699013157894735	1736.2510420496121	1573.138985272564	734.7117897747193
2.44140625	1711.5383730455508	1551.2872947613698	723.0984245034434
2.3251488095238093	1688.4035926999127	1530.7848319787988	712.3233044240607
2.219460227272727	1666.6764142850934	1511.4824046452645	702.3042149823572
2.1229619565217392	1646.218010130541	1493.2301571898554	693.0349446722857
2.034505208333333	1626.8960938299294	1475.936601941548	684.3990408879307
1.953125	1608.6060184758442	1459.4950485838558	676.3782416931496
1.8780048076923075	1591.247370794183	1443.839923864325	668.8755260247307
1.808449074074074	1574.7407367947947	1428.8907634845132	661.8757996404291
1.743861607142857	1559.0089076037814	1414.5980521593267	655.3023155879844
1.683728448275862	1543.9906420348316	1400.8991187423144	649.1446385807543
1.6276041666666665	1529.6254498115386	1387.755826618119	643.3411088983922
1.575100806451613	1515.865283549258	1375.1183890014165	637.8847655337296
1.5258789062499998	1502.6619915295778	1362.9568607569827	632.7255775635342
1.4361213235294117	1477.4194806952958	1341.2579487704572	619.5122571814238
1.3563368055555556	1454.6132732263957	1319.257915466357	612.7465439525309
1.2849506578947367	1433.2047078395678	1298.9035047621305	605.7436915809815
1.220703125	1413.1074024258671	1279.8516107947241	599.0428908992506
1.1625744047619047	1394.2086101051757	1261.8764002638725	592.862209074332
1.1097301136363635	1376.3809492435194	1244.8655766439576	587.140710160178
1.0614809782608696	1359.521782557099	1228.7007243176565	581.8883117132513
1.0172526041666665	1343.5319761474316	1213.3120443188907	577.0199771596618
0.9765625	1328.3339194175294	1198.6138618163393	572.5345506926694
0.9390024038461537	1313.8520318087633	1184.5564106046468	568.3601600952085
0.904224537037037	1300.0272296406683	1171.074335609421	564.4959683506554
0.8719308035714285	1286.801186633781	1158.130233520749	560.8847084092081
0.841864224137931	1274.1281699467374	1145.6727453508393	557.5271778237303
0.8138020833333333	1261.9622979018045	1133.673363105032	554.37671948931
0.7875504032258065	1250.2676160640747	1122.0907600289024	551.435796839763
0.7629394531249999	1239.0074587545785	1110.9028061795302	548.6660533256303
0.7180606617647058	1217.3277124022457	1091.0834757603495	539.8366496498726
0.6781684027777778	1197.622612284167	1070.600639361264	536.7626965928283
0.6424753289473684	1179.025504517129	1051.5322265463635	533.2739603958908
0.6103515625	1161.4752478231003	1033.5642603400242	529.8770338989139
0.5812872023809523	1144.882470983001	1016.5071074531307	526.7534270049048
0.5548650568181818	1129.147787960997	1000.2765525557282	523.8525989860508
0.5307404891304348	1114.192140561442	984.7704629271362	521.2017473446939
0.5086263020833333	1099.938492108949	969.9379583782655	518.7340776543513
0.48828125	1086.3269453530356	955.7035210521819	516.4658866261343
0.46950120192307687	1073.2985434380587	942.0320895758034	514.3396791573678
0.4521122685185185	1060.8074995547624	928.8649128623442	512.3695197461077
0.43596540178571425	1048.808127235762	916.1763450839163	510.5089543430781
0.4209321120689655	1037.2648211459566	903.9192152429389	508.7714236290625
0.40690104166666663	1026.1414920791544	892.0746971847992	507.11842444253807
0.39377520161290325	1015.4099788903378	880.604121423617	505.5628611377777
0.38146972656249994	1005.0413310877484	869.493487165644	504.07256716782496
0.3590303308823529	985.0440244065277	850.160103750756	497.53344411156104
0.3390842013888889	966.639439864151	829.6239229300683	496.1007490449937
0.3212376644736842	949.2080740423285	810.4388550350155	494.1506147691002
0.30517578125	932.6876686371666	792.3021942859438	492.1011279782965
0.29064360119047616	917.0000143400767	775.0311713561504	490.11805692711874
0.2774325284090909	902.0636449702065	758.5673748877266	488.1540303355878
0.2653702445652174	887.813252265238	742.8075016172003	486.26061575968924
0.25431315104166663	874.1862588180016	727.7204668297752	484.3805706913399
0.244140625	861.1327975275298	713.2269249853155	482.55263801328516
0.23475060096153844	848.6048655031614	699.3079282290286	480.72719838975456
0.22605613425925924	836.5638555535744	685.8991492872046	478.93782626323303
0.21798270089285712	824.9723508614003	672.9885457141559	477.1433715596716
0.21046605603448276	813.7998573500706	660.5224763117345	475.37381723230123
0.20345052083333331	803.0166803208508	648.493672427146	473.59449500123316
0.19688760080645162	792.5982796289322	636.8566246585709	471.83225038061477
0.19073486328124997	782.5207238874425	625.6073788002064	470.05753999277783
0.17951516544117646	763.2540414934135	606.6322701164204	463.1997632873184
0.16954210069444445	745.2512452938178	585.9297585376235	460.5276719937993
0.1606188322368421	728.2316713138677	566.7035389712775	457.3493916274721
0.152587890625	712.1162708137475	548.65159817685	453.97247380834324
0.14532180059523808	696.8240438267477	531.5564236776903	450.5679932064027
0.13871626420454544	682.2829195130942	515.3864573770438	447.0869957979676
0.1326851222826087	668.4286551472615	500.00549097581	443.61174016927885
0.12715657552083331	655.2064385654273	485.4047850979442	440.0882544917663
0.1220703125	642.5658909082177	471.4743600070873	436.5808653784302
0.11737530048076922	630.4648353900374	458.2144183213679	433.0420943809013
0.11302806712962962	618.8629611843795	445.5323580788308	429.52564839671135
0.10899135044642856	607.7272226410219	433.4328004573809	425.9910616745877
0.10523302801724138	597.0247071193878	421.8363615724289	422.4838280530106
0.10172526041666666	586.7291185113893	410.75061769310014	418.96895896222264
0.09844380040322581	576.8131061209641	400.10639749936183	415.4855353354642
0.09536743164062499	567.255454720915	389.9130743478278	412.0030890214992
0.08975758272058823	549.3100680932622	373.4047568008018	402.8776967109974
0.08477105034722222	532.3835457035818	355.0602185057297	396.69192198806024
0.08030941611842105	516.5317539653074	338.33249324236436	390.3026734098581
0.0762939453125	501.65060528125355	322.927136115339	383.8898208332612
0.07266090029761904	487.636488401468	308.5465768104657	377.60873236600133
0.06935813210227272	474.42001946357647	295.1921796111015	371.3972697318432
0.06634256114130435	461.92165757631227	282.66242842397514	365.3403472045061
0.06357828776041666	450.0900026191563	270.977544074365	359.3774910385146
0.06103515625	438.8616997619005	259.9741153633311	353.5718468132862
0.05868765024038461	428.1978512045432	249.67770658247775	347.8713017940719
0.05651403356481481	418.0470207208992	239.95226771439502	342.3247299748285
0.05449567522321428	408.3792505128298	230.8247496949411	336.8880335923025
0.05261651400862069	399.15207578894837	222.18006239164566	331.599757964735
0.05086263020833333	390.342155988068	214.04555112934926	326.42227372400055
0.049221900201612906	381.9139697412164	206.3229131069582	321.38627196965547
0.04768371582031249	373.8491050948148	199.03878345147177	316.4596594549643
0.044878791360294115	358.9889489498673	187.71929566147105	305.9976004881274
0.04238552517361111	344.9871017691975	175.0422003952017	297.28156429203057
0.04015470805921052	332.05418856968333	163.76869761267196	288.85947765119295
0.03814697265625	320.07305807636465	153.67198675594713	280.76980427538126
0.03633045014880952	308.91509461378956	144.41055980036376	273.0826356588645
0.03467906605113636	298.51737079116356	136.02574531193318	265.7247020440556
0.033171280570652176	288.78458206895823	128.28325887818093	258.72754073027573
0.03178914388020833	279.67202036860346	121.23173867804056	252.03036427017247
0.030517578125	271.10540663947404	114.68830539792059	245.65165196698328
0.029343825120192304	263.05199355222106	108.6993432955944	239.54290655100655
0.028257016782407406	255.45279426831593	103.11889278736908	233.71483489457324
0.02724783761160714	248.28329219987532	97.98897849727757	228.12880852419482
0.026308257004310345	241.49593280889613	93.19146231524265	222.79056738287997
0.025431315104166664	235.07209096903927	88.76404949633793	217.6690870784548
0.024610950100806453	228.9729503871224	84.61008990124786	212.76687875674253
0.023841857910156247	223.18414831873926	80.76305580553374	208.05886877927904
0.022439395680147058	212.64432250367486	74.96638523589804	198.99158016788
0.021192762586805556	202.82852445798216	68.54181869923475	190.89638399719232
0.02007735402960526	193.87965938265393	62.95814568147832	183.37282845253725
0.019073486328125	185.69689877636395	58.108601840599604	176.3709970695007
0.01816522507440476	178.1593621965732	53.73430301584621	169.86283589323173
0.01733953302556818	171.215114965988	49.88175848632087	163.78774607133724
0.016585640285326088	164.77804415930697	46.37822784131116	158.1166146211901
0.015894571940104164	158.81149023448336	43.26540553958156	152.80443093704105
0.0152587890625	153.25120573905374	40.41680346123229	147.82562043992883
0.014671912560096152	148.07034665590996	37.8669238961792	143.14651107673674
0.014128508391203703	143.2200171207842	35.52113235310089	138.7451709445457
0.01362391880580357	138.68000133639984	33.40735185796518	134.59603119149529
0.013154128502155173	134.41248591507065	31.45373142046099	130.68044669956777
0.012715657552083332	130.40192411096106	29.68287519819869	126.97869400733735
0.012305475050403226	126.61865826524742	28.039508752781348	123.47497952943425
0.011920928955078123	123.05049203256506	26.54188858232132	120.15386693710693
0.011219697840073529	116.57228400845125	24.299661998893	114.01150742660398
0.010596381293402778	110.64618342762988	21.911846492989973	108.45482419131184
0.01003867701480263	105.29130728284767	19.861672250141293	103.40103173933525
0.0095367431640625	100.43661851177328	18.11840430988074	98.78885444898717
0.00908261253720238	96.0026983001305	16.57098007332336	94.5617295755286
0.00866976651278409	91.94704314830794	15.232363500659654	90.67653415245078
0.008292820142663044	88.21524516018835	14.033183741027283	87.09190107445527
0.007947285970052082	84.7768138645578	12.982795565460902	83.77681772621426
0.00762939453125	81.59300864363378	12.034915602935067	80.70055678835386
0.007335956280048076	78.64124968899766	11.19581194333726	77.84022062903408
0.007064254195601851	75.89328094558051	10.433875288053963	75.17263025302594
0.006811959402901785	73.33196226695334	9.753152654557393	72.68048364739167
0.006577064251077586	70.93625643915185	9.131660206433756	70.34603940148547
0.006357828776041666	68.69289304537763	8.571947278332427	68.15596287047215
0.006152737525201613	66.5859204905842	8.058472291571018	66.0964888016329
0.005960464477539062	64.60488831772594	7.59277433585928	64.1571615054045
0.005609848920036764	61.00199471974515	6.883645686766787	60.61236492537535
0.005298190646701389	57.75397418770277	6.169759151062549	57.423476092028054
0.005019338507401315	54.8335582320857	5.559779919396191	54.55096658758131
0.00476837158203125	52.19526345484923	5.040661179344057	51.9512970193832
0.00454130626860119	49.798218135794464	4.588054945799823	49.586412264999474
0.004334883256392045	47.61213296829444	4.196101939204294	47.426869328539446
0.004146410071331522	45.60935433547683	3.8506886944715686	45.44651141151923
0.003973642985026041	43.76850040583811	3.5474952450321577	43.624498911303554
0.003814697265625	42.070160741200006	3.2778574212011016	41.94227074821632
0.003667978140024038	40.49881765700503	3.038533871008622	40.38466965978645
0.0035321270978009257	39.04044139713984	2.8239986733103786	38.938170167287666
0.0034059797014508925	37.683506599283184	2.6318038066890024	37.59149210049152
0.003288532125538793	36.417616477176765	2.4583029637823475	36.334550174964264
0.003178914388020833	35.234039195567746	2.30163790474224	35.15878241620801
0.0030763687626008066	34.124902905830005	2.159326749533394	34.05651635621404
0.002980232238769531	33.083476370869434	2.029950491482482	33.021140346511444
0.002804924460018382	31.187214578124117	1.831389172322379	31.133396326797655
0.0026490953233506945	29.489954256142937	1.636617638090522	29.444505170508368
0.0025096692537006577	27.967862776580855	1.4712870831665226	27.929136445808066
0.002384185791015625	26.59520369706516	1.3299209814133566	26.561930838543812
0.002270653134300595	25.35095913896989	1.2079480390295776	25.32216402286198
0.0021674416281960225	24.217940424877693	1.1020655757240814	24.192852041248237
0.002073205035665761	23.18185552802219	1.0095025324557518	23.15986464466186
0.0019868214925130205	22.230786293968432	0.9281523102761781	22.21140230910745
0.0019073486328125	21.354674349665245	0.8562478782174918	21.337501169333276
0.001833989070012019	20.544999288430162	0.7923983967614601	20.529712626883157
0.0017660635489004629	19.794476924316136	0.7354313791332314	19.780810332083725
0.0017029898507254463	19.096855996658594	0.6844004845645091	19.08458815206247
0.0016442660627693966	18.446731995036647	0.6385018818158071	18.435678361362957
0.0015894571940104165	17.839415381040986	0.5970743636152964	17.82942072367005
0.0015381843813004033	17.270811960454957	0.5595515103338919	17.2617452153795
0.0014901161193847654	16.737335309958798	0.5254603841321962	16.729084991795016
0.001402462230009191	15.765365477413013	0.4731950576442201	15.758262438283833
0.0013245476616753472	14.898325600172987	0.4221444604788845	14.892343661870578
0.0012548346268503288	14.12168982357593	0.37893278804709635	14.116604882741134
0.0011920928955078125	13.422019258948122	0.34203602469051536	13.417660464678193
0.0011353265671502975	12.788411303221713	0.3102772290501765	12.78464671789963
0.0010837208140980113	12.211931460252424	0.2827469901229631	12.208657752983303
0.0010366025178328805	11.68518574627766	0.2587244887726716	11.682321154801384
0.0009934107462565103	11.202004389764706	0.23763947342561703	11.199483462596735
0.00095367431640625	10.757196945407538	0.2190305477952889	10.754966840554077
0.0009169945350060095	10.34636663872803	0.2025255190050748	10.344384275399676
0.0008830317744502314	9.96576324567394	0.18781798579472897	9.963993249347253
0.0008514949253627231	9.612169264097925	0.17465669720552113	9.610582344467485
0.0008221330313846983	9.282807901625594	0.16283173869951711	9.281379658399642
0.0007947285970052083	8.975270660324199	0.15216855711227667	8.973980619340715
0.0007690921906502017	8.687457778887348	0.14251944310034514	8.686288670559405
0.0007450580596923827	8.41753068046054	0.1337600822528537	8.416467845651773
0.0007012311150045955	7.925541461534698	0.12034249771289371	7.92462776045347
0.0006622738308376736	7.487430030655367	0.10725876867603647	7.486661740756151
0.0006274173134251644	7.095220928366526	0.09619869947034945	7.094568755925237
0.0005960464477539062	6.742059015440779	0.0867661653459401	6.741500678649928
0.0005676632835751488	6.422389155190447	0.07865621471705457	6.4219074783583
0.0005418604070490056	6.131662606008748	0.07163312272908576	6.131244164902753
0.0005183012589164402	5.866118471635337	0.06551062415878778	5.865752661115505
0.0004967053731282551	5.622620614718729	0.060141373473353854	5.622298959701161
0.000476837158203125	5.398532757569073	0.055406429089322216	5.398248425384099
0.00045849726750300476	5.191622981003794	0.051209878003441726	5.191370409177291
0.0004415158872251157	4.9999888310380225	0.047472904327498136	4.999763457790746
0.00042574746268136157	4.821998874960445	0.04413090775928499	4.8217969278164485
0.00041106651569234915	4.656245943488009	0.041129999590824785	4.6560642832098225
0.00039736429850260413	4.501510002801592	0.038425386779604054	4.501345998140293
0.00038454609532510083	4.3567279401187085	0.03597922020110829	4.356579373766158
0.00037252902984619135	4.2209692085502715	0.03375965215361177	4.220834200180809
0.0003506155575022978	3.973469648788169	0.03036134729628577	3.973353651316622
0.0003311369154188368	3.753270465869689	0.027050347780294574	3.753172986774609
0.0003137086567125822	3.556196680125997	0.02425333728113551	3.5561139750252506
0.0002980232238769531	3.3787869690242833	0.02186927035935877	3.37871619362477
0.0002838316417875744	3.218237915400865	0.019820551067908067	3.2181768792095737
0.0002709302035245028	3.072254886353788	0.018047151469666962	3.0722018792795107
0.0002591506294582201	2.9389415396963017	0.01650178530444992	2.9388952116117095
0.00024835268656412757	2.8167170548368983	0.015146985169591991	2.81667632784623
0.0002384185791015625	2.7042530884681626	0.013952614499292587	2.704217093917985
0.00022924863375150238	2.600425333678216	0.012894313468710632	2.6003933649960795
0.00022075794361255786	2.5042757702771055	0.011952144012738516	2.5042472481467337
0.00021287373134068078	2.4149830339641145	0.011109716243208077	2.414957479654562
0.00020553325784617457	2.3318388763673337	0.01035341521471752	2.3318158915599363
0.00019868214925130207	2.2542293493014522	0.009671886782137543	2.2542086003425066
0.00019227304766255041	2.1816196087099793	0.009055578009164185	2.181600814451352
0.00018626451492309568	2.113541576992464	0.008496422801849115	2.113524499142455
0.0001753077787511489	1.989414765017649	0.007640474273441294	1.9894000930991997
0.0001655684577094184	1.8790294641351684	0.006806604958350732	1.8790171359561996
0.0001568543283562911	1.7802502765235981	0.006102298874433854	1.780239817836573
0.00014901161193847656	1.691338147429966	0.005502025750576551	1.6913291981942693
0.0001419158208937872	1.610884937729339	0.004986239366027069	1.6108772206534678
0.0001354651017622514	1.5377382920578058	0.004539788714272343	1.537731590746346
0.00012957531472911006	1.470946078038716	0.004150767113934318	1.4709402216371155
0.00012417634328206378	1.409714713621636	0.00380972612689068	1.4097095657574892
0.00011920928955078125	1.353377479555999	0.00350907874152009	1.3533729303247255
0.00011462431687575119	1.3013701457993856	0.0032426864435122727	1.3013661058144028
0.00011037897180627893	1.2532120037641445	0.0030055299731314923	1.2532083997357035
0.00010643686567034039	1.2084909658294367	0.002793481654092771	1.2084877371953813
0.00010276662892308729	1.1668517402828786	0.0026031138795709094	1.1668488366533656
9.934107462565103e-5	1.1279863743843233	0.002431568560787852	1.1279837535492365
9.613652383127521e-5	1.091626622205487	0.002276440466737736	1.0916242485977317
9.313225746154784e-5	1.0575377465580666	0.002135699951420852	1.0575355900303456
8.765388937557444e-5	0.9953795994439767	0.001920254357630029	0.9953777471957335
8.27842288547092e-5	0.9401152277364231	0.0017103803753536794	0.940113671861482
7.842716417814555e-5	0.8906647947658224	0.0015331229623188854	0.8906634752639332
7.450580596923828e-5	0.8461566794019862	0.0013820610433054295	0.8461555507138556
7.09579104468936e-5	0.8058851971531837	0.0012522688742118218	0.8058842241992906
6.77325508811257e-5	0.7692729115947902	0.0011399367501566697	0.7692720669943316
6.478765736455503e-5	0.735842760906857	0.001042063043159579	0.7358420230481811
6.208817164103189e-5	0.7051971606661614	0.0009562722840901647	0.7051965122963489
5.9604644775390625e-5	0.6770021105357036	0.0008806511077244743	0.6770015377555826
5.7312158437875595e-5	0.6509749753958864	0.0008136563314860264	0.65097446689947
5.5189485903139464e-5	0.6268749735879033	0.0007540217179801972	0.626874520109155
5.3218432835170196e-5	0.6044957088961166	0.0007007096490272347	0.604495302777289
5.138331446154364e-5	0.5836592415989229	0.0006528551777148452	0.583658876471477
4.9670537312825516e-5	0.5642113497038473	0.0006097398632903773	0.564211020232622
4.8068261915637603e-5	0.5460177028278034	0.0005707566283947406	0.5460174045195103
4.656612873077392e-5	0.5289607569502346	0.0005353952977554974	0.5289604859961095
4.382694468778722e-5	0.4978579031519867	0.00048126782964348175	0.49785767053663954
4.13921144273546e-5	0.4702077414448571	0.0004285672438428288	0.4702075461376509
3.9213582089072776e-5	0.4454672829123286	0.0003840693842886101	0.4454671173453779
3.725290298461914e-5	0.423200190290666	0.00034616015384971935	0.4232000487183382
3.54789552234468e-5	0.40305321522780013	0.00031359718581336116	0.40305309323000166
3.386627544056285e-5	0.38473732270385624	0.00028542300066388175	0.3847372168312313
3.2393828682277515e-5	0.3680137316685528	0.00026088099617449517	0.36801363920066793
3.1044085820515946e-5	0.3526834501790238	0.00023937425326689852	0.3526833689446482
2.9802322387695312e-5	0.3385793172928901	0.000220420873630112	0.33857924554402036
2.8656079218937797e-5	0.32555988452007345	0.00020363313262920186	0.3255598208352358
2.7594742951569732e-5	0.3135046539434106	0.00018869241856605217	0.31350459715823753
2.6609216417585098e-5	0.3023103387547876	0.00017533805820431163	0.3023102879073085
2.569165723077182e-5	0.29188789556659855	0.0001633526336027994	0.29188784985712346
2.4835268656412758e-5	0.28216015157710606	0.00015255567088540058	0.2821601103359274
2.4034130957818802e-5	0.2730598897731695	0.00014279472831674048	0.27305985243642283
2.328306436538696e-5	0.26452829401850814	0.00013394165626968247	0.2645282601083956
2.191347234389361e-5	0.24897092603455842	0.00012039003612893237	0.24897089692722071
2.06960572136773e-5	0.23514135931801095	0.00010720008781407634	0.23514133488194522
1.9606791044536388e-5	0.2227673268129351	9.606491712131953e-5	0.22276730609968945
1.862645149230957e-5	0.21163052769717206	8.65792445869007e-5	0.21163050998714225
1.77394776117234e-5	0.20155423685063745	7.843229631900691e-5	0.20155422159016603
1.6933137720281426e-5	0.19239385732213646	7.138368716145583e-5	0.19239384407942944
1.6196914341138758e-5	0.18402993645486174	6.524433116903202e-5	0.18402992488928993
1.5522042910257973e-5	0.17636292823983665	5.9864386003616496e-5	0.17636291807969456
1.4901161193847656e-5	0.16930921227588364	5.512349519040002e-5	0.16930920330236188
1.4328039609468899e-5	0.16279803154692762	5.0924347263395186e-5	0.16279802358218387
1.3797371475784866e-5	0.15676911048751277	4.718739820241411e-5	0.15676910338582484
1.3304608208792549e-5	0.15117078351232238	4.384723877106654e-5	0.15117077715335425
1.284582861538591e-5	0.14595851064541926	4.084959888237622e-5	0.14595850492910387
1.2417634328206379e-5	0.14109369004337932	3.81492051282009e-5	0.14109368488594853
1.2017065478909401e-5	0.13654270030173687	3.5708007645365844e-5	0.13654269563264132
1.164153218269348e-5	0.13227612233583452	3.349386815234244e-5	0.132276118095314
1.0956736171946805e-5	0.12449595392243003	3.0104534709754642e-5	0.12449595028262088
1.034802860683865e-5	0.11758004983556301	2.6805906718235486e-5	0.11758004677995687
9.803395522268194e-6	0.11139208326777816	2.4021272543735426e-5	0.1113920806777308
9.313225746154785e-6	0.10582287088079195	2.1649120254374616e-5	0.10582286866631596
8.8697388058617e-6	0.10078402487070154	1.9611814866549554e-5	0.10078402296254553
8.466568860140713e-6	0.09620322698548431	1.784916790269257e-5	0.09620322532965213
8.098457170569379e-6	0.09202073533780528	1.6313931651120797e-5	0.09202073389169443
7.761021455128987e-6	0.08818676447073276	1.4968599774365511e-5	0.0881867632003665
7.450580596923828e-6	0.08465949417499495	1.3783091697479605e-5	0.08465949305300846
7.164019804734449e-6	0.08140353778788263	1.2733056034532019e-5	0.08140353679203699
6.898685737892433e-6	0.07838875085375627	1.1798608981480521e-5	0.078388749965828
6.6523041043962745e-6	0.07558929505991313	1.096338566365253e-5	0.07558929426485461
6.422914307692955e-6	0.07298289583216518	1.021381832048599e-5	0.07298289511746289
6.2088171641031895e-6	0.07055024840486454	9.538581619605863e-6	0.0705502477600437
6.0085327394547004e-6	0.06827453884020793	8.928162067841274e-6	0.06827453825644655
5.82076609134674e-6	0.0661410548527619	8.37452103309443e-6	0.06614105432258738
5.478368085973403e-6	0.062250599561315206	7.527029578432522e-6	0.062250599106249915
5.174014303419325e-6	0.058792367362791274	6.702229542295839e-6	0.05879236698076991
4.901697761134097e-6	0.05569814651110187	6.005957279739005e-6	0.05569814618728928
4.656612873077393e-6	0.05291333712618034	5.412826982898519e-6	0.052913336849324845
4.43486940293085e-6	0.0503937389825414	4.903425451314273e-6	0.05039373874398417
4.2332844300703565e-6	0.04810318801968801	4.462701617079223e-6	0.048103187812677764
4.049228585284689e-6	0.046011809398413706	4.078840924587797e-6	0.04601180921762378
3.880510727564493e-6	0.04409470728164121	3.742464629626906e-6	0.04409470712282349
3.725290298461914e-6	0.04233096905989871	3.4460510113470893e-6	0.042330968919631805
3.5820099023672247e-6	0.040702899365297564	3.183510957194326e-6	0.040702899240801005
3.4493428689462165e-6	0.03919542430057188	2.949872532744193e-6	0.03919542418956724
3.3261520521981373e-6	0.03779562333038984	2.7410437474826483e-6	0.03779562323099578
3.2114571538464777e-6	0.03649235802055385	2.553632036978617e-6	0.03649235793120588
3.1044085820515948e-6	0.03527597502775871	2.384805570354814e-6	0.03527597494714722
3.0042663697273502e-6	0.034138066573969894	2.2321855661079666e-6	0.03413806650099194
2.91038304567337e-6	0.03307127583094536	2.0937620343831214e-6	0.0330712757646667
2.7391840429867014e-6	0.031125955413470584	1.8818694887839682e-6	0.031125955356581844
2.5870071517096626e-6	0.029396769278514485	1.67565158710917e-6	0.0293967692307574
2.4508488805670485e-6	0.02784959946305265	1.5015692443191764e-6	0.02784959942257253
2.3283064365386963e-6	0.026457143974625126	1.353275138710531e-6	0.02645714394001531
2.217434701465425e-6	0.02519730111965101	1.2259153402969252e-6	0.025197301089828997
2.1166422150351783e-6	0.024051987634384	1.1157266171064545e-6	0.024051987608505767
2.0246142926423447e-6	0.02300626512538275	1.019754988474227e-6	0.02300626510278238
1.9402553637822466e-6	0.02204768489701026	9.356554976538582e-7	0.022047684877156675
1.862645149230957e-6	0.02116579001835371	8.61547515578087e-7	0.02116579000081919
1.7910049511836123e-6	0.0203517322963656	7.959086100073488e-7	0.02035173228080254
1.7246714344731083e-6	0.01959797436507175	7.374956706077347e-7	0.01959797435119532
1.6630760260990686e-6	0.018898055612077354	6.852856039049884e-7	0.018898055599652363
1.6057285769232388e-6	0.01824640653352161	6.384301928435056e-7	0.018246406522352474
1.5522042910257974e-6	0.017638200217640686	5.962214138529743e-7	0.017638200207563695
1.5021331848636751e-6	0.017069232573143592	5.58064524158566e-7	0.01706923256402086
1.455191522836685e-6	0.016535825014533583	5.234569809116252e-7	0.016535825006248322
1.3695920214933507e-6	0.015563141612774839	4.7048138424328926e-7	0.015563141605663397
1.2935035758548313e-6	0.014698531036758224	4.189246722007104e-7	0.014698531030788312
1.2254244402835243e-6	0.013924931281922688	3.754023023542104e-7	0.013924931276862451
1.1641532182693481e-6	0.013228690838953438	3.383273336750932e-7	0.013228690834627032
1.1087173507327124e-6	0.01259875846586688	3.0648620762182917e-7	0.01259875846213898
1.0583211075175891e-6	0.012026092222426189	2.7893805593174775e-7	0.012026092219191289
1.0123071463211724e-6	0.011503222668459283	2.549443424219696e-7	0.011503222665634135
9.701276818911233e-7	0.011023925261879246	2.3391879154225668e-7	0.011023925259397462
9.313225746154785e-7	0.010582971380690528	2.1539122424276697e-7	0.010582971378498639
8.955024755918062e-7	0.010175936801096295	1.9898101143453226e-7	0.010175936799150851
8.623357172365541e-7	0.009799052735777393	1.843773602390712e-7	0.009799052734042786
8.315380130495343e-7	0.00944908879235569	1.713244837703147e-7	0.00944908879080252
8.028642884616194e-7	0.009123260147212629	1.5961032156965497e-7	0.009123260145816447
7.761021455128987e-7	0.008819153284439189	1.4905785603344937e-7	0.00881915328317953
7.510665924318376e-7	0.008534666107822652	1.395183974834629e-7	0.008534666106682279
7.275957614183425e-7	0.008267959281771927	1.3086630445028313e-7	0.008267959280736243
6.847960107466753e-7	0.007781611782626812	1.1762209783552618e-7	0.00778161178173786
6.467517879274156e-7	0.007349302117531943	1.0473264000110797e-7	0.007349302116785686
6.127122201417621e-7	0.00696249852837539	9.385182440797095e-8	0.006962498527742846
5.820766091346741e-7	0.006614375132231594	8.458290215524043e-8	0.006614375131690782
5.543586753663562e-7	0.006299406209311994	7.66224734740558e-8	0.006299406208845997
5.291605537587946e-7	0.006013070712409023	6.973531423518673e-8	0.006013070712004653
5.061535731605862e-7	0.0057516338605744744	6.373678490550216e-8	0.005751633860221325
4.850638409455617e-7	0.005511983334199101	5.848031279845901e-8	0.005511983333888873
4.6566128730773926e-7	0.005291504783150188	5.3848349025583845e-8	0.005291504782876197
4.477512377959031e-7	0.005087986063712115	4.9745735496838444e-8	0.005087986063468931
4.3116785861827706e-7	0.004899542756142022	4.6094769908591265e-8	0.004899542755925193
4.1576900652476716e-7	0.004724559642706823	4.2831506654573725e-8	0.004724559642512674
4.014321442308097e-7	0.0045616442936742925	3.990292704036771e-8	0.004561644293499767
3.8805107275644935e-7	0.0044095899360841705	3.7264776966226045e-8	0.0044095899359267105
3.755332962159188e-7	0.0042673455091879545	3.4879882654777235e-8	0.004267345509045406
3.6379788070917124e-7	0.004133991334479664	3.2716833334288174e-8	0.004133991334350201
3.4239800537333767e-7	0.003890816135339422	2.9405743486879256e-8	0.0038908161352283017
3.233758939637078e-7	0.0036746602085263747	2.618334399404836e-8	0.0036746602084330917
3.0635611007088106e-7	0.003481257486018116	2.346311230578715e-8	0.0034812574859390474
2.9103830456733704e-7	0.0033071949942850704	2.114585907469887e-8	0.003307194994217468
2.771793376831781e-7	0.003149709848734162	1.9155733553755416e-8	0.003149709848675912
2.645802768793973e-7	0.003006541506489391	1.7433928511391575e-8	0.003006541506438844
2.530767865802931e-7	0.002875822561861315	1.5934283616531777e-8	0.002875822561817171
2.4253192047278083e-7	0.002755996842903908	1.4620155165620669e-8	0.002755996842865129
2.3283064365386963e-7	0.002645757164767179	1.3462155172465852e-8	0.00264575716473293
2.2387561889795154e-7	0.0025439974476389594	1.2436494193112737e-8	0.002543997447608561
2.1558392930913853e-7	0.0024497754751272756	1.1523746208319157e-8	0.002449775475100172
2.0788450326238358e-7	0.0023622836329793262	1.0707924889051121e-8	0.0023622836329550575
2.0071607211540486e-7	0.0022808257018485127	9.975775057089996e-9	0.002280825701826697
1.9402553637822467e-7	0.0022047982915031844	9.316233327140767e-9	0.002204798291483502
1.877666481079594e-7	0.0021336758684086412	8.720006130974478e-9	0.0021336758683908226
1.8189894035458562e-7	0.0020669985906342178	8.179240520304982e-9	0.002066998590618035
1.7119900268666884e-7	0.0019454106286719804	7.3514632560971834e-9	0.0019454106286580903
1.616879469818539e-7	0.0018373323916997932	6.545858924903575e-9	0.0018373323916881328
1.5317805503544053e-7	0.0017406307984637816	5.865797669164958e-9	0.0017406307984538978
1.4551915228366852e-7	0.0016535993541824158	5.286481410168052e-9	0.0016535993541739655
1.3858966884158905e-7	0.001574856610384559	4.788947769627962e-9	0.0015748566103772777
1.3229013843969864e-7	0.0015032722908141598	4.358494610567321e-9	0.0015032722908078415
1.2653839329014654e-7	0.0014379126888226796	3.983581890076703e-9	0.0014379126888171617
1.2126596023639041e-7	0.0013779997154017207	3.6550484346014626e-9	0.0013779997153968732
1.1641532182693481e-7	0.0013228797756804356	3.3655471863837193e-9	0.0013228797756761545
1.1193780944897577e-7	0.0012719998277642072	3.1091311333263686e-9	0.0012719998277604073
1.0779196465456927e-7	0.0012248887618268186	2.8809432628275066e-9	0.0012248887618234304
1.0394225163119179e-7	0.0011811427693953563	2.6769872787585567e-9	0.0011811427693923227
1.0035803605770243e-7	0.001140413739676386	2.493949130970555e-9	0.001140413739673659
9.701276818911234e-8	0.0011023999766162711	2.329063330812612e-9	0.0011023999766138109
9.38833240539797e-8	0.0010668387126573544	2.18000573349746e-9	0.001066838712655127
9.094947017729281e-8	0.0010335000261652533	2.0448143691562836e-9	0.0010335000261632303
8.559950134333442e-8	0.0009727059545860094	1.8378691725956022e-9	0.0009727059545842731
8.084397349092696e-8	0.0009186667677086182	1.6364675886571284e-9	0.0009186667677071606
7.658902751772027e-8	0.000870315913095199	1.4664518552409626e-9	0.0008703159130939636
7.275957614183426e-8	0.0008268001413509014	1.3216225114146081e-9	0.0008268001413498452
6.929483442079453e-8	0.0007874287266963912	1.1972387316812655e-9	0.000787428726695481
6.614506921984932e-8	0.0007516365297992372	1.0896252468374429e-9	0.0007516365297984474
6.326919664507327e-8	0.0007189566963841484	9.958968400316707e-10	0.0007189566963834586
6.063298011819521e-8	0.0006890001811881131	9.13763237915601e-10	0.0006890001811875071
5.820766091346741e-8	0.0006614401861643034	8.413878768875072e-10	0.0006614401861637682
5.5968904724487885e-8	0.0006360001898681484	7.77283708899653e-10	0.0006360001898676734
5.389598232728463e-8	0.0006124446369791144	7.202367282030746e-10	0.0006124446369786909
5.1971125815595895e-8	0.000590571622923978	6.692474974951467e-10	0.0005905716229235989
5.0179018028851214e-8	0.0005702070920261617	6.234880244954356e-10	0.0005702070920258209
4.850638409455617e-8	0.000551200196024192	5.822663697480892e-10	0.0005512001960238844
4.694166202698985e-8	0.0005334195509419163	5.450020634805567e-10	0.0005334195509416378
4.5474735088646405e-8	0.0005167501957945508	5.112040228484166e-10	0.0005167501957942979
4.279975067166721e-8	0.00048635313735544995	4.594677130624795e-10	0.00048635313735523295
4.042198674546348e-8	0.0004593335268189477	4.091172936208734e-10	0.0004593335268187655
3.829451375886013e-8	0.00043515808501338007	3.6661326288726336e-10	0.0004351580850132256
3.637978807091713e-8	0.0004134001867403175	3.3040585556615306e-10	0.00041340018674018545
3.464741721039726e-8	0.00039371446872419615	2.9930992066361917e-10	0.00039371446872408237
3.307253460992466e-8	0.00037581836099762257	2.724064941567214e-10	0.00037581836099752385
3.1634598322536636e-8	0.00035947843618525	2.489743725342006e-10	0.0003594784361851638
3.0316490059097604e-8	0.0003445001714658663	2.2844098734316484e-10	0.0003445001714657906
2.9103830456733704e-8	0.000330720167663157	2.1034711837455256e-10	0.0003307201676630901
2.7984452362243943e-8	0.00031800016393056983	1.943210372529284e-10	0.0003180001639305105
2.6947991163642316e-8	0.0003062223825059509	1.8005925363142948e-10	0.000306222382505898
2.5985562907797947e-8	0.0002952858710185761	1.6731202142735254e-10	0.00029528587101852874
2.5089509014425607e-8	0.00028510360156004184	1.5587204786465967e-10	0.0002851036015599992
2.4253192047278084e-8	0.00027560014994111847	1.4556669930516981e-10	0.00027560014994108004
2.3470831013494924e-8	0.0002667098241242399	1.3625055210370855e-10	0.0002667098241242051
2.2737367544323203e-8	0.0002583751435752687	1.2780110782983872e-10	0.00025837514357523707
2.1399875335833604e-8	0.00024317660869333034	1.1486698632199561e-10	0.0002431766086933032
2.021099337273174e-8	0.00022966679915061388	1.0227933935464383e-10	0.0002296667991505911
1.9147256879430066e-8	0.0002175790746231343	9.165336855928684e-11	0.000217579074623115
1.8189894035458565e-8	0.00020670012238637714	8.260150360502686e-11	0.00020670012238636063
1.732370860519863e-8	0.00019685726070609226	7.482750707990044e-11	0.00019685726070607803
1.653626730496233e-8	0.00018790920452331405	6.81016604156962e-11	0.0001879092045233017
1.5817299161268318e-8	0.0001797392400909166	6.224361205161956e-11	0.0001797392400909058
1.5158245029548802e-8	0.00017225010595087764	5.711025918587626e-11	0.00017225010595086818
1.4551915228366852e-8	0.00016536010247682258	5.25867855281474e-11	0.00016536010247681423
1.3992226181121971e-8	0.0001590000992144054	4.8580264570678166e-11	0.00015900009921439797
1.3473995581821158e-8	0.00015311120725708199	4.501484642070053e-11	0.00015311120725707537
1.2992781453898974e-8	0.00014764295039842106	4.182799822010769e-11	0.00014764295039841515
1.2544754507212804e-8	0.00014255181466676678	3.8968027082514595e-11	0.00014255181466676144
1.2126596023639042e-8	0.00013780008795281093	3.639168959547282e-11	0.00013780008795280613
1.1735415506747462e-8	0.00013335492422544685	3.406265814824174e-11	0.00013335492422544249
1.1368683772161601e-8	0.00012918758320712355	3.195027407725342e-11	0.0001291875832071196
1.0699937667916802e-8	0.0001215883143505637	2.8716748960443757e-11	0.00012158831435056031
1.010549668636587e-8	0.00011483340851059706	2.5569848038221213e-11	0.00011483340851059421
9.573628439715033e-9	0.00010878954534067545	2.2913346648439688e-11	0.00010878954534067304
9.094947017729282e-9	0.00010335006844724016	2.0650374554157706e-11	0.0001033500684472381
8.661854302599316e-9	9.842863693904444e-5	1.87068808440581e-11	9.842863693904266e-5
8.268133652481165e-9	9.395460826778005e-5	1.7025416195164123e-11	9.39546082677785e-5
7.908649580634159e-9	8.98696255450314e-5	1.556090678157058e-11	8.986962554503006e-5
7.579122514774401e-9	8.612505802992504e-5	1.4277565637024342e-11	8.612505802992386e-5
7.275957614183426e-9	8.268005589972536e-5	1.3146705598271085e-11	8.268005589972432e-5
6.996113090560986e-9	7.950005391948428e-5	1.2145069628291734e-11	7.950005391948336e-5
6.736997790910579e-9	7.655560762956217e-5	1.125370371329012e-11	7.655560762956135e-5
6.496390726949487e-9	7.382147892149969e-5	1.0457014255149917e-11	7.382147892149896e-5
6.272377253606402e-9	7.127591080506808e-5	9.742004406477119e-12	7.127591080506742e-5
6.063298011819521e-9	6.890004722196505e-5	9.097914331008482e-12	6.890004722196444e-5
5.867707753373731e-9	6.667746515355249e-5	8.515662092230603e-12	6.667746515355195e-5
5.684341886080801e-9	6.459379445843522e-5	7.987568888662975e-12	6.459379445843472e-5
5.349968833958401e-9	6.079415967625866e-5	7.179194536552204e-12	6.079415967625823e-5
5.052748343182935e-9	5.7416706489119065e-5	6.392459461593745e-12	5.7416706489118706e-5
4.786814219857517e-9	5.439477467761467e-5	5.7283368691234694e-12	5.439477467761436e-5
4.547473508864641e-9	5.167503603713469e-5	5.1625980380555866e-12	5.1675036037134434e-5
4.330927151299658e-9	4.921432011602198e-5	4.676721778667156e-12	4.921432011602176e-5
4.1340668262405825e-9	4.6977305635420944e-5	4.2563541810592076e-12	4.6977305635420754e-5
3.9543247903170795e-9	4.4934814147408365e-5	3.890225403978652e-12	4.4934814147408196e-5
3.7895612573872004e-9	4.306253027858421e-5	3.5693915105334e-12	4.306253027858406e-5
3.637978807091713e-9	4.1340029115189786e-5	3.2866750798641373e-12	4.134002911518966e-5
3.498056545280493e-9	3.975002803781226e-5	3.0362674950504203e-12	3.975002803781215e-5
3.3684988954552896e-9	3.827780481503838e-5	2.8134288333071166e-12	3.8277804815038276e-5
3.2481953634747434e-9	3.691074039131956e-5	2.6142508032648077e-12	3.6910740391319465e-5
3.136188626803201e-9	3.563795627045492e-5	2.4354983330494837e-12	3.563795627045484e-5
3.0316490059097605e-9	3.445002442237478e-5	2.2744828866421086e-12	3.44500244223747e-5
2.9338538766868654e-9	3.333873333698434e-5	2.1289169939387485e-12	3.3338733336984276e-5
2.8421709430404003e-9	3.229689794293603e-5	1.996892267283214e-12	3.2296897942935967e-5
2.6749844169792006e-9	3.0397080463372077e-5	1.7947965695145617e-12	3.0397080463372023e-5
2.5263741715914674e-9	2.870835380301583e-5	1.5981177021605353e-12	2.8708353803015785e-5
2.3934071099287583e-9	2.7197387840626592e-5	1.4320842475564656e-12	2.7197387840626555e-5
2.2737367544323206e-9	2.5837518471944695e-5	1.2906467246508578e-12	2.5837518471944665e-5
2.165463575649829e-9	2.4607160469635765e-5	1.1691804622460939e-12	2.4607160469635738e-5
2.0670334131202913e-9	2.348865319309341e-5	1.064089267086e-12	2.3488653193093387e-5
1.9771623951585398e-9	2.246740741742774e-5	9.725570724719145e-13	2.246740741742772e-5
1.8947806286936002e-9	2.1531265455197348e-5	8.923471885925266e-13	2.1531265455197328e-5
1.8189894035458565e-9	2.0670014848926688e-5	8.21668077666193e-13	2.067001484892667e-5
1.7490282726402464e-9	1.987501428842424e-5	7.590690051781663e-13	1.9875014288424223e-5
1.6842494477276448e-9	1.9138902657582942e-5	7.033565084043725e-13	1.913890265758293e-5
1.6240976817373717e-9	1.84553704283024e-5	6.535619986315138e-13	1.8455370428302387e-5
1.5680943134016004e-9	1.7818978352208442e-5	6.088760057095245e-13	1.7818978352208432e-5
1.5158245029548803e-9	1.7225012414034307e-5	5.686186023392214e-13	1.7225012414034297e-5
1.4669269383434327e-9	1.6669366858544393e-5	5.322306726774983e-13	1.6669366858544383e-5
1.4210854715202002e-9	1.6148449149897425e-5	4.992223628674334e-13	1.614844914989742e-5
1.3374922084896003e-9	1.5198540387997285e-5	4.487001986945015e-13	1.5198540387997278e-5
1.2631870857957337e-9	1.4354177041121238e-5	3.9952802906145806e-13	1.4354177041121233e-5
1.1967035549643792e-9	1.3598694045768296e-5	3.580217646264901e-13	1.3598694045768291e-5
1.1368683772161603e-9	1.2918759349317345e-5	3.226627371436457e-13	1.291875934931734e-5
1.0827317878249145e-9	1.2303580337723978e-5	2.922947673281863e-13	1.2303580337723975e-5
1.0335167065601456e-9	1.1744326690392057e-5	2.660212631121961e-13	1.1744326690392054e-5
9.885811975792699e-10	1.1233703794644853e-5	2.431399749850669e-13	1.1233703794644851e-5
9.473903143468001e-10	1.0765632806575265e-5	2.2308750549247395e-13	1.0765632806575264e-5
9.094947017729282e-10	1.0335007497296285e-5	2.0541666777635386e-13	1.0335007497296283e-5
8.745141363201232e-10	9.937507211591072e-6	1.8976619373192855e-13	9.93750721159107e-6
8.421247238638224e-10	9.569451391307888e-6	1.758405436896209e-13	9.569451391307886e-6
8.120488408686859e-10	9.227685272311855e-6	1.633901475250111e-13	9.227685272311854e-6
7.840471567008002e-10	8.909489230349087e-6	1.522182943940936e-13	8.909489230349085e-6
7.579122514774401e-10	8.61250625772936e-6	1.4215536021510667e-13	8.612506257729358e-6
7.334634691717164e-10	8.33468347678506e-6	1.3305766825772614e-13	8.334683476785058e-6
7.105427357601001e-10	8.074224619556163e-6	1.2480559165357027e-13	8.074224619556161e-6
6.687461042448001e-10	7.599270233076127e-6	1.1217435022168312e-13	7.599270233076126e-6
6.315935428978668e-10	7.1770885554642795e-6	9.9882533073181e-14	7.177088555464279e-6
5.983517774821896e-10	6.799347054247807e-6	8.950544328741667e-14	6.799347054247806e-6
5.684341886080801e-10	6.45937970299464e-6	8.06651570260242e-14	6.459379702994639e-6
5.413658939124572e-10	6.151790194588609e-6	7.307386785336234e-14	6.151790194588608e-6
5.167583532800728e-10	5.872163368657605e-6	6.650566827173949e-14	5.872163368657604e-6
4.942905987896349e-10	5.616851918804985e-6	6.078464119547401e-14	5.616851918804984e-6
4.736951571734001e-10	5.382816423031689e-6	5.5771875547264417e-14	5.382816423031689e-6
4.547473508864641e-10	5.167503766856381e-6	5.135399058113422e-14	5.167503766856381e-6
4.372570681600616e-10	4.968753622640656e-6	4.744243192553373e-14	4.968753622640656e-6
4.210623619319112e-10	4.784725711282619e-6	4.3959251745728766e-14	4.784725711282619e-6
4.0602442043434293e-10	4.613842650696138e-6	4.084753715123919e-14	4.613842650696138e-6
3.920235783504001e-10	4.454744628736045e-6	3.8055281589023456e-14	4.454744628736045e-6
3.7895612573872006e-10	4.306253141542494e-6	3.5538308654011376e-14	4.306253141542494e-6
3.667317345858582e-10	4.167341750270699e-6	3.3264240085036494e-14	4.167341750270699e-6
3.5527136788005004e-10	4.037112320929992e-6	3.120157516593716e-14	4.037112320929992e-6
3.3437305212240007e-10	3.7996351263076247e-6	2.80439370308872e-14	3.7996351263076247e-6
3.157967714489334e-10	3.5885442864579136e-6	2.4970370090895516e-14	3.5885442864579136e-6
2.991758887410948e-10	3.399673534964818e-6	2.2376360222668212e-14	3.399673534964818e-6
2.842170943040401e-10	3.2296898585814543e-6	2.016655294680954e-14	3.2296898585814543e-6
2.706829469562286e-10	3.075895103725913e-6	1.8268378990528765e-14	3.075895103725913e-6
2.583791766400364e-10	2.936081690194079e-6	1.662615282892467e-14	2.936081690194079e-6
2.4714529939481747e-10	2.8084259647732033e-6	1.5196248652722706e-14	2.8084259647732033e-6
2.3684757858670003e-10	2.6914082164519293e-6	1.3943233737202972e-14	2.6914082164519293e-6
2.2737367544323206e-10	2.5837518879802507e-6	1.283840939594929e-14	2.5837518879802507e-6
2.186285340800308e-10	2.4843768155314426e-6	1.1860431276138574e-14	2.4843768155314426e-6
2.105311809659556e-10	2.3923628595485743e-6	1.0989724846555854e-14	2.3923628595485743e-6
2.0301221021717146e-10	2.3069213289831704e-6	1.0212061353254961e-14	2.3069213289831704e-6
1.9601178917520005e-10	2.2273723177582557e-6	9.513643421719984e-15	2.2273723177582557e-6
1.8947806286936003e-10	2.1531265739408443e-6	8.88484306061978e-15	2.1531265739408443e-6
1.833658672929291e-10	2.0836708781049394e-6	8.316148929137334e-15	2.0836708781049394e-6
1.7763568394002502e-10	2.0185561632529265e-6	7.800305342680877e-15	2.0185561632529265e-6
1.6718652606120003e-10	1.8998175655961315e-6	7.0108970031420986e-15	1.8998175655961315e-6
1.578983857244667e-10	1.7942721454104592e-6	6.242680434310605e-15	1.7942721454104592e-6
1.495879443705474e-10	1.6998367694426493e-6	5.594134085872137e-15	1.6998367694426493e-6
1.4210854715202004e-10	1.6148449310616774e-6	5.041462414261639e-15	1.6148449310616774e-6
1.353414734781143e-10	1.5379475534708819e-6	4.567138852084597e-15	1.5379475534708819e-6
1.291895883200182e-10	1.4680408465634053e-6	4.156582262352973e-15	1.4680408465634053e-6
1.2357264969740873e-10	1.4042129837292554e-6	3.79901824629849e-15	1.4042129837292554e-6
1.1842378929335001e-10	1.3457041094599381e-6	3.485764255359514e-15	1.3457041094599381e-6
1.1368683772161603e-10	1.2918759451281397e-6	3.2095582158380448e-15	1.2918759451281397e-6
1.093142670400154e-10	1.2421884088185706e-6	2.9652846609901505e-15	1.2421884088185706e-6
1.052655904829778e-10	1.196181430751115e-6	2.7474311177022532e-15	1.196181430751115e-6
1.0150610510858573e-10	1.1534606654003126e-6	2.5529268862771414e-15	1.1534606654003126e-6
9.800589458760003e-11	1.1136861597267336e-6	2.3784994204421632e-15	1.1136861597267336e-6
9.473903143468002e-11	1.0765632877627376e-6	2.2210335478305914e-15	1.0765632877627376e-6
9.168293364646455e-11	1.0418354397948668e-6	2.079081681779053e-15	1.0418354397948668e-6
8.881784197001251e-11	1.0092780823234452e-6	1.9500318831236418e-15	1.0092780823234452e-6
8.359326303060002e-11	9.499087834086746e-7	1.7527898777742422e-15	9.499087834086746e-7
7.894919286223336e-11	8.971360732505756e-7	1.5606043995989798e-15	8.971360732505756e-7
7.47939721852737e-11	8.499183852113849e-7	1.3985556285113412e-15	8.499183852113849e-7
7.105427357601002e-11	8.074224659736239e-7	1.2604533883980757e-15	8.074224659736239e-7
6.767073673905715e-11	7.689737771374164e-7	1.1417846517878013e-15	7.689737771374164e-7
6.45947941600091e-11	7.340204236482706e-7	1.0390795795437187e-15	7.340204236482706e-7
6.178632484870437e-11	7.021064922002969e-7	9.49754583524501e-16	7.021064922002969e-7
5.921189464667501e-11	6.728520550384864e-7	8.715072704433552e-16	6.728520550384864e-7
5.6843418860808015e-11	6.459379728485855e-7	8.024116618535516e-16	6.459379728485855e-7
5.46571335200077e-11	6.210942046724384e-7	7.4118865247393265e-16	6.210942046724384e-7
5.26327952414889e-11	5.980907156197764e-7	6.869020213552229e-16	5.980907156197764e-7
5.0753052554292866e-11	5.767303329273561e-7	6.382539578635102e-16	5.767303329273561e-7
4.9002947293800014e-11	5.568430800752384e-7	5.945585373782672e-16	5.568430800752384e-7
4.736951571734001e-11	5.382816440795073e-7	5.553912529398079e-16	5.382816440795073e-7
4.584146682323227e-11	5.209177200830089e-7	5.19703870237572e-16	5.209177200830089e-7
4.4408920985006255e-11	5.046390413359743e-7	4.875079863993614e-16	5.046390413359743e-7
4.179663151530001e-11	4.7495439185697213e-7	4.3816468573591483e-16	4.7495439185697213e-7
3.947459643111668e-11	4.485680367616509e-7	3.902168013449816e-16	4.485680367616509e-7
3.739698609263685e-11	4.2495919272818977e-7	3.495840971396339e-16	4.2495919272818977e-7
3.552713678800501e-11	4.0371123309749337e-7	3.1510242323404877e-16	4.0371123309749337e-7
3.383536836952858e-11	3.8448688866920496e-7	2.854572306275644e-16	3.8448688866920496e-7
3.229739708000455e-11	3.67010211915795e-7	2.5980295145176307e-16	3.67010211915795e-7
3.0893162424352184e-11	3.5105324618405987e-7	2.374165969831276e-16	3.5105324618405987e-7
2.9605947323337503e-11	3.364260275963635e-7	2.1787682796086004e-16	3.364260275963635e-7
2.8421709430404007e-11	3.2296898649541264e-7	2.0058080177440397e-16	3.2296898649541264e-7
2.732856676000385e-11	3.1054710240204303e-7	1.8536340423949305e-16	3.1054710240204303e-7
2.631639762074445e-11	2.99045357870931e-7	1.7170336965980038e-16	2.99045357870931e-7
2.5376526277146433e-11	2.8836516652046307e-7	1.595191896147397e-16	2.8836516652046307e-7
2.4501473646900007e-11	2.78421540090608e-7	1.4868390744968127e-16	2.78421540090608e-7
2.3684757858670004e-11	2.691408220892585e-7	1.3880356828196116e-16	2.691408220892585e-7
2.2920733411616136e-11	2.604588600879074e-7	1.299260044735355e-16	2.604588600879074e-7
2.2204460492503128e-11	2.5231952071155016e-7	1.2187697633284563e-16	2.5231952071155016e-7
2.0898315757650004e-11	2.3747719596665504e-7	1.0956303552697724e-16	2.3747719596665504e-7
1.973729821555834e-11	2.2428401841490147e-7	9.753229475303032e-17	2.2428401841490147e-7
1.8698493046318424e-11	2.1247959639473244e-7	8.741794588868436e-17	2.1247959639473244e-7
1.7763568394002505e-11	2.018556165764185e-7	7.877561199935719e-17	2.018556165764185e-7
1.691768418476429e-11	1.922434443597282e-7	7.137532669984648e-17	1.922434443597282e-7
1.6148698540002275e-11	1.835051059807991e-7	6.491769822475645e-17	1.835051059807991e-7
1.5446581212176092e-11	1.7552662311301372e-7	5.936520396553058e-17	1.7552662311301372e-7
1.4802973661668752e-11	1.682130138174589e-7	5.445817498740136e-17	1.682130138174589e-7
1.4210854715202004e-11	1.614844932654923e-7	5.015626720377762e-17	1.614844932654923e-7
1.3664283380001925e-11	1.552735512174656e-7	4.632984020810222e-17	1.552735512174656e-7
1.3158198810372225e-11	1.4952267895073213e-7	4.293691943198703e-17	1.4952267895073213e-7
1.2688263138573216e-11	1.4418258327443667e-7	3.9890878999732564e-17	1.4418258327443667e-7
1.2250736823450003e-11	1.3921077005853922e-7	3.714884885174058e-17	1.3921077005853922e-7
1.1842378929335002e-11	1.3457041105701432e-7	3.4711952028204905e-17	1.3457041105701432e-7
1.1460366705808068e-11	1.302294300555573e-7	3.249259467909419e-17	1.302294300555573e-7
1.1102230246251564e-11	1.261597603666657e-7	3.0469261954917374e-17	1.261597603666657e-7
1.0449157878825002e-11	1.1873859799286384e-7	2.7379834116889318e-17	1.1873859799286384e-7
9.86864910777917e-12	1.121420092159756e-7	2.4394033355847983e-17	1.121420092159756e-7
9.349246523159212e-12	1.062397982050197e-7	2.184352038848202e-17	1.062397982050197e-7
8.881784197001252e-12	1.0092780829512868e-7	1.9699396657665526e-17	1.0092780829512868e-7
8.458842092382144e-12	9.612172218614403e-8	1.7843823947351486e-17	9.612172218614403e-8
8.074349270001138e-12	9.175255299613088e-8	1.6234928119347486e-17	9.175255299613088e-8
7.723290606088046e-12	8.776331156175136e-8	1.4841293935561066e-17	8.776331156175136e-8
7.401486830834376e-12	8.410650691354872e-8	1.3609027743102236e-17	8.410650691354872e-8
7.105427357601002e-12	8.074224663719112e-8	1.253906030946292e-17	8.074224663719112e-8
6.8321416900009626e-12	7.763677561284382e-8	1.1576928766058465e-17	7.763677561284382e-8
6.5790994051861124e-12	7.476133947918422e-8	1.0745279681765625e-17	7.476133947918422e-8
6.344131569286608e-12	7.209129164076668e-8	9.96719137242409e-18	7.209129164076668e-8
6.125368411725002e-12	6.960538503258439e-8	9.2982804825854e-18	6.960538503258439e-8
5.921189464667501e-12	6.728520553159749e-8	8.661368964936574e-18	6.728520553159749e-8
5.730183352904034e-12	6.51147150306781e-8	8.123150663698442e-18	6.51147150306781e-8
5.551115123125782e-12	6.307988018605555e-8	7.617324423595999e-18	6.307988018605555e-8
5.224578939412501e-12	5.936929899881969e-8	6.8531533532823266e-18	5.936929899881969e-8
4.934324553889585e-12	5.60710046101161e-8	6.093025714551635e-18	5.60710046101161e-8
4.674623261579606e-12	5.3119899104424716e-8	5.460881723645219e-18	5.3119899104424716e-8
4.440892098500626e-12	5.046390414929347e-8	4.924850709596597e-18	5.046390414929347e-8
4.229421046191072e-12	4.806086109464127e-8	4.458204171455178e-18	4.806086109464127e-8
4.037174635000569e-12	4.587627649949828e-8	4.061483811036022e-18	4.587627649949828e-8
3.861645303044023e-12	4.388165578218606e-8	3.70757223649894e-18	4.388165578218606e-8
3.700743415417188e-12	4.205325345797994e-8	3.40225822338265e-18	4.205325345797994e-8
3.552713678800501e-12	4.037112331970831e-8	3.140283772485032e-18	4.037112331970831e-8
3.4160708450004813e-12	3.881838780745043e-8	2.8942290703548677e-18	3.881838780745043e-8
3.2895497025930562e-12	3.738066974054369e-8	2.680793147717177e-18	3.738066974054369e-8
3.172065784643304e-12	3.604564582127192e-8	2.494560237456118e-18	3.604564582127192e-8
3.062684205862501e-12	3.480269251711942e-8	2.3245711862267524e-18	3.480269251711942e-8
2.9605947323337505e-12	3.364260276657508e-8	2.1708898639334208e-18	3.364260276657508e-8
2.865091676452017e-12	3.255735751606318e-8	2.028019884671527e-18	3.255735751606318e-8
2.775557561562891e-12	3.1539940093709204e-8	1.907105367893147e-18	3.1539940093709204e-8
2.6122894697062505e-12	2.9684649500004953e-8	1.7105604422491893e-18	2.9684649500004953e-8
2.4671622769447924e-12	2.803550230559123e-8	1.5246299286199292e-18	2.803550230559123e-8
2.337311630789803e-12	2.655994955269034e-8	1.3624759608731072e-18	2.655994955269034e-8
2.220446049250313e-12	2.5231952075079388e-8	1.232588892848759e-18	2.5231952075079388e-8
2.114710523095536e-12	2.4030430547713688e-8	1.1159257541719861e-18	2.4030430547713688e-8
2.0185873175002844e-12	2.2938138250106983e-8	1.0153691084078624e-18	2.2938138250106983e-8
1.9308226515220115e-12	2.1940827891421364e-8	9.282724622991504e-19	2.1940827891421364e-8
1.850371707708594e-12	2.1026626729290984e-8	8.491855547257264e-19	2.1026626729290984e-8
1.7763568394002505e-12	2.0185561660131225e-8	7.836910758569048e-19	2.0185561660131225e-8
1.7080354225002406e-12	1.9409193903982335e-8	7.235621715402743e-19	1.9409193903982335e-8
1.6447748512965281e-12	1.869033487051085e-8	6.715808384757395e-19	1.869033487051085e-8
1.586032892321652e-12	1.8022822910857358e-8	6.222599658069584e-19	1.8022822910857358e-8
1.5313421029312504e-12	1.740134625876651e-8	5.811433293261695e-19	1.740134625876651e-8
1.4802973661668753e-12	1.6821301383480868e-8	5.427192459141952e-19	1.6821301383480868e-8
1.4325458382260085e-12	1.6278678758212986e-8	5.070054695643274e-19	1.6278678758212986e-8
1.3877787807814455e-12	1.576997004702458e-8	4.767733231577407e-19	1.576997004702458e-8
1.3061447348531253e-12	1.4842324750151986e-8	4.2900661527883113e-19	1.4842324750151986e-8
1.2335811384723962e-12	1.401775115292817e-8	3.7910517404043197e-19	1.401775115292817e-8
1.1686558153949015e-12	1.3279974776465584e-8	3.4267762203668335e-19	1.3279974776465584e-8
1.1102230246251565e-12	1.2615976037647116e-8	3.0608584573822345e-19	1.2615976037647116e-8
1.057355261547768e-12	1.2015215273954921e-8	2.789818064051469e-19	1.2015215273954921e-8
1.0092936587501422e-12	1.1469069125143135e-8	2.5453022237206207e-19	1.1469069125143135e-8
9.654113257610057e-13	1.0970413945792394e-8	2.3137908574035475e-19	1.0970413945792394e-8
9.25185853854297e-13	1.0513313364720936e-8	2.1229787777260028e-19	1.0513313364720936e-8
8.881784197001252e-13	1.0092780830135438e-8	1.9730244272383486e-19	1.0092780830135438e-8
8.540177112501203e-13	9.70459695205545e-9	1.8088976257715854e-19	9.70459695205545e-9
8.223874256482641e-13	9.345167435314804e-9	1.6720554359953471e-19	9.345167435314804e-9
7.93016446160826e-13	9.0114114554844e-9	1.562555900248816e-19	9.0114114554844e-9
7.656710514656252e-13	8.700673129434954e-9	1.452860987136931e-19	8.700673129434954e-9
7.401486830834376e-13	8.410650691788766e-9	1.356810027510447e-19	8.410650691788766e-9
7.162729191130043e-13	8.139339379152028e-9	1.2744381110716119e-19	8.139339379152028e-9
6.938893903907227e-13	7.88498502355441e-9	1.1780779944686502e-19	7.88498502355441e-9
