# z G G_prime G_double_prime
1.5999999999999998e6	9.606446073392661e6	9078.179833013519	9.606441783910014e6
1.0666666666666665e6	6.41175754235743e6	17259.63792462984	6.411734311937457e6
799999.9999999999	4.814404690307235e6	20084.833894606967	4.814362794960485e6
640000.0	3.856017951048121e6	21481.50986529473	3.855958114857999e6
533333.3333333333	3.217108032212024e6	22306.286427284587	3.2170306993420105e6
457142.8571428571	2.760751954162459e6	22848.93624090076	2.76065739970111e6
399999.99999999994	2.418489658732842e6	23233.059287250817	2.4183780627424354e6
355555.55555555556	2.152288572637571e6	23519.755221851152	2.152160059340517e6
320000.0	1.9393295713376151e6	23742.512304361568	1.939184230385039e6
290909.0909090909	1.765091622930334e6	23921.147319615084	1.764929521553128e6
266666.6666666666	1.6198941702330422e6	24068.103143687582	1.6197153605390242e6
246153.84615384613	1.4970353668557354e6	24191.570794158542	1.4968398904089234e6
228571.42857142855	1.3917282277725067e6	24297.15449402787	1.3915161185779688e6
213333.3333333333	1.300462328066155e6	24388.81372314251	1.3002336145802499e6
199999.99999999997	1.2206048693231405e6	24469.42287420246	1.2203595758462194e6
188235.29411764705	1.150716849462501e6	26455.489011201575	1.1504126975733892e6
177777.77777777778	1.088265337723898e6	26916.101261616037	1.087932428409129e6
168421.05263157893	1.0322806935942046e6	26926.752148201092	1.0319294454496787e6
160000.0	981858.0711010196	26817.73245178935	981491.7630894103
152380.95238095237	936223.9340790444	26688.473939094834	935843.4591860143
145454.54545454544	894732.2632189863	26567.11080384342	894337.7502199635
139130.4347826087	856845.1585703241	26460.05849867827	856436.5073195153
133333.3333333333	822112.9853809295	26367.390969567557	821690.0397506364
128000.0	790157.5827978491	26287.56111720831	789720.18448527
123076.92307692306	760658.7997764221	26218.804620688836	760206.8034170499
118518.51851851851	733343.8460249626	26159.520051241267	732877.1220425514
114285.71428571428	707978.8672714573	26108.340936740413	707497.3010807226
110344.8275862069	684362.2445350186	26064.121575175097	683865.7348570136
106666.66666666666	662319.2270462004	26025.903883586452	661807.6841818314
103225.80645161291	641697.6015922116	25992.88452533719	641170.9458820239
99999.99999999999	622364.1728918586	25964.386899625817	621822.3333978073
94117.64705882352	587013.5370937469	25550.75180931265	586457.2037355247
88888.88888888889	555677.4033476228	25536.324995201136	555090.328412319
84210.52631578947	527638.4653863371	25530.066216667587	527020.4605840474
80000.0	502402.2427268048	25529.856609175935	501753.1663262707
76190.47619047618	479568.45546943997	25534.275170624474	478888.19600492873
72727.27272727272	458809.59310299304	25542.296427072717	458098.06135429733
69565.21739130435	439855.09089378774	25553.150603208345	439112.21513348044
66666.66666666666	422479.4664605755	25566.24563070243	421705.1892793864
64000.0	406493.30503600463	25581.11985094761	405687.58096134244
61538.46153846153	391736.32475315797	25597.408723253946	390899.11844076385
59259.259259259255	378071.9831249712	25614.82240501568	377203.26787715935
57142.85714285714	365383.2387315003	25633.128131044723	364482.9953346767
55172.41379310345	353569.1899260608	25652.138247059913	352637.4056567519
53333.33333333333	342542.3853497758	25671.700025224753	341579.05319110124
51612.903225806454	332226.65516879986	25691.688983885284	331231.77311635425
49999.99999999999	322555.34858563263	25712.002664318283	321528.9191040039
47058.82352941176	304826.56990997185	25374.677412006906	303768.6018490317
44444.444444444445	289153.6714556292	25436.509987190282	288032.6885545138
42105.26315789473	275129.86910973536	25497.262400931613	273945.8605023959
40000.0	262507.6911036115	25556.271476270605	261260.72203218812
38095.23809523809	251086.88053966637	25613.399918722695	249777.05123518506
36363.63636363636	240703.61200033248	25668.67191965939	239331.0429340237
34782.608695652176	231222.55642849352	25722.1614764244	229787.38218254852
33333.33333333333	222530.93897589203	25773.95196477963	221033.305638787
32000.0	214534.02770245032	25824.127234444273	212974.09113508373
30769.230769230766	207151.6630027315	25872.764812839046	205529.58795690892
29629.629629629628	200315.55982254434	25919.937775855535	198631.51898103964
28571.42857142857	193967.18679324552	25965.71194483757	192221.36030026298
27586.206896551725	188056.0853284692	26010.148855768697	186248.66009066816
26666.666666666664	182538.5237471744	26053.30362121735	180669.69314807176
25806.451612903227	177376.41294835348	26095.2278562451	175446.37629075008
24999.999999999996	172536.4243332754	26135.96773312164	170545.38666397662
23529.41176470588	163625.05168074882	25834.908998099258	161572.63077200807
22222.222222222223	155781.69194557372	25929.027066164173	153608.66219334037
21052.631578947367	148762.5280742321	26018.82002772445	146469.48748255242
20000.0	142443.65110442304	26103.414247999233	140031.4446992387
19047.619047619046	136724.90575576064	26182.844622907043	134194.4801449536
18181.81818181818	131524.39405175138	26257.37679789743	128876.74885088316
17391.304347826088	126774.47870005679	26327.320449972827	124010.64731544463
16666.666666666664	122418.79979619643	26392.960092540336	119539.84357148371
16000.0	118410.01873019982	26454.555342459265	115417.02230312058
15384.615384615383	114708.08002999646	26512.32977196514	111602.15049106645
14814.814814814814	111278.86456070033	26566.48601201247	108061.12862122177
14285.714285714284	108093.12728402493	26617.198993136924	104764.73110641846
13793.103448275862	105125.65888080919	26664.629917923336	101687.76556923868
13333.333333333332	102354.61122490211	26708.919286264165	98808.40080459091
12903.225806451614	99760.9570705912	26750.198940874412	96107.62411101413
12499.999999999998	97328.04755504099	26788.584859992538	93568.80122174966
11764.70588235294	92820.54545164741	26499.029089529296	88957.60290865319
11111.111111111111	88873.07097641389	26578.016647786848	84805.84753334327
10526.315789473683	85336.87305943103	26648.483292118086	81069.35451692673
10000.0	82149.80242054335	26708.725510295568	77686.76862471495
9523.809523809523	79261.79505200635	26758.76531600023	74608.3147754289
9090.90909090909	76631.96890346272	26799.078199791184	71793.23133598846
8695.652173913044	74226.58820710242	26830.26533661323	69207.82657209868
8333.333333333332	72017.55103415233	26852.89452107678	66824.02047764458
8000.0	69981.2643400093	26867.516236144063	64618.216703394035
7692.3076923076915	68097.76812274288	26874.61815393367	62570.44767603246
7407.407407407407	66350.06798265841	26874.668389185088	60663.6935924176
7142.857142857142	64723.599202158875	26868.082492476806	58883.36298870134
6896.551724137931	63205.81287653741	26855.26350515678	57216.86467688052
6666.666666666666	61785.83455995332	26836.57177220162	55653.2817341924
6451.612903225807	60454.198628033104	26812.360109979865	54183.092169886724
6249.999999999999	59202.62347296272	26782.945763392225	52797.95869459904
5882.35294117647	56872.982184104134	26432.154754182335	50357.49494925639
5555.555555555556	54828.52965447664	26363.17754311749	48074.4270262464
5263.157894736842	52989.31627731293	26281.31521527641	46012.60816441926
5000.0	51324.2385790537	26184.744654883645	44142.23162775265
4761.9047619047615	49808.4025236894	26074.249906843495	42438.3135121713
4545.454545454545	48421.527286946366	25951.220691297152	40880.049528248885
4347.826086956522	47146.90374754763	25817.20889798577	39449.99692900223
4166.666666666666	45970.61594840078	25673.624806989475	38133.48292439723
4000.0	44880.98802355249	25521.809240970073	36918.0218733046
3846.1538461538457	43868.1383405484	25362.923527996336	35792.95561389842
3703.7037037037035	42923.655556134654	25198.05464990326	34749.07550082704
3571.428571428571	42040.325806912944	25028.137807279203	33778.414880678334
3448.2758620689656	41211.93334978308	24854.047572648782	32873.99838296939
3333.333333333333	40433.08657782511	24676.534534207836	32029.72265867985
3225.8064516129034	39699.0908365687	24496.300756960878	31240.183457762392
3124.9999999999995	39005.83378592028	24313.947204146865	30500.607218362045
2941.176470588235	37717.36929125812	23818.143514799973	29245.443846205053
2777.777777777778	36564.77376572641	23462.936609711116	28044.131047109164
2631.578947368421	35517.85857024215	23109.521548437693	26971.62010740211
2500.0	34561.10163379924	22757.027975093813	26011.294160087426
2380.9523809523807	33682.03807581695	22406.683843358118	25147.966281283603
2272.7272727272725	32870.47870289284	22059.97977441071	24368.53837450909
2173.913043478261	32118.003668202222	21718.32289232528	23661.796431702965
2083.333333333333	31417.58148505194	21382.812151984475	23018.248648470704
2000.0	30763.295785940776	21054.32045226676	22429.80066577818
1923.0769230769229	30150.12862692962	20733.47515634707	21889.569757341967
1851.8518518518517	29573.796727295765	20420.727093595768	21391.66561622291
1785.7142857142856	29030.620574083867	20116.373843791916	20931.03997161216
1724.1379310344828	28517.420487770563	19820.583423552584	20503.359335150635
1666.6666666666665	28031.434828302383	19533.438339676835	20104.878143460777
1612.9032258064517	27570.251065504173	19254.923119844563	19732.376427176965
1562.4999999999998	27131.753523184187	18984.983342815376	19383.045599591416
1470.5882352941176	26314.855809301414	18454.071037122634	18759.501550445202
1388.888888888889	25569.733292496832	17976.44408181852	18184.023724761053
1315.7894736842104	24885.62139842008	17528.796407128262	17664.52515362218
1250.0	24254.436126325938	17108.904186225336	17191.947805661403
1190.4761904761904	23669.55745572959	16714.77236044398	16759.007580660087
1136.3636363636363	23125.524107409572	16344.860284422142	16359.566238904412
1086.9565217391305	22617.750110672252	15997.342787608735	15988.985077376155
1041.6666666666665	22142.374447625247	15670.761628428796	15643.272552883911
1000.0	21696.088550526794	15363.397179635369	15319.474060589413
961.5384615384614	21276.06177966892	15073.927379875748	15014.909863150055
925.9259259259259	20879.828282662285	14800.815082389203	14727.630563345354
892.8571428571428	20505.251380092915	14542.921427990905	14455.752159610562
862.0689655172414	20150.444586748286	14298.920231336708	14197.932851703557
833.3333333333333	19813.756477812953	14067.859836430795	13952.787011368448
806.4516129032259	19493.712753538355	13848.6175801083	13719.352318436144
781.2499999999999	19189.012010740622	13640.41091507744	13496.56889791565
735.2941176470588	18621.34506009102	13254.11984614786	13079.862344494517
694.4444444444445	18102.487140773745	12902.529063465709	12697.43219900392
657.8947368421052	17625.82273997517	12579.504156656325	12346.080448210763
625.0	17186.0684261314	12282.963178769694	12020.389490222791
595.2380952380952	16778.764039825284	12009.362298941394	11717.59957827964
568.1818181818181	16400.20384508841	11756.476212607937	11434.682034181642
543.4782608695652	16047.203360821855	11521.449549439722	11170.001610711051
520.8333333333333	15717.078600124443	11302.652288837777	10921.383198117346
500.0	15407.491137590205	11097.968674484871	10687.65055824119
480.7692307692307	15116.44590413568	10906.245436771842	10467.126981438307
462.96296296296293	14842.184524873674	10725.902096008464	10258.921273566766
446.4285714285714	14583.190535438274	10556.104904025362	10061.714339420902
431.0344827586207	14338.114237145546	10395.646750962289	9874.818910068328
416.66666666666663	14105.780377575536	10243.90787522575	9697.184720540436
403.2258064516129	13885.13420175125	10099.947193949556	9528.274685381022
390.62499999999994	13675.249345983944	9963.292672966158	9367.24312632341
367.6470588235294	13284.862929021332	9708.339760565479	9068.391375338224
347.22222222222223	12928.534075345717	9476.901728201185	8794.050657768166
328.9473684210526	12601.546527868917	9263.33925236667	8543.390473904847
312.5	12300.193699880394	9067.45504771479	8311.198710911014
297.6190476190476	12021.343124007939	8886.632714933026	8095.705620575332
284.09090909090907	11762.39104540261	8719.420617961836	7894.653076103442
271.7391304347826	11521.106261148667	8563.713576281682	7707.0551616092525
260.41666666666663	11295.60653040459	8418.532919683206	7531.20377960449
250.0	11084.261435904731	8282.419174181805	7366.300577809082
240.38461538461536	10885.676303903629	8154.713048752333	7211.005733313308
231.48148148148147	10698.63101001435	8034.3483779450435	7064.697561131155
223.2142857142857	10522.068463575459	7920.846284838129	6926.335169780281
215.51724137931035	10355.055919865017	7813.396329909452	6795.441184742095
208.33333333333331	10196.776059262102	7711.636834547512	6671.1992426242805
201.61290322580646	10046.502468088689	7614.937435767289	6553.238870258129
195.31249999999997	9903.592177438548	7523.018723744494	6440.910440241485
183.8235294117647	9638.063863390968	7351.685454339611	6232.575391862839
173.61111111111111	9395.722961167974	7194.513975288585	6043.060368918742
164.4736842105263	9173.379212255468	7049.296539412155	5870.11963006484
156.25	8968.468107317387	6916.212950793806	5709.590056321132
148.8095238095238	8778.867461579412	6793.240870852418	5560.61079186073
142.04545454545453	8602.793300868665	6679.289631313375	5421.728746304117
135.8695652173913	8438.733987608774	6572.946247650351	5292.316027895786
130.20833333333331	8285.397757286417	6473.582285877297	5171.126413502426
125.0	8141.68071374979	6380.249741011198	5057.605963988478
120.19230769230768	8006.626004042721	6292.522479983878	4950.7798181206435
115.74074074074073	7879.408853060215	6209.7020627532565	4850.2251664764635
111.60714285714285	7759.304444439281	6131.473458448304	4755.190710143935
107.75862068965517	7645.683213974769	6057.303923286558	4665.355397972681
104.16666666666666	7537.984997333602	5986.953852329891	4580.131154246433
100.80645161290323	7435.720149563022	5920.008387459304	4499.270478091867
97.65624999999999	7338.448142656558	5856.281436387457	4422.305832965779
91.91176470588235	7157.789548096063	5738.61278824129	4278.115762981032
86.80555555555556	6992.914332974803	5628.412761389406	4149.91815048843
82.23684210526315	6841.555840798941	5526.769663011724	4032.580242820144
78.125	6701.950567993761	5433.6363465704835	3923.2304889032534
74.4047619047619	6572.700273974563	5347.457054010965	3821.6608885422665
71.02272727272727	6452.601560645042	5267.4269220408905	3726.9666649163446
67.93478260869566	6340.645635220168	5192.616054564448	3638.753300419816
65.10416666666666	6235.9529822320355	5122.586390647512	3556.1521715136864
62.5	6137.784501285642	5056.713140635517	3478.800195117036
60.09615384615384	6045.487325573553	4994.693324237978	3406.0175572775674
57.87037037037037	5958.509033070686	4936.065460518484	3337.5271784153924
55.80357142857142	5876.354541567318	4880.604223812181	3272.8038604086164
53.87931034482759	5798.602190237975	4827.957534972883	3211.637183919007
52.08333333333333	5724.869017435705	4777.953102951884	3153.6152924520966
50.403225806451616	5654.827122402421	4730.316493186607	3098.576392239637
48.82812499999999	5588.175093217227	4684.913062851413	3046.192782142581
45.955882352941174	5464.277592366137	4602.120452994211	2945.9831877604165
43.40277777777778	5351.377581198418	4522.801775676699	2860.33321738722
41.118421052631575	5247.587106723698	4449.873532180731	2781.3298959760555
39.0625	5151.7133442210825	4383.017850278878	2707.2689015246146
37.20238095238095	5062.859652267445	4321.076011288149	2638.34227560181
35.51136363636363	4980.22034508382	4263.452158493157	2574.01833284591
33.96739130434783	4903.125060287777	4209.525138498444	2514.0671162822355
32.55208333333333	4830.974648701515	4158.9699276941865	2457.9026011890996
31.25	4763.27457561883	4111.367788507019	2405.2940756513844
30.04807692307692	4699.578175327724	4066.4911242958715	2355.776933845724
28.935185185185183	4639.515018846223	4024.03084329647	2309.17201228024
27.90178571428571	4582.7456142651	3983.8166402217753	2265.118615472067
26.939655172413794	4528.986900321904	3945.612566569792	2223.480114103552
26.041666666666664	4477.975791676389	3909.2876043425595	2183.9728975821554
25.201612903225808	4429.491994511861	3874.6576791519356	2146.4918352590116
24.414062499999996	4383.328126705881	3841.619798433484	2110.8109320009607
22.977941176470587	4297.303355070722	3781.8101849756345	2040.7664859842837
21.70138888888889	4219.225980241324	3723.7357935511354	1983.849694954095
20.559210526315788	4147.276851232933	3670.5237525826155	1930.5855750262372
19.53125	4080.686423431093	3621.6715235854913	1880.2917490710822
18.601190476190474	4018.89563011344	3576.348445124174	1833.3722711993894
17.755681818181817	3961.3647225922796	3534.11956815959	1789.5276872264599
16.983695652173914	3907.646134082742	3494.5665182816056	1748.6289367721715
16.276041666666664	3857.3288579906744	3457.442673792178	1710.2853785635994
15.625	3810.079588091854	3422.463096617135	1674.3514624737684
15.02403846153846	3765.5901273936024	3389.4526250445574	1640.5120877648926
14.467592592592592	3723.609910269147	3358.200775138169	1608.6510863813835
13.950892857142856	3683.9040023899324	3328.575560484997	1578.522548767217
13.469827586206897	3646.280573275367	3300.416124459935	1550.0372332464153
13.020833333333332	3610.557139987495	3273.6203849327067	1523.0011281899024
12.600806451612904	3576.584193099871	3248.0627559528925	1497.3452586907113
12.207031249999998	3544.217614837837	3223.6626242041675	1472.9147248350487
11.488970588235293	3483.68692407215	3179.4407022126684	1423.8087673787838
10.850694444444445	3429.0871530123673	3136.52607262439	1385.9447675509587
10.279605263157894	3378.5989380128212	3097.266788192711	1349.7663600415333
9.765625	3331.7733503056165	3061.1262956954083	1315.3780671764375
9.300595238095237	3288.269328093011	3027.5438221650816	1283.2355898069975
8.877840909090908	3247.7219957950715	2996.2085997546537	1253.1688588244524
8.491847826086957	3209.828757976254	2966.8377631229455	1225.1017683600903
8.138020833333332	3174.304740289411	2939.2431887794096	1198.7743997256825
7.8125	3140.9222760329662	2913.2287867595637	1174.091470063347
7.51201923076923	3109.4664029416067	2888.6587334906662	1150.839707539984
7.233796296296296	3079.765211443719	2865.387648816241	1128.9408220231524
6.975446428571428	3051.654398777284	2843.3124281720015	1108.2278670830203
6.734913793103448	3025.0020590905697	2822.321732692063	1088.6402044184558
6.510416666666666	2999.6802862368954	2802.3354351218645	1070.0457600956202
6.300403225806452	2975.586090502942	2783.266495992507	1052.3973556980163
6.103515624999999	2952.618283119956	2765.051407393068	1035.5894168481298
5.744485294117647	2909.488508085986	2731.821510129605	1001.1366617388559
5.425347222222222	2870.879072380102	2699.928833356871	975.8744504485412
5.139802631578947	2835.0184574543764	2670.7108282410127	951.1221404337075
4.8828125	2801.6929066407934	2643.7225867255897	927.4772382966023
4.650297619047619	2770.6959167936284	2618.6063921761133	905.3487870380588
4.438920454545454	2741.7777094186263	2595.141827296675	884.6377247665425
4.2459239130434785	2714.730139879455	2573.1355793118173	865.2936049974962
4.069010416666666	2689.3538170579295	2552.444055893807	847.1441995648826
3.90625	2665.490585110206	2532.930249871685	830.1231285755824
3.756009615384615	2642.989088506149	2514.488784247764	814.0868969924315
3.616898148148148	2621.729361889073	2497.0174158558007	798.9798945556175
3.487723214285714	2601.5954966454597	2480.4356584384686	784.6897938120882
3.367456896551724	2582.495231273696	2464.6649723347145	771.1732578984443
3.255208333333333	2564.3381632164196	2449.6425747593275	758.3412630568458
3.150201612903226	2547.0521184030363	2435.3069419285425	746.159897378602
3.0517578124999996	2530.56548129228	2421.6081906498434	734.5579800707494
2.8722426470588234	2499.476392834127	2396.4003581596626	710.3855022080195
2.712673611111111	2471.868944263221	2372.601977064493	693.4666077343805
2.5699013157894735	2446.0962996313297	2350.707387370382	676.4332088479949
2.44140625	2422.103438201196	2330.416389610206	660.1094730286688
2.3251488095238093	2399.7634015360522	2311.5088449149225	644.8187677417316
2.219460227272727	2378.9030523326387	2293.827741262215	630.502994293786
2.1229619565217392	2359.3763880846072	2277.2383069137595	617.124488394133
2.034505208333333	2341.0427193700975	2261.631239026414	604.5702213767971
1.953125	2323.7902425373723	2246.9087674820985	592.7917694468906
1.8780048076923075	2307.511583534025	2232.9895441381173	581.6935653018234
1.808449074074074	2292.1215676599772	2219.8000479349407	571.2346524153327
1.743861607142857	2277.537863868087	2207.27790258674	561.340344269937
1.683728448275862	2263.6948160414363	2195.366450877467	551.9785924603839
1.6276041666666665	2250.5281065131085	2184.0169162120733	543.0901102993708
1.575100806451613	2237.9862761150507	2173.1848169690415	534.649720260419
1.5258789062499998	2226.0183178180077	2162.8313480403476	526.6100181303865
1.4361213235294117	2203.35918513573	2143.6136793020205	509.61955675900276
1.3563368055555556	2183.3911023035935	2125.788598015305	498.21636079782166
1.2849506578947367	2164.652352093973	2109.2917020965615	486.4240134826411
1.220703125	2147.1817790127475	2093.960033239491	475.10101170173834
1.1625744047619047	2130.8982952594833	2079.659005880755	464.4846219185752
1.1097301136363635	2115.680389599873	2066.275864838377	454.5410447076105
1.0614809782608696	2101.4239493007904	2053.7143018229394	445.2417109647833
1.0172526041666665	2088.0289158546184	2041.891547775038	436.5130703310871
0.9765625	2075.4149138231624	2030.7363144877743	428.3189063539172
0.9390024038461537	2063.505309343586	2020.1863101659183	420.5965215112698
0.904224537037037	2052.238505732281	2010.1875282383746	413.31463284664756
0.8719308035714285	2041.555665102931	2000.6921080367997	406.424190413338
0.841864224137931	2031.4093458347336	1991.6583251166448	399.9012957446645
0.8138020833333333	2021.7534846555038	1983.048687657261	393.70681362847495
0.7875504032258065	2012.5508054508484	1974.830368992545	387.8218124675649
0.7629394531249999	2003.7647380686108	1966.973522121953	382.21497720304853
0.7180606617647058	1987.067435455433	1952.2762391873289	370.2086964834982
0.6781684027777778	1972.4520152163764	1938.865103253187	362.44870494754554
0.6424753289473684	1958.669049782827	1926.3724872940816	354.22236910389495
0.6103515625	1945.8027437820456	1914.7364650783381	346.31284557325694
0.5812872023809523	1933.798801102534	1903.8730641223199	338.88812144288414
0.5548650568181818	1922.5710552750127	1893.7006274217067	331.929806260164
0.5307404891304348	1912.0440727296568	1884.1488652695593	325.41602536452456
0.5086263020833333	1902.146105402193	1875.1554005983535	319.29927952245527
0.48828125	1892.8185497009654	1866.6673235725184	313.5524919350455
0.46950120192307687	1884.0061486648617	1858.6372698682464	308.1341708796943
0.4521122685185185	1875.6640641822903	1851.0249637115091	303.0218892780405
0.43596540178571425	1867.749631723718	1843.7938936827902	298.1824347981282
0.4209321120689655	1860.228113686385	1836.912854791378	293.5980225604309
0.40690104166666663	1853.066279835813	1830.3532827636802	289.24297353740394
0.39377520161290325	1846.2367497356265	1824.0905674856212	285.1030299459395
0.38146972656249994	1839.7130862315946	1818.101947409318	281.15751542191555
0.3590303308823529	1827.2723195405126	1806.8242419175288	272.59913532165234
0.3390842013888889	1816.4442389156088	1796.675963512908	267.2548507037219
0.3212376644736842	1806.1891263862437	1787.164313945688	261.46295193572047
0.30517578125	1796.6053704216897	1778.2892927799583	255.8867878813071
0.29064360119047616	1787.6551650805595	1769.9966647036856	250.6447609207726
0.2774325284090909	1779.2767945515093	1762.226882158006	245.72815758306356
0.2653702445652174	1771.4149015691762	1754.9278082121248	241.12059527365653
0.25431315104166663	1764.017533322459	1748.0525380375852	236.79143170606844
0.244140625	1757.0414253089873	1741.561291840931	232.72051266096926
0.23475060096153844	1750.4463832579995	1735.4181882964704	228.8804325205811
0.22605613425925924	1744.1991191667694	1729.5927721861972	225.25410030318994
0.21798270089285712	1738.2687162520522	1724.057412876352	221.82012308773432
0.21046605603448276	1732.6293369969353	1718.7884619316987	218.56496186009608
0.20345052083333331	1727.2567168435692	1713.7642216459083	215.47147952250975
0.19688760080645162	1722.1306514957316	1708.966113056916	212.52953969801428
0.19073486328124997	1717.2315208052034	1704.3766727671596	209.72423172847377
0.17951516544117646	1707.8584141470478	1695.6841178582943	203.55769505476255
0.16954210069444445	1699.7383820459909	1687.9507788417309	199.83176826500065
0.1606188322368421	1692.0204072412491	1680.663291541896	195.71397237908968
0.152587890625	1684.800055159486	1673.8535789115451	191.7431152099576
0.14532180059523808	1678.0503920066308	1667.4853980031137	188.0041636773105
0.13871626420454544	1671.7267630425517	1661.5150395053593	184.49429197195278
0.1326851222826087	1665.7882312019692	1655.9034545109287	181.20204344807635
0.12715657552083331	1660.196448076211	1650.6151411472101	178.10643452846597
0.1220703125	1654.9192546684228	1645.6199906790293	175.19299572140332
0.11737530048076922	1649.927115734684	1640.8908285062234	172.44354485086782
0.11302806712962962	1645.1950984940372	1636.4044367117303	169.84531674134885
0.10899135044642856	1640.7004279795374	1632.139851180655	167.38399134991045
0.10523302801724138	1636.423710896422	1628.0790072234872	165.04941024493462
0.10172526041666666	1632.3470453910707	1624.2054214119091	162.83005144358518
0.09844380040322581	1628.4551256428451	1620.5048199501277	160.7178420426891
0.09536743164062499	1624.7336919667016	1616.9640577176172	158.7035155915809
0.08975758272058823	1617.5916361892916	1610.2240032475725	154.21206449208697
0.08477105034722222	1611.4281968563403	1604.2822694630054	151.5890283308954
0.08030941611842105	1605.5522866416572	1598.657359609609	148.63644138059414
0.0762939453125	1600.049365963305	1593.3942311873423	145.78339253314527
0.07266090029761904	1594.90007628707	1588.4680432000878	143.09272892983094
0.06935813210227272	1590.0717438807417	1583.8464692535026	140.56497615393727
0.06634256114130435	1585.5335579200528	1579.4998516142668	138.19146877115824
0.06357828776041666	1581.257320297232	1575.401477738624	135.9591737711833
0.06103515625	1577.2186607069318	1571.5282396022892	133.85699763067294
0.05868765024038461	1573.3957607381435	1567.8595829378032	131.8732273771245
0.05651403356481481	1569.7693378684728	1564.3773776420078	129.99690163207134
0.05449567522321428	1566.3226343409515	1561.065815782793	128.2190065597968
0.05261651400862069	1563.0409776728377	1557.9110198325159	126.53202033031292
0.05086263020833333	1559.9109949299714	1554.9004128203612	124.9280525521924
0.049221900201612906	1556.9210621740463	1552.0229966665524	123.40101968515197
0.04768371582031249	1554.0605198171854	1549.2687371140403	121.94457534276411
0.044878791360294115	1548.5532337256705	1544.00165854094	118.64230318506749
0.04238552517361111	1543.8155878635437	1539.3919186209196	116.78651555322406
0.04015470805921052	1539.2876219342454	1535.0112890538608	114.6591710993459
0.03814697265625	1535.042497277992	1530.90720513684	112.59927934744272
0.03633045014880952	1531.0658167386616	1527.0620100791575	110.65329890531075
0.03467906605113636	1527.3336119775618	1523.4517543174227	108.82423693089824
0.033171280570652176	1523.8225509055626	1520.0537757517577	107.1059544150595
0.03178914388020833	1520.5114643814966	1516.847724533729	105.48978098570498
0.030517578125	1517.3817760346221	1513.815781492109	103.96746581224099
0.029343825120192304	1514.4169009721043	1510.9421067041626	102.53048394667506
0.028257016782407406	1511.6026640318005	1508.2130942250997	101.1725077083037
0.02724783761160714	1508.925718903725	1505.6160863192672	99.88506287616984
0.026308257004310345	1506.3751183599466	1503.140556652405	98.66338814697586
0.025431315104166664	1503.9407812975649	1500.776871001716	97.50208775317817
0.024610950100806453	1501.6137904656566	1498.516492873548	96.39655752462672
0.023841857910156247	1499.3860781681287	1496.3517111121096	95.34237282689955
0.022439395680147058	1495.0819235395365	1492.1929200863385	92.89912453240505
0.021192762586805556	1491.3894777283324	1488.5741857575829	91.59403787876833
0.02007735402960526	1487.8526284378408	1485.124095327561	90.06589491524993
0.019073486328125	1484.532173278368	1481.8870343851524	88.58098452699849
0.01816522507440476	1481.4182162655525	1478.8509122759747	87.17746695063205
0.01733953302556818	1478.4926131979073	1475.99753875986	85.8584466177466
0.016585640285326088	1475.7374748712195	1473.3094153565853	84.61950933986822
0.015894571940104164	1473.136951102294	1470.7711017517395	83.45563465061599
0.0152587890625	1470.6761971156825	1468.3683063971455	82.35893109447385
0.014671912560096152	1468.3428970536534	1466.089080145848	81.32448834771152
0.014128508391203703	1466.1259383714023	1463.922685093068	80.34699269622637
0.01362391880580357	1464.0155224164996	1461.8596521964607	79.42170456807828
0.013154128502155173	1462.0029503470555	1459.891577271784	78.54431509916814
0.012715657552083332	1460.0807985312874	1458.0112440407086	77.71197134693881
0.012305475050403226	1458.2414689255313	1456.2114029592597	76.91899365901523
0.011920928955078123	1456.4792154405961	1454.4864429565034	76.16358884790493
0.011219697840073529	1453.0593893144433	1451.1557442755075	74.35452058254873
0.010596381293402778	1450.1333895448006	1448.2714678500981	73.46157420049269
0.01003867701480263	1447.3241239140038	1445.513051366922	72.3818899402974
0.0095367431640625	1444.6829607867458	1442.9209556541866	71.33002818986115
0.00908261253720238	1442.2027197373845	1440.4865317229228	70.33659604198823
0.00866976651278409	1439.8690456992213	1438.195419548929	69.40319842245061
0.008292820142663044	1437.668444187966	1436.0342924620948	68.52785044591928
0.007947285970052082	1435.5885305804293	1433.9910175511636	67.70665193800873
0.00762939453125	1433.6184460504642	1432.0549676581184	66.93592803459715
0.007335956280048076	1431.747752173144	1430.2160470145286	66.20940050314853
0.007064254195601851	1429.9682065935478	1428.4661803687334	65.52437264963899
0.006811959402901785	1428.2722301911044	1426.7979788369987	64.87750859679143
0.006577064251077586	1426.6530150021451	1425.204815584752	64.2655339100564
0.006357828776041666	1425.104572777155	1423.6808533576711	63.685721579729105
0.006152737525201613	1423.621855169483	1422.2211358540749	63.136576135754986
0.005960464477539062	1422.1992558086126	1420.820288040292	62.613355729213595
0.005609848920036764	1419.4221647719337	1418.0984035594106	61.287842743021784
0.005298190646701389	1417.0525010251633	1415.7509073361693	60.72198150985921
0.005019338507401315	1414.7719505424327	1413.499184673669	59.99772469445749
0.00476837158203125	1412.6239425069682	1411.379143764552	59.290096056341575
0.00454130626860119	1410.602457120252	1409.383834600663	58.62165811390128
0.004334883256392045	1408.697238429151	1407.5028433294447	57.99703076404323
0.004146410071331522	1406.8976793010631	1405.7256489648084	57.41497944949206
0.003973642985026041	1405.193437337982	1404.0421313705963	56.87081566187169
0.003814697265625	1403.5761987615813	1402.4440843222878	56.36254145644799
0.003667978140024038	1402.0382883010914	1400.9239758871402	55.88716889252734
0.0035321270978009257	1400.5731664844975	1399.4753664806778	55.44270276766863
0.0034059797014508925	1399.1741129666286	1398.0917402004886	55.02439803506397
0.003288532125538793	1397.8362788958013	1396.768295661123	54.63140885225425
0.003178914388020833	1396.5549336400204	1395.500392775649	54.2617400872004
0.0030763687626008066	1395.32616372078	1394.2841605933415	53.91458691550783
0.002980232238769531	1394.145284372729	1393.1150919106085	53.58558229239394
0.002804924460018382	1391.8204073893967	1390.8242754762646	52.64865783199121
0.0026490953233506945	1389.842629500224	1388.8556587262433	52.36882660695662
0.0025096692537006577	1387.9344953523296	1386.9618258575372	51.952449440353234
0.002384185791015625	1386.13221070655	1385.1736003843437	51.54223856704294
0.002270653134300595	1384.4315494009838	1383.4860241998456	51.15794972937212
0.0021674416281960225	1382.8246027488476	1381.891023027856	50.80435456271561
0.002073205035665761	1381.302962730756	1380.380218616451	50.48095582656155
0.0019868214925130205	1379.8582396306776	1378.9453712061522	50.18390883340435
0.0019073486328125	1378.4842405555473	1377.580293488028	49.91328934705749
0.001833989070012019	1377.1740410062682	1376.2782324061893	49.66453690944432
0.0017660635489004629	1375.9226891326116	1375.0342624334442	49.437067105880864
0.0017029898507254463	1374.7257651826787	1373.8439894935937	49.23029544322907
0.0016442660627693966	1373.5780361742989	1372.702347435219	49.039645250377326
0.0015894571940104165	1372.4763610523894	1371.6061797504017	48.865625117433225
0.0015381843813004033	1371.41765388266	1370.552413860362	48.7079279230226
0.0014901161193847654	1370.39787440042	1369.537159392912	48.56236406090202
0.001402462230009191	1368.3645553860306	1367.52355512717	47.967516187049924
0.0013245476616753472	1366.6425625292566	1365.8000353069974	47.980801076443996
0.0012548346268503288	1364.974958966625	1364.1353556056827	47.86825871595285
0.0011920928955078125	1363.39446792381	1362.5578553831222	47.755270902755974
0.0011353265671502975	1361.8977459140624	1361.0636054608826	47.65849573399008
0.0010837208140980113	1360.4779066203023	1359.6456189262412	47.5807244232198
0.0010366025178328805	1359.12868251457	1358.2975669172602	47.523629285255026
0.0009934107462565103	1357.8433883671505	1357.0128408914773	47.48491326754695
0.00095367431640625	1356.6159998376243	1355.7855064141813	47.461896429441346
0.0009169945350060095	1355.4424603165883	1354.611453568548	47.456012158537526
0.0008830317744502314	1354.3173016179073	1353.4853686483036	47.46272554937777
0.0008514949253627231	1353.2376674010243	1352.4043218627885	47.4840465821575
0.0008221330313846983	1352.1989767661266	1351.3638836421799	47.5155422455138
0.0007947285970052083	1351.1988261065114	1350.361608406642	47.558324329617605
0.0007690921906502017	1350.2347166192328	1349.3949929833375	47.61242353964719
0.0007450580596923827	1349.3031184748058	1348.4606422467336	47.673911496356425
0.0007012311150045955	1347.4105153720034	1346.5753930220703	47.432139341429604
0.0006622738308376736	1345.8176510462245	1344.9683132096054	47.80571440409402
0.0006274173134251644	1344.2688529166521	1343.4094412436982	48.060608601494515
0.0005960464477539062	1342.7927799235024	1341.9236280673988	48.30555091412561
0.0005676632835751488	1341.3878006583614	1340.5086056150292	48.55831573609122
0.0005418604070490056	1340.0484564680748	1339.1587731340626	48.8225974374826
0.0005183012589164402	1338.7685456511406	1337.8679631404475	49.097169239175955
0.0004967053731282551	1337.5437500110843	1336.631762420905	49.38435867052359
0.000476837158203125	1336.3686787157358	1335.4448759070629	49.68127278976589
0.00045849726750300476	1335.2392854926284	1334.3032668436701	49.9874145478044
0.0004415158872251157	1334.1518004974673	1333.2031962070455	50.30173350842138
0.00042574746268136157	1333.1026146235029	1332.141115086647	50.62243190251287
0.00041106651569234915	1332.0897199107699	1331.1149280356292	50.9516462212431
0.00039736429850260413	1331.1098343568738	1330.1214451480391	51.28676514341512
0.00038454609532510083	1330.1602000626085	1329.1579752128923	51.625911697161946
0.00037252902984619135	1329.23985499897	1328.2234348222717	51.97210123334974
0.0003506155575022978	1327.3191069383347	1326.2932803573383	52.17419019543403
0.0003311369154188368	1325.716051477633	1324.6531532302608	53.07610368681237
0.0003137086567125822	1324.1480598108406	1323.0524446328723	53.854554605841564
0.0002980232238769531	1322.6441036148508	1321.5159387396925	54.6172910723454
0.0002838316417875744	1321.2022065230578	1320.0410959004837	55.378476461950086
0.0002709302035245028	1319.8175822220528	1318.6229898458487	56.14143739217981
0.0002591506294582201	1318.485956527085	1317.2572233321225	56.90891967423614
0.00024835268656412757	1317.2020296391083	1315.9385947739263	57.67843331619041
0.0002384185791015625	1315.96220745447	1314.6634584585247	58.45102601590745
0.00022924863375150238	1314.7628509796152	1313.4281910901036	59.22618648726534
0.00022075794361255786	1313.6010005340775	1312.2298099077225	60.004288127364276
0.00021287373134068078	1312.472911102622	1311.0647112215495	60.78211388020615
0.00020553325784617457	1311.3766690581206	1309.9309092341914	61.56119867949516
0.00019868214925130207	1310.3099396959974	1308.8260896110344	62.34103960968951
0.00019227304766255041	1309.2705899935513	1307.7481445248657	63.12106077873563
0.00018626451492309568	1308.2567985001579	1306.6952614053073	63.90105353433629
0.0001753077787511489	1306.0746823610182	1304.4688560882332	64.74626939284592
0.0001655684577094184	1304.2659808163153	1302.5703186337741	66.48543997788634
0.0001568543283562911	1302.4846751275807	1300.7040497697399	68.08306584458309
0.00014901161193847656	1300.7599747562745	1298.8940377491488	69.64761753037122
0.0001419158208937872	1299.0916357142921	1297.1391728521517	71.19722069906182
0.0001354651017622514	1297.4749039404705	1295.4346433218097	72.73383832184848
0.00012957531472911006	1295.9057958391834	1293.7763774553357	74.25979280967819
0.00012417634328206378	1294.3803380135253	1292.160405673746	75.77562566596235
0.00011920928955078125	1292.895112017786	1290.5832988436111	77.28207699994937
0.00011462431687575119	1291.4461142524249	1289.0412418247752	78.77653770335995
0.00011037897180627893	1290.0307166331133	1287.5316116323056	80.25957204260182
0.00010643686567034039	1288.6472460434863	1286.0525979501103	81.73395892304326
0.00010276662892308729	1287.2926521406666	1284.601339939706	83.19717351246656
9.934107462565103e-5	1285.9650416981776	1283.1759559318186	84.64959886650018
9.613652383127521e-5	1284.6625875898685	1281.7746563884539	86.09119695623636
9.313225746154784e-5	1283.3832444280267	1280.3955231006637	87.52060615869888
8.765388937557444e-5	1280.5627136589737	1277.4467897744273	89.27800909879612
8.27842288547092e-5	1278.2188917751912	1274.88387971682	92.2747448069453
7.842716417814555e-5	1275.8933022428082	1272.3462230624198	95.07264257846771
7.450580596923828e-5	1273.6209359903655	1269.8602423764398	97.80211359998381
7.09579104468936e-5	1271.4014945023612	1267.4246883294531	100.4809416547554
6.77325508811257e-5	1269.2321934704698	1265.0364441276731	103.11719532004683
6.478765736455503e-5	1267.1083460327263	1262.6911147673018	105.71049746122614
6.208817164103189e-5	1265.0269964137551	1260.3856974829887	108.2644689449266
5.9604644775390625e-5	1262.9848711344289	1258.1170629432202	110.78014553869856
5.7312158437875595e-5	1260.9790685816222	1255.8824536069762	113.25843952260969
5.5189485903139464e-5	1259.007131095188	1253.6795143996576	115.70061072948192
5.3218432835170196e-5	1257.0664339725859	1251.505862906875	118.10628488895642
5.138331446154364e-5	1255.1559294563667	1249.360251856579	120.47974240651835
4.9670537312825516e-5	1253.2726817132148	1247.2402198740024	122.81794924718018
4.8068261915637603e-5	1251.4162376420793	1245.14502257519	125.12582703217913
4.656612873077392e-5	1249.5839339485647	1243.0725011230322	127.400019364597
4.382694468778722e-5	1245.5312908244193	1238.701980386818	130.2520641238352
4.13921144273546e-5	1242.110326242685	1234.765693163784	134.87677911512407
3.9213582089072776e-5	1238.7027836565587	1230.8587463540578	139.18093534038692
3.725290298461914e-5	1235.3557908482842	1227.010678664621	143.34826272186137
3.54789552234468e-5	1232.0706341236075	1223.2209553606674	147.40604409685636
3.386627544056285e-5	1228.8440503166603	1219.48626053601	151.36366922928934
3.2393828682277515e-5	1225.6727883528524	1215.8033953744018	155.22850223052598
3.1044085820515946e-5	1222.5529987708935	1212.1690016907073	159.00360418512068
2.9802322387695312e-5	1219.4821265031983	1208.5805561839	162.69510157032255
2.8656079218937797e-5	1216.45662011818	1205.035176997985	166.3037306460114
2.7594742951569732e-5	1213.4752309661253	1201.531227555969	169.83770304657813
2.6609216417585098e-5	1210.5343134393383	1198.0660317398642	173.29485741113322
2.569165723077182e-5	1207.6329836551556	1194.638314801853	176.68254022184007
2.4835268656412758e-5	1204.7684168890878	1191.2460023820238	179.99972261724918
2.4034130957818802e-5	1201.9402347161592	1187.8881476214867	183.25413111285837
2.328306436538696e-5	1199.1456684834918	1184.5628613946178	186.44345428927255
2.191347234389361e-5	1193.0674129727615	1177.7895503549246	190.31980183959445
2.06960572136773e-5	1187.8145043666386	1171.4131424103466	196.70929457471058
1.9606791044536388e-5	1182.588558530301	1165.1100323696896	202.56927515858837
1.862645149230957e-5	1177.4550692768255	1158.904151899413	208.18647140483617
1.77394776117234e-5	1172.417439691824	1152.79356753647	213.61096306151978
1.6933137720281426e-5	1167.4688397045363	1146.773320532147	218.84799061615786
1.6196914341138758e-5	1162.6068845063185	1140.839698191963	223.91862568968878
1.5522042910257973e-5	1157.8253362450857	1134.9885091432348	228.8243723117432
1.4901161193847656e-5	1153.121834325832	1129.2165076803194	233.58091441989552
1.4328039609468899e-5	1148.4914527758656	1123.5203462304694	238.1903623268258
1.3797371475784866e-5	1143.9319912017597	1117.8972120054336	242.6648385846239
1.3304608208792549e-5	1139.4391623396084	1112.3443874944464	247.00519889830886
1.284582861538591e-5	1135.011536124042	1106.8594533701246	251.2236804519966
1.2417634328206379e-5	1130.6454279579198	1101.4401330873059	255.32081189508577
1.2017065478909401e-5	1126.3393815962731	1096.0842855886087	259.306076713185
1.164153218269348e-5	1122.0902914394887	1090.7900166100433	263.1800938646733
1.0956736171946805e-5	1113.1019315564145	1080.4864570193881	267.478833241643
1.034802860683865e-5	1105.1258031607274	1070.3214866691026	275.16350772964904
9.803395522268194e-6	1097.234644105154	1060.3759225770289	282.0049060627832
9.313225746154785e-6	1089.5127150881412	1050.6326648016495	288.45963320804174
8.8697388058617e-6	1081.96145533238	1041.0801613334731	294.60598857258685
8.466568860140713e-6	1074.5681124878529	1031.7122741916226	300.44369132677286
8.098457170569379e-6	1067.3297257272554	1022.518991736836	306.01904345727013
7.761021455128987e-6	1060.2343749258018	1013.496116970135	311.32386779809275
7.450580596923828e-6	1053.279770986831	1004.6344976858197	316.39817007946124
7.164019804734449e-6	1046.455985738014	995.9309120165341	321.23472504826344
6.898685737892433e-6	1039.760982900993	987.3770030633391	325.8673892627152
6.6523041043962745e-6	1033.1858091661993	978.9708856469953	330.2861203834514
6.422914307692955e-6	1026.7294161176421	970.7042399671905	334.52439736287295
6.2088171641031895e-6	1020.3837946022755	962.5760454801785	338.57118151827405
6.0085327394547004e-6	1014.148048085845	954.5785049381633	342.45604294033154
5.82076609134674e-6	1008.0150926295992	946.7112488050411	346.16793374756554
5.478368085973403e-6	995.4646365640688	932.1568820963743	349.33277803549976
5.174014303419325e-6	984.0378192559398	917.1404410742391	356.6284355910725
4.901697761134097e-6	972.8481700082293	902.6946596320835	362.7339429390053
4.656612873077393e-6	961.975609985361	888.6827513109112	368.2934179824241
4.43486940293085e-6	951.4150027732752	875.0614421330457	373.4407315680837
4.2332844300703565e-6	941.1420134965017	861.8283911344773	378.15355849549746
4.049228585284689e-6	931.1491422053723	848.9481098193558	382.5255963513341
3.880510727564493e-6	921.4152476690097	836.4222544364412	386.5279691308297
3.725290298461914e-6	911.9341418684375	824.2175923280203	390.2425394576107
3.5820099023672247e-6	902.6877932869755	812.3379817347277	393.6397535570546
3.4493428689462165e-6	893.670950279526	800.7522842430934	396.79156575332985
3.3261520521981373e-6	884.8680791676179	789.4662183333404	399.66812187144
3.2114571538464777e-6	876.2748192285927	778.4498044159296	402.3350106800349
3.1044085820515948e-6	867.8775649751334	767.7106061487603	404.761526079085
3.0042663697273502e-6	859.672583923454	757.2199086902245	407.0073235616234
2.91038304567337e-6	851.6479853705175	746.9864104615147	409.04228824350525
2.7391840429867014e-6	835.7835953737875	729.0299785831007	408.71690523277687
2.5870071517096626e-6	821.0303860237995	709.7533799308469	412.7239203767187
2.4508488805670485e-6	806.7944245277286	691.6423428234598	415.3891104286492
2.3283064365386963e-6	793.1064974275615	674.3505571434426	417.45567709895045
2.217434701465425e-6	779.940865909987	657.7498909751113	419.1334336922427
2.1166422150351783e-6	767.2576999794816	641.8597277395148	420.3575479088725
2.0246142926423447e-6	755.033273554258	626.5740113338499	421.2840520302989
1.9402553637822466e-6	743.2350383374549	611.9180607766722	421.8466653984535
1.862645149230957e-6	731.8426045701891	597.7953665797944	422.17804012028785
1.7910049511836123e-6	720.8293140425226	584.2346072453386	422.2141917083065
1.7246714344731083e-6	710.1774277920878	571.1473932280293	422.06946602924614
1.6630760260990686e-6	699.8649990749881	558.5636883564181	421.68426930572997
1.6057285769232388e-6	689.8763602890076	546.4026544651826	421.15737163085583
1.5522042910257974e-6	680.193327234006	534.6951723521469	420.43315173398923
1.5021331848636751e-6	670.8019385938801	523.3665959713214	419.5981971394769
1.455191522836685e-6	661.6870482538677	512.4482305074353	418.6007177212132
1.3695920214933507e-6	644.2422760674016	494.2820481668893	413.1989437697669
1.2935035758548313e-6	627.7912557064226	474.1234448343779	411.4958320564493
1.2254244402835243e-6	612.1973939496032	455.71911080524967	408.78569104796014
1.1641532182693481e-6	597.4051019136839	438.5291590060903	405.69080898377547
1.1087173507327124e-6	583.34566055645	422.27545260266675	402.46192592499216
1.0583211075175891e-6	569.9680178103705	407.03066434257704	398.98568847957847
1.0123071463211724e-6	557.2147599949578	392.56895169523176	395.446465303643
9.701276818911233e-7	545.0471407860629	378.96592446936455	391.7412587029124
9.313225746154785e-7	533.4166873382444	366.0257605037701	388.01869153243524
8.955024755918062e-7	522.2938357590634	353.82355517511746	384.18711935091756
8.623357172365541e-7	511.6371451078203	342.1876946247374	380.36843967591244
8.315380130495343e-7	501.4238775172922	331.1902453010818	376.4823055096823
8.028642884616194e-7	491.61822579729187	320.6802314762671	372.6293991037272
7.761021455128987e-7	482.2026786761433	310.72662889421224	368.73891226515065
7.510665924318376e-7	473.14598676413215	301.1954509462674	364.89508782700676
7.275957614183425e-7	464.4346148234632	292.1517964449403	361.03578670294274
6.847960107466753e-7	448.2047459108826	277.8367771001867	351.7018901678238
6.467517879274156e-7	432.82823050128076	261.58603045656974	344.8376803495297
6.127122201417621e-7	418.5160846401892	247.17538054946513	337.72776662984217
5.820766091346741e-7	405.14516341424684	234.08429770738223	330.6767984071432
5.543586753663562e-7	392.5955330555011	221.90360935168596	323.86731964158935
5.291605537587946e-7	380.8175438748413	210.76473082124352	317.17539306307395
5.061535731605862e-7	369.71647890089304	200.35018087211898	310.7250871677144
4.850638409455617e-7	359.25752934322503	190.78209727831188	304.41446047763066
4.6566128730773926e-7	349.36382689153817	181.80010670250087	298.3350544995676
4.477512377959031e-7	340.0107509185718	173.5149570982261	292.40360873869497
4.3116785861827706e-7	331.1350401465768	165.71043540872026	286.68879714688427
4.1576900652476716e-7	322.7190655812183	158.4850947757856	281.12287353313127
4.014321442308097e-7	314.71018960679635	151.65808265421438	275.7577368053219
3.8805107275644935e-7	307.0957829079517	145.31711167539777	270.53790295292777
3.755332962159188e-7	299.8315677890775	139.3093935720905	265.5030355860975
3.6379788070917124e-7	292.90849929564615	133.712862029292	260.6074816415735
3.4239800537333767e-7	280.2404655689171	125.1948431998485	250.72090016280805
3.233758939637078e-7	268.3204681280009	115.50732239465975	242.18573882383268
3.0635611007088106e-7	257.3952490374179	107.11126296489782	234.05019028639754
2.9103830456733704e-7	247.33958668658775	99.72086270752105	226.34624070913966
2.771793376831781e-7	238.01490787104535	92.95635134072218	219.11232990017342
2.645802768793973e-7	229.3777142350685	86.94215159738422	212.2620975664808
2.530767865802931e-7	221.32458361411784	81.40204961118403	205.81126701680103
2.4253192047278083e-7	213.82551728438474	76.4406650677283	199.695209171222
2.3283064365386963e-7	206.80086797778517	71.84661589869944	193.91921715051885
2.2387561889795154e-7	200.22937131340606	67.70664840049757	188.43463296043336
2.1558392930913853e-7	194.04865266342028	63.85627106907194	183.24097862007267
2.0788450326238358e-7	188.24320196722527	60.366844177428966	178.30128213485054
2.0071607211540486e-7	182.76353064397202	57.10897013583547	173.6118477047991
1.9402553637822467e-7	177.5981000099203	54.14159678875386	169.1442361545248
1.877666481079594e-7	172.7071441366439	51.36165849808136	164.8931098383494
1.8189894035458562e-7	168.08190828381723	48.818018177329094	160.83634226619154
1.7119900268666884e-7	159.68087023955448	45.01527861589022	153.20445493390594
1.616879469818539e-7	151.91063655098412	40.82509670983432	146.32208642565848
1.5317805503544053e-7	144.86429284005823	37.23460234130375	139.99731329041683
1.4551915228366852e-7	138.45247030748098	34.16041477890769	134.17210066320376
1.3858966884158905e-7	132.56894501945612	31.396446215846336	128.7974702724671
1.3229013843969864e-7	127.17151950721473	28.995650253320342	123.82183830068514
1.2653839329014654e-7	122.1853838423205	26.820238974121935	119.20546466528364
1.2126596023639041e-7	117.58022094058295	24.90997593785159	114.91127644931962
1.1641532182693481e-7	113.30158416701683	23.168110273838558	110.90756349814406
1.1193780944897577e-7	109.32695146127026	21.624147069974537	107.16705920809368
1.0779196465456927e-7	105.61586442714938	20.20873657306727	103.66444802734624
1.0394225163119179e-7	102.1511197883823	18.943691832072147	100.37922002980454
1.0035803605770243e-7	98.90213002116259	17.77854557570156	97.29108201647082
9.701276818911234e-8	95.85546871521804	16.72950779766848	94.38429133845257
9.38833240539797e-8	92.98764560926091	15.759318666255727	91.6424907514462
9.094947017729281e-8	90.28798455480734	14.88006912102327	89.0533755560265
8.559950134333442e-8	85.38285794460657	13.55296025016959	84.30035408731204
8.084397349092696e-8	80.92969795179687	12.176944144899382	80.00836232457877
7.658902751772027e-8	76.91673885879462	10.99975649647893	76.12614579558179
7.275957614183426e-8	73.28608398751064	10.00095361454682	72.60048920650704
6.929483442079453e-8	69.97925999108521	9.120973681087076	69.38230803316374
6.614506921984932e-8	66.95972171443742	8.36107640264631	66.43565859885798
6.326919664507327e-8	64.18781037392874	7.685336197268926	63.72605909778497
6.063298011819521e-8	61.63733101478649	7.093758303867024	61.22776468035296
5.820766091346741e-8	59.28041597050654	6.563598980021625	58.91593066451336
5.5968904724487885e-8	57.09776294890439	6.0941352747041195	56.77161305637603
5.389598232728463e-8	55.06924716055151	5.670565637304826	54.77651566303692
5.1971125815595895e-8	53.1803225019185	5.2918344710175536	52.91637921607458
5.0179018028851214e-8	51.41610899107275	4.948080960909816	51.17746338561685
4.850638409455617e-8	49.76543793144726	4.638157971037109	49.54882746487988
4.694166202698985e-8	48.21707629948478	4.355351556562235	48.01996834327453
4.5474735088646405e-8	46.76230934098807	4.098547711433916	46.58235161044749
4.279975067166721e-8	44.1146930176818	3.704962487419736	43.95883748475517
4.042198674546348e-8	41.737507848984656	3.3156561553303248	41.605600412729004
3.829451375886013e-8	39.6031787742243	2.9841446363579136	39.49058938294624
3.637978807091713e-8	37.67671275067727	2.7009806362718534	37.57977364619872
3.464741721039726e-8	35.92876179361962	2.455730747155466	35.844738951764405
3.307253460992466e-8	34.33587912502171	2.2428688801442105	34.26254711014028
3.1634598322536636e-8	32.87813056782167	2.056270362685827	32.81376573681036
3.0316490059097604e-8	31.539146058223544	1.8922339165194648	31.48233131277179
2.9103830456733704e-8	30.304897880019716	1.7469501937032126	30.254503805865728
2.7984452362243943e-8	29.163620910574167	1.6178807075297763	29.118709563301078
2.6947991163642316e-8	28.105152357669006	1.502547424926493	28.06495929595542
2.5985562907797947e-8	27.120825543625617	1.3991735307121433	27.084709553523556
2.5089509014425607e-8	26.203094738782763	1.3060850303110845	26.170523796500945
2.4253192047278084e-8	25.34543820023343	1.222014560025481	25.315961723326605
2.3470831013494924e-8	24.542134479501904	1.1457947075685453	24.515373121738616
2.2737367544323203e-8	23.788183762552062	1.0765053786645202	23.763813307014765
2.1399875335833604e-8	22.414939027492235	0.9702013563198737	22.393932234745858
2.021099337273174e-8	21.1880436518456	0.866215813147888	21.170329802758555
1.9147256879430066e-8	20.088492271344943	0.7780979548317013	20.07341737992244
1.8189894035458565e-8	19.09744032826139	0.7027898031613297	19.08450454122603
1.732370860519863e-8	18.199578657128633	0.6379078716942573	18.188395664385645
1.653626730496233e-8	17.382355458228854	0.5816212691054761	17.37262208118114
1.5817299161268318e-8	16.635371895807534	0.5324687511085019	16.62684802182651
1.5158245029548802e-8	15.949946642734764	0.4892980943642577	15.942439753091039
1.4551915228366852e-8	15.31877011544474	0.4511725155833437	15.312124647188094
1.3992226181121971e-8	14.735647738174238	0.41733796997768857	14.729736701053907
1.3473995581821158e-8	14.195292145017275	0.38717141396422994	14.19001118317382
1.2992781453898974e-8	13.693165310802323	0.3601627722778336	13.688427923119047
1.2544754507212804e-8	13.225348475169833	0.3358846114943911	13.221082550889632
1.2126596023639042e-8	12.788441498147835	0.3139819525356456	12.784586472977198
1.1735415506747462e-8	12.379478586300243	0.29415366637032697	12.37598334231374
1.1368683772161601e-8	11.995862088899894	0.276146567077153	11.992683199742968
1.0699937667916802e-8	11.296786271323045	0.24855181505009574	11.29405162265465
1.010549668636587e-8	10.673765938255755	0.22162278388343568	10.671464878184837
9.573628439715033e-9	10.11587851289569	0.1988447119200392	10.113924009414257
9.094947017729282e-9	9.613417125877612	0.1794074170633419	9.611742912438912
8.661854302599316e-9	9.15851191564085	0.1626868587772549	9.15706686089583
8.268133652481165e-9	8.74471628123546	0.14820022623408252	8.743460386611739
7.908649580634159e-9	8.366698038000138	0.13556582840190062	8.365599677563173
7.579122514774401e-9	8.020009362617824	0.12448143485808183	8.019043243981992
7.275957614183426e-9	7.7009100980793495	0.11470300514021893	7.700055815337464
6.996113090560986e-9	7.406232915452762	0.10603356614927195	7.405473845797147
6.736997790910579e-9	7.133277252945506	0.09831121499429081	7.1325997555166465
6.496390726949487e-9	6.879726747195841	0.09140315252055128	6.879119535216056
6.272377253606402e-9	6.643582948125592	0.08519855690640252	6.643036624505859
6.063298011819521e-9	6.423112845237894	0.0796052695688426	6.422619529733713
5.867707753373731e-9	6.216805990802332	0.07454537275087958	6.216359040039209
5.684341886080801e-9	6.023340071383424	0.06995329584367782	6.022933849207866
5.349968833958401e-9	5.670672514130642	0.06292105198123481	5.67032342144029
5.052748343182935e-9	5.35677744318975	0.056067250822151575	5.3564840183885325
4.786814219857517e-9	5.075812524668232	0.050275812675210356	5.075563528145298
4.547473508864641e-9	4.82285389760129	0.04533833199295087	4.8226407862560166
4.330927151299658e-9	4.593912607987264	0.041094485313481734	4.593728800560735
4.1340668262405825e-9	4.385723077627197	0.03742037439002721	4.385563433495436
3.9543247903170795e-9	4.195585988142635	0.03421819789299254	4.195446448094859
3.7895612573872004e-9	4.021250828216837	0.03141057378325569	4.021128150070475
3.637978807091713e-9	3.8608261869727483	0.028935121719752415	3.860717757716251
3.498056545280493e-9	3.7127109911187715	0.02674150313149354	3.7126146845026082
3.3684988954552896e-9	3.575540761607262	0.024788423541065814	3.5754548342796038
3.2481953634747434e-9	3.44814553813535	0.023041996975692317	3.448068548990593
3.136188626803201e-9	3.329516352177231	0.021474013084881675	3.3294471021744143
3.0316490059097605e-9	3.2187784998044195	0.020060986444074898	3.218715984305866
2.9338538766868654e-9	3.1151698921486592	0.018783117370581123	3.1151132646263977
2.8421709430404003e-9	3.018023524045103	0.017623714486379706	3.017972066864988
2.6749844169792006e-9	2.84090613373763	0.015848774918520506	2.840861925022346
2.5263741715914674e-9	2.683364143772649	0.014119628353637727	2.6833269953883514
2.3934071099287583e-9	2.5423776961457327	0.01265908734243367	2.5423461796865787
2.2737367544323206e-9	2.4154673380297584	0.011414259943709763	2.4154403689096746
2.165463575649829e-9	2.3006251923843113	0.010344619136704706	2.3006019352961227
2.0670334131202913e-9	2.196207951887809	0.009418761190838506	2.1961877549228057
1.9771623951585398e-9	2.100857711283173	0.008611997156418737	2.1008400597291903
1.8947806286936002e-9	2.0134425954402095	0.007904735761219136	2.0134270784623793
1.8189894035458565e-9	1.9330115999581858	0.00728124493532198	1.9329978864564485
1.7490282726402464e-9	1.8587598554811924	0.0067287928930568714	1.8587476761773412
1.6842494477276448e-9	1.7900015918132102	0.006236972300062281	1.7899907259174153
1.6240976817373717e-9	1.7261488973362795	0.005797220220722929	1.7261391624121638
1.5680943134016004e-9	1.6666948619529167	0.005402430066298532	1.666686106202854
1.5158245029548803e-9	1.6112000932909751	0.005046671789285578	1.6111921895679293
1.4669269383434327e-9	1.5592818356456608	0.0047249590054956395	1.5592746768087071
1.4210854715202002e-9	1.510605130985841	0.004433080104954911	1.5105986262278717
1.3374922084896003e-9	1.4218498380205804	0.003986277586242541	1.421844250074584
1.2631870857957337e-9	1.342929940065311	0.003550995473012458	1.3429252452593816
1.1967035549643792e-9	1.2723104145644315	0.00318334585552491	1.2723064321610105
1.1368683772161603e-9	1.2087471775821899	0.0028700047157612513	1.208743770360717
1.0827317878249145e-9	1.1512329386839706	0.0026007665115511873	1.1512300009661334
1.0335167065601456e-9	1.098943426700201	0.0023677255602057444	1.0989408760089197
9.885811975792699e-10	1.0511976232970528	0.0021646643441211953	1.0511953945169517
9.473903143468001e-10	1.0074279422720804	0.0019866532831045083	1.0074259834247332
9.094947017729282e-10	0.9671575525169791	0.00182972991580456	0.9671558217159572
8.745141363201232e-10	0.929982939282155	0.0016906917632170343	0.9299814024577256
8.421247238638224e-10	0.895560331273832	0.0015669169553248227	0.8955589604948135
8.120488408686859e-10	0.8635950412221555	0.0014562521368133281	0.863593813406054
7.840471567008002e-10	0.833833004795058	0.0013569065249094874	0.8338319007391345
7.579122514774401e-10	0.8060540161904947	0.0012673891078294752	0.8060530198080493
7.334634691717164e-10	0.7800662675198046	0.00118644302396781	0.7800653652580853
7.105427357601001e-10	0.7557019159052677	0.0011130094458233842	0.7557010962760778
6.687461042448001e-10	0.7112748529843149	0.0010005988250966428	0.7112741491786764
6.315935428978668e-10	0.6717775174517334	0.0008911208638145141	0.6717769264102631
5.983517774821896e-10	0.6364360459304825	0.0007986686535192128	0.636435544802464
5.684341886080801e-10	0.6046273043406198	0.0007198920499332324	0.6046268757751685
5.413658939124572e-10	0.575846804277208	0.0006522162055963777	0.5758464349201915
5.167583532800728e-10	0.5496817532704352	0.0005936535823386248	0.5496814326988713
4.942905987896349e-10	0.5257911223289515	0.000542635177546646	0.5257908423194555
4.736951571734001e-10	0.5038907041791182	0.0004979217918536988	0.5038904581672655
4.547473508864641e-10	0.48374174882248255	0.00045851343115966387	0.4837415315220177
4.372570681600616e-10	0.4651422273313485	0.00042360513569041086	0.4651420344426603
4.210623619319112e-10	0.44792003106761163	0.0003925353018619752	0.44791985906816745
4.0602442043434293e-10	0.4319276323861067	0.0003647627276825436	0.4319274783650841
3.920235783504001e-10	0.4170378458696777	0.0003398356467193178	0.4170377074070812
3.7895612573872006e-10	0.40314044036616814	0.00031737936126900984	0.40314031543492274
3.667317345858582e-10	0.39013940383148793	0.0002970769294687041	0.3901392907248471
3.5527136788005004e-10	0.37795072323576245	0.0002786622896168104	0.3779506205071824
3.3437305212240007e-10	0.3557248210292927	0.0002504754061267271	0.35572473284604944
3.157967714489334e-10	0.3359668087470094	0.00022303735364868397	0.3359667347134065
2.991758887410948e-10	0.318288150621127	0.0001998723505063969	0.3182880878651614
2.842170943040401e-10	0.3023770048476585	0.00018013876127293522	0.3023769511895171
2.706829469562286e-10	0.2879809163056986	0.00016318946560455824	0.2879808700686004
2.583791766400364e-10	0.27489332355099666	0.0001485252242617079	0.2748932834268067
2.4714529939481747e-10	0.26294358230034187	0.00013575221889474518	0.2629435472573376
2.3684757858670003e-10	0.2519894848019503	0.00012455921369119633	0.25198945401693823
2.2737367544323206e-10	0.2419115726949334	0.00011469551998678204	0.24191154550511587
2.186285340800308e-10	0.2326087632922882	0.00010595897999165056	0.23260873915883365
2.105311809659556e-10	0.22399494677071588	9.818391953067463e-5	0.22399492525218911
2.0301221021717146e-10	0.21599631310769796	9.123442956603811e-5	0.2159962938394952
1.9601178917520005e-10	0.20854923148864712	8.499748819669099e-5	0.20854921416762118
1.8947806286936003e-10	0.20159855415885364	7.937900650691792e-5	0.20159853853119464
1.833658672929291e-10	0.19509624823500396	7.429975312588739e-5	0.19509623408697813
1.7763568394002502e-10	0.18900028423740134	6.96929242104098e-5	0.1890002713879396
1.6718652606120003e-10	0.17788424354411242	6.26409597342794e-5	0.17788423251477703
1.578983857244667e-10	0.16800290477370786	5.577757708776389e-5	0.1680028955145281
1.495879443705474e-10	0.15916159789637024	4.998356781300575e-5	0.15916159004787805
1.4210854715202004e-10	0.15120433331713018	4.504780431392828e-5	0.15120432660665875
1.353414734781143e-10	0.14400483102718545	4.08087187268418e-5	0.14400482524490876
1.291895883200182e-10	0.13745976904354082	3.71411117609072e-5	0.1374597640258465
1.2357264969740873e-10	0.13148379290890105	3.394666394667461e-5	0.13148378852670312
1.1842378929335001e-10	0.12600577276928024	3.114734988013594e-5	0.1260057689196256
1.1368683772161603e-10	0.1209659586577454	2.868057725135306e-5	0.12096595525771645
1.093142670400154e-10	0.11631379222206005	2.6495683862552706e-5	0.11631378920426973
1.052655904829778e-10	0.11200620469045021	2.4551296234850702e-5	0.11200620199967894
1.0150610510858573e-10	0.10800627954124763	2.2813366348045988e-5	0.10800627713189842
9.800589458760003e-11	0.10428219183928841	2.125366337878878e-5	0.10428218967344301
9.473903143468002e-11	0.10080635969414392	1.984862346240481e-5	0.10080635774006157
9.168293364646455e-11	0.09755475994060521	1.8578451810253948e-5	0.09755475817155328
8.881784197001251e-11	0.09450637212220882	1.7426422634794426e-5	0.09450637051554356
8.359326303060002e-11	0.0889475795415178	1.5662937898383818e-5	0.08894757816246046
7.894919286223336e-11	0.08400632712834454	1.3946660455525576e-5	0.08400632597063805
7.47939721852737e-11	0.07958517929621625	1.2497822530395327e-5	0.0795851783149056
7.105427357601002e-11	0.07560612414968843	1.1263602772977213e-5	0.07560612331067737
6.767073673905715e-11	0.07200600853061945	1.0203606940021208e-5	0.0720060078076687
6.45947941600091e-11	0.06873316117453608	9.286517212894101e-6	0.06873316054718677
6.178632484870437e-11	0.06574489674811901	8.487750102326918e-6	0.06574489620022932
5.921189464667501e-11	0.06300564385360526	7.787790363032654e-6	0.06300564337230172
5.6843418860808015e-11	0.06048552229559721	7.170986769231946e-6	0.060485521870511594
5.46571335200077e-11	0.05815924865921815	6.62466906443996e-6	0.05815924828192441
5.26327952414889e-11	0.05600528508465443	6.13849155585049e-6	0.05600528474824797
5.0753052554292866e-11	0.054005170441074175	5.703939528319421e-6	0.054005170139853696
4.9002947293800014e-11	0.0521429898737953	5.313953610660562e-6	0.052142989603019656
4.736951571734001e-11	0.050404950438705194	4.962641243825531e-6	0.0504049501944057
4.584146682323227e-11	0.0487790388693556	4.645052538571446e-6	0.04877903864818977
4.4408920985006255e-11	0.04725474351086714	4.357005023035956e-6	0.04725474331000379
4.179663151530001e-11	0.04447515416262927	3.916074173774504e-6	0.04447515399022248
3.947459643111668e-11	0.04200438220846251	3.486950596770673e-6	0.0420043820637297
3.739698609263685e-11	0.03979368470001077	3.124697849679088e-6	0.03979368457733129
3.552713678800501e-11	0.03780405141826924	2.816107966907865e-6	0.03780405131338016
3.383536836952858e-11	0.03600390249431745	2.551080474393197e-6	0.0360039024039382
3.229739708000455e-11	0.034367399728919466	2.321784518083736e-6	0.03436739965049219
3.0893162424352184e-11	0.032873198428783786	2.1220731657356464e-6	0.03287319836029038
2.9605947323337503e-11	0.031503511277844405	1.9470668142239073e-6	0.03150351121767541
2.8421709430404007e-11	0.030243396875290363	1.7928520472411457e-6	0.03024339682214953
2.732856676000385e-11	0.029080212454207378	1.6562608274544084e-6	0.029080212407041284
2.631639762074445e-11	0.028003188216177727	1.534706345283237e-6	0.028003188174123166
2.5376526277146433e-11	0.027003092878389204	1.426059638739748e-6	0.027003092840733406
2.4501473646900007e-11	0.02607196841673699	1.328555636157345e-6	0.026071968382887223
2.3684757858670004e-11	0.02520291785947701	1.2407209872880275e-6	0.02520291782893712
2.2920733411616136e-11	0.024389934152449354	1.161318086547545e-6	0.02438993412480148
2.2204460492503128e-11	0.02362776111157254	1.0893011791609318e-6	0.023627761086462733
2.0898315757650004e-11	0.022237918172729736	9.79061011306547e-7	0.02223791815117735
1.973729821555834e-11	0.021002495759915824	8.717733360528753e-7	0.021002495741823005
1.8698493046318424e-11	0.019897116108500548	7.812047422813878e-7	0.019897116093164635
1.7763568394002505e-11	0.018902273041226002	7.040529025699132e-7	0.018902273028114074
1.691768418476429e-11	0.0180021758012183	6.377924622700563e-7	0.018002175789920243
1.6148698540002275e-11	0.017183904647142312	5.804655302429529e-7	0.017183904637338362
1.5446581212176092e-11	0.016436786725721665	5.305352470516364e-7	0.016436786717159542
1.4802973661668752e-11	0.01575192797464352	4.867816071547323e-7	0.01575192796712202
1.4210854715202004e-11	0.01512185736773878	4.4822618319981265e-7	0.015121857361095854
1.3664283380001925e-11	0.014540253256690075	4.1407690075555465e-7	0.01454025325079404
1.3158198810372225e-11	0.014001730525172841	3.836870185040993e-7	0.014001730519915786
1.2688263138573216e-11	0.01350167335243591	3.5652425635145366e-7	0.013501673347728733
1.2250736823450003e-11	0.013036102577238534	3.3214731155129484e-7	0.013036102573007137
1.1842378929335002e-11	0.012601569588796215	3.101878330597636e-7	0.012601569584978576
1.1460366705808068e-11	0.012195070754792972	2.90336391150935e-7	0.012195070751336854
1.1102230246251564e-11	0.01181397789403269	2.723315352896103e-7	0.011813977890893845
1.0449157878825002e-11	0.011119044358398453	2.4477056073609716e-7	0.011119044355704308
9.86864910777917e-12	0.010501324043205397	2.1794779580311806e-7	0.010501324040943718
9.349246523159212e-12	0.009948626493313212	1.9530496959271594e-7	0.009948626491396162
8.881784197001252e-12	0.009451198353164937	1.7601646472403013e-7	0.009451198351525896
8.458842092382144e-12	0.009001144038724753	1.5945090865616953e-7	0.009001144037312456
8.074349270001138e-12	0.008592003518900779	1.45118808393333e-7	0.008592003517675252
7.723290606088046e-12	0.00821844024039926	1.3263593141210878e-7	0.008218440239328967
7.401486830834376e-12	0.007876007070997039	1.2169726470709965e-7	0.007876007070056827
7.105427357601002e-12	0.007560968416169831	1.1205819141587457e-7	0.0075609684153394455
6.8321416900009626e-12	0.007270163385546372	1.0352068695758466e-7	0.007270163384809351
6.5790994051861124e-12	0.007000899366685296	9.59230596532078e-8	0.00700089936602815
6.344131569286608e-12	0.006750868404374961	8.91322313218463e-8	0.006750868403786551
6.125368411725002e-12	0.006518080880701084	8.30378794339674e-8	0.006518080880172149
5.921189464667501e-12	0.006300812459040334	7.754790550785568e-8	0.006300812458563119
5.730183352904034e-12	0.006097561296929185	7.258495660767892e-8	0.0060975612964971615
5.551115123125782e-12	0.005907013281479345	6.808366372349139e-8	0.005907013281086983
5.224578939412501e-12	0.005559543497105324	6.119330426409062e-8	0.00555954349676855
4.934324553889585e-12	0.005250681062330073	5.448750609865203e-8	0.005250681062047359
4.674623261579606e-12	0.0049743303563525056	4.8826715962159524e-8	0.00497433035611287
4.440892098500626e-12	0.004725614634661449	4.4004520664926325e-8	0.004725614634456566
4.229421046191072e-12	0.004500586053841327	3.986307623624295e-8	0.004500586053664787
4.037174635000569e-12	0.0042960145582400765	3.628000537529138e-8	0.004296014558086883
3.861645303044023e-12	0.004109231839547417	3.315924766416187e-8	0.0041092318394136285
3.700743415417188e-12	0.003938014306385486	3.042454913880139e-8	0.003938014306267958
3.552713678800501e-12	0.0037804941411324062	2.8014754090100768e-8	0.003780494141028607
3.4160708450004813e-12	0.003635090882049102	2.5880354444987913e-8	0.0036350908819569733
3.2895497025930562e-12	0.0035004582093455697	2.3980927492117723e-8	0.0035004582092634257
3.172065784643304e-12	0.0033754421342078573	2.2283204269041478e-8	0.0033754421341343054
3.062684205862501e-12	0.0032590478383537377	2.07596008160346e-8	0.00325904783828762
2.9605947323337505e-12	0.003150413145665727	1.9387095301406252e-8	0.0031504131456060744
2.865091676452017e-12	0.003048787128334069	1.8146346472024132e-8	0.0030487871282800657
2.775557561562891e-12	0.0029535127243431347	1.7021013483370483e-8	0.002953512724294089
2.6122894697062505e-12	0.0027797770780162386	1.5298408780445275e-8	0.0027797770779741412
2.4671622769447924e-12	0.0026253452913364743	1.3621946463839842e-8	0.002625345291301135
2.337311630789803e-12	0.002487169455591341	1.2206737881666308e-8	0.0024871694555613864
2.220446049250313e-12	0.002362811181843202	1.1001180935855227e-8	0.0023628111818175916
2.114710523095536e-12	0.0022502965355341727	9.965812717127567e-9	0.0022502965355121053
2.0185873175002844e-12	0.002148010478812109	9.070039237817652e-9	0.00214801047879296
1.9308226515220115e-12	0.00205461884960608	8.289845049875992e-9	0.0020546188495893566
1.850371707708594e-12	0.0019690098459104795	7.606166372431449e-9	0.0019690098458957886
1.7763568394002505e-12	0.0018902495538244872	7.003714067833015e-9	0.0018902495538115122
1.7080354225002406e-12	0.0018175477383404835	6.470111465785842e-9	0.0018175477383289675
1.6447748512965281e-12	0.0017502312361709286	5.995252437881303e-9	0.0017502312361606604
1.586032892321652e-12	0.0016877230501065195	5.5708191050683765e-9	0.0016877230500973255
1.5313421029312504e-12	0.0016295257686756407	5.189916816437547e-9	0.001629525768667376
1.4802973661668753e-12	0.0015752083018672433	4.84678844790133e-9	0.0015752083018597865
1.4325458382260085e-12	0.0015243951841327126	4.53660009817217e-9	0.001524395184125962
1.3877787807814455e-12	0.0014767578830708816	4.255265540634694e-9	0.0014767578830647509
1.3061447348531253e-12	0.0013898898713724682	3.8246126584721965e-9	0.0013898898713672059
1.2335811384723962e-12	0.001312673835709726	3.4054952462800972e-9	0.0013126738357053084
1.1686558153949015e-12	0.0012435857971483976	3.0516919239952974e-9	0.0012435857971446532
1.1102230246251565e-12	0.001181406557048754	2.750301467591254e-9	0.0011814065570455528
1.057355261547768e-12	0.001125149144919688	2.491458660893994e-9	0.0011251491449169296
1.0092936587501422e-12	0.0010740060393284133	2.267514574339296e-9	0.0010740060393260196
9.654113257610057e-13	0.0010273101572605386	2.0724653356756527e-9	0.001027310157258448
9.25185853854297e-13	0.0009845055961341881	1.9015452655494057e-9	0.0009845055961323517
8.881784197001252e-13	0.0009451253977264307	1.7509318312854264e-9	0.0009451253977248088
8.540177112501203e-13	0.0009087744434988355	1.6175306988685051e-9	0.0009087744434973959
8.223874256482641e-13	0.0008751161509596161	1.498815575021338e-9	0.0008751161509583325
7.93016446160826e-13	0.0008438620208036708	1.3927071807956143e-9	0.0008438620208025215
7.656710514656252e-13	0.0008147633467121979	1.2974811713872892e-9	0.0008147633467111648
7.401486830834376e-13	0.0007876045831920342	1.2116990735106584e-9	0.0007876045831911021
7.162729191130043e-13	0.0007621979970575439	1.1341516649861815e-9	0.0007621979970567001
6.938893903907227e-13	0.0007383793217600787	1.0638179064612448e-9	0.0007383793217593124
