# k	S
0.11780972450961723	0.025204981958603385
0.35342917352885167	0.017063930326490655
0.5890486225480861	0.01252533200691686
0.8246680715673206	0.010333562770805159
1.060287520586555	0.009069265526068846
1.2959069696057894	0.008279368938169687
1.531526418625024	0.007784182327754862
1.7671458676442584	0.0074991132683970545
2.002765316663493	0.007381421449973409
2.2383847656827274	0.007410516426204401
2.474004214701962	0.007579806759085494
2.7096236637211963	0.007893399331441047
2.945243112740431	0.008365305421955764
3.1808625617596653	0.00902034165200512
3.4164820107789	0.009896597942539638
3.6521014597981343	0.011049786218394203
3.8877209088173683	0.012560232591943327
4.123340357836603	0.014543908995807719
4.358959806855838	0.01716994397036062
4.594579255875072	0.020688900497058172
4.830198704894307	0.02547952934792161
5.065818153913541	0.032128279169678066
5.301437602932776	0.04156895374750122
5.53705705195201	0.055337079896319814
5.772676500971244	0.07605211188466378
6.008295949990479	0.10837142211506419
6.243915399009713	0.16095920420875598
6.479534848028948	0.25068718993985173
6.715154297048182	0.4115926923856771
6.950773746067417	0.7119128374412563
7.186393195086651	1.2700408315978484
7.422012644105886	2.1814139526471887
7.65763209312512	3.1680515704476595
7.8932515421443545	3.4438751026233185
8.12887099116359	2.82246129065125
8.364490440182824	1.9857958186679872
8.600109889202058	1.3628681660216813
8.835729338221292	0.9726623187300225
9.071348787240527	0.7351460590532239
9.306968236259761	0.5881563102396192
9.542587685278995	0.4952947670810782
9.77820713429823	0.4363363672787019
10.013826583317464	0.3999930721604713
10.2494460323367	0.3799031368041748
10.485065481355933	0.37253722271269446
10.720684930375167	0.376110595935473
10.956304379394401	0.39001872137405763
11.191923828413637	0.4145514029154016
11.427543277432871	0.4507554067889701
11.663162726452105	0.5003630716015302
11.89878217547134	0.5657109322560501
12.134401624490575	0.6495463261079938
12.37002107350981	0.7545647909646037
12.605640522529043	0.8824549711272651
12.841259971548277	1.0322211285197844
13.076879420567513	1.1977772282232642
13.312498869586747	1.3655063124449518
13.548118318605981	1.5136547058676006
13.783737767625215	1.6161358194493716
14.01935721664445	1.651542032545897
14.254976665663685	1.6133237031178338
14.49059611468292	1.5136293172429547
14.726215563702153	1.3771922128592082
14.961835012721387	1.2301453840854581
15.197454461740623	1.09174193014596
15.433073910759857	0.9722455769974806
15.668693359779091	0.8749609751690742
15.904312808798325	0.7992511806076854
16.13993225781756	0.7428521556960007
16.375551706836795	0.703193726437906
16.61117115585603	0.6780002733565526
16.846790604875263	0.6654901754054368
17.0824100538945	0.6643861444988419
17.31802950291373	0.6738473550144278
17.553648951932967	0.6933706690449928
17.789268400952203	0.7226741253175265
18.024887849971435	0.7615589557025946
18.26050729899067	0.8097392153966304
18.496126748009903	0.8666282199845968
18.73174619702914	0.9310798077874842
18.967365646048375	1.001103703152581
19.202985095067607	1.0736107876417718
19.438604544086843	1.144291570716206
19.67422399310608	1.2077692408570877
19.90984344212531	1.2581565477865226
20.145462891144547	1.2900373618058594
20.38108234016378	1.2996842293079287
20.616701789183015	1.2861029702613338
20.85232123820225	1.2514372823302482
21.087940687221483	1.2004918484968972
21.32356013624072	1.139549746847755
21.55917958525995	1.0749862137924677
21.794799034279187	1.0121919570589257
22.030418483298423	0.9550576996906481
22.266037932317655	0.9059690530251602
22.50165738133689	0.8661004551036542
22.737276830356127	0.8357973888988781
22.97289627937536	0.8149155976202429
23.208515728394595	0.8030665784367546
23.444135177413827	0.799768029003828
23.679754626433063	0.8045176332689836
23.9153740754523	0.8168109818354429
24.15099352447153	0.8361201437452795
24.386612973490767	0.861844459768586
24.62223242251	0.8932421509300817
24.857851871529235	0.9293512389458218
25.09347132054847	0.9689111635919038
25.329090769567703	1.0103018130249366
25.56471021858694	1.051522891640089
25.800329667606174	1.0902405289384534
26.035949116625407	1.123925095370569
26.271568565644642	1.1500893888671844
26.507188014663875	1.1666077492309117
26.74280746368311	1.1720596913525898
26.978426912702346	1.166011328105923
27.21404636172158	1.149144148334911
27.449665810740814	1.123176039331301
27.68528525976005	1.0905854847115577
27.920904708779283	1.0542167601069208
28.15652415779852	1.0168775810054451
28.39214360681775	0.9810262891716234
28.627763055836986	0.9485971089843573
28.863382504856222	0.920958737594164
29.099001953875455	0.898967232933173
29.33462140289469	0.883065203032616
29.570240851913923	0.8733881774997205
29.80586030093316	0.8698543813572837
30.041479749952394	0.8722278810322183
30.277099198971626	0.8801541740867832
30.512718647990862	0.8931720664609247
30.748338097010098	0.9107077112231402
30.98395754602933	0.9320575131673968
31.219576995048566	0.956367234048471
31.4551964440678	0.9826154599092598
31.690815893087034	1.0096104728091293
31.92643534210627	1.0360099007876036
32.162054791125506	1.060371354181186
32.39767424014474	1.081238561958562
32.63329368916397	1.0972606767006952
32.86891313818321	1.107332890658434
33.10453258720244	1.1107364346917052
33.340152036221674	1.1072491536416675
33.57577148524091	1.0971982993192904
33.811390934260146	1.081437253406333
34.04701038327938	1.0612459040106252
34.28262983229861	1.0381743590674475
34.51824928131785	1.013863745133249
34.75386873033708	0.9898804799952627
34.989488179356314	0.967591480100402
35.225107628375554	0.9480922625613087
35.460727077394786	0.93218469161921
35.69634652641402	0.9203912166206957
35.93196597543326	0.9129892621318766
36.16758542445249	0.910051425382709
36.40320487347172	0.911481659503172
36.638824322490954	0.9170424383956977
36.874443771510194	0.9263718069339989
37.110063220529426	0.9389919184279224
37.34568266954866	0.9543123398600529
37.5813021185679	0.9716323715060655
37.81692156758713	0.9901470878071318
38.05254101660636	1.0089617891322558
38.2881604656256	1.02711892640021
38.523779914644834	1.0436401095037104
38.759399363664066	1.0575833764181861
38.995018812683305	1.0681125454289861
39.23063826170254	1.0745716429200933
39.46625771072177	1.076553985441329
39.701877159741	1.0739537011788962
39.93749660876024	1.0669884281347506
40.173116057779474	1.0561861082893773
40.408735506798706	1.0423355743384142
40.644354955817946	1.0264081973129544
40.87997440483718	1.0094638349541145
41.11559385385641	0.9925567179534193
41.35121330287565	0.9766550998997069
41.58683275189488	0.9625834485675568
41.822452200914114	0.9509896972009253
42.05807164993335	0.942334684672945
42.293691098952586	0.936897686043746
42.52931054797182	0.9347910997191526
42.76492999699106	0.9359783456815163
43.00054944601029	0.9402909700817708
43.23616889502952	0.9474430799705086
43.471788344048754	0.9570430708473283
43.70740779306799	0.9686039554228187
43.943027242087226	0.981554419231267
44.17864669110646	0.9952530433726968
44.4142661401257	1.0090079689458908
44.64988558914493	1.022103635400753
44.88550503816416	1.0338351158019319
45.1211244871834	1.0435490586686416
45.35674393620263	1.0506884944398853
45.592363385221866	1.0548370723526717
45.827982834241105	1.05575707215167
46.06360228326034	1.0534152265627
46.29922173227957	1.0479913222143606
46.5348411812988	1.039866765096295
46.77046063031804	1.0295934550002366
47.00608007933727	1.017846695100391
