# τ	Fs	F	Δζ	ΔG	Δr²
0.0	1.0	1.0	1182.8623663995966	117.61754912027759	0.0
3.125e-7	0.9999838611727643	0.9999885797617692	1182.2932405071044	117.56265921386841	3.125e-7
6.25e-7	0.9999677242929674	0.9999771608477076	1181.7245933765869	117.50781432944831	6.249422430485157e-7
9.375000000000001e-7	0.9999515910457284	0.9999657444502602	1181.1564331990908	117.453015192914	9.372690384475324e-7
1.25e-6	0.9999354614287835	0.999954330567849	1180.5887594737194	117.39826175864431	1.2494804737307877e-6
1.5625e-6	0.9999193354396949	0.9999429191987732	1180.021571699725	117.34355398104208	1.561576647010287e-6
1.8750000000000003e-6	0.999903213076027	0.9999315103413331	1179.45486937693	117.28889181455995	1.873557656295728e-6
2.1875000000000002e-6	0.9998870943353467	0.999920103993831	1178.8886520057183	117.23427521370044	2.1854235994926496e-6
2.5e-6	0.999870979215223	0.9999087001545707	1178.3229190870447	117.17970413301586	2.4971745744025514e-6
2.8125e-6	0.9998548677132274	0.9998972988218572	1177.7576701224234	117.12517852710828	2.8088106787230185e-6
3.125e-6	0.9998387598269334	0.9998858999939978	1177.1929046139362	117.07069835062939	3.120332010047842e-6
3.4375e-6	0.9998226555539169	0.999874503669301	1176.6286220642273	117.01626355828053	3.4317386658671407e-6
3.7500000000000005e-6	0.9998065548917563	0.9998631098460767	1176.0648219765046	116.96187410481268	3.743030743567484e-6
4.0625000000000005e-6	0.999790457838032	0.9998517185226371	1175.5015038545357	116.9075299450262	4.0542083404320125e-6
4.3750000000000005e-6	0.9997743643903269	0.9998403296972951	1174.9386672026537	116.85323103377087	4.365271553640559e-6
4.6875000000000004e-6	0.9997582745462259	0.9998289433683659	1174.3763115257461	116.79897732594601	4.6762204802697715e-6
5.0e-6	0.9997421883033165	0.9998175595341658	1173.8144363292672	116.74476877650018	4.987055217293232e-6
5.3125e-6	0.9997261079684444	0.9998061798093375	1173.2531296771974	116.69061360392278	5.297699940442024e-6
5.625e-6	0.9997100319976537	0.999794803113226	1172.692331853086	116.63650623750111	5.60820544985696e-6
5.9375e-6	0.9996939598746519	0.9997834290844702	1172.132022629265	116.58244479098252	5.918588745287696e-6
6.25e-6	0.9996778914257299	0.9997720576014916	1171.5721949374165	116.52842860593677	6.228855558228912e-6
6.5625e-6	0.9996618265913827	0.9997606886226457	1171.01284609473	116.47445743311928	6.5390078635588866e-6
6.875e-6	0.999645765350178	0.9997493221329363	1170.453974880165	116.42053115967308	6.8490463837279615e-6
7.1875e-6	0.999629707693376	0.9997379581262522	1169.895580560157	116.36664971822253	7.158971423591078e-6
7.500000000000001e-6	0.9996136536164705	0.9997265965994452	1169.3376625639582	116.31281305658074	7.468783148719679e-6
7.8125e-6	0.9995976031163675	0.9997152375503541	1168.7802203754409	116.25902112765466	7.778481678183897e-6
8.125000000000001e-6	0.9995815561904455	0.9997038809771492	1168.2232534970535	116.20527388608112	8.08806711548382e-6
8.4375e-6	0.9995655128362424	0.9996925268781123	1167.6667614377957	116.1515712871058	8.39753955886125e-6
8.750000000000001e-6	0.9995494730513503	0.9996811752515631	1167.110743709223	116.09791328620973	8.706899104737496e-6
9.0625e-6	0.9995334368333798	0.9996698260958353	1166.5551998241037	116.04429983898467	9.016145848859506e-6
9.375000000000001e-6	0.9995174041799518	0.9996584794092682	1166.0001292959844	115.99073090109151	9.32527988668203e-6
9.6875e-6	0.9995013750886891	0.9996471351902039	1165.4455316390295	115.93720642824653	9.634301313495127e-6
1.0e-5	0.9994853495572186	0.9996357934369858	1164.8914063679788	115.88372637621669	9.94321022446672e-6
1.0625e-5	0.9994533091610269	0.9996131173192776	1163.7845708699374	115.77689934202412	1.056069100523427e-5
1.125e-5	0.9994212829745446	0.9995904510443998	1162.6796190485534	115.6702494562875	1.1177722903717237e-5
1.1875e-5	0.9993892709795694	0.9995677945996516	1161.5765470807446	115.56377637043882	1.1794306649392337e-5
1.25e-5	0.9993572731574679	0.9995451479720325	1160.4753511259905	115.45747973430971	1.2410442988889162e-5
1.3125e-5	0.9993252894894853	0.9995225111484565	1159.3760273437542	115.35135919770896	1.3026132673526459e-5
1.375e-5	0.9992933199568513	0.9994998841158268	1158.2785718992766	115.24541441094782	1.3641376455089236e-5
1.4375e-5	0.9992613645408119	0.9994772668610583	1157.1829809654735	115.13964502501246	1.425617508449337e-5
1.5000000000000002e-5	0.999229423222644	0.9994546593710871	1156.0892507235835	115.03405069162184	1.4870529311272537e-5
1.5625e-5	0.9991974959836556	0.9994320616328735	1154.9973773633428	114.92863106324428	1.5484439883479857e-5
1.6250000000000002e-5	0.9991655828051917	0.9994094736334005	1153.9073570830456	114.82338579310307	1.609790754758742e-5
1.6875e-5	0.9991336836686306	0.9993868953596751	1152.8191860895438	114.71831453517613	1.671093304852531e-5
1.7500000000000002e-5	0.9991017985553861	0.9993643267987294	1151.7328605982352	114.6134169441956	1.7323517129627074e-5
1.8125e-5	0.9990699274469053	0.99934176793762	1150.6483768330481	114.5086926756459	1.7935660532683912e-5
1.8750000000000002e-5	0.9990380703246716	0.9993192187634273	1149.5657310264191	114.4041413857624	1.8547363997895346e-5
1.9375e-5	0.9990062271702025	0.9992966792632557	1148.484919419268	114.29976273152924	1.915862826392497e-5
2.0e-5	0.99897439796505	0.9992741494242346	1147.4059382609926	114.19555637067828	1.9769454067851793e-5
2.125e-5	0.9989107813047209	0.9992291186612888	1145.2534509801837	113.98765904126398	2.0989794202440536e-5
2.25e-5	0.9988472202131529	0.9991841263835183	1143.1082402605512	113.7804467570176	2.2208389613148027e-5
2.375e-5	0.9987837145494438	0.9991391724926189	1140.9702767037627	113.57391683406186	2.3425245923106027e-5
2.5e-5	0.9987202641696188	0.9990942568881429	1138.8395308423899	113.36806658193628	2.4640368875826468e-5
2.625e-5	0.9986568689290193	0.9990493794691664	1136.7159732743683	113.16289331579313	2.58537642392451e-5
2.75e-5	0.9985935286831378	0.9990045401348736	1134.5995747075153	112.95839436043735	2.706543777269481e-5
2.875e-5	0.9985302432878572	0.9989597387847211	1132.490305973759	112.75456705161949	2.827539521706544e-5
3.0000000000000004e-5	0.998467012599568	0.9989149753185179	1130.388138033621	112.55140873644635	2.9483642290501132e-5
3.125e-5	0.9984038364751645	0.9988702496364283	1128.2930419771271	112.34891677346634	3.069018468813375e-5
3.2500000000000004e-5	0.9983407147720834	0.9988255616389954	1126.2049890238593	112.14708853267814	3.1895028080977246e-5
3.375e-5	0.9982776473482745	0.9987809112271199	1124.1239505224005	111.94592139548264	3.3098178116721575e-5
3.5000000000000004e-5	0.9982146340622291	0.9987362983020827	1122.0498979498973	111.74541275464759	3.429964041898498e-5
3.625e-5	0.9981516747729482	0.9986917227655211	1119.9828029113467	111.54556001424541	3.549942058822149e-5
3.7500000000000003e-5	0.9980887693399719	0.9986471845194487	1117.9226371391137	111.3463605896132	3.6697524201015594e-5
3.875e-5	0.9980259176233455	0.9986026834662334	1115.8693724921986	111.14781190728938	3.7893956810997875e-5
4.0e-5	0.9979631194836485	0.9985582195086156	1113.8229809557681	110.94991140497369	3.9088723948146753e-5
4.25e-5	0.9978376831976538	0.9984694023657902	1109.7506957660466	110.55604383610152	4.147329102759341e-5
4.5e-5	0.9977124595002238	0.9983807324061077	1105.7055668094674	110.16473822882635	4.385126432011393e-5
4.75e-5	0.9975874473353427	0.9982922088929216	1101.687376722773	109.77597468800485	4.6222685611508897e-5
5.0e-5	0.997462645627916	0.9982038310762975	1097.6959085813853	109.38973335385363	4.858759740849976e-5
5.25e-5	0.9973380533014854	0.9981155982053602	1093.7309468953995	109.00599449252915	5.094604222906197e-5
5.5e-5	0.9972136692847314	0.9980275095328367	1089.7922779310068	108.62473852542556	5.329806235103403e-5
5.75e-5	0.9970894925129598	0.9979395643160865	1085.8796898027044	108.24594603764548	5.5643699747135685e-5
6.000000000000001e-5	0.9969655219291857	0.9978517618178646	1081.99297249444	107.8695977800171	5.7982996048797635e-5
6.25e-5	0.9968417564838229	0.9977641013060963	1078.1319178522567	107.49567466851704	6.0315992552794946e-5
6.500000000000001e-5	0.9967181951351618	0.9976765820542179	1074.29631957254	107.1241577832958	6.264273020908305e-5
6.75e-5	0.9965948368488619	0.9975892033408157	1070.485973184003	106.75502836712887	6.496324963524738e-5
7.000000000000001e-5	0.9964716805983596	0.9975019644499187	1066.7006760325844	106.38826782413513	6.727759110705771e-5
7.25e-5	0.9963487253643448	0.9974148646706245	1062.9402272625784	106.0238577181483	6.958579457363323e-5
7.500000000000001e-5	0.9962259701351593	0.9973279032973843	1059.204427801453	105.66177977142414	7.18878996483449e-5
7.75e-5	0.9961034139062744	0.9972410796296319	1055.493080341203	105.30201586303043	7.418394562390794e-5
8.0e-5	0.9959810556806861	0.9971543929720659	1051.8059893234424	104.94454802757572	7.647397146336851e-5
8.5e-5	0.9957369280094308	0.9969814270404216	1044.5037340968415	104.23642318861177	8.103616677193392e-5
9.0e-5	0.9954935801656826	0.9968090006517285	1037.296180424111	103.53726900178724	8.557475656557133e-5
9.5e-5	0.9952510047189352	0.9966371086243976	1030.1818411040547	102.84694865485665	9.009002982886267e-5
0.0001	0.9950091941582193	0.9964657457210215	1023.1592446326871	102.16532671094512	9.45822781983853e-5
0.000105	0.9947681410131127	0.9962949067326258	1016.2269418659305	101.49226971864697	9.905179114443676e-5
0.00011	0.9945278379021966	0.996124586512562	1009.3835079431484	100.82764638986167	0.00010349885417501944
0.000115	0.9942882775388452	0.9959547799804268	1002.6275425744313	100.17132762836262	0.00010792374853488829
0.00012000000000000002	0.9940494527411062	0.9957854821290542	995.9576698611875	99.52318651573617	0.0001123267509205562
0.000125	0.9938113564248231	0.9956166880196068	989.3725378992732	98.88309827741907	0.00011670813367745992
0.00013000000000000002	0.9935739816091677	0.9954483927855386	982.8708183838295	98.25094024881764	0.00012106816468355882
0.000135	0.9933373214085114	0.9952805916268146	976.4512061535149	97.62659183583723	0.00012540710759642077
0.00014000000000000001	0.9931013690374226	0.9951132798134961	970.112418786476	97.00993448005602	0.00012972522175571177
0.000145	0.9928661178025611	0.9949464526799796	963.8531961537919	96.40085161996515	0.0001340227624303689
0.00015000000000000001	0.9926315611075589	0.9947801056285027	957.6723000287127	95.79922865722439	0.0001382999807233348
0.000155	0.992397692445072	0.9946142341234917	951.5685136561773	95.20495291924603	0.00014255712381342118
0.00016	0.9921645054015983	0.9944488336950195	945.5406413771875	94.61791362670878	0.0001467944348604804
0.00017	0.9917001430614555	0.9941194229949263	933.7075494000542	93.46507274949866	0.00015521081153814135
0.00018	0.991238430098141	0.9937918428716006	922.1641677370817	92.33988409146458	0.0001635507682562359
0.00019	0.9907793201247019	0.993466061000468	910.9017492016183	91.2415351666407	0.0001718160464853378
0.0002	0.9903227668768116	0.9931420451463928	899.9117812888193	90.16923450790284	0.00018000837720069071
0.00021	0.9898687249015697	0.9928197636416974	889.1860198554244	89.12221481284746	0.0001881294538720067
0.00022	0.9894171498842553	0.992499185615246	878.7164937096802	88.09973341317374	0.00019618092143196297
0.00023	0.988967998610368	0.9921802809642734	868.4954990015812	87.10107180515493	0.00020416437697759693
0.00024000000000000003	0.9885212290470623	0.9918630204125578	858.5155913445441	86.12553496808066	0.00021208136803567437
0.00025	0.9880768002292507	0.9915473754294117	848.7695766147665	85.17245055934477	0.00021993339617427764
0.00026000000000000003	0.9876346723132297	0.991233318268452	839.2505023496864	84.24116816115833	0.00022772191626677202
0.00027	0.9871948064592345	0.9909208218841729	829.9516487915408	83.33105849309334	0.00023544834024744234
0.00028000000000000003	0.9867571648814839	0.9906098599681892	820.8665207917497	82.44151270054712	0.00024311403645051495
0.00029	0.986321710734998	0.9903004068688309	811.9888394671987	81.57194161913695	0.0002507203332112249
0.00030000000000000003	0.9858884081647117	0.9899924376267001	803.3125346987441	80.72177511353561	0.0002582685181819752
0.00031	0.9854572221971821	0.9896859278977234	794.8317373952158	79.89046139374192	0.0002657598417558677
0.00032	0.9850281187890102	0.989380853988194	786.5407725536893	79.07746640177741	0.0002731955163539922
0.00034	0.9841759890778147	0.9887748949545584	770.5047155086174	77.50420803384884	0.00028790594228021206
0.00036	0.9833317919536426	0.9881744025034164	755.1640630342013	75.9981967843717	0.00030240778606277366
0.00038	0.9824952933154788	0.9875792137611208	740.4801819431002	74.55578118249734	0.0003167092203960106
0.0004	0.9816662650648911	0.9869891700768038	726.4166106465141	73.17350908599713	0.00033081815148920305
0.00042	0.9808444875877023	0.9864041187228656	712.9391069746902	71.8481328155571	0.00034474212580753376
0.00044	0.9800297515400808	0.985823914154303	700.0155641348505	70.57660189879257	0.0003584882814710373
0.00046	0.9792218567175283	0.9852484171995549	687.6158827773353	69.35605167730083	0.00037206338431491215
0.00048000000000000007	0.9784206125934591	0.9846774954520223	675.7118435980155	68.18379187547701	0.00038547382258627926
0.0005	0.9776258369086747	0.9841110222681623	664.276979036129	67.05729504708886	0.00039872565284625384
0.0005200000000000001	0.9768373560785165	0.9835488770669664	653.2864578438003	65.97418614632345	0.00041182459799554054
0.00054	0.976055003863478	0.9829909443858313	642.7169725160585	64.93223233879853	0.0004247760900976151
0.0005600000000000001	0.9752786217655939	0.9824371141718656	632.5466393280573	63.929333924450084	0.0004375852675417985
0.00058	0.974508057808801	0.9818872809153013	622.7549009506953	62.96351548339354	0.000450257013828541
0.0006000000000000001	0.9737431669343524	0.9813413439394455	613.3224402775235	62.03291801353952	0.0004627959536681648
0.00062	0.9729838098836953	0.9807992066065055	604.2310962369467	61.135791243232916	0.00047520648805428946
0.00064	0.9722298535910336	0.9802607766048974	595.4637894833241	60.27048681965203	0.0004874927894991144
0.00068	0.9707375095238854	0.9791945993462962	578.8327871978407	58.628727711629374	0.0005117121540767111
0.00072	0.969265276135465	0.9781422166822037	563.3164520352217	57.09669363492602	0.0005354804307107592
0.00076	0.9678122966390296	0.977103034684553	548.8116984100149	55.6643759036051	0.0005588235141163833
0.0008	0.9663777634276529	0.97607649392383	535.2260100858012	54.32277161155452	0.0005817654587632328
0.00084	0.9649609178610827	0.9750620690400679	522.4767203852214	53.063818533727506	0.0006043285003383519
0.00088	0.9635610577047685	0.9740592740624963	510.49002400845825	51.88030319249801	0.0006265329190390762
0.00092	0.9621775257972386	0.9730676543276658	499.19995140419053	50.76576498366356	0.0006483973962652824
0.0009600000000000001	0.960809713211393	0.9720867888302067	488.54746808432685	49.71441138265833	0.0006699389920296048
0.001	0.959457048413927	0.9711162825113442	478.4796455032475	48.72103981291435	0.0006911734782596501
0.0010400000000000001	0.9581190000511579	0.9701557683384858	468.94896233986515	47.78097135981724	0.000712115312568701
0.00108	0.9567950675910475	0.9692049006440793	459.912666502604	46.8899902583354	0.0007327779198774848
0.0011200000000000001	0.9554847840780907	0.9682633571724013	451.332241498482	46.044292913848906	0.0007531736553030621
0.00116	0.9541877081124752	0.9673308333643474	443.17291645704245	45.24044115547124	0.000773314040781771
0.0012000000000000001	0.9529034265480112	0.9664070443539331	435.40325775963225	44.47532296749318	0.0007932097206658988
0.00124	0.9516315475875292	0.965491720043197	427.9947910885269	43.74611623807999	0.000812870661771816
0.00128	0.950371703380211	0.9645846070188835	420.9216875139847	43.050258388579195	0.0008323061051244708
0.00136	0.9478864812959241	0.962793888943099	407.6824883965166	41.74876078587785	0.0008705396015301957
0.00144	0.9454454112736771	0.9610332721615894	395.52910548936717	40.555251694952844	0.0009079682743337297
0.00152	0.9430462203411641	0.959301192522959	384.3265533251766	39.456291726999225	0.0009446467040704994
0.0016	0.9406868281162474	0.9575962206354752	373.96027241480647	38.44046402120393	0.000980623651284042
0.00168	0.9383653075687336	0.9559170328531101	364.3331173176381	37.49808055086176	0.0010159433937991904
0.00176	0.9360799119606804	0.9542624309613267	355.3625115714687	36.62090109675358	0.0010506452409966035
0.00184	0.93382902196046	0.9526313043115668	346.97787303893205	35.80188001604306	0.0010847650238389823
0.0019200000000000003	0.9316111619432836	0.9510226420987876	339.1186026810068	35.03496648933252	0.001118334777564945
0.002	0.9294249560785272	0.9494355019520915	331.7323561164652	34.31493385262659	0.0011513839361719166
0.0020800000000000003	0.9272691424962246	0.9478690206125782	324.773725581	33.63724800348352	0.0011839390245257041
0.00216	0.925142538174309	0.9463223887803264	318.203093898298	32.99795392444241	0.0012160245945594822
0.0022400000000000002	0.9230440516968651	0.9447948607029101	311.98576473281014	32.3935884597722	0.001247662928780067
0.00232	0.920972654974808	0.9432857338803704	306.09118959757285	31.821103648067684	0.0012788747832303338
0.0024000000000000002	0.9189273946319557	0.9417943576057116	300.49238315287175	31.277807870539892	0.0013096791119717667
0.00248	0.9169073689514292	0.9403201163897205	295.1653907968481	30.761313007960418	0.0013400936659354336
0.00256	0.9149117379545726	0.9388624375134865	290.08888779565774	30.26949397061468	0.0013701347425734117
0.00272	0.9109901831782269	0.9359944060704259	280.6069863936697	29.35189134488389	0.0014291573165949032
0.00288	0.9071572432832473	0.933186519266668	271.9226102318479	28.512642096309758	0.0014868548708519354
0.00304	0.9034077442853934	0.9304352509870805	263.9308918137917	27.74131927189428	0.0015433249926182816
0.0032	0.8997370324895074	0.9277374372961298	256.5444633105988	27.02924762437315	0.0015986524731812291
0.00336	0.8961408261376439	0.9250901668378942	249.69032440909731	26.369189192106234	0.001652914019891221
0.00352	0.892615279676097	0.9224908296119058	243.30722573164078	25.755078186453897	0.001706176885365454
0.00368	0.8891568428219216	0.9199370151912438	237.34331149869726	25.18178645347833	0.0017585024684553413
0.0038400000000000005	0.8857623028946267	0.91742654596417	231.7544357324656	24.644953375626503	0.001809945168749218
0.004	0.8824286756623791	0.9149573982996401	226.50268628955845	24.14083949933829	0.001860555076905978
0.0041600000000000005	0.8791532402857457	0.912527730033556	221.55535263513624	23.6662222435068	0.0019103769803304502
0.00432	0.875933455385859	0.9101358196793123	216.8839923294252	23.21830356895413	0.001959452414075482
0.0044800000000000005	0.8727669887572352	0.9077800897521633	212.46378233022048	22.794644393518926	0.00200781880335761
0.00464	0.8696516517439545	0.9054590590890088	208.2729087365366	22.39310439429841	0.00205551106337627
0.0048000000000000004	0.8665854245688168	0.9031713627092031	204.29214583935473	22.011799420892288	0.0021025608627667264
0.00496	0.863566404114445	0.9009157137541239	200.5044441091343	21.64906096373528	0.0021489978967242696
0.00512	0.8605928255675431	0.8986909204552239	196.89464895544478	21.303407685517133	0.0021948492538153615
0.00544	0.8547754300409205	0.894329503610431	190.1522409425579	20.657826704017197	0.002284877820777745
0.00576	0.849121252900104	0.8900789956703026	183.9765658132486	20.066457120221234	0.0023728419155976017
0.00608	0.8436194358121176	0.8859320551782544	178.29307775884317	19.52205714113596	0.0024589069640548467
0.0064	0.8382603985992038	0.881882224866215	173.03978630520865	19.01861604286736	0.0025432118907625684
0.00672	0.8330354307138279	0.877923628831378	168.16489686871037	18.551123441178856	0.00262588148314483
0.00704	0.8279367751828256	0.8740510451462976	163.62499119758118	18.11538788992978	0.0027070239363632823
0.00736	0.8229573237744598	0.8702596827978497	159.38329114193368	17.707867192159878	0.0027867381503920365
0.007680000000000001	0.8180906863508101	0.8665452425388214	155.4084990966631	17.325553121801118	0.0028651110246616213
0.008	0.8133309657303631	0.8629037516191163	151.67371431022917	16.96586582660698	0.002942222713934321
0.008320000000000001	0.8086728175691146	0.8593316157571868	148.15572853056358	16.626583975293958	0.003018144306096987
0.00864	0.8041112803997109	0.8558254936928593	144.83434080420855	16.305778192983006	0.00309294183332469
0.008960000000000001	0.7996418270343325	0.8523823414298527	141.69191843465126	16.00176764023253	0.0031666743186171587
0.00928	0.7952602333271086	0.8489993148288331	138.7129485825158	15.713076570040041	0.0032393969178804213
0.009600000000000001	0.790962622139958	0.8456738072659304	135.88375541439385	15.438406441633418	0.0033111592687773373
0.00992	0.7867453600288122	0.8424033725325067	133.1921968407307	15.176606602569802	0.0033820080002119044
0.01024	0.7826050948817433	0.8391857569891258	130.6274767844291	14.926655844745467	0.0034519853271797935
0.01088	0.7745451558156836	0.8329021264284642	125.84044418482318	14.458644537638508	0.003589413271482574
0.01152	0.7667584914624246	0.8268064513470166	121.45747621202874	14.028299190104407	0.0037237888759101175
0.01216	0.7592244607770018	0.8208847910474913	117.42475088099351	13.630581961043932	0.0038553761298001166
0.0128	0.7519253572281753	0.8151252337183543	113.697879695789	13.261339772967407	0.003984386671139267
0.01344	0.744845310504658	0.8095170807221636	110.2398316334587	12.917115912981787	0.004111010134543455
0.01408	0.7379703094913204	0.8040509061277388	107.01958290100599	12.595023526671461	0.004235409409614126
0.01472	0.7312876044904053	0.7987181091072428	104.01083261808742	12.292622101732167	0.004357734534778097
0.015360000000000002	0.724785804277486	0.7935110184173617	101.19120257244992	12.00784129784914	0.0044781162862933
0.016	0.7184544589976753	0.7884225769558079	98.54144953675994	11.738904814439728	0.004596676107641544
0.016640000000000002	0.7122841519026804	0.7834464352782957	96.0449827357088	11.4842849492199	0.004713520784240842
0.01728	0.7062661889659805	0.7785767146473946	93.68736348654431	11.24265430716978	0.004828750138189628
0.017920000000000002	0.7003926788618565	0.7738080868020549	91.45600372688338	11.012857846271066	0.004942452638443974
0.01856	0.6946562958546478	0.7691355912987636	89.33983624228428	10.793881080340077	0.005054711485712894
0.019200000000000002	0.6890503488536701	0.7645547034592168	87.32911989416772	10.58483232929284	0.0051656009390074285
0.01984	0.6835685967462717	0.7600611908526956	85.4152151202422	10.384921069988257	0.005275191208020909
0.02048	0.6782053078933716	0.7556511713272114	83.59045441370922	10.193446359066389	0.005383545347096934
0.02176	0.6678208748363168	0.7470731223755154	80.18477607933119	9.833562645358995	0.005596596913843413
0.02304	0.6578512827777351	0.7387890776569744	77.06212856020821	9.500732038699631	0.0058053622611655385
0.02432	0.6482610781650685	0.7307747604205035	74.18401892927116	9.191437255129534	0.006010246037648539
0.0256	0.63902088382857	0.72301015186626	71.51945790823335	8.902826435224496	0.006211556484866819
0.02688	0.630104708640008	0.7154774665269494	69.04275766378547	8.632527863857097	0.006409572769819802
0.02816	0.6214897440728082	0.7081611203529262	66.73244253952707	8.378557502866443	0.006604533216430251
0.02944	0.6131553441326921	0.701046933551949	64.57031218318748	8.139228356448937	0.006796660579286314
0.030720000000000004	0.6050831556273185	0.6941223148535338	62.540896398079276	7.913103380096698	0.006986147135286169
0.032	0.597256441495979	0.6873757225435985	60.63089720845425	7.698941215653881	0.007173173317472921
0.033280000000000004	0.5896602050878812	0.6807968251868904	58.82886069455429	7.495669061572264	0.00735789593352911
0.03456	0.5822806888755836	0.6743760971108782	57.12482040557048	7.3023479899221435	0.007540462886201631
0.035840000000000004	0.5751054792732158	0.6681049508495661	55.510092032209144	7.1181566250273	0.007721003645878121
0.03712	0.5681231269922478	0.661975426775543	53.97703835838427	6.942368079794614	0.007899640990286661
0.038400000000000004	0.5613232365835922	0.6559803038567138	52.518937411939525	6.774339845270472	0.00807648311351143
0.03968	0.5546961741302193	0.6501128575403895	51.129822934153	6.613497928253839	0.008251633123474128
0.04096	0.5482331440653213	0.6443669532015911	49.80439746043887	6.45933042899363	0.008425182417030885
0.04352	0.5357863566061032	0.6332322279702417	47.33160653192935	6.1696538384017865	0.008767444615662203
0.04608	0.5239048560853092	0.6225202408337549	45.061696089635625	5.901667794942385	0.009104283645576866
0.04864	0.5125349236197385	0.6121927791193192	42.96779747655116	5.652693298308101	0.009436284369986525
0.0512	0.5016338035242465	0.6022196185723614	41.02873071137203	5.420583624770843	0.00976387032031822
0.05376	0.49116413138109166	0.5925741727403008	39.22681507393513	5.203533106328754	0.010087433932927223
0.05632	0.4810933009353701	0.5832332671866979	37.54712025804761	5.000011414925877	0.01040730495547948
0.05888	0.4713920033503937	0.5741759064361466	35.976883551893266	4.808698765926758	0.010723796539335055
0.06144000000000001	0.46203437279587684	0.5653835762659356	34.505184741959624	4.628458871399043	0.011037172546428227
0.064	0.4529970226154047	0.5568394092160484	33.12258040197701	4.458299321391757	0.011347683710693666
0.06656000000000001	0.444259167273725	0.5485284272586898	31.82089123846945	4.297355387861263	0.011655542205670109
0.06912	0.4358018997188415	0.540436906311393	30.592970453098598	4.144863528051495	0.011960950755329904
0.07168000000000001	0.4276082936902618	0.5325525725908241	29.43255241912277	4.000151359227111	0.012264081896624777
0.07424	0.41966285853147084	0.5248641142757712	28.33410158806402	3.862619458068541	0.012565101542820107
0.07680000000000001	0.41195163235716215	0.517361347556842	27.292723181084583	3.7317350868415855	0.012864151638990759
0.07936	0.40446176547848567	0.510034836264506	26.304051348474793	3.6070193563752877	0.01316136951587795
0.08192	0.3971816054988061	0.5028760342863192	25.36419238836174	3.488043238384005	0.013456873178727296
0.08704	0.3832454075360609	0.4890615291943637	23.62353555326264	3.266353266671572	0.014042560971160026
0.09216	0.37002532438239316	0.47582773146753043	22.038539372868467	3.063309892860191	0.014622692323947833
0.09728	0.3574519181346276	0.4631222135742982	20.589431168080914	2.876633918166058	0.01519800226764199
0.1024	0.34547211232687874	0.45090539637726973	19.26062246487999	2.7045114722973658	0.01576898511620444
0.10752	0.33403947263881734	0.4391423795922466	18.038813814921618	2.545398330749632	0.01633612454879961
0.11264	0.3231133926925492	0.4278027383286343	16.912603452121296	2.397972803270135	0.016899803338515703
0.11776	0.3126573335943526	0.4168588101548	15.872137396274852	2.261085455472046	0.01746040023099864
0.12288000000000002	0.3026391359214903	0.40628631222438816	14.90891723334686	2.1337414503751373	0.018018211725171082
0.128	0.29302974491946215	0.396063086432726	14.015535153811387	2.0150671763325376	0.018573532117417108
0.13312000000000002	0.2838034084486124	0.38616954891643196	13.185535050943765	1.904298599042954	0.0191265910229253
0.13824	0.2749366912058645	0.3765877064565507	12.41322908120178	1.800758117314686	0.019677619008253707
0.14336000000000002	0.2664086425682726	0.36730152103399205	11.693608016631531	1.7038472073046016	0.02022679557781168
0.14848	0.25820004890093184	0.35829614680443717	11.022215882087409	1.6130302823931848	0.020774303426093564
0.15360000000000001	0.2502935925487321	0.3495582425559141	10.395092444423174	1.5278301151317835	0.021320284300695352
0.15872	0.24267327850242854	0.341075372876419	9.808685520347558	1.4478163408074045	0.021864884489547626
0.16384	0.23532458281317417	0.33283627857588083	9.259813308384652	1.372602582481366	0.022408216930735466
0.17408	0.2214526063177186	0.31710795432728706	8.269120956511866	1.2357567268259404	0.023490664050781526
0.18432	0.20850449576577074	0.30222784383382945	7.395099244267455	1.1141393658925567	0.024569341023184935
0.19456	0.19639441632463908	0.2881263847122712	6.621944568524146	1.0057231532109738	0.0256449532847585
0.2048	0.18505724615490196	0.27475214824905964	5.936878592338873	0.9088823709941631	0.02671786136443067
0.21504	0.174433794085203	0.26205778377115513	5.328799226513608	0.8222186593639967	0.027788507931847145
0.22528	0.16447096614660878	0.2500008650466699	4.788153176223779	0.7445316883335863	0.02885715854303997
0.23552	0.15511997888678525	0.2385417208445415	4.306688231971322	0.6747786579628912	0.02992414317231463
0.24576000000000003	0.1463372460170355	0.2276448871092085	3.8773162323832495	0.6120601014971206	0.030989647429890275
0.256	0.13808275122543373	0.21727724877523724	3.4938847388223455	0.5555902076418567	0.032053912799643876
0.26624000000000003	0.1303205357706203	0.20740900442489915	3.1510707708935297	0.5046861103952314	0.03311706688181404
0.27648	0.12301740222729135	0.19801217960716316	2.844225110427038	0.45874716102583124	0.03417928800766987
0.28672000000000003	0.1161432865373316	0.18906137533078612	2.5692968032264822	0.4172476510308751	0.03524066383731229
0.29696	0.10967027405302043	0.18053261665811862	2.322726782785696	0.37972240827637116	0.03630132796787546
0.30720000000000003	0.10357291256923241	0.172403964603321	2.101396504473369	0.34576184599537335	0.037361340657498916
0.31744	0.09782746005792894	0.16465461800602232	1.9025530660204923	0.3150017693555243	0.03842080343818497
0.32768	0.0924121473909601	0.15726541738202662	1.723773248257557	0.2871199043796227	0.03947975765818526
0.34816	0.0825758049704394	0.1435934084462564	1.421045382325294	0.23920077150275618	0.04159534368959575
0.36864	0.07380386070655114	0.1311292058666583	1.1740450435187206	0.1995758672075674	0.043709627960916056
0.38912	0.06597370253135532	0.11975630379981679	0.9722449582968319	0.16672957294474472	0.04582306265165572
0.4096	0.05898703135152778	0.10938234570274606	0.8072476672435743	0.13947049307393	0.04793559332352224
0.43008	0.052752807976656164	0.09991940083174845	0.6721156557048465	0.11681532988129746	0.050047497942611575
0.45056	0.04718935890254386	0.09128716773892606	0.561229039844959	0.09795979859394513	0.05215874566516547
0.47104	0.04222288674161544	0.08341095762641863	0.4700403742474122	0.08224254778189366	0.0542695473033624
0.49152000000000007	0.037788328372077386	0.07622370725321936	0.3948911430116448	0.06912337126573168	0.05637986921193051
0.512	0.033827403639138304	0.06966369114616647	0.33281995589765484	0.058157481059057006	0.05848986573754535
0.5324800000000001	0.03028876326832011	0.06367550134648857	0.28143720650360043	0.04898016634433652	0.060599502369040194
0.55296	0.027126449216651624	0.058208238572692014	0.23880241746098393	0.041290081349883295	0.06270889364575143
0.5734400000000001	0.02429988725297371	0.0532160999711527	0.20334381057101364	0.03483906716082347	0.06481800736843293
0.59392	0.021772753527120766	0.048657032420006394	0.17378023378697452	0.02942137371364625	0.06692693019876356
0.6144000000000001	0.019512919601812628	0.044493107449236645	0.14907167778533298	0.02486690933251366	0.0690356337514168
0.63488	0.017491616467786162	0.0406895169002778	0.12836650019590637	0.02103421725530282	0.07114418465693702
0.65536	0.015683356775652423	0.037214806156292204	0.11097045789311043	0.017805953722477792	0.0732525586909001
0.69632	0.012665026866925918	0.031221182164593745	0.0843700944915204	0.012845824157404475	0.07746805132646528
0.73728	0.010229147152410635	0.026191289998923332	0.06504804812681964	0.009285305672183155	0.08168314325257574
0.77824	0.008263693448160797	0.02196994263065051	0.05090854562171722	0.006723215277672076	0.08589813073939133
0.8192	0.006680635785451249	0.01843223739021484	0.040468303290953564	0.004877848801625379	0.09011275596310041
0.86016	0.0054060102723369275	0.015468747710153259	0.032667193657747014	0.0035462709306564805	0.09432722210471713
0.90112	0.00437956622524477	0.012986613878701493	0.02676262628678363	0.0025834895551025707	0.09854139457305708
0.94208	0.003552451477703923	0.010907185332880164	0.022232763712211744	0.001885800449558037	0.10275542212060934
0.9830400000000001	0.0028855506776355546	0.009164840867373712	0.018710338068426736	0.0013791652395463642	0.10696922170352192
1.024	0.0023473761621409304	0.007704456699008357	0.015934027999842934	0.0010104895312181338	0.11118289556329317
1.0649600000000001	0.0019127444024081754	0.006480109119680985	0.013716969640960015	0.000741689074769805	0.11539639050760626
1.10592	0.0015613984049995884	0.005453284313756458	0.011923882022399832	0.0005453284834564662	0.11960977674736548
1.1468800000000001	0.0012771176507900405	0.004591870687503434	0.01045618600492427	0.00040162968000833027	0.12382302001277755
1.18784	0.0010468509530691598	0.0038689499825003792	0.009241116941556658	0.00029628166308994224	0.12803616904144807
1.2288000000000001	0.0008601338032356614	0.0032620582932276336	0.008224429937587718	0.00021892039543292872	0.13224920182270467
1.26976	0.0007085418198263058	0.002752367680095402	0.007365632256471593	0.0001620161904112294	0.13646215260013372
1.31072	0.0005853108947908134	0.002324152033047316	0.0066335810568705685	0.00012009337549009677	0.1406750073441573
1.39264	0.0004078495907799984	0.0016774016276680742	0.005483824264080046	6.730035138400071e-5	0.1491002519069719
1.47456	0.0002873389629566256	0.001213485669815726	0.004599930381359524	3.787521345505385e-5	0.15752523171607075
1.55648	0.0002052115545186446	0.0008806153313662298	0.003907990489605896	2.141138411355282e-5	0.16595005780563032
1.6384	0.00014905256436469476	0.0006420439843077985	0.0033571748540963285	1.2177591412834152e-5	0.17437466707728247
1.72032	0.00011035589344827474	0.00047086380844425676	0.0029119051628904496	6.9760205864106176e-6	0.1827991281746009
1.80224	8.341409806320045e-5	0.00034775244569865404	0.0025469748183807365	4.030027915350284e-6	0.19122342065691167
1.88416	6.442150035944942e-5	0.0002589338305989645	0.00224430578518023	2.351355712935943e-6	0.19964758721987166
1.9660800000000003	5.084177771668373e-5	0.00019461796282682688	0.001990647374017471	1.3884780162915134e-6	0.20807162141857108
2.048	4.0977914355998865e-5	0.00014784078270796072	0.0017760926393161763	8.321016811591391e-7	0.21649555013555571
2.1299200000000003	3.368951839551085e-5	0.00011364711514133972	0.0015931147042298674	5.079487205136165e-7	0.22491937260015737
2.21184	2.8205718794320626e-5	8.850493454316801e-5	0.0014359059900541126	3.1729135843950444e-7	0.23334310658569746
2.2937600000000002	2.400192806804854e-5	6.989357112669755e-5	0.0012999283145927961	2.039031904378696e-7	0.2417667535935737
2.37568	2.0718495413114527e-5	5.601064753111433e-5	0.001181592399314255	1.3557646727479644e-7	0.2501903259459144
2.4576000000000002	1.8106610398322245e-5	4.556495621952579e-5	0.0010780302976512322	9.375036554628792e-8	0.2586138259297392
2.53952	1.5992515880235782e-5	3.762938231498704e-5	0.000986927982924805	6.76577134148928e-8	0.2670372624487302
2.62144	1.425345961729333e-5	3.15364694196983e-5	0.0009064024886153672	5.100788543291494e-8	0.27546063792389813
2.78528	1.1640868351616078e-5	2.3343005724693648e-5	0.0007742970695805986	3.315803244612465e-8	0.2923071665717079
2.94912	9.702202618665682e-6	1.8030786535918717e-5	0.0006675891994269724	2.422096695238426e-8	0.3091535060977466
3.11296	8.216652639978489e-6	1.4428186876393398e-5	0.00058036138513865	1.912644041740692e-8	0.32599969134264656
3.2768	7.0487377059528975e-6	1.1879079167986912e-5	0.0005082822053714866	1.5849320734732457e-8	0.3428457314379535
3.44064	6.11057942665371e-6	9.999721462547258e-6	0.00044810636227957037	1.3524799934362707e-8	0.3596916494898441
3.60448	5.343645825278868e-6	8.562495687377018e-6	0.0003973923285870172	1.1758784329587055e-8	0.376537453984638
3.76832	4.707637500924904e-6	7.4291426163455456e-6	0.00035428255031863477	1.0356142607666268e-8	0.39338316094379905
3.9321600000000005	4.173844279392585e-6	6.512827084811297e-6	0.00031734682163576966	9.21054709872483e-9	0.4102287772687802
4.096	3.7212309615797246e-6	5.7570527499619685e-6	0.0002854715635025631	8.25813484183781e-9	0.42707431445204486
4.2598400000000005	3.334011520674017e-6	5.123645945167987e-6	0.0002577808055627667	7.456991051034187e-9	0.443919778048904
4.42368	3.0001140877960363e-6	4.58590089724929e-6	0.00023357892374113577	6.7775432133817925e-9	0.4607651765743624
4.5875200000000005	2.710136234601514e-6	4.124482694298305e-6	0.00021230270427155195	6.1977508266189114e-9	0.4776105145194156
4.75136	2.4567189938594173e-6	3.7250527520972735e-6	0.0001935151127061797	5.700541967341727e-9	0.49445579836325626
4.9152000000000005	2.2339866133465383e-6	3.3766771279481894e-6	0.00017684234946170518	5.272322038264059e-9	0.5113010317621992
5.07904	2.0372028612268217e-6	3.0708460945709904e-6	0.00016198401049307941	4.90206261657367e-9	0.5281462197546751
5.24288	1.862524013076482e-6	2.8008293919052893e-6	0.0001486920064127562	4.5807014575852766e-9	0.5449913653440216
5.57056	1.5752269852103656e-6	2.359352104124716e-6	0.000126630275195664	4.065590101937199e-9	0.5786815051352023
5.89824	1.34194649280719e-6	2.003238098357301e-6	0.00010851767994566541	3.6657679713986877e-9	0.6123715133765096
6.22592	1.1504766280910147e-6	1.7126224584240125e-6	9.350993950233303e-5	3.350150529575199e-9	0.6460614138183622
6.5536	9.919244683017108e-7	1.4731122009675178e-6	8.098853454269059e-5	3.096648147016479e-9	0.6797512175972104
6.88128	8.596708053287816e-7	1.274062458374667e-6	7.048354076123376e-5	2.8892336269663625e-9	0.7134409398857565
7.20896	7.487120208850246e-7	1.107529731940291e-6	6.162972578594159e-5	2.7162342643087886e-9	0.7471305888529246
7.53664	6.551820795318252e-7	9.67458939560346e-7	5.413896292448975e-5	2.5691222106572004e-9	0.7808201751502415
7.864320000000001	5.760379715513887e-7	8.4913622905413e-7	4.778090138630962e-5	2.4416502966334124e-9	0.8145097047907928
8.192	5.088486910644412e-7	7.488272900977343e-7	4.23692311959303e-5	2.329230540014146e-9	0.8481991853851627
8.519680000000001	4.516484124039176e-7	6.635316616792868e-7	3.7751766866119995e-5	2.228484889906537e-9	0.8818886213691024
8.84736	4.028313938375443e-7	5.908107053991438e-7	3.380316284828174e-5	2.1369191341719e-9	0.9155780182547684
9.175040000000001	3.6107502697932627e-7	5.286637213242078e-7	3.0419470741154107e-5	2.0526856329714628e-9	0.9492673793233828
9.50272	3.252824120394685e-7	4.754366980898904e-7	2.751400255816445e-5	1.9744103057715395e-9	0.9829567086161763
9.830400000000001	2.945387297781338e-7	4.2975368862178627e-7	2.5014136105900037e-5	1.901066326600284e-9	1.0166460085649733
10.15808	2.680775525541926e-7	3.9046428470696217e-7	2.2858810104704883e-5	1.8318817919530944e-9	1.0503352821632685
10.48576	2.452544284826936e-7	3.566027361021752e-7	2.099653354762629e-5	1.7662721850215527e-9	1.0840245312213694
11.14112	2.0988788617632038e-7	3.04138189575477e-7	1.8103059139345005e-5	1.645074717417974e-9	1.1514029378473578
11.79648	1.8286933376052088e-7	2.6416092562213657e-7	1.5882856831784785e-5	1.5337509490146745e-9	1.2187812663989623
12.45184	1.6195184180106378e-7	2.332934864578227e-7	1.4155139495527298e-5	1.4308061070946141e-9	1.2861595296987685
13.1072	1.4556036441794314e-7	2.0916478493400996e-7	1.2793887579512465e-5	1.3352453601710243e-9	1.353537732188796
13.76256	1.3254313791826756e-7	1.9005141977393368e-7	1.170637947078051e-5	1.2463343987345414e-9	1.4209158810480988
14.41792	1.220510608374856e-7	1.746876014224722e-7	1.082407307140379e-5	1.1634950861838287e-9	1.4882939790050784
15.07328	1.134562378835784e-7	1.621386255725405e-7	1.0096233310507468e-5	1.0862476936608085e-9	1.5556720308330498
15.728640000000002	1.0629366427644451e-7	1.517126316198714e-7	9.48526570497697e-6	1.0141779727855013e-9	1.6230500383795003
16.384	1.0021857199939007e-7	1.4289679855854694e-7	8.9632821854186e-6	9.469180463678035e-10	1.6904280050047744
17.039360000000002	9.49750363888785e-8	1.3531054764999806e-7	8.509569548049728e-6	8.841350748682516e-10	1.7578059320904975
17.69472	9.037282296239794e-8	1.2867106228026477e-7	8.108721121146758e-6	8.255242947773961e-10	1.8251838221396786
18.350080000000002	8.627029398944426e-8	1.2276784049851344e-7	7.749256868471317e-6	7.708045556392227e-10	1.8925616762867665
19.00544	8.256178020379421e-8	1.1744389817994297e-7	7.4226036402538375e-6	7.197152843122394e-10	1.9599394964946801
19.660800000000002	7.916824667587044e-8	1.125818769199703e-7	7.12234128312854e-6	6.72014293078947e-10	2.027317283762396
20.31616	7.603039094749003e-8	1.0809377275246152e-7	6.843645101111153e-6	6.274760882014152e-10	2.0946950396975397
20.97152	7.310353814985128e-8	1.0391333955734397e-7	6.582873431914872e-6	5.858904959096959e-10	2.162072765218448
22.28224	6.7850255668111e-8	9.642287042347843e-8	6.112865077117221e-6	5.117890908286593e-10	2.2968281019796826
23.59296	6.309734932555172e-8	8.965536528485674e-8	5.68649390484915e-6	4.4710545619405986e-10	2.431583330114588
24.90368	5.874625461241338e-8	8.346528956054297e-8	5.295432987038674e-6	3.905994334726522e-10	2.5663384599944137
26.2144	5.473534041040524e-8	7.776225630913613e-8	4.934511380421476e-6	3.412350776590772e-10	2.7010934970113474
27.52512	5.102177029748183e-8	7.248381697846252e-8	4.6000909865878895e-6	2.981096065239949e-10	2.835848448299334
28.83584	4.757394293162702e-8	6.758416125283705e-8	4.2894519358118895e-6	2.6043447558918284e-10	2.970603318872323
30.14656	4.436722625244255e-8	6.302776473936278e-8	4.000448471439995e-6	2.2752082554732828e-10	3.1053581146419114
31.457280000000004	4.1381463205258586e-8	5.8785682868755106e-8	3.7313068807734297e-6	1.9876687028216394e-10	3.2401128401966246
32.768	3.85994941473561e-8	5.483335852481436e-8	3.4805054310043024e-6	1.7364688607010192e-10	3.3748675005316144
34.078720000000004	3.600627075900998e-8	5.114930916343694e-8	3.2467021213651895e-6	1.517015961638822e-10	3.509622099767785
35.38944	3.358831557901267e-8	4.771432758729222e-8	3.0286903967611275e-6	1.3252977109645896e-10	3.644376642174888
36.700160000000004	3.133338423591188e-8	4.4510983822950376e-8	2.8253712783190933e-6	1.1578089173413098e-10	3.779131131409908
38.01088	2.9230247172670982e-8	4.1523304402473474e-8	2.635735186344619e-6	1.0114873962860232e-10	3.9138855711484544
39.321600000000004	2.726854238345755e-8	3.873655696865793e-8	2.458849537944683e-6	8.836579788027962e-11	4.04863996461143
40.63232	2.5438670863411273e-8	3.613709814606606e-8	2.293849830016001e-6	7.719835961060312e-11	4.183394314976902
41.94304	2.3731718217378773e-8	3.3712260076204796e-8	2.139932868426298e-6	6.74422548207221e-11	4.3181486250682095
44.56448	2.07294228795777e-8	2.9447611892919546e-8	1.869155367726937e-6	5.1846212709375907e-11	4.587657103013539
47.18592	1.8110215927744964e-8	2.5726838783699672e-8	1.6329877204032934e-6	3.9872972934934074e-11	4.857165451436895
49.80736	1.5822266606937028e-8	2.247663421913125e-8	1.4266862322557847e-6	3.0665529433858125e-11	5.1266736886847815
52.4288	1.3823460990109586e-8	1.9637186216473953e-8	1.2464556029837235e-6	2.358431737116013e-11	5.396181828444108
55.05024	1.207722226822386e-8	1.715652956832879e-8	1.0889984949792943e-6	1.813830273517652e-11	5.6656898834238
57.67168	1.0551620386284611e-8	1.498930416759064e-8	9.514359243199011e-7	1.3949879333211318e-11	5.935197863994028
60.29312	9.218767105761766e-9	1.3095892394732036e-8	8.312532835198048e-7	1.0728641269484447e-11	6.204705779880903
62.91456000000001	8.05430220461593e-9	1.1441688587235755e-8	7.262540634050948e-7	8.251244663427235e-12	6.474213638971419
65.536	7.036946223011467e-9	9.996463606081086e-9	6.345195326589685e-7	6.345921152225841e-12	6.743721448719702
68.15744000000001	6.148110258841448e-9	8.7338104939636e-9	5.543735577200263e-7	4.8805677187442454e-12	7.013229215115551
70.77888	5.371555378959493e-9	7.630660626982473e-9	4.843518947992438e-7	3.753586921578227e-12	7.282736943876873
73.40032000000001	4.693095266449871e-9	6.666861292402426e-9	4.231753795183932e-7	2.8868423820162433e-12	7.552244639547404
76.02176	4.1003365720424485e-9	5.8248068318353144e-9	3.6972651570619596e-7	2.2202410465631563e-12	7.821752306516811
78.64320000000001	3.5824521647157495e-9	5.089116522396933e-9	3.2302903034482434e-7	1.7075665548847107e-12	8.091259948228096
81.26464	3.1299830954686605e-9	4.446353248635453e-9	2.8223001730971237e-7	1.3132747931975603e-12	8.360767568054058
83.88608	2.734665628514487e-9	3.884777785522107e-9	2.465843412721419e-7	1.0100294374963895e-12	8.630275168600576
89.12896	2.114462336441419e-9	3.0038114795080308e-9	1.9064858408038073e-7	6.128652846000299e-13	9.16929030206244
94.37184	1.6361466164695055e-9	2.324312360430148e-9	1.4752252740253557e-7	3.7248308970142065e-13	9.708305384689114
99.61472	1.2661076791451687e-9	1.7986335028859464e-9	1.141582253783404e-7	2.2640933759452266e-13	10.24732043058265
104.8576	9.797657297564871e-10	1.3918557933816749e-9	8.834030357772778e-8	1.3762144564291907e-13	10.786335446784344
110.10048	7.581850443558263e-10	1.0770780842191914e-9	6.836155102022236e-8	8.365255798858369e-14	11.32535044132196
115.34336	5.867179051419832e-10	8.334917375513831e-10	5.290126796419084e-8	5.084795525143359e-14	11.864365418095609
120.58624	4.5402998937382633e-10	6.449951957554962e-10	4.09375002383573e-8	3.090785777622178e-14	12.403380382122895
125.82912000000002	3.513506295338798e-10	4.991288360682264e-10	3.167944416843739e-8	1.8787347023730854e-14	12.942395335523647
131.072	2.718929032311559e-10	3.8625114796865373e-10	2.4515159469319475e-8	1.1419922199164229e-14	13.481410281464443
136.31488000000002	2.1040492323810634e-10	2.9890129458168505e-10	1.8971111604092222e-8	6.9416380238167994e-15	14.020425221050132
141.55776	1.6282263156243938e-10	2.31305871083189e-10	1.4680866156868817e-8	4.219508886786599e-15	14.559440156300568
146.80064000000002	1.2600113322819099e-10	1.7899723687673006e-10	1.1360864683760692e-8	2.5648558792025097e-15	15.09845508775175
152.04352	9.750680133852337e-11	1.3851817966222469e-10	8.791679962992278e-9	1.5590682945348614e-15	15.637470016707598
157.28640000000001	7.545640634117372e-11	1.0719338219633657e-10	6.803511157030822e-9	9.476946263922507e-16	16.176484943393202
162.52928	5.83926318461806e-11	8.295257988594896e-11	5.2649597464418296e-9	5.760667314544886e-16	16.715499868661432
167.77216	4.518774657475835e-11	6.419371702929158e-11	4.074344148921791e-9	3.501694574644143e-16	17.254514792573886
178.25792	2.818819443468356e-11	4.0046251049611993e-11	2.541246577032998e-9	1.4033786953137508e-16	18.33254463163224
188.74368	1.7639436502385157e-11	2.505978427151212e-11	1.5902710109962827e-9	5.66159951353588e-17	19.410574467918693
199.22944	1.1041356486433976e-11	1.5686084886168514e-11	9.954278476882424e-10	2.285236870341388e-17	20.488604304729932
209.7152	6.911471966149151e-12	9.818895741364545e-12	6.231003080379681e-10	9.22447759577665e-18	21.5666341406748
220.20096	4.326333434232811e-12	6.146276337499266e-12	3.9003844241484886e-10	3.723525959672499e-18	22.64466397726756
230.68672	2.7081334663405253e-12	3.847354066468361e-12	2.4415043201656747e-10	1.5030307106203102e-18	23.722693813542445
241.17248	1.6951992174935412e-12	2.408312456856859e-12	1.528298486251088e-10	6.067114367673091e-19	24.800723650330685
251.65824000000003	1.0611384084522256e-12	1.5075236031655696e-12	9.56664107789625e-11	2.4490488034940747e-19	25.87875348700707
262.144	6.642383427785395e-13	9.436610403056898e-13	5.988408156865816e-11	9.885842355045902e-20	26.95678332403999
272.62976000000003	4.1579232097571267e-13	5.907021425040447e-13	3.748555295254264e-11	3.9905333288553645e-20	28.034813161036663
283.11552	2.602732890247974e-13	3.697614915347538e-13	2.346481109565706e-11	1.610828298871037e-20	29.112842998266082
293.60128000000003	1.6292335530289367e-13	2.314597200635358e-13	1.4688275574915224e-11	6.5023242996319525e-21	30.190872835485845
304.08704	1.0198532743502447e-13	1.4488711707022095e-13	9.194437499428493e-12	2.6247568630287185e-21	31.268902672852533
314.57280000000003	6.383996513494598e-14	9.069528632385884e-14	5.755460995243562e-12	1.0595235653926313e-21	32.34693251021816
325.05856	3.996208847240854e-14	5.6772791751310385e-14	3.602762667933574e-12	4.276940890504795e-22	33.42496234767473
335.54432	2.501521807007068e-14	3.553827682701808e-14	2.2552348434760704e-12	1.726461746853337e-22	34.50299218513251
356.51584	1.0943582752882298e-14	1.5548914693805988e-14	9.863365721606915e-13	3.503364684814497e-23	36.65905185963718
377.48736	4.850925560314999e-15	6.892211803545761e-15	4.372298316253938e-13	7.303113424605236e-24	38.815111534118664
398.45888	2.153639111885687e-15	3.0598876680226134e-15	1.9411588034249157e-13	1.5270860345565034e-24	40.97117120884358
419.4304	9.56306553581105e-16	1.3587188051176477e-15	8.619568124703739e-14	3.1942228521017e-25	43.12723088357976
440.40192	4.246469263360989e-16	6.033376709662641e-16	3.827510222754053e-14	6.68158843347314e-26	45.28329055841258
461.37344	1.8856373470199768e-16	2.679110566460603e-16	1.6995992307560486e-14	1.397632070537128e-26	47.439350233250025
482.34496	8.373117839613123e-17	1.1896512826452046e-16	7.547020659997701e-15	2.923504084222578e-27	49.5954099081254
503.31648000000007	3.718050373812017e-17	5.2826002825392543e-17	3.351225008695001e-15	6.115228013387901e-28	51.751469583002596
524.288	1.6509828201716414e-17	2.3457138984404475e-17	1.4880956867737437e-15	1.2791459009565964e-28	53.90752925789466
545.2595200000001	7.331100856283612e-18	1.0416017165324369e-17	6.607809048534901e-16	2.675631313965083e-29	56.06358893278744
566.23104	3.2553320372011843e-18	4.625170960997387e-18	2.934158495120034e-16	5.596692192766648e-30	58.21964860768607
587.2025600000001	1.4455094258237166e-18	2.053777685568915e-18	1.3028943269554183e-16	1.1706732676868502e-30	60.37570828258496
608.17408	6.418686443353055e-19	9.119660444551942e-19	5.785413628028104e-17	2.4487205564083925e-31	62.53176795748614
629.1456000000001	2.850171782127477e-19	4.0495200015661036e-19	2.5689714547948626e-17	5.122029677280715e-32	64.68782763238742
650.11712	1.265597437604933e-19	1.7981590520826987e-19	1.1407325096940096e-17	1.0713820259613996e-32	66.84388730728959
671.08864	5.619786765301739e-20	7.984585179576369e-20	5.0653336645360256e-18	2.2410217490947387e-33	68.9999469821918
713.03168	1.386162759886001e-20	1.9699457384160206e-20	1.2486197024781738e-18	1.53028197137554e-34	73.31206633199551
754.97472	3.6120575448403806e-21	5.1330354964895176e-21	3.254086850200704e-19	1.1679335656592455e-35	77.62418568179919
796.91776	9.52376151711821e-22	1.3533860108051735e-21	8.580199351143734e-20	9.124348325952011e-37	81.93630503160347
838.8608	2.5170579638081567e-22	3.5768886209354506e-22	2.2676947405807333e-20	7.161823018542326e-38	86.24842438140777
880.80384	6.655518636498704e-23	9.457882996540635e-23	5.9961674782351104e-21	5.6266426709187165e-39	90.5605437312122
922.74688	1.7599895991226127e-23	2.5010484464376176e-23	1.5856306658254311e-21	4.42133523400309e-40	94.87266308101661
964.68992	4.654202803844749e-24	6.6138951276832726e-24	4.193119558689116e-22	3.474333599289162e-41	99.18478243082104
1006.6329600000001	1.230782179044964e-24	1.7490136679026993e-24	1.108850850966275e-22	2.730178492495186e-42	103.49690178062549
1048.576	3.25474249298196e-25	4.625180031604508e-25	2.932301072361611e-23	2.1454071528811584e-43	107.80902113042993
1090.5190400000001	8.606992932892164e-26	1.2231042021915847e-25	7.754313624709096e-24	1.6858822531933634e-44	112.12114048023437
1132.46208	2.27607021345855e-26	3.234429362112777e-26	2.050583989250868e-24	1.324779549788945e-45	116.43325983003884
1174.4051200000001	6.018930168559406e-27	8.553253105224684e-27	5.422645366607763e-25	1.0410196666771115e-46	120.74537917984331
1216.34816	1.5916678206724846e-27	2.2618534275473964e-27	1.4339840692379858e-25	8.180376106948652e-48	125.05749852964777
1258.2912000000001	4.2090596985923975e-28	5.981321007923997e-28	3.7920754394476554e-26	6.428160234163709e-49	129.36961787945225
1300.23424	1.1130566902212472e-28	1.5817189314122631e-28	1.0027880741830567e-26	5.051254592327146e-50	133.68173722925678
1342.17728	2.9433984741086006e-29	4.182742136533627e-29	2.6518009982615662e-27	3.9692734181505175e-51	137.9938565790613
1426.06336	2.1425117715860045e-30	3.0466140449618816e-30	1.9268888956371483e-28	2.6319447798330867e-53	146.61809527867027
1509.94944	1.6364912280692707e-31	2.327097034059225e-31	1.4718319009519232e-29	1.9278969198194914e-55	155.24233397827922
1593.83552	1.3310871905330915e-32	1.8926543900101895e-32	1.1973687197232029e-30	1.601843403423614e-57	163.8665726778882
1677.7216	1.1618022962023694e-33	1.651857418988574e-33	1.045249410761556e-31	1.5325005066486528e-59	172.49081137749715
1761.60768	1.0863346942352706e-34	1.5444836483450492e-34	9.774862295475175e-33	1.682591201888798e-61	181.11505007710613
1845.49376	1.0773371929342667e-35	1.5316322095422545e-35	9.694967239636265e-34	2.0780050742450712e-63	189.7392887767151
1929.37984	1.1173650753866771e-36	1.588494553296667e-36	1.0055976938832551e-34	2.806719916759099e-65	198.36352747632404
2013.2659200000003	1.1955750036073555e-37	1.6996492015854503e-37	1.076041691762091e-35	4.034645571345344e-67	206.987766175933
2097.152	1.3055612997834918e-38	1.8559853317619755e-38	1.175071337782486e-36	6.040492269978703e-69	215.61200487554194
2181.0380800000003	1.4439396121350146e-39	2.0526887592951763e-39	1.2996458924258235e-37	9.276638535536932e-71	224.23624357515092
2264.92416	1.6094249492016158e-40	2.28793074634406e-40	1.44861236895009e-38	1.4469104058010482e-72	232.86048227475985
2348.8102400000002	1.8022373063690046e-41	2.562022695169749e-41	1.6221711786268553e-39	2.2778616268906386e-74	241.48472097436883
2432.69632	2.023725054143304e-42	2.876880531726019e-42	1.8215375645801926e-40	3.6058442465368934e-76	250.10895967397778
2516.5824000000002	2.2761338827779614e-43	3.23569608842104e-43	2.048733907137267e-41	5.726622299510255e-78	258.73319837358673
2600.46848	2.5624739371374685e-44	3.642748124266346e-44	2.306470315392374e-42	9.11212993636492e-80	267.3574370731957
2684.35456	2.886454186919654e-45	4.103308959864244e-45	2.598085674775359e-43	1.4515360992641527e-81	275.9816757728047
2852.12672	-4.965050381649879e-46	-7.065395531887575e-46	-4.4592275435855986e-44	6.609424490567654e-83	293.2301531720226
3019.89888	-5.381881336331284e-47	-7.654334247842506e-47	-4.839284330300372e-45	1.2017283173395015e-84	310.4786305712405
3187.67104	-3.1346095660437995e-48	-4.456991275814113e-48	-2.820009642270512e-46	6.299594940216458e-87	327.72710797045835
3355.4432	-9.933210964726465e-50	-1.4117349112526995e-49	-8.944184604969294e-48	9.782692290959835e-90	344.97558536967625
3523.21536	1.6287121738302674e-51	2.3214682503445986e-51	1.4581903117430495e-49	4.013937702421074e-93	362.2240627688941
3690.98752	4.7703815583759504e-52	6.785766920392095e-52	4.287962378959985e-50	5.35808332926552e-94	379.472540168112
3858.75968	3.7045549931251806e-53	5.268093767795794e-53	3.3318636832196986e-51	4.993985773232561e-96	396.72101756732985
4026.5318400000006	1.7052870528637475e-54	2.4243475939464728e-54	1.5345653295689501e-52	1.63534330090536e-98	413.96949496654776
4194.304	2.8078531399943133e-56	3.986961220361169e-56	2.5328208298720913e-54	6.8772123127401155e-102	431.2179723657656
4362.0761600000005	-3.198244082951882e-57	-4.551167365329847e-57	-2.8726505151014686e-55	1.365634254840718e-103	448.4664497649835
4529.84832	-3.787003194439326e-58	-5.386085598904159e-58	-3.405087080935347e-56	2.9620377093543968e-105	465.7149271642013
4697.6204800000005	-2.3041361150698683e-59	-3.2762519575604175e-59	-2.072786340003006e-57	1.6943710991712466e-107	482.9634045634192
4865.39264	-7.866125933987022e-61	-1.1180354155840295e-60	-7.08192244718777e-59	3.0532833848907045e-110	500.2118819626371
5033.1648000000005	6.943273970345103e-63	9.912662755529275e-63	6.196202184578013e-61	3.6081224208132024e-114	517.460359361855
5200.93696	3.2473135357709916e-63	4.6194190667340115e-63	2.9186894842211236e-61	1.2358655097803028e-114	534.7088367610729
5368.70912	2.660265031517835e-64	3.783131630218817e-64	2.39253412417346e-62	1.2819675407335698e-116	551.9573141602908
5704.25344	2.2246445815331013e-66	3.137930249322707e-66	2.0364526403344792e-64	2.0764216747487617e-120	586.4542689587265
6039.79776	-2.3844299056531283e-67	-3.404762651568411e-67	-2.1238943009125203e-65	5.024876839319042e-122	620.9512237571624
6375.34208	-1.2071568693424434e-68	-1.7195855518454563e-68	-1.0812210180325179e-66	2.8961638133913662e-124	655.4481785555982
6710.8864	-1.808747838393379e-70	-2.566477818702124e-70	-1.6344090965344354e-68	1.4717648567870975e-127	689.945133354034
7046.43072	7.697143797760534e-72	1.1004342510463504e-71	6.837710498199358e-70	5.728753629636193e-130	724.4420881524699
7381.97504	5.229770014519568e-73	7.453035847274525e-73	4.67965018715002e-71	5.967429277518032e-132	758.9390429509057
7717.51936	1.1059574199768589e-74	1.5718302602650049e-74	9.957166075568053e-73	6.008329912317002e-135	793.4359977493414
8053.063680000001	-2.0719060472986217e-76	-2.969508572707315e-76	-1.8300884652689005e-74	4.5138612564601776e-138	827.9329525477773
8388.608	-2.1658109193207628e-77	-3.0878631292595835e-77	-1.9361012104540024e-75	1.1235228773344282e-139	862.4299073462131
8724.152320000001	-5.946326821977081e-79	-8.458845938073309e-79	-5.342670903845205e-77	1.9026741708546803e-142	896.9268621446489
9059.69664	3.229011948826502e-81	4.678181619439577e-81	2.780693423942918e-79	1.1462400106843616e-146	931.4238169430848
9395.240960000001	8.546116153662445e-82	1.2190350002813324e-81	7.631330058769147e-80	1.9199573777941279e-147	965.9207717415206
9730.78528	2.9520835279218696e-83	4.202062984628668e-83	2.648662531932942e-81	5.143587562740455e-150	1000.4177265399564
10066.329600000001	1.0984016171951748e-85	1.532126002478052e-85	1.0300770069117983e-83	1.7301112742013133e-154	1034.9146813383923
10401.87392	-3.184610807479852e-86	-4.54533272449236e-86	-2.839831807244118e-84	2.924432872031724e-155	1069.4116361368278
10737.41824	-1.3818991651385792e-87	-1.967998263775263e-87	-1.238484240398212e-85	1.236969970206788e-157	1103.9085909352636
11408.50688	-5.707377283362033e-89	-8.182953620527942e-89	-5.022273496318912e-87	8.403675303591584e-160	1172.9025005321353
12079.59552	-3.574459885914398e-91	-5.056333111438472e-91	-3.256708579774005e-89	1.4312450684777023e-163	1241.8964101290069
12750.68416	1.4394886974180527e-92	2.0766484409705656e-92	1.251853005536233e-90	8.547811499277724e-166	1310.8903197258787
13421.7728	3.387539207702285e-94	4.848475527744137e-94	2.9995175826241192e-92	1.9831267246401795e-168	1379.8842293227506
14092.86144	7.40974924824518e-98	4.909421358664911e-98	1.4394564953147673e-95	1.8455870139170061e-174	1448.8781389196222
14763.95008	-1.1630068087351071e-97	-1.6729870193410386e-97	-1.0181199836579081e-95	3.7309906959856085e-174	1517.8720485164938
15435.03872	-1.7638207450536367e-99	-2.5173274673833583e-99	-1.5714862796351125e-97	3.5919983719232986e-177	1586.8659581133652
16106.127360000002	1.3949262587999856e-101	2.0363672221064124e-101	1.180200591785591e-99	8.18682092717345e-181	1655.8598677102366
16777.216	8.198149726114251e-103	1.1768450171645572e-102	7.21060586264291e-101	1.2349115127598307e-182	1724.853777307108
17448.304640000002	7.417429783340452e-105	1.0530062302490413e-104	6.685770880753951e-103	4.2902637644387916e-186	1793.8476869039796
18119.39328	-1.7329375414967845e-106	-2.5052181582931263e-106	-1.5000017766881072e-104	8.726764399305839e-189	1862.8415965008512
18790.481920000002	-5.160784544468573e-108	-7.393808955339448e-108	-4.559065397560806e-106	3.2576921256728326e-191	1931.8355060977228
19461.57056	-1.706494932433911e-110	-2.3670528595213022e-110	-1.6145737307616596e-108	1.651059970920803e-195	2000.8294156945944
20132.659200000002	1.533692476395485e-111	2.208938562836331e-111	1.3388740667826474e-109	4.587913623668659e-197	2069.823325291466
20803.74784	2.8835970449623056e-113	4.121711556827916e-113	2.560578249371823e-111	6.781106537603285e-200	2138.8172348883377
21474.83648	-1.0062094848520784e-115	-1.4962362615522616e-115	-8.137240303170508e-114	2.7673713222635903e-204	2207.811144485209
22817.01376	-8.924565886426305e-116	-1.3300502651351175e-115	-7.138940715984865e-114	2.3403671665285506e-203	2345.7989636789516
24159.19104	-3.832746142948563e-118	-5.512069510118861e-118	-3.3642789649840454e-116	5.262651436496356e-207	2483.786782872695
25501.36832	4.321615171955581e-120	6.510569411716213e-120	3.422958970557748e-118	5.4361768034417296e-210	2621.774602066438
26843.5456	4.788345066962512e-122	6.987225841086221e-122	4.051880321186347e-120	7.581834514246575e-213	2759.7624212601813
28185.72288	-7.580447337295709e-125	-1.2409337343183183e-124	-4.861753976601471e-123	1.0859962644721518e-217	2897.7502404539246
29527.90016	-3.783037523231516e-126	-5.579346462174324e-126	-3.1285455874764695e-124	4.473793675548152e-219	3035.738059647668
30870.07744	-1.287534605897249e-128	-1.812755105214293e-128	-1.1644295848365575e-126	6.1653878573660245e-223	3173.725878841411
32212.254720000004	2.0794484608051045e-130	3.1076878234425563e-130	1.6717288356518927e-128	1.2641761741874891e-225	3311.7136980351543
33554.432	1.9243557012616492e-132	2.796520740827319e-132	1.6393621320725667e-130	1.2093932969639804e-228	3449.701517228897
34896.609280000004	-5.552851190623223e-135	-8.681259347271588e-135	-4.018181447432375e-133	7.228008324874165e-233	3587.6893364226403
36238.78656	-1.642653017469292e-136	-2.41672306759615e-136	-1.3649578588635319e-134	8.297358106722382e-235	3725.6771556163835
37580.963840000004	-3.971205014852166e-139	-5.4771982997902124e-139	-3.725465271167944e-137	6.148995523834876e-239	3863.6649748101263
38923.14112	9.812781251330972e-141	1.4613433856705772e-140	7.948257014464852e-139	2.7843814583907567e-241	4001.652794003869
40265.318400000004	7.577505880635182e-143	1.09726503454811e-142	6.501102283670722e-141	1.853107943475432e-244	4139.640613197612
41607.49568	-3.346849115774455e-145	-5.134942896457795e-145	-2.5353293508264833e-143	2.8037370376444523e-248	4277.628432391355
42949.67296	-7.028868048183048e-147	-1.0317599845260204e-146	-5.868007395757419e-145	1.4941410790430835e-250	4415.616251585098
45634.02752	-5.900329401623612e-148	-1.0072266164210958e-147	-2.886900393231212e-146	2.4651836886267516e-251	4691.591889972585
48318.38208	-3.16156805656892e-151	-4.674361567087264e-151	-2.7252782222143685e-149	1.1381205676592596e-255	4967.567528360071
51002.73664	4.114321841125899e-153	7.922171034794142e-153	1.8401302142133627e-151	2.303570841994261e-258	5243.543166747557
53687.0912	6.336440509406231e-156	1.0044993921276206e-155	4.4783834372029714e-154	5.627261605554548e-262	5519.518805135044
56371.44576	-2.6121869107252437e-158	-5.593548774315858e-158	-1.078603370851049e-156	1.3034391952469952e-265	5795.494443522531
59055.80032	-8.335792229818664e-161	-1.3910077814592628e-160	-5.35988255656569e-159	1.26782746587945e-268	6071.470081910017
61740.15488	1.231391881456457e-163	3.205461979148398e-163	3.252812164925908e-162	1.828880022285382e-273	6347.445720297504
64424.50944000001	8.889130225003152e-166	1.5550995374377825e-165	5.302115340112346e-164	1.8987413640516188e-275	6623.42135868499
67108.864	1.2190929823413237e-170	-9.27209300000503e-169	3.533362107452117e-167	3.291737557798594e-280	6899.396997072477
69793.21856000001	-8.036359182759041e-171	-1.4808419498656766e-170	-4.427033422936911e-169	2.016432872868455e-282	7175.372635459963
72477.57312	-1.0159419425827977e-173	-1.0169269409962778e-173	-8.680561618510425e-172	3.024769737058129e-286	7451.348273847449
75161.92768000001	6.084923749696357e-176	1.2026321408015831e-175	2.9937443150919966e-174	1.403574649294324e-289	7727.323912234935
77846.28224	1.6856471119054805e-178	2.432773886717282e-178	1.1641219317330113e-176	8.279431850052026e-293	8003.2995506224215
80530.63680000001	-3.495956857038564e-181	-7.883530257082684e-181	-1.3154533317473068e-179	4.12426978919713e-297	8279.275189009908
83214.99136	-1.9778991769730933e-183	-3.210446127173826e-183	-1.2294721400064482e-181	1.4054782465623298e-299	8555.250827397394
85899.34592	7.709069259970781e-187	3.2046410700224704e-186	-3.042819693605856e-185	3.358372930045497e-305	8831.226465784881
91268.05504	5.618601191857825e-187	1.9121949063763438e-186	-6.262441677842401e-186	1.324848226455285e-304	9383.177742559852
96636.76416	-3.842059360187874e-191	-1.3624106434315269e-191	-4.530605357437058e-189	2.05907977188094e-309	9935.129019334825
102005.47328	-8.199051551553724e-193	-4.599548054594857e-192	1.7836587847676923e-191	3.580346523083e-312	10487.080296109798
107374.1824	1.55061427909335e-196	2.4781491207946164e-197	9.323213581324098e-195	2.3830764e-316	11039.03157288477
112742.89152	1.420698418339778e-198	1.1636246975926189e-197	-5.835811744103252e-198	7.8586e-320	11590.982849659744
118111.60064	-2.06278974357966e-202	4.007973849898237e-202	3.577622221575803e-201	1.5e-323	12142.934126434717
123480.30976	-2.659724364448803e-204	-2.97695683928656e-203	-8.534526317661757e-204	0.0	12694.88540320969
128849.01888000002	7.713823998970669e-209	-2.3975061047290058e-207	-2.0666233303668608e-206	0.0	13246.836679984663
134217.728	4.853986773171685e-210	7.585480086479249e-209	5.536701523904143e-210	0.0	13798.787956759637
139586.43712000002	1.1213830648590415e-214	8.97529551733802e-213	1.1736613948373686e-212	0.0	14350.73923353461
144955.14624	-8.748183925056308e-216	-1.929833267413598e-214	-5.021215990606963e-218	0.0	14902.690510309583
150323.85536000002	-2.445157208445528e-220	-2.94445253408089e-218	1.612141332446543e-218	0.0	15454.641787084554
155692.56448	1.5858127834695625e-221	4.90877602059309e-220	7.748545676919831e-222	0.0	16006.593063859527
161061.27360000001	5.870339686074097e-226	9.203406655364599e-224	-2.3048250585621663e-224	0.0	16558.5443406345
166429.98272	-2.8690633970038425e-227	-1.2478357413148192e-225	-9.399676174879432e-228	0.0	17110.495617409473
171798.69184	-1.7697585708599605e-231	-2.7863731453859837e-229	7.954793600938664e-232	0.0	17662.446894184446
182536.11008	-6.004774998862045e-232	-1.1737535155895548e-229	-6.497159603470423e-231	0.0	18766.349447734392
193273.52832	-1.525029485897161e-236	-1.733163198242322e-234	-7.828114850184319e-235	0.0	19870.252001284334
204010.94656	5.498339941921546e-238	1.4954122891949526e-235	7.935145816830055e-238	0.0	20974.15455483428
214748.3648	1.7993364387665538e-242	4.847813081565946e-240	-2.4904301209923815e-241	0.0	22078.057108384226
225485.78304	-4.8930007262966594e-244	-1.904510697141525e-241	5.7235714555876314e-244	0.0	23181.959661934172
236223.20128	-2.0855129761384813e-248	-9.541092917495748e-246	1.2978274222615633e-247	0.0	24285.862215484118
246960.61952	4.412384649362313e-250	2.4250472470771432e-247	2.7523275825281747e-251	0.0	25389.764769034064
257698.03776000004	2.5019148531089286e-254	1.6444430545887229e-251	6.328859376467837e-254	0.0	26493.66732258401
268435.456	-3.9784101297740795e-256	-3.0870949164595835e-253	-2.867138506395947e-257	0.0	27597.56987613395
279172.87424000003	-2.7580457614586794e-260	-2.6409893154372417e-257	-3.8796685962283213e-261	0.0	28701.472429683898
289910.29248	3.5832249268336994e-262	3.9289102227792814e-259	-4.539293676665933e-264	0.0	29805.374983233844
300647.71072000003	2.926980792499189e-266	4.0595589149565734e-263	-7.253573900333932e-267	0.0	30909.27753678379
311385.12896	-3.2271413781792394e-268	-4.999045328852548e-265	5.430266639690164e-271	0.0	32013.180090333735
322122.54720000003	-3.043677058055204e-272	-6.056256248162732e-269	-8.396224986959015e-274	0.0	33117.08264388368
332859.96544	2.905986024490084e-274	6.359083316420209e-271	6.560188123235075e-278	0.0	34220.98519743363
343597.38368	3.1083493740649676e-278	8.840830448321202e-275	4.851426879178011e-280	0.0	35324.88775098357
365072.22016	1.3721512967443263e-278	3.858552934614714e-275	-5.306167560067277e-281	0.0	37532.692858083465
386547.05664	7.177036843766651e-284	2.846694317339164e-280	-1.955988046513435e-285	0.0	39740.49796518336
408021.89312	-6.185665722264951e-285	-2.458054184051215e-281	-3.65451124454714e-289	0.0	41948.30307228325
429496.7296	-7.104244720862242e-290	-3.9859203139742393e-286	-3.2112200209945217e-292	0.0	44156.10817938314
450971.56608	2.788260320385014e-291	1.5656878824630455e-287	2.344009567358725e-295	0.0	46363.91328648303
472446.40256	4.946473148803394e-296	3.9231097427559527e-292	-1.1504946682914555e-299	0.0	48571.718393582916
493921.23904	-1.2567301078934368e-297	-9.971618477587776e-294	2.1877647364455492e-302	0.0	50779.52350068281
515396.0755200001	-3.015935175510748e-302	-3.3806648471205588e-298	1.9861420686094543e-306	0.0	52987.3286077827
536870.912	5.6638677034039265e-304	6.349986543310747e-300	7.5851607450131e-310	0.0	55195.13371488259
558345.7484800001	1.7138769943939305e-308	2.7150128641937396e-304	3.1929910773e-313	0.0	57402.93882198248
579820.58496	-2.55238651028353e-310	-4.0432127491255846e-306	-3.274774e-317	0.0	59610.743929082375
601295.4214400001	-9.32287375e-315	-2.0870639329844e-310	1.892e-320	0.0	61818.54903618226
622770.25792	1.150117e-316	2.57410914483e-312	-5.0e-324	0.0	64026.35414328215
644245.0944000001	4.92e-321	1.5571639e-316	0.0	0.0	66234.15925038204
665719.93088	-5.0e-323	-1.638603e-318	0.0	0.0	68441.96435748192
687194.76736	0.0	-1.14e-322	0.0	0.0	70649.7694645818
730144.44032	0.0	-5.0e-323	0.0	0.0	75065.37967878158
773094.11328	0.0	0.0	0.0	0.0	79480.98989298136
816043.78624	0.0	0.0	0.0	0.0	83896.60010718115
858993.4592	0.0	0.0	0.0	0.0	88312.21032138093
901943.13216	0.0	0.0	0.0	0.0	92727.82053558071
944892.80512	0.0	0.0	0.0	0.0	97143.43074978048
987842.47808	0.0	0.0	0.0	0.0	101559.04096398028
1.0307921510400001e6	0.0	0.0	0.0	0.0	105974.65117818007
1.073741824e6	0.0	0.0	0.0	0.0	110390.26139237985
1.1166914969600001e6	0.0	0.0	0.0	0.0	114805.87160657963
1.15964116992e6	0.0	0.0	0.0	0.0	119221.4818207794
1.2025908428800001e6	0.0	0.0	0.0	0.0	123637.09203497917
1.24554051584e6	0.0	0.0	0.0	0.0	128052.70224917895
1.2884901888000001e6	0.0	0.0	0.0	0.0	132468.31246337874
1.33143986176e6	0.0	0.0	0.0	0.0	136883.9226775785
1.37438953472e6	0.0	0.0	0.0	0.0	141299.53289177825
1.46028888064e6	0.0	0.0	0.0	0.0	150130.7533201778
1.54618822656e6	0.0	0.0	0.0	0.0	158961.97374857738
1.63208757248e6	0.0	0.0	0.0	0.0	167793.19417697695
1.7179869184e6	0.0	0.0	0.0	0.0	176624.4146053765
1.80388626432e6	0.0	0.0	0.0	0.0	185455.63503377605
1.88978561024e6	0.0	0.0	0.0	0.0	194286.85546217562
1.97568495616e6	0.0	0.0	0.0	0.0	203118.0758905752
2.0615843020800003e6	0.0	0.0	0.0	0.0	211949.29631897475
2.147483648e6	0.0	0.0	0.0	0.0	220780.51674737435
2.2333829939200003e6	0.0	0.0	0.0	0.0	229611.73717577392
2.31928233984e6	0.0	0.0	0.0	0.0	238442.95760417348
2.4051816857600003e6	0.0	0.0	0.0	0.0	247274.17803257302
2.49108103168e6	0.0	0.0	0.0	0.0	256105.3984609726
2.5769803776000002e6	0.0	0.0	0.0	0.0	264936.61888937216
2.66287972352e6	0.0	0.0	0.0	0.0	273767.8393177717
2.74877906944e6	0.0	0.0	0.0	0.0	282599.0597461713
2.92057776128e6	0.0	0.0	0.0	0.0	300261.5006029704
3.09237645312e6	0.0	0.0	0.0	0.0	317923.9414597695
3.26417514496e6	0.0	0.0	0.0	0.0	335586.38231656863
3.4359738368e6	0.0	0.0	0.0	0.0	353248.82317336777
3.60777252864e6	0.0	0.0	0.0	0.0	370911.2640301669
3.77957122048e6	0.0	0.0	0.0	0.0	388573.70488696604
3.95136991232e6	0.0	0.0	0.0	0.0	406236.1457437651
4.1231686041600006e6	0.0	0.0	0.0	0.0	423898.58660056425
4.294967296e6	0.0	0.0	0.0	0.0	441561.02745736344
4.466765987840001e6	0.0	0.0	0.0	0.0	459223.4683141626
4.63856467968e6	0.0	0.0	0.0	0.0	476885.9091709617
4.8103633715200005e6	0.0	0.0	0.0	0.0	494548.35002776084
4.98216206336e6	0.0	0.0	0.0	0.0	512210.79088456
5.1539607552000005e6	0.0	0.0	0.0	0.0	529873.2317413591
5.32575944704e6	0.0	0.0	0.0	0.0	547535.6725981581
5.49755813888e6	0.0	0.0	0.0	0.0	565198.1134549573
5.84115552256e6	0.0	0.0	0.0	0.0	600522.9951685554
6.18475290624e6	0.0	0.0	0.0	0.0	635847.8768821537
6.52835028992e6	0.0	0.0	0.0	0.0	671172.758595752
6.8719476736e6	0.0	0.0	0.0	0.0	706497.6403093502
7.21554505728e6	0.0	0.0	0.0	0.0	741822.5220229484
7.55914244096e6	0.0	0.0	0.0	0.0	777147.4037365466
7.90273982464e6	0.0	0.0	0.0	0.0	812472.2854501448
8.246337208320001e6	0.0	0.0	0.0	0.0	847797.1671637432
8.589934592e6	0.0	0.0	0.0	0.0	883122.0488773414
8.933531975680001e6	0.0	0.0	0.0	0.0	918446.9305909397
9.27712935936e6	0.0	0.0	0.0	0.0	953771.812304538
9.620726743040001e6	0.0	0.0	0.0	0.0	989096.6940181362
9.96432412672e6	0.0	0.0	0.0	0.0	1.0244215757317345e6
1.0307921510400001e7	0.0	0.0	0.0	0.0	1.0597464574453328e6
1.065151889408e7	0.0	0.0	0.0	0.0	1.0950713391589308e6
1.099511627776e7	0.0	0.0	0.0	0.0	1.1303962208725289e6
1.168231104512e7	0.0	0.0	0.0	0.0	1.2010459842997254e6
1.236950581248e7	0.0	0.0	0.0	0.0	1.271695747726922e6
1.305670057984e7	0.0	0.0	0.0	0.0	1.3423455111541185e6
1.37438953472e7	0.0	0.0	0.0	0.0	1.412995274581315e6
1.443109011456e7	0.0	0.0	0.0	0.0	1.4836450380085115e6
1.511828488192e7	0.0	0.0	0.0	0.0	1.5542948014357078e6
1.580547964928e7	0.0	0.0	0.0	0.0	1.6249445648629044e6
1.6492674416640002e7	0.0	0.0	0.0	0.0	1.695594328290101e6
1.7179869184e7	0.0	0.0	0.0	0.0	1.7662440917172974e6
1.7867063951360002e7	0.0	0.0	0.0	0.0	1.836893855144494e6
1.855425871872e7	0.0	0.0	0.0	0.0	1.9075436185716905e6
1.9241453486080002e7	0.0	0.0	0.0	0.0	1.978193381998887e6
1.992864825344e7	0.0	0.0	0.0	0.0	2.0488431454260836e6
2.0615843020800002e7	0.0	0.0	0.0	0.0	2.1194929088532804e6
2.130303778816e7	0.0	0.0	0.0	0.0	2.190142672280477e6
2.199023255552e7	0.0	0.0	0.0	0.0	2.2607924357076734e6
2.336462209024e7	0.0	0.0	0.0	0.0	2.402091962562066e6
2.473901162496e7	0.0	0.0	0.0	0.0	2.5433914894164586e6
2.611340115968e7	0.0	0.0	0.0	0.0	2.684691016270852e6
2.74877906944e7	0.0	0.0	0.0	0.0	2.8259905431252457e6
2.886218022912e7	0.0	0.0	0.0	0.0	2.967290069979639e6
3.023656976384e7	0.0	0.0	0.0	0.0	3.108589596834032e6
3.161095929856e7	0.0	0.0	0.0	0.0	3.2498891236884245e6
3.2985348833280005e7	0.0	0.0	0.0	0.0	3.3911886505428175e6
3.4359738368e7	0.0	0.0	0.0	0.0	3.5324881773972106e6
3.5734127902720004e7	0.0	0.0	0.0	0.0	3.6737877042516037e6
3.710851743744e7	0.0	0.0	0.0	0.0	3.8150872311059968e6
3.8482906972160004e7	0.0	0.0	0.0	0.0	3.95638675796039e6
3.985729650688e7	0.0	0.0	0.0	0.0	4.097686284814783e6
4.1231686041600004e7	0.0	0.0	0.0	0.0	4.2389858116691755e6
4.260607557632e7	0.0	0.0	0.0	0.0	4.380285338523569e6
4.398046511104e7	0.0	0.0	0.0	0.0	4.521584865377962e6
4.672924418048e7	0.0	0.0	0.0	0.0	4.804183919086748e6
4.947802324992e7	0.0	0.0	0.0	0.0	5.086782972795534e6
5.222680231936e7	0.0	0.0	0.0	0.0	5.36938202650432e6
5.49755813888e7	0.0	0.0	0.0	0.0	5.651981080213105e6
5.772436045824e7	0.0	0.0	0.0	0.0	5.934580133921891e6
6.047313952768e7	0.0	0.0	0.0	0.0	6.217179187630678e6
6.322191859712e7	0.0	0.0	0.0	0.0	6.499778241339464e6
6.597069766656001e7	0.0	0.0	0.0	0.0	6.782377295048249e6
6.8719476736e7	0.0	0.0	0.0	0.0	7.064976348757035e6
7.146825580544001e7	0.0	0.0	0.0	0.0	7.34757540246582e6
7.421703487488e7	0.0	0.0	0.0	0.0	7.630174456174607e6
7.696581394432001e7	0.0	0.0	0.0	0.0	7.9127735098833935e6
7.971459301376e7	0.0	0.0	0.0	0.0	8.19537256359218e6
8.246337208320001e7	0.0	0.0	0.0	0.0	8.477971617300967e6
8.521215115264e7	0.0	0.0	0.0	0.0	8.760570671009753e6
8.796093022208e7	0.0	0.0	0.0	0.0	9.043169724718539e6
9.345848836096e7	0.0	0.0	0.0	0.0	9.608367832136111e6
9.895604649984e7	0.0	0.0	0.0	0.0	1.0173565939553684e7
1.0445360463872e8	0.0	0.0	0.0	0.0	1.0738764046971256e7
1.099511627776e8	0.0	0.0	0.0	0.0	1.1303962154388826e7
1.1544872091648e8	0.0	0.0	0.0	0.0	1.1869160261806399e7
1.2094627905536e8	0.0	0.0	0.0	0.0	1.243435836922397e7
1.2644383719424e8	0.0	0.0	0.0	0.0	1.2999556476641543e7
1.3194139533312002e8	0.0	0.0	0.0	0.0	1.3564754584059115e7
1.37438953472e8	0.0	0.0	0.0	0.0	1.4129952691476688e7
1.4293651161088002e8	0.0	0.0	0.0	0.0	1.4695150798894258e7
1.4843406974976e8	0.0	0.0	0.0	0.0	1.526034890631183e7
1.5393162788864002e8	0.0	0.0	0.0	0.0	1.5825547013729403e7
1.5942918602752e8	0.0	0.0	0.0	0.0	1.6390745121146975e7
1.6492674416640002e8	0.0	0.0	0.0	0.0	1.6955943228564546e7
1.7042430230528e8	0.0	0.0	0.0	0.0	1.7521141335982118e7
1.7592186044416e8	0.0	0.0	0.0	0.0	1.808633944339969e7
1.8691697672192e8	0.0	0.0	0.0	0.0	1.9216735658234835e7
1.9791209299968e8	0.0	0.0	0.0	0.0	2.034713187306998e7
2.0890720927744e8	0.0	0.0	0.0	0.0	2.1477528087905124e7
2.199023255552e8	0.0	0.0	0.0	0.0	2.2607924302740265e7
2.3089744183296e8	0.0	0.0	0.0	0.0	2.373832051757541e7
2.4189255811072e8	0.0	0.0	0.0	0.0	2.4868716732410554e7
2.5288767438848e8	0.0	0.0	0.0	0.0	2.59991129472457e7
2.6388279066624004e8	0.0	0.0	0.0	0.0	2.7129509162080843e7
2.74877906944e8	0.0	0.0	0.0	0.0	2.8259905376915988e7
2.8587302322176003e8	0.0	0.0	0.0	0.0	2.9390301591751132e7
2.9686813949952e8	0.0	0.0	0.0	0.0	3.0520697806586273e7
3.0786325577728003e8	0.0	0.0	0.0	0.0	3.1651094021421418e7
3.1885837205504e8	0.0	0.0	0.0	0.0	3.2781490236256562e7
3.2985348833280003e8	0.0	0.0	0.0	0.0	3.391188645109171e7
3.4084860461056e8	0.0	0.0	0.0	0.0	3.504228266592685e7
3.5184372088832e8	0.0	0.0	0.0	0.0	3.6172678880761996e7
3.7383395344384e8	0.0	0.0	0.0	0.0	3.8433471310432285e7
3.9582418599936e8	0.0	0.0	0.0	0.0	4.0694263740102574e7
4.1781441855488e8	0.0	0.0	0.0	0.0	4.295505616977286e7
4.398046511104e8	0.0	0.0	0.0	0.0	4.521584859944315e7
4.6179488366592e8	0.0	0.0	0.0	0.0	4.747664102911344e7
4.8378511622144e8	0.0	0.0	0.0	0.0	4.973743345878373e7
5.0577534877696e8	0.0	0.0	0.0	0.0	5.199822588845401e7
5.277655813324801e8	0.0	0.0	0.0	0.0	5.42590183181243e7
5.49755813888e8	0.0	0.0	0.0	0.0	5.65198107477946e7
5.717460464435201e8	0.0	0.0	0.0	0.0	5.878060317746489e7
5.9373627899904e8	0.0	0.0	0.0	0.0	6.104139560713518e7
6.157265115545601e8	0.0	0.0	0.0	0.0	6.3302188036805466e7
6.3771674411008e8	0.0	0.0	0.0	0.0	6.5562980466475755e7
6.597069766656001e8	0.0	0.0	0.0	0.0	6.782377289614604e7
6.8169720922112e8	0.0	0.0	0.0	0.0	7.008456532581632e7
7.0368744177664e8	0.0	0.0	0.0	0.0	7.23453577554866e7
7.4766790688768e8	0.0	0.0	0.0	0.0	7.686694261482719e7
7.9164837199872e8	0.0	0.0	0.0	0.0	8.138852747416776e7
8.3562883710976e8	0.0	0.0	0.0	0.0	8.591011233350834e7
8.796093022208e8	0.0	0.0	0.0	0.0	9.043169719284892e7
9.2358976733184e8	0.0	0.0	0.0	0.0	9.495328205218948e7
9.6757023244288e8	0.0	0.0	0.0	0.0	9.947486691153006e7
1.01155069755392e9	0.0	0.0	0.0	0.0	1.0399645177087064e8
1.0555311626649601e9	0.0	0.0	0.0	0.0	1.0851803663021122e8
1.099511627776e9	0.0	0.0	0.0	0.0	1.130396214895518e8
1.1434920928870401e9	0.0	0.0	0.0	0.0	1.1756120634889238e8
1.18747255799808e9	0.0	0.0	0.0	0.0	1.2208279120823295e8
1.2314530231091201e9	0.0	0.0	0.0	0.0	1.2660437606757352e8
1.27543348822016e9	0.0	0.0	0.0	0.0	1.311259609269141e8
1.3194139533312001e9	0.0	0.0	0.0	0.0	1.3564754578625467e8
1.36339441844224e9	0.0	0.0	0.0	0.0	1.4016913064559525e8
1.40737488355328e9	0.0	0.0	0.0	0.0	1.4469071550493583e8
1.49533581377536e9	0.0	0.0	0.0	0.0	1.53733885223617e8
1.58329674399744e9	0.0	0.0	0.0	0.0	1.6277705494229814e8
1.67125767421952e9	0.0	0.0	0.0	0.0	1.7182022466097933e8
1.7592186044416e9	0.0	0.0	0.0	0.0	1.8086339437966052e8
1.84717953466368e9	0.0	0.0	0.0	0.0	1.8990656409834167e8
1.93514046488576e9	0.0	0.0	0.0	0.0	1.9894973381702283e8
2.02310139510784e9	0.0	0.0	0.0	0.0	2.07992903535704e8
2.1110623253299203e9	0.0	0.0	0.0	0.0	2.1703607325438514e8
2.199023255552e9	0.0	0.0	0.0	0.0	2.2607924297306633e8
2.2869841857740803e9	0.0	0.0	0.0	0.0	2.351224126917475e8
2.37494511599616e9	0.0	0.0	0.0	0.0	2.4416558241042864e8
2.4629060462182403e9	0.0	0.0	0.0	0.0	2.532087521291098e8
2.55086697644032e9	0.0	0.0	0.0	0.0	2.6225192184779096e8
2.6388279066624002e9	0.0	0.0	0.0	0.0	2.712950915664721e8
2.72678883688448e9	0.0	0.0	0.0	0.0	2.803382612851532e8
2.81474976710656e9	0.0	0.0	0.0	0.0	2.8938143100383437e8
2.99067162755072e9	0.0	0.0	0.0	0.0	3.074677704411967e8
3.16659348799488e9	0.0	0.0	0.0	0.0	3.25554109878559e8
3.34251534843904e9	0.0	0.0	0.0	0.0	3.436404493159213e8
3.5184372088832e9	0.0	0.0	0.0	0.0	3.617267887532836e8
3.69435906932736e9	0.0	0.0	0.0	0.0	3.798131281906459e8
3.87028092977152e9	0.0	0.0	0.0	0.0	3.978994676280082e8
4.04620279021568e9	0.0	0.0	0.0	0.0	4.1598580706537044e8
4.2221246506598406e9	0.0	0.0	0.0	0.0	4.3407214650273275e8
4.398046511104e9	0.0	0.0	0.0	0.0	4.5215848594009507e8
4.573968371548161e9	0.0	0.0	0.0	0.0	4.702448253774574e8
4.74989023199232e9	0.0	0.0	0.0	0.0	4.883311648148197e8
4.9258120924364805e9	0.0	0.0	0.0	0.0	5.06417504252182e8
5.10173395288064e9	0.0	0.0	0.0	0.0	5.245038436895443e8
5.2776558133248005e9	0.0	0.0	0.0	0.0	5.425901831269066e8
5.45357767376896e9	0.0	0.0	0.0	0.0	5.606765225642688e8
5.62949953421312e9	0.0	0.0	0.0	0.0	5.78762862001631e8
5.98134325510144e9	0.0	0.0	0.0	0.0	6.149355408763556e8
6.33318697598976e9	0.0	0.0	0.0	0.0	6.511082197510803e8
6.68503069687808e9	0.0	0.0	0.0	0.0	6.872808986258049e8
7.0368744177664e9	0.0	0.0	0.0	0.0	7.234535775005295e8
7.38871813865472e9	0.0	0.0	0.0	0.0	7.59626256375254e8
7.74056185954304e9	0.0	0.0	0.0	0.0	7.957989352499785e8
8.09240558043136e9	0.0	0.0	0.0	0.0	8.319716141247032e8
8.444249301319681e9	0.0	0.0	0.0	0.0	8.681442929994279e8
8.796093022208e9	0.0	0.0	0.0	0.0	9.043169718741525e8
9.147936743096321e9	0.0	0.0	0.0	0.0	9.404896507488772e8
9.49978046398464e9	0.0	0.0	0.0	0.0	9.766623296236017e8
9.851624184872961e9	0.0	0.0	0.0	0.0	1.0128350084983263e9
1.020346790576128e10	0.0	0.0	0.0	0.0	1.0490076873730509e9
1.0555311626649601e10	0.0	0.0	0.0	0.0	1.0851803662477756e9
1.090715534753792e10	0.0	0.0	0.0	0.0	1.1213530451225002e9
1.125899906842624e10	0.0	0.0	0.0	0.0	1.1575257239972248e9
1.196268651020288e10	0.0	0.0	0.0	0.0	1.229871081746674e9
1.266637395197952e10	0.0	0.0	0.0	0.0	1.3022164394961233e9
1.337006139375616e10	0.0	0.0	0.0	0.0	1.3745617972455728e9
1.40737488355328e10	0.0	0.0	0.0	0.0	1.446907154995022e9
1.477743627730944e10	0.0	0.0	0.0	0.0	1.5192525127444713e9
1.548112371908608e10	0.0	0.0	0.0	0.0	1.5915978704939206e9
1.618481116086272e10	0.0	0.0	0.0	0.0	1.6639432282433698e9
1.6888498602639362e10	0.0	0.0	0.0	0.0	1.736288585992819e9
1.7592186044416e10	0.0	0.0	0.0	0.0	1.8086339437422683e9
1.8295873486192642e10	0.0	0.0	0.0	0.0	1.8809793014917176e9
1.899956092796928e10	0.0	0.0	0.0	0.0	1.9533246592411668e9
1.9703248369745922e10	0.0	0.0	0.0	0.0	2.025670016990616e9
2.040693581152256e10	0.0	0.0	0.0	0.0	2.098015374740065e9
2.1110623253299202e10	0.0	0.0	0.0	0.0	2.1703607324895144e9
2.181431069507584e10	0.0	0.0	0.0	0.0	2.2427060902389636e9
2.251799813685248e10	0.0	0.0	0.0	0.0	2.3150514479884124e9
2.392537302040576e10	0.0	0.0	0.0	0.0	2.4597421634873114e9
2.533274790395904e10	0.0	0.0	0.0	0.0	2.60443287898621e9
2.674012278751232e10	0.0	0.0	0.0	0.0	2.7491235944851084e9
2.81474976710656e10	0.0	0.0	0.0	0.0	2.893814309984007e9
2.955487255461888e10	0.0	0.0	0.0	0.0	3.0385050254829054e9
3.096224743817216e10	0.0	0.0	0.0	0.0	3.1831957409818034e9
3.236962232172544e10	0.0	0.0	0.0	0.0	3.3278864564807024e9
3.3776997205278725e10	0.0	0.0	0.0	0.0	3.4725771719796014e9
3.5184372088832e10	0.0	0.0	0.0	0.0	3.6172678874785e9
3.6591746972385284e10	0.0	0.0	0.0	0.0	3.7619586029773984e9
3.799912185593856e10	0.0	0.0	0.0	0.0	3.9066493184762964e9
3.9406496739491844e10	0.0	0.0	0.0	0.0	4.0513400339751945e9
4.081387162304512e10	0.0	0.0	0.0	0.0	4.1960307494740925e9
4.2221246506598404e10	0.0	0.0	0.0	0.0	4.340721464972991e9
4.362862139015168e10	0.0	0.0	0.0	0.0	4.4854121804718895e9
4.503599627370496e10	0.0	0.0	0.0	0.0	4.630102895970788e9
4.785074604081152e10	0.0	0.0	0.0	0.0	4.919484326968585e9
5.066549580791808e10	0.0	0.0	0.0	0.0	5.208865757966382e9
5.348024557502464e10	0.0	0.0	0.0	0.0	5.498247188964178e9
5.62949953421312e10	0.0	0.0	0.0	0.0	5.787628619961975e9
5.910974510923776e10	0.0	0.0	0.0	0.0	6.077010050959772e9
6.192449487634432e10	0.0	0.0	0.0	0.0	6.366391481957569e9
6.473924464345088e10	0.0	0.0	0.0	0.0	6.655772912955366e9
6.755399441055745e10	0.0	0.0	0.0	0.0	6.945154343953163e9
7.0368744177664e10	0.0	0.0	0.0	0.0	7.234535774950959e9
7.318349394477057e10	0.0	0.0	0.0	0.0	7.523917205948756e9
7.599824371187712e10	0.0	0.0	0.0	0.0	7.813298636946553e9
7.881299347898369e10	0.0	0.0	0.0	0.0	8.10268006794435e9
8.162774324609024e10	0.0	0.0	0.0	0.0	8.392061498942147e9
8.444249301319681e10	0.0	0.0	0.0	0.0	8.681442929939945e9
8.725724278030336e10	0.0	0.0	0.0	0.0	8.970824360937742e9
9.007199254740993e10	0.0	0.0	0.0	0.0	9.26020579193554e9
9.570149208162305e10	0.0	0.0	0.0	0.0	9.838968653931133e9
1.0133099161583617e11	0.0	0.0	0.0	0.0	1.0417731515926727e10
1.0696049115004929e11	0.0	0.0	0.0	0.0	1.099649437792232e10
1.125899906842624e11	0.0	0.0	0.0	0.0	1.1575257239917913e10
1.1821949021847552e11	0.0	0.0	0.0	0.0	1.2154020101913507e10
1.2384898975268864e11	0.0	0.0	0.0	0.0	1.2732782963909101e10
1.2947848928690176e11	0.0	0.0	0.0	0.0	1.3311545825904696e10
1.351079888211149e11	0.0	0.0	0.0	0.0	1.389030868790029e10
1.40737488355328e11	0.0	0.0	0.0	0.0	1.4469071549895882e10
1.4636698788954114e11	0.0	0.0	0.0	0.0	1.5047834411891476e10
1.5199648742375424e11	0.0	0.0	0.0	0.0	1.562659727388707e10
1.5762598695796738e11	0.0	0.0	0.0	0.0	1.6205360135882664e10
1.6325548649218048e11	0.0	0.0	0.0	0.0	1.6784122997878256e10
1.6888498602639362e11	0.0	0.0	0.0	0.0	1.736288585987385e10
1.7451448556060672e11	0.0	0.0	0.0	0.0	1.7941648721869446e10
1.8014398509481985e11	0.0	0.0	0.0	0.0	1.852041158386504e10
1.914029841632461e11	0.0	0.0	0.0	0.0	1.9677937307856228e10
2.0266198323167233e11	0.0	0.0	0.0	0.0	2.0835463031847416e10
2.1392098230009857e11	0.0	0.0	0.0	0.0	2.1992988755838604e10
2.251799813685248e11	0.0	0.0	0.0	0.0	2.315051447982979e10
2.3643898043695105e11	0.0	0.0	0.0	0.0	2.430804020382098e10
2.476979795053773e11	0.0	0.0	0.0	0.0	2.546556592781217e10
2.5895697857380353e11	0.0	0.0	0.0	0.0	2.6623091651803356e10
2.702159776422298e11	0.0	0.0	0.0	0.0	2.7780617375794544e10
2.81474976710656e11	0.0	0.0	0.0	0.0	2.8938143099785732e10
2.927339757790823e11	0.0	0.0	0.0	0.0	3.009566882377692e10
3.039929748475085e11	0.0	0.0	0.0	0.0	3.125319454776811e10
3.1525197391593475e11	0.0	0.0	0.0	0.0	3.2410720271759296e10
3.2651097298436096e11	0.0	0.0	0.0	0.0	3.3568245995750484e10
3.3776997205278723e11	0.0	0.0	0.0	0.0	3.472577171974168e10
3.4902897112121344e11	0.0	0.0	0.0	0.0	3.5883297443732864e10
3.602879701896397e11	0.0	0.0	0.0	0.0	3.7040823167724045e10
3.828059683264922e11	0.0	0.0	0.0	0.0	3.935587461570642e10
4.0532396646334467e11	0.0	0.0	0.0	0.0	4.1670926063688805e10
4.2784196460019714e11	0.0	0.0	0.0	0.0	4.398597751167118e10
4.503599627370496e11	0.0	0.0	0.0	0.0	4.630102895965356e10
4.728779608739021e11	0.0	0.0	0.0	0.0	4.861608040763593e10
4.953959590107546e11	0.0	0.0	0.0	0.0	5.093113185561831e10
5.1791395714760706e11	0.0	0.0	0.0	0.0	5.324618330360068e10
5.404319552844596e11	0.0	0.0	0.0	0.0	5.556123475158305e10
5.62949953421312e11	0.0	0.0	0.0	0.0	5.787628619956543e10
5.854679515581646e11	0.0	0.0	0.0	0.0	6.0191337647547806e10
6.07985949695017e11	0.0	0.0	0.0	0.0	6.250638909553018e10
6.305039478318695e11	0.0	0.0	0.0	0.0	6.482144054351256e10
6.530219459687219e11	0.0	0.0	0.0	0.0	6.713649199149493e10
6.755399441055745e11	0.0	0.0	0.0	0.0	6.94515434394773e10
6.980579422424269e11	0.0	0.0	0.0	0.0	7.176659488745966e10
7.205759403792794e11	0.0	0.0	0.0	0.0	7.408164633544203e10
7.656119366529844e11	0.0	0.0	0.0	0.0	7.871174923140678e10
8.106479329266893e11	0.0	0.0	0.0	0.0	8.334185212737154e10
8.556839292003943e11	0.0	0.0	0.0	0.0	8.797195502333629e10
9.007199254740992e11	0.0	0.0	0.0	0.0	9.260205791930104e10
9.457559217478042e11	0.0	0.0	0.0	0.0	9.72321608152658e10
9.907919180215092e11	0.0	0.0	0.0	0.0	1.0186226371123055e11
1.0358279142952141e12	0.0	0.0	0.0	0.0	1.064923666071953e11
1.0808639105689192e12	0.0	0.0	0.0	0.0	1.1112246950316006e11
1.125899906842624e12	0.0	0.0	0.0	0.0	1.1575257239912482e11
1.170935903116329e12	0.0	0.0	0.0	0.0	1.2038267529508957e11
1.215971899390034e12	0.0	0.0	0.0	0.0	1.2501277819105432e11
1.261007895663739e12	0.0	0.0	0.0	0.0	1.2964288108701906e11
1.3060438919374438e12	0.0	0.0	0.0	0.0	1.3427298398298381e11
1.351079888211149e12	0.0	0.0	0.0	0.0	1.3890308687894855e11
1.3961158844848538e12	0.0	0.0	0.0	0.0	1.435331897749133e11
1.4411518807585588e12	0.0	0.0	0.0	0.0	1.4816329267087805e11
