# τ	Fs	F	Δζ	ΔG	Δr²
0.0	1.0	1.0	1541.3121435859482	156.0930265588483	0.0
3.125e-7	0.9999838611727643	0.9999886116334248	1540.553478412035	156.02097677438968	3.125e-7
6.25e-7	0.9999677248041822	0.999977224947699	1539.7954619643763	155.94898548885627	6.24924740617989e-7
9.375000000000001e-7	0.999951593089907	0.999965841492202	1539.0381090984977	155.87705398922472	9.371990546850705e-7
1.25e-6	0.999935466026733	0.9999544612647028	1538.2814191177806	155.80518221603	1.2493230705603937e-6
1.5625e-6	0.9999193436111584	0.9999430842627609	1537.525391325354	155.73337010981206	1.5612969345742552e-6
1.8750000000000003e-6	0.9999032258396849	0.9999317104839389	1536.7700250251485	155.66161761117613	1.8731207928904755e-6
2.1875000000000002e-6	0.9998871127088177	0.9999203399258014	1536.0153195219084	155.58992466079252	2.1847947915022466e-6
2.5e-6	0.9998710042150655	0.9999089725859158	1535.2612741211758	155.51829119939686	2.4963190762323453e-6
2.8125e-6	0.9998549003549404	0.9998976084618516	1534.507888129299	155.4467171677896	2.80769379273335e-6
3.125e-6	0.9998388011249584	0.999886247551181	1533.7551608534266	155.37520250683613	3.1189190864878557e-6
3.4375e-6	0.9998227065216385	0.9998748898514787	1533.0030916015073	155.30374715746694	3.429995102808689e-6
3.7500000000000005e-6	0.9998066165415036	0.9998635353603214	1532.2516796822943	155.2323510606771	3.740921986839123e-6
4.0625000000000005e-6	0.99979053118108	0.9998521840752886	1531.5009244053367	155.1610141575264	4.0516998835530915e-6
4.3750000000000005e-6	0.9997744504368973	0.9998408359939625	1530.7508250809808	155.08973638913952	4.362328937755404e-6
4.6875000000000004e-6	0.9997583743054888	0.999829491113927	1530.0013810203743	155.0185176967054	4.672809294081959e-6
5.0e-6	0.999742302783391	0.9998181494327691	1529.2525915354584	154.94735802147758	4.983141096999959e-6
5.3125e-6	0.9997262388463309	0.9998068130325654	1528.5045803166354	154.8762684360904	5.293225763328411e-6
5.625e-6	0.9997101805016901	0.9997954805191339	1527.7572634969688	154.80524143871042	5.603129393577669e-6
5.9375e-6	0.9996941270829016	0.999784151426103	1527.0106126724395	154.734274490449	5.912874120487774e-6
6.25e-6	0.9996780783654606	0.999772825596402	1526.2646179218254	154.6633667063068	6.222467418408072e-6
6.5625e-6	0.9996620342722329	0.9997615029760718	1525.51927548357	154.59251775246753	6.5319118746609455e-6
6.875e-6	0.9996459947752145	0.999750183545529	1524.7745836492759	154.52172747883336	6.841208447186741e-6
7.1875e-6	0.9996299598627835	0.999738867296651	1524.0305413952478	154.45099579657122	7.15035755060009e-6
7.500000000000001e-6	0.9996139295287796	0.9997275542251377	1523.2871479264952	154.3803226373061	7.45935941826702e-6
7.8125e-6	0.9995979037688663	0.999716244327965	1522.544402524754	154.30970793952318	7.768214223016861e-6
8.125000000000001e-6	0.9995818825793172	0.9997049376025356	1521.80230449786	154.23915164403613	8.076922117386157e-6
8.4375e-6	0.9995658659566121	0.9996936340463964	1521.0608531628613	154.16865369247674	8.385483247035592e-6
8.750000000000001e-6	0.9995498538973013	0.9996823336571434	1520.320047840403	154.0982140267919	8.69389775522317e-6
9.0625e-6	0.9995338463979613	0.9996710364323912	1519.5798878528522	154.02783258907587	9.002165784295647e-6
9.375000000000001e-6	0.999517843455179	0.9996597423697612	1518.840372523663	153.95750932151392	9.310287476185883e-6
9.6875e-6	0.9995018450655482	0.9996484514668796	1518.1015011771806	153.88724416636418	9.618262972578822e-6
1.0e-5	0.9994858512256651	0.9996371637213757	1517.3632731385617	153.817037065951	9.926092414966936e-6
1.0625e-5	0.9994538771770378	0.9996145976898848	1515.8887440381916	153.6767967776294	1.054131389042354e-5
1.125e-5	0.9994219212851688	0.9995920442584755	1514.416780008189	153.53678801072618	1.115595290541243e-5
1.1875e-5	0.9993899835239688	0.9995695034089692	1512.9473757340986	153.39701031088248	1.1770010543958433e-5
1.25e-5	0.9993580638667324	0.9995469751227584	1511.4805258763874	153.25746322156593	1.2383487915375706e-5
1.3125e-5	0.9993261622865841	0.9995244593811156	1510.016225095384	153.11814628618677	1.2996386135710099e-5
1.375e-5	0.999294278756629	0.9995019561653007	1508.5544680595885	152.97905904880272	1.3608706321480995e-5
1.4375e-5	0.999262413249999	0.9994794654565936	1507.0952494484027	152.84020105435084	1.4220449587674285e-5
1.5000000000000002e-5	0.9992305657398736	0.9994569872363056	1505.6385639530356	152.70157184872465	1.4831617047001733e-5
1.5625e-5	0.9991987361994821	0.9994345214857832	1504.1844062767673	152.56317097879682	1.544220980973413e-5
1.6250000000000002e-5	0.9991669246021057	0.99941206818641	1502.7327711350376	152.4249979924266	1.6052228983574318e-5
1.6875e-5	0.9991351309210796	0.9993896273196063	1501.2836532554352	152.2870524384593	1.6661675673694734e-5
1.7500000000000002e-5	0.9991033551297933	0.9993671988668311	1499.8370473776913	152.1493338667262	1.7270550982678765e-5
1.8125e-5	0.9990715972016868	0.9993447828095775	1498.3929482536428	152.01184182804124	1.7878856010580945e-5
1.8750000000000002e-5	0.999039857110255	0.999322379129379	1496.9513506472133	151.87457587420005	1.848659185487591e-5
1.9375e-5	0.9990081348290454	0.9992999878078034	1495.5122493343772	151.73753555797668	1.909375961052098e-5
2.0e-5	0.9989764303316588	0.9992776088264564	1494.0756391031357	151.60072043312232	1.9700360369906104e-5
2.125e-5	0.9989130745481783	0.9992328877867803	1491.2098691639621	151.3277638130396	2.0911866697115213e-5
2.25e-5	0.998849789573087	0.9991882158802473	1488.3540006799046	151.0557025744232	2.2121118555130862e-5
2.375e-5	0.9987865752048711	0.9991435929664504	1485.5079928196649	150.78453321914998	2.332812426922379e-5
2.5e-5	0.9987234312376642	0.9990990189019523	1482.671804651393	150.51425223985825	2.453289233981009e-5
2.625e-5	0.9986603574646743	0.9990544935426711	1479.8453953351525	150.24485613630355	2.573543129985082e-5
2.75e-5	0.9985973536793769	0.9990100167447118	1477.0287241866713	149.97634142078428	2.6935749666232502e-5
2.875e-5	0.9985344196758563	0.9989655883646054	1474.2217506976617	149.70870461987263	2.813385592486821e-5
3.0000000000000004e-5	0.9984715552489708	0.9989212082594214	1471.4244345422794	149.44194227497164	2.9329758524676755e-5
3.125e-5	0.9984087601943517	0.9988768762867702	1468.636735578358	149.1760509424261	3.052346587688568e-5
3.2500000000000004e-5	0.9983460343084536	0.9988325923048368	1465.8586138475287	148.9110271935405	3.171498635375153e-5
3.375e-5	0.998283377388517	0.9987883561723525	1463.0900295743595	148.64686761451125	3.290432828943744e-5
3.5000000000000004e-5	0.9982207892326029	0.9987441677486241	1460.3309431657667	148.38356880638494	3.40914999792625e-5
3.625e-5	0.9981582696395551	0.9987000268935015	1457.5813152099356	148.1211273849718	3.527650968074933e-5
3.7500000000000003e-5	0.9980958184090309	0.9986559334674044	1454.8411064756663	147.8595399807978	3.645936561293397e-5
3.875e-5	0.9980334353414622	0.9986118873312919	1452.1102779112716	147.5988032390166	3.7640075957426965e-5
4.0e-5	0.9979711202380888	0.9985678883466867	1449.3887906439222	147.3389138193617	3.881864885773182e-5
4.25e-5	0.9978466928731731	0.998480031099955	1443.9736710853697	146.82166243674547	4.116942532909355e-5
4.5e-5	0.9977225349157411	0.9983923607528445	1438.5954501634696	146.3077602350201	4.351175220833336e-5
4.75e-5	0.9975986448621537	0.9983048762577855	1433.2538264965165	145.7971812870668	4.584569090413309e-5
5.0e-5	0.9974750211822606	0.9982175765487576	1427.94849930523	145.28989970713891	4.817130383927605e-5
5.25e-5	0.9973516623447528	0.998130460558944	1422.6791698352897	144.78588977226593	5.0488653400260894e-5
5.5e-5	0.9972285668263347	0.9980435272271273	1417.4455418170921	144.28512596165623	5.2797801572413326e-5
5.75e-5	0.9971057331139289	0.9979567754992159	1412.247321596623	143.78758296802047	5.509880983994309e-5
6.000000000000001e-5	0.9969831597061195	0.9978702043292604	1407.0842181659762	143.29323570039293	5.739173913836568e-5
6.25e-5	0.9968608451127888	0.9977838126791888	1401.955943151923	142.80205928332316	5.967664986022361e-5
6.500000000000001e-5	0.9967387878556973	0.9976975995192212	1396.862210799423	142.31402905568456	6.195360184286024e-5
6.75e-5	0.996616986467839	0.9976115638274113	1391.8027379449622	141.82912056856296	6.422265438570075e-5
7.000000000000001e-5	0.996495439493925	0.9975257045899918	1386.7772439952817	141.3473095836519	6.648386624196923e-5
7.25e-5	0.9963741454897136	0.9974400208008999	1381.7854508995388	140.86857207103475	6.873729563704959e-5
7.500000000000001e-5	0.9962531030224798	0.9973545114621092	1376.827083127907	140.3928842075645	7.098300026064793e-5
7.75e-5	0.9961323106703487	0.9972691755831616	1371.9018676441024	139.92022237467114	7.322103728506936e-5
8.0e-5	0.9960117670227606	0.9971840121814964	1367.0095338843687	139.4505631567686	7.545146335743722e-5
8.5e-5	0.9957714184487436	0.9970141976608822	1357.3223433314772	138.52015147111797	7.98897788443064e-5
9.0e-5	0.9955320474744477	0.9968450610557814	1347.7634644680365	137.60147172631952	8.429833968541148e-5
9.5e-5	0.9952936436126731	0.9966765950613667	1338.3308420951403	136.69434566437468	8.867756431678948e-5
0.0001	0.9950561962717539	0.9965087923003373	1329.0224430246308	135.79859678710213	9.30278743993743e-5
0.000105	0.9948196949279535	0.9963416454428372	1319.8362655539795	134.9140511734745	9.734968775188935e-5
0.00011	0.9945841291925348	0.9961751472532886	1310.7703422081017	134.04053772011926	0.00010164341582418932
0.000115	0.9943494888209562	0.9960092905966638	1301.8227401331446	133.17788817972772	0.00010590946321183173
0.00012000000000000002	0.9941157637253203	0.9958440684472755	1292.9915608421745	132.3259371444094	0.00011014822732973138
0.000125	0.9938829439656137	0.9956794738825446	1284.27493963498	131.4845220003159	0.0001143600986534136
0.00013000000000000002	0.9936510197560198	0.9955155000875198	1275.6710450368025	130.6534828843786	0.00011854546063628333
0.000135	0.9934199814543875	0.9953521403474103	1267.1780781352334	129.83266263155667	0.00012270469002388271
0.00014000000000000001	0.9931898195678116	0.995189388051596	1258.7942720068513	129.02190673025567	0.00012683815679638362
0.000145	0.9929605247421265	0.9950272366861813	1250.5178910682355	128.22106327053461	0.00013094622448311182
0.00015000000000000001	0.9927320877673567	0.9948656798379095	1242.3472305220355	127.42998290092424	0.00013502925010602527
0.000155	0.9925044995674276	0.9947047111868723	1234.2806157318387	126.64851877844077	0.00013908758448664442
0.00016	0.9922777512055574	0.9945443245103809	1226.3164016902676	125.87652652704126	0.0001431215721879548
0.00017	0.9918267279481634	0.9942252650217464	1210.688160201844	124.3603416119919	0.00015111827430136444
0.00018	0.9913789568806841	0.9939084588186826	1195.4503446838735	122.88035788119952	0.00015902169326319958
0.00019	0.9909343736751082	0.9935938611135331	1180.5909438637545	121.43551670055955	0.00016683427690188817
0.0002	0.9904929142835199	0.9932814273175911	1166.0982742758767	120.02478659091918	0.0001745584511943561
0.00021	0.9900545159091578	0.9929711137148725	1151.9610276880546	118.64716745278128	0.0001821965814994447
0.00022	0.989619117440322	0.9926628777658165	1138.1682775800334	117.30169123644056	0.00018975095815575987
0.00023	0.9891866594069952	0.9923566780751217	1124.7094709876876	115.98742133019655	0.00019722379711384773
0.00024000000000000003	0.988757084073075	0.9920524744576225	1111.5744173455982	114.70345168827197	0.00020461723869439783
0.00025	0.9883303352870038	0.9917502278324307	1098.7532752788634	113.44890576932023	0.00021193335235119356
0.00026000000000000003	0.9879063585361046	0.9914499002624017	1086.2365404434752	112.22293556619928	0.00021917413677977366
0.00027	0.987485100792363	0.991151454844962	1074.0150326957719	111.02472056706874	0.00022634152487115201
0.00028000000000000003	0.9870665105626836	0.990854855748696	1062.079884669321	109.85346683905702	0.00023343738385844592
0.00029	0.9866505377407302	0.9905600681084504	1050.422529840468	108.70840605801945	0.00024046352003779964
0.00030000000000000003	0.9862371336567525	0.9902670580615758	1039.0346919636365	107.58879465772239	0.00024742167881820927
0.00031	0.9858262509363198	0.9899757926478909	1027.9083740222893	106.49391292829642	0.0002543135491795663
0.00032	0.9854178435500072	0.9896862398457852	1017.0358484739317	105.42306422764783	0.00026114076362191823
0.00034	0.9846082251071192	0.9891121123439796	996.0199606118292	103.35055774470749	0.00027460928074207416
0.00036	0.9838079729813635	0.988544463142774	975.9322982889779	101.36631727821616	0.00028783788769643187
0.00038	0.9830167735442347	0.9879830741029043	956.7204217799148	99.4655788581261	0.000300837419063781
0.0004	0.9822343222403097	0.987427733441037	938.3348876031318	97.64383666754182	0.0003136182959204336
0.00042	0.9814603269942209	0.986878238069937	920.7293130048423	95.89685032870617	0.00032619039955245223
0.00044	0.9806945103792166	0.9863343951256067	903.8602584232312	94.22063584859876	0.0003385630197115741
0.00046	0.979936608139203	0.985796020914827	887.6870469121627	92.61145077909546	0.0003507449024527513
0.00048000000000000007	0.9791863696897416	0.9852629412827697	872.1715864274939	91.06577950672525	0.0003627442552997711
0.0005	0.9784435562692433	0.9847349903045961	857.2781893992556	89.58031814751008	0.00037456880772452624
0.0005200000000000001	0.9777079412835857	0.9842120105435755	842.9734121954573	88.1519611082776	0.00038622581927777656
0.00054	0.9769793085740951	0.9836938518253925	829.2258972467574	86.77778776105444	0.00039772213532807685
0.0005600000000000001	0.9762574527670412	0.9831803714988151	816.0062344663128	85.45505075137953	0.0004090641926868552
0.00058	0.9755421776954121	0.9826714333182834	803.2868250259535	84.18116441775643	0.00042025806944988623
0.0006000000000000001	0.9748332967641276	0.9821669077146832	791.0417622754787	82.95369467029174	0.00043130948804384384
0.00062	0.974130631514154	0.9816666707781404	779.2467142743407	81.77034893485626	0.000442223859737781
0.00064	0.9734340119987568	0.9811706045356752	767.878821431057	80.62896738880644	0.00045300628555536125
0.00068	0.9720581082372216	0.9801904278634049	746.3327427718347	78.46340542791185	0.00047419872439104444
0.00072	0.9707044981828279	0.9792256229855525	726.2528460091867	76.44266446193343	0.0004949186134551939
0.00076	0.9693721045057214	0.9782754423859101	707.5017800050937	74.55361213453217	0.0005151968075654498
0.0008	0.9680599179523879	0.9773391861693559	689.9564601588473	72.7844246863971	0.0005350616762380732
0.00084	0.9667669967909391	0.9764162013771545	673.5070748447713	71.12450445840811	0.0005545391582056665
0.00088	0.965492474610198	0.9755058875748271	658.0557408323866	69.56436218702194	0.0005736526753219865
0.00092	0.9642355458542824	0.9746076865793369	643.5150977358265	68.09549211999064	0.0005924235787714981
0.0009600000000000001	0.9629954684874943	0.9737210844812638	629.8070864390232	66.71026252612378	0.0006108711820280784
0.001	0.9617715503214046	0.9728456019533283	616.8618171390897	65.40181359218057	0.0006290131679033323
0.0010400000000000001	0.9605631514486572	0.9719807960996012	604.6166261055369	64.16397169931895	0.0006468656023723387
0.00108	0.9593696725698824	0.971126252175349	593.0152079243593	62.99117019894802	0.0006644432717587749
0.0011200000000000001	0.9581905575791302	0.9702815855283596	582.0068985770594	61.87838342769132	0.0006817596726704717
0.00116	0.9570252836623683	0.9694464345679192	571.546011354324	60.821065393229794	0.0006988272902482871
0.0012000000000000001	0.9558733639574217	0.9686204627455168	561.5912907813159	59.815098902677	0.0007156575715798648
0.00124	0.9547343391119766	0.9678033525535806	552.1054020087882	58.85674792030497	0.0007322611571713606
0.00128	0.9536077799298801	0.966994807485347	543.0545129303795	57.94261818590807	0.0007486478441399863
0.00136	0.9513901852444842	0.9654021210036015	526.127868649075	56.233970674138234	0.0007808105505840178
0.00144	0.949217857132695	0.9638405220896504	510.6069587512879	54.66851726640621	0.000812206994173519
0.00152	0.9470881908455195	0.9623082123366254	496.3156839760402	53.228424987940336	0.000842893781425242
0.0016	0.944998823793982	0.9608035625503287	483.10474615878235	51.898530702089076	0.000872920824402037
0.00168	0.9429475849803207	0.9593250758296844	470.8476713021955	50.66595746056692	0.0009023329908079964
0.00176	0.9409325216198164	0.9578714071123544	459.437079199562	49.51974809817166	0.0009311697272629032
0.00184	0.9389518358652579	0.9564413180470568	448.7812713607812	48.4505300743057	0.0009594667174711005
0.0019200000000000003	0.9370039008009844	0.9550336891136415	438.8016004410041	47.450253269333565	0.0009872556065648028
0.002	0.9350872087751645	0.9536474827894879	429.4301843746644	46.511962975935404	0.0010145652974991948
0.0020800000000000003	0.9332003857826756	0.9522817544183783	420.60817487444876	45.62962669028111	0.0010414216556108864
0.00216	0.9313421506327841	0.9509356230547028	412.2843048358179	44.79798262098109	0.0010678485096502998
0.0022400000000000002	0.9295113282288665	0.949608281444323	404.41366898685123	44.01242469273743	0.0010938673543528644
0.00232	0.9277068170012523	0.9482989727273776	396.95676645408815	43.26889987770309	0.0011194981363396937
0.0024000000000000002	0.9259276009364518	0.9470069994477203	389.87872967408896	42.56383052647883	0.0011447589720847055
0.00248	0.9241727232503681	0.9457317046852747	383.1486229802267	41.894043416719725	0.0011696667761428871
0.00256	0.9224412971343147	0.9444724800881682	376.7389264194309	41.25671632045532	0.0011942370023580598
0.00272	0.919045262319317	0.9419998242029182	364.77709978825453	40.06882112761466	0.0012424186733509012
0.00288	0.9157336801287634	0.93958503733699	353.8334435938184	38.98377095293907	0.0012894087350254172
0.00304	0.9125011545120585	0.9372244172539955	343.77295359302724	37.9877527071878	0.0013352994724555641
0.0032	0.9093428875319465	0.934914678579667	334.4832682875363	37.06928512028803	0.0013801698540741928
0.00336	0.9062544972189528	0.932652819888706	325.87058326599055	36.218798294824374	0.0014240908896856913
0.00352	0.903232078974422	0.9304361705783859	317.8562937296899	35.42828309037232	0.0014671243865443156
0.00368	0.9002720475665649	0.9282622771999655	310.373911125519	34.69097601290053	0.0015093266475572898
0.0038400000000000005	0.8973711804691276	0.9261289373766528	303.3669034199203	34.00113395607628	0.0015507472874866834
0.004	0.894526497885028	0.9240341134194558	296.78676387292353	33.353837374674846	0.001591431935439529
0.0041600000000000005	0.891735299372951	0.9219759609305598	290.59169109345663	32.744852476893186	0.0016314211964042384
0.00432	0.8889950725177304	0.9199527628570623	284.74536771507894	32.17050709892342	0.0016707526972291116
0.0044800000000000005	0.8863035243543046	0.9179629539412543	279.21613395479	31.627604321847286	0.0017094601958925913
0.00464	0.8836585104919964	0.916005069386657	273.97618930715464	31.113341586889188	0.0017475751710678764
0.0048000000000000004	0.8810580620055545	0.9140777657368916	269.0010583039283	30.62525480189971	0.0017851260620504474
0.00496	0.8785003293930622	0.9121797801634736	264.2690515753639	30.161163911650746	0.001822139529326201
0.00512	0.8759836055907323	0.910309948318179	259.7609103003543	29.719135671544684	0.0018586398051441927
0.00544	0.871067226415697	0.9066507146194548	251.34499441689405	28.89408208518902	0.0019301663709822183
0.00576	0.8662971055624796	0.9030919778315751	243.6407735651081	28.138882413270245	0.001999888809786419
0.00608	0.8616627935225852	0.8996265977398091	236.55369215245256	27.444116987358242	0.0020679561335929615
0.0064	0.8571552036672406	0.8962483816050416	230.00534560618243	26.80198483104964	0.0021344911229277913
0.00672	0.8527661289563822	0.892951730524947	223.9303323323931	26.205993573528175	0.0021996037262993835
0.00704	0.8484883133185185	0.8897317024508521	218.2739264158444	25.650722162902913	0.002263388883346758
0.00736	0.8443151311308676	0.8865837785390964	212.9898258999923	25.131595370343096	0.002325933520506998
0.007680000000000001	0.8402406603483534	0.8835039256019758	208.03868945213674	24.644733994264374	0.002387313792934382
0.008	0.836259451303031	0.8804884268692279	203.38673743684373	24.186814943210067	0.002447600038889674
0.008320000000000001	0.8323665909068692	0.8775339360395638	199.00486810994633	23.75498097774149	0.002506854452392939
0.00864	0.8285575293838969	0.8746373497911272	194.86777423825805	23.346752671176198	0.0025651348629555613
0.008960000000000001	0.8248281351534067	0.8717958536364977	190.95339465372206	22.959972613380533	0.002622492810989103
0.00928	0.821174561680967	0.8690068234527311	187.24233655978693	22.5927480298227	0.0026789765033513823
0.009600000000000001	0.8175932941914932	0.8662678643443555	183.7175237051118	22.243415143330335	0.002734629205201044
0.00992	0.8140810452907804	0.8635767330691675	180.3638059058611	21.910500492029712	0.0027894915935079393
0.01024	0.8106347947830812	0.8609313710873454	177.16772654486311	21.592697489359576	0.0028436004006359007
0.01088	0.803931907433106	0.855772358706962	171.20231576453472	20.997828986598478	0.0029496162032713056
0.01152	0.7974618870832255	0.8507752153463194	165.7387741779189	20.450970481010692	0.0030529979183726184
0.01216	0.7912061379931083	0.8459272054742172	160.70998255185341	19.94567066353193	0.0031539765681160045
0.0128	0.7851489962816369	0.8412176380671977	156.06088897570461	19.476628968827928	0.0032527335658926048
0.01344	0.7792765002647997	0.8366369635207148	151.74562811594367	19.039436926808396	0.0033494315957988768
0.01408	0.7735763953568552	0.8321768142719945	147.72579478552353	18.63041447945503	0.003444210424730728
0.01472	0.768037548958237	0.8278295682665864	143.96882054568007	18.2464493231268	0.0035371991862300747
0.015360000000000002	0.7626500622185629	0.8235884581067331	140.44699395151056	17.88490108727606	0.003628510296309049
0.016	0.757404868731429	0.8194472685766102	137.1364740441961	17.543503010417464	0.0037182482549667677
0.016640000000000002	0.7522938365644074	0.8154004327529739	134.0167022909583	17.220305235287363	0.0038065047631960724
0.01728	0.7473094693861159	0.8114428049024481	131.06977588271113	16.91361246051559	0.003893365574225683
0.017920000000000002	0.7424449932271591	0.8075697412023959	128.28008137982442	16.621949246031757	0.00397890653309567
0.01856	0.7376941281561288	0.8037769248866315	125.63388179941698	16.344018913682966	0.004063198982504454
0.019200000000000002	0.7330511622089704	0.8000604344379266	123.11908079935007	16.07868162689882	0.004146306476934066
0.01984	0.7285107736831954	0.7964166064523076	120.72494163551511	15.824926351580064	0.004228289113526132
0.02048	0.7240680943349157	0.792842093587782	118.44193090169227	15.581856626630618	0.004309200771379681
0.02176	0.7154668021525549	0.7858951733142737	114.18161076850824	15.125023793056847	0.004467822699187778
0.02304	0.7072061264819127	0.7791909815855268	110.2737902140034	14.702351950499555	0.004622733708195669
0.02432	0.6992559074440324	0.7727085740220567	106.6703808361002	14.30932606479838	0.00477427796775408
0.0256	0.6915916866579016	0.7664310423604797	103.33291224554902	13.942309423540237	0.004922712923203348
0.02688	0.6841918731247605	0.7603434027509478	100.22943805758767	13.5982805060102	0.005068273221008738
0.02816	0.6770375771628937	0.7544325669699079	97.33318600333372	13.274713301387125	0.005211160216155625
0.02944	0.6701116777272607	0.7486866159772547	94.62142067885891	12.969460272583953	0.005351562634442103
0.030720000000000004	0.6633990042293305	0.7430950019196082	92.07479637764746	12.680694329339572	0.005489643539254455
0.032	0.6568857139042474	0.7376480550573993	89.67666871258055	12.406838471652168	0.0056255559700510655
0.033280000000000004	0.6505594463061004	0.732337151257245	87.41269670216975	12.146532306370508	0.005759432982426901
0.03456	0.6444088564792236	0.7271543385826593	85.27039659793441	11.898586609513348	0.005891400053130069
0.035840000000000004	0.6384237409007678	0.7220924730842712	83.2388910384838	11.661963238308884	0.006021567101163236
0.03712	0.6325946822335252	0.7171449315714553	81.30861300367435	11.435744697191705	0.006150038343539547
0.038400000000000004	0.6269131551613288	0.7123057245307304	79.47114450539925	11.21912181588597	0.006276905719071345
0.03968	0.62137125204576	0.7075692718573159	77.71901467256919	11.011372699579791	0.006402256826182502
0.04096	0.6159617726993085	0.7029304977981978	76.04559344136278	10.811855022428086	0.006526169427358973
0.04352	0.6055334508930482	0.6939423669247363	72.92015686042298	10.435961438136168	0.006769593412266994
0.04608	0.5955594947597719	0.6852917910601468	70.04402477530758	10.08669133526442	0.00700812308408905
0.04864	0.5859958462480633	0.6769471714507765	67.38381970517351	9.760702033376964	0.007242248884933251
0.0512	0.5768081150199987	0.6688839909177433	64.91341076313954	9.455348668941902	0.007472324354881059
0.05376	0.5679660894096641	0.6610805816677838	62.610915247422724	9.168408669899131	0.007698681238864625
0.05632	0.5594433664108521	0.6535180361326437	60.45783135411619	8.898001170373742	0.007921602298173439
0.05888	0.5512160994475535	0.6461791546281334	58.43834691943519	8.642504636958487	0.008141356192761545
0.06144000000000001	0.5432632710967581	0.6390487954398661	56.53895386125789	8.400526557967302	0.008358171346298477
0.064	0.5355658269370505	0.6321131353603511	54.74798833281742	8.17085192019345	0.008572264283944265
0.06656000000000001	0.5281068670831659	0.625359928667002	53.055372291279504	7.952424968443533	0.008783819981948254
0.06912	0.5208709853383428	0.6187779370502743	51.45230478572131	7.744314311323167	0.008993014607451869
0.07168000000000001	0.5138444190876588	0.6123571336995995	49.93109662695025	7.545701904472636	0.009199999701391728
0.07424	0.5070145483129929	0.6060882646614513	48.4849633463427	7.3558589599982795	0.009404920413367067
0.07680000000000001	0.5003700230833873	0.5999630183736022	47.1079192299205	7.174139349392127	0.00960790239928008
0.07936	0.4939003793284841	0.5939736839218747	45.79463495887385	6.999962532963676	0.009809066660615071
0.08192	0.4875961489263044	0.5881132941571082	44.540368266620206	6.832809605224694	0.010008518532410294
0.08704	0.475484629440998	0.5767822355236063	42.20146044416523	6.518628792316633	0.010402057033917842
0.09216	0.4639330225588542	0.5658919407029633	40.04986462801385	6.227274463728098	0.010789956345454084
0.09728	0.4528855591614299	0.5554003364650392	38.06203799274531	5.956009336049858	0.011172853555519531
0.1024	0.4423001300848663	0.545275980949686	36.21949629377194	5.702683222719091	0.011551193640175518
0.10752	0.4321395056998727	0.5354908617332578	34.50639730068634	5.465457712884657	0.011925413871350111
0.11264	0.42237109226044245	0.5260205333190082	32.90916645460943	5.242758360593094	0.012295875459224441
0.11776	0.4129654998498143	0.5168427427423005	31.416097914222664	5.033213473291947	0.012662929695934091
0.12288000000000002	0.4038969816513114	0.5079380514389151	30.017130049655574	4.835638350586139	0.013026863279800297
0.128	0.39514229611622165	0.49928875244535054	28.703516279381617	4.648992036719315	0.013387954582508705
0.13312000000000002	0.38668096696661874	0.49087929557847115	27.46765851796742	4.472366381926905	0.013746431190322025
0.13824	0.3784943934943315	0.48269543260614345	26.30287868090827	4.304955438546269	0.01410251570082213
0.14336000000000002	0.37056605886245275	0.47472455638312705	25.203312355673265	4.146048923735165	0.014456390773466929
0.14848	0.36288085276673027	0.46695503738638333	24.163752574175078	3.9950106107183303	0.014808236604342296
0.15360000000000001	0.3554252564669612	0.4593765109215991	23.179580004951127	3.8512746947011194	0.015158201488087044
0.15872	0.34818682131758183	0.45197935594482697	22.246664848444873	3.7143302144890145	0.015506432948223875
0.16384	0.3411543340245744	0.4447549415723549	21.361306790998945	3.5837191458524726	0.015853052612492147
0.17408	0.3277231868984492	0.430842399659884	19.728924107942106	3.3408104067437883	0.016541045821693315
0.18432	0.314988398384912	0.41752239701542326	18.24705238259292	3.1184280314828143	0.017224045060908758
0.19456	0.30288692160978925	0.4047448117363235	16.89777052487549	2.914178243907976	0.017902754691141134
0.2048	0.29137182903890024	0.3924732632308823	15.666500687243017	2.7261552679560537	0.018577621609737426
0.21504	0.28040012399543435	0.38067407813430276	14.540387880769579	2.5526938520923927	0.01924913578229529
0.22528	0.2699336440049381	0.3693175922624287	13.508293560626068	2.3923528958209093	0.01991765566140292
0.23552	0.2599375284197825	0.35837634624169584	12.560512449498818	2.2438654880126774	0.02058356216989917
0.24576000000000003	0.25038112771228727	0.3478263695741315	11.688644336637491	2.106131435299364	0.021247125419826388
0.256	0.2412364678919209	0.3376455079466728	10.88532402740585	1.9781770140271513	0.02190863576860979
0.26624000000000003	0.23247879093584556	0.3278142958721847	10.144113423998874	1.8591486112091262	0.02256829578006456
0.27648	0.22408532657565036	0.3183146092104117	9.45931260824079	1.748283829988908	0.023226328562039388
0.28672000000000003	0.2160357283886719	0.3091303666992244	8.825890848584537	1.6449079243520972	0.02388288716602764
0.29696	0.20831112792427794	0.30024647062118115	8.239355426234681	1.548413250411946	0.024538145055217748
0.30720000000000003	0.2008945139054116	0.2916493987333359	7.695708348834114	1.458257570766555	0.025192218856193216
0.31744	0.1937699950778329	0.2833263616567691	7.191353087996334	1.3739491466365337	0.025845244922943066
0.32768	0.18692312999521812	0.27526580653787364	6.723066839475851	1.295046074915807	0.026497312776856324
0.34816	0.17409635159257472	0.25997606277470797	5.889964151365126	1.1526979040576284	0.027797861168693733
0.36864	0.16219994132974871	0.2455888239221216	5.165987260631647	1.0272502057825583	0.029095794913608617
0.38912	0.1511552400367982	0.23203807945185137	4.536156328900855	0.9164562740737218	0.030391673911860314
0.4096	0.1408997491659599	0.2192733282043649	3.9877737436064438	0.8184777333987748	0.03168567808480562
0.43008	0.13137242062681093	0.20724392469614436	3.509650185739017	0.7317002480638555	0.03297819789358865
0.45056	0.12251744318037931	0.19590350763124348	3.0922143404687468	0.654735179086927	0.03426937459476131
0.47104	0.11428271724373389	0.1852077126219478	2.7272526251467193	0.5863744525205697	0.03555949921803307
0.49152000000000007	0.10662158050577829	0.17511675036911017	2.4077758002618777	0.5255807319799344	0.036848657951977344
0.512	0.09949076379625113	0.16559288021951807	2.127775057533617	0.47144925638856083	0.03813706241520447
0.5324800000000001	0.0928513722778207	0.15660208834656392	1.882110553822038	0.4231986468447029	0.0394247610100681
0.55296	0.08666725335673246	0.14811206561996226	1.6663426375525938	0.3801440488000415	0.04071190972321679
0.5734400000000001	0.08090571522310179	0.14009347753841098	1.4766541824049928	0.3416905377791554	0.041998533194503376
0.59392	0.0755362851135475	0.1325184002990398	1.3097344056041058	0.30731439469008653	0.04328474871354554
0.6144000000000001	0.07053127028329043	0.12536132244625547	1.162724797105256	0.2765584262890054	0.0445705663700541
0.63488	0.06586480480097366	0.11859792590293723	1.033137681286187	0.2490187055630911	0.04585607603005245
0.65536	0.06151328743397015	0.11220587977514808	0.9188168637776497	0.22434114766838517	0.047141279035629875
0.69632	0.053763535212013665	0.10057260914917607	0.7311697133778066	0.18274456411357254	0.04970971935441341
0.73728	0.0469831323395601	0.09013605919977631	0.5831929793829744	0.1490576377077115	0.05227755108401886
0.77824	0.0410557577701011	0.08077724821620473	0.4665916122417397	0.12173981568981036	0.0548451063935405
0.8192	0.035881278850770665	0.07239401354826963	0.3746699732773549	0.09957170311470992	0.057412125539690904
0.86016	0.03136519073505441	0.06488625947970979	0.30204952714254285	0.08155556721034299	0.05997888812279474
0.90112	0.02742401346163794	0.05816347027381967	0.24453451138801602	0.06689177886777506	0.06254524301958514
0.94208	0.023983674203095676	0.0521426080302858	0.1988528907282397	0.05493623656621927	0.06511140869621852
0.9830400000000001	0.0209801858417306	0.04675030213684801	0.1624657203553884	0.04517432882159987	0.06767727098967899
1.024	0.01835729530160303	0.041920021028380265	0.13339093433056368	0.03719107897630446	0.07024299197805786
1.0649600000000001	0.016066451800180254	0.03759301255704573	0.11008616497248196	0.030653581937615377	0.07280848270209966
1.10592	0.01406505075701864	0.03371616587972247	0.09134276790796905	0.02529246933943805	0.07537386378538188
1.1468800000000001	0.012316263551008082	0.03024248553558848	0.07621609430872907	0.020890662283166973	0.07793906589986006
1.18784	0.010787791904689358	0.027129552301566783	0.06396297756038413	0.01727190911713309	0.08050417981171505
1.2288000000000001	0.009451675508868244	0.024339761691549902	0.05399970566199271	0.014293585521966266	0.08306915168638296
1.26976	0.008283403801785884	0.021839209210502652	0.045866220150677914	0.0118395277231495	0.08563405043899777
1.31072	0.007261729712163937	0.01959778927146773	0.039198733108636793	0.009815385361874502	0.08819883435341859
1.39264	0.0056220639395652755	0.01585841176848931	0.029371633530085622	0.006809220093327371	0.09332743386842685
1.47456	0.004349885052680918	0.012823667009724853	0.02247029448330044	0.004730244476742179	0.09845584672363433
1.55648	0.0033664787914211114	0.010367047675229989	0.01757344478535147	0.0032918029053193797	0.10358429762325357
1.6384	0.002608489469691105	0.008383130221501002	0.014043586578758623	0.002295996626404019	0.10871250135306486
1.72032	0.0020244002221327306	0.00678178625186182	0.011449110495364505	0.00160517296433993	0.1138406482629497
1.80224	0.001574144059660935	0.00548938817040534	0.009503568762242332	0.0011248150413157908	0.11896859701822096
1.88416	0.0012267217043572612	0.004446023603994912	0.008015153038631647	0.0007899625700332274	0.12409647601015275
1.9660800000000003	0.0009583918836964151	0.0036035159245417694	0.0068545041721161885	0.0005560008727574376	0.12922420323090344
2.048	0.0007508821204525673	0.002922910676454787	0.005932945017937755	0.0003921502295378709	0.13435186120125742
2.1299200000000003	0.0005902025765161367	0.0023729097963029336	0.005189018306667739	0.00027715505584289786	0.13947940109348256
2.21184	0.0004655897140163602	0.0019282378134292122	0.004579350379134376	0.00019627580048548938	0.14460687619464163
2.2937600000000002	0.0003687906791011541	0.0015685696897827048	0.004072934040014831	0.00013927802293627016	0.1497342573455532
2.37568	0.00029345242610405014	0.0012774966967514115	0.0036471109145263195	9.90304422428577e-5	0.15486157950272955
2.4576000000000002	0.00023469653012456973	0.0010418131799028432	0.0032853849981516153	7.055713757123035e-5	0.1599888253392169
2.53952	0.0001887641859852799	0.0008508582916047049	0.002975131000734929	5.037565012903856e-5	0.16511601819698477
2.62144	0.00015276384300431703	0.0006960448942857294	0.0027068099619142138	3.604527528870659e-5	0.17024314789519035
2.78528	0.00010383850306838922	0.00047581579965104914	0.002278148816143432	1.9007695192050305e-5	0.18049712457273956
2.94912	7.227990660650884e-5	0.00032693136980665343	0.0019403849977549094	1.0087700364620054e-5	0.19075092707625546
3.11296	5.1806999285553534e-5	0.000226529677431425	0.001670664827553062	5.409894160971332e-6	0.20100461455484517
3.2768	3.8359494710459585e-5	0.00015881897037895018	0.001452188034359361	2.947503796530023e-6	0.21125815582709379
3.44064	2.9349022695392935e-5	0.00011296998483070919	0.001272864592734415	1.6418029430592003e-6	0.22151159090355899
3.60448	2.316410183670093e-5	8.173537016206016e-5	0.0011239485007674289	9.428107106800969e-7	0.23176491221606305
3.76832	1.8802932097761385e-5	6.029215739023737e-5	0.0009989981303670811	5.640824446436732e-7	0.24201814388611972
3.9321600000000005	1.563891154737926e-5	4.543280485623254e-5	0.0008931853628096084	3.556924544695277e-7	0.2522712852301187
4.096	1.3276398656549244e-5	3.502030238237756e-5	0.0008028311114500466	2.386902635674968e-7	0.2625243515514999
4.2598400000000005	1.1462513111413704e-5	2.7627811209665645e-5	0.0007250925683728121	1.7123045734656768e-7	0.2727773445080155
4.42368	1.0033359827048524e-5	2.229986093557503e-5	0.0006577447969573278	1.3097168998050652e-7	0.2830302744523078
4.5875200000000005	8.880869920962835e-6	1.8394316046941415e-5	0.0005990271468841458	1.0588872835593753e-7	0.29328314369969727
4.75136	7.932481140297842e-6	1.5477895757654433e-5	0.0005475321666874055	8.944773528365476e-8	0.3035359596389886
4.9152000000000005	7.1384097360834724e-6	1.3256704499957921e-5	0.0005021246348502451	7.805878233759094e-8	0.3137887246091151
5.07904	6.463761450061668e-6	1.153027747792254e-5	0.000461881280149128	6.972255091790776e-8	0.3240414441025254
5.24288	5.883488805910618e-6	1.0160868666764531e-5	0.00042604560019234727	6.330673470817701e-8	0.3342941202712108
5.57056	4.961821574168774e-6	8.204394485590944e-6	0.0003667413731058097	5.406337665413868e-8	0.3547993153835797
5.89824	4.234233707785779e-6	6.801816437370808e-6	0.0003180950729478614	4.732733772245657e-8	0.3753043755104807
6.22592	3.6493163098220808e-6	5.749924151249209e-6	0.000277739738164293	4.213126977438721e-8	0.3958093227379578
6.5536	3.171152456052084e-6	4.931319573872568e-6	0.0002439058965725397	3.799464434378349e-8	0.41631416554453105
6.88128	2.774518947839769e-6	4.275138732945131e-6	0.00021526576531967183	3.4638960249985407e-8	0.43681891963299996
7.20896	2.4414771881356884e-6	3.737083615002247e-6	0.00019081670225433068	3.1882089422700145e-8	0.45732359210827006
7.53664	2.158965639462665e-6	3.2882116442311875e-6	0.0001697918043637804	2.959447349818785e-8	0.47782819415015126
7.864320000000001	1.9172494577638308e-6	2.9087283619657743e-6	0.00015159661643769694	2.76791350862897e-8	0.49833273142630513
8.192	1.7089073796426804e-6	2.5845299399664958e-6	0.00013575950416336408	2.6061348785957196e-8	0.5188372121437632
8.519680000000001	1.5282429131201232e-6	2.3052714761981782e-6	0.00012191994413302153	2.4682590738992616e-8	0.5393416408228159
8.84736	1.3707599989238019e-6	2.0631078843846982e-6	0.00010977301745018697	2.3496583870780027e-8	0.5598460236338746
9.175040000000001	1.232867804084176e-6	1.8519460618057557e-6	9.907551166617206e-5	2.2466528074031223e-8	0.5803503641909005
9.50272	1.1116695617527737e-6	1.6669700912536414e-6	8.962723557370058e-5	2.1563055142915006e-8	0.6008546672192724
9.830400000000001	1.004800403746269e-6	1.5043105942109436e-6	8.126172982997854e-5	2.0762671656011112e-8	0.6213589356162095
10.15808	9.103079806982362e-7	1.3608147187491653e-6	7.383928379316736e-5	2.004655115566003e-8	0.6418631730494591
10.48576	8.265638332416233e-7	1.2338808845723877e-6	6.724163739102452e-5	1.9399586686812955e-8	0.6623673818462344
11.14112	6.906283586761149e-7	1.028085431576521e-6	5.6509014364169736e-5	1.8281352135027838e-8	0.7033756960017361
11.79648	5.818761817461455e-7	8.638095899931751e-7	4.788598533757021e-5	1.731441714668736e-8	0.744383923759779
12.45184	4.944399713360473e-7	7.320598895017505e-7	4.092467782862833e-5	1.6456193723208404e-8	0.7853920811555639
13.1072	4.238379393192955e-7	6.258894736737416e-7	3.528690821375017e-5	1.5678690789295563e-8	0.8264001758402384
13.76256	3.666222072507571e-7	5.399768512092958e-7	3.070706744738499e-5	1.4963164883643633e-8	0.8674082178301786
14.41792	3.201031366439425e-7	4.702088187685632e-7	2.697508754187112e-5	1.429694629512048e-8	0.9084162122242642
15.07328	2.8215804074337884e-7	4.1336106325568625e-7	2.3924001429307912e-5	1.3671361453585423e-8	0.9494241656991956
15.728640000000002	2.5110024064413546e-7	3.6688165403465675e-7	2.1420610467078958e-5	1.3080371761128806e-8	0.9904320816552624
16.384	2.2558393939432164e-7	3.2873897593160665e-7	1.93583671871153e-5	1.2519681052535076e-8	1.0314399646286148
17.039360000000002	2.0453235174637541e-7	2.973096862140187e-7	1.76518737247484e-5	1.198615012416423e-8	1.0724478168985416
17.69472	1.870822449540038e-7	2.71293504006134e-7	1.6232583234006324e-5	1.147741221031716e-8	1.113455641607138
18.350080000000002	1.7254059766226714e-7	2.4964714352996377e-7	1.5045414529073462e-5	1.0991620330824424e-8	1.1544634403064105
19.00544	1.6035044566160074e-7	2.3153248964838314e-7	1.404606979796012e-5	1.0527280971773197e-8	1.195471215225161
19.660800000000002	1.5006380577622956e-7	2.1627562763305844e-7	1.3198900151554564e-5	1.0083144503848115e-8	1.236478967443049
20.31616	1.4132011973439475e-7	2.0333428651961148e-7	1.247520153815737e-5	9.658132739905193e-9	1.2774866985829072
20.97152	1.338290387384457e-7	1.922718709489247e-7	1.1851851134553452e-5	9.25129094894143e-9	1.3184944094206879
22.28224	1.2218749063669843e-7	1.751370984786879e-7	1.087373286067741e-5	8.495583831532383e-9	1.4005097514745333
23.59296	1.1300701230458711e-7	1.617009718718747e-7	1.0093578876957084e-5	7.802063070400827e-9	1.482525022544009
24.90368	1.0551714626736681e-7	1.507955234623306e-7	9.45004954030358e-6	7.165283488440149e-9	1.564540230221942
26.2144	9.921749317804463e-8	1.4166404711864126e-7	8.903354323553326e-6	6.580533993276493e-9	1.6465553764043186
27.52512	9.377140437488845e-8	1.3380030511417222e-7	8.42660684886125e-6	6.0435333106703655e-9	1.7285704658342036
28.83584	8.895074750804149e-8	1.2686214252664371e-7	8.001545457056758e-6	5.550368279331431e-9	1.8105855001840208
30.14656	8.460012150519943e-8	1.2061678863006165e-7	7.615705124171772e-6	5.097453778169113e-9	1.8926004830233554
31.457280000000004	8.061301959833015e-8	1.1490489010778887e-7	7.260520643346608e-6	4.681501388027596e-9	1.974615415966429
32.768	7.691584972588863e-8	1.0961649237030676e-7	6.9300533727685035e-6	4.299492998286454e-9	2.0566303018667558
34.078720000000004	7.345720822935878e-8	1.0467493161380721e-7	6.620136333261444e-6	3.948657748444832e-9	2.1386451423075976
35.38944	7.020067648657339e-8	1.0002601983741252e-7	6.327799994036955e-6	3.6264513524497893e-9	2.2206599396713416
36.700160000000004	6.71199815555624e-8	9.563077981693417e-8	6.050886446449533e-6	3.3305373855453823e-9	2.3026746954996495
38.01088	6.419574351094876e-8	9.146056251578777e-8	5.7877900257261855e-6	3.0587701995196044e-9	2.384689411842007
39.321600000000004	6.14132879394975e-8	8.749376373703569e-8	5.537282829639785e-6	2.8091793033094882e-9	2.466704090180583
40.63232	5.8761173616581135e-8	8.371361453966889e-8	5.298397240291659e-6	2.579955035858398e-9	2.548718732314444
41.94304	5.623020048076682e-8	8.010669272463616e-8	5.070346733970387e-6	2.3694354298668175e-9	2.630733339651538
44.56448	5.158573528161352e-8	7.348883745229505e-8	4.651652321504301e-6	2.004820796583572e-9	2.7947624253706964
47.18592	4.733365622803921e-8	6.743071136182155e-8	4.268315001298247e-6	1.6964903314958162e-9	2.9587913901551928
49.80736	4.343571442744825e-8	6.187744230181673e-8	3.916863644665072e-6	1.4355847794405307e-9	3.1228202454849456
52.4288	3.98607051356602e-8	5.6784397060980256e-8	3.594507844241144e-6	1.2148048922339326e-9	3.2868489998359873
55.05024	3.658101976881659e-8	5.2112155246276117e-8	3.2987703725288295e-6	1.0279794160990304e-9	3.450877661838693
57.67168	3.357181401827457e-8	4.782527963319869e-8	3.0274170325304865e-6	8.698863362615399e-10	3.6149062387906987
60.29312	3.0810538974449985e-8	4.389162489369713e-8	2.778417607885267e-6	7.361067607418511e-10	3.7789347378788913
62.91456000000001	2.8276632128194024e-8	4.0281886408920375e-8	2.5499194955768045e-6	6.229014063890729e-10	3.942963165329561
65.536	2.5951292683074314e-8	3.696927481672963e-8	2.3402281840571406e-6	5.271060779653379e-10	4.106991527162901
68.15744000000001	2.3817304959757943e-8	3.392926174137929e-8	2.14779170208982e-6	4.460432218064299e-10	4.271019828655803
70.77888	2.1858891366542135e-8	3.113936897138581e-8	1.97118754998883e-6	3.7744708117245417e-10	4.435048074867129
73.40032000000001	2.0061585172147712e-8	2.8578986514075727e-8	1.8091113241769972e-6	3.194003628535137e-10	4.5990762702531125
76.02176	1.8412117739060447e-8	2.6229211588822825e-8	1.6603665987889724e-6	2.702806441612001e-10	4.763104419072258
78.64320000000001	1.6898317139047862e-8	2.4072704006504553e-8	1.5238558098776536e-6	2.2871502264340253e-10	4.927132525080379
81.26464	1.550901624292526e-8	2.2093555134294423e-8	1.398571981650306e-6	1.9354174056220505e-10	5.091160591865835
83.88608	1.4233969001825977e-8	2.0277168575433964e-8	1.2835911850350136e-6	1.6377771155691902e-10	5.255188622590598
89.12896	1.2060124582346402e-8	1.7180596102956716e-8	1.087523379548574e-6	1.1864839523475182e-10	5.583244556286932
94.37184	1.0220126676501842e-8	1.4559377163395858e-8	9.216026848699431e-7	8.59905408396189e-11	5.911300380519622
99.61472	8.660971736330411e-9	1.2338234582589798e-8	7.81005941987724e-7	6.23227433246954e-11	6.239356113637735
104.8576	7.339713902282186e-9	1.045599741509145e-8	6.61861315232303e-7	4.516929436619887e-11	6.567411768948093
110.10048	6.2200425796977816e-9	8.8609368361464e-9	5.608947152040472e-7	3.273713730764748e-11	6.895467358938921
115.34336	5.27119499502333e-9	7.509228506750485e-9	4.753321391426473e-7	2.3726776328435366e-11	7.223522893054459
120.58624	4.467104734785272e-9	6.363738623630454e-9	4.028230615926418e-7	1.7196395026248447e-11	7.551578380337625
125.82912000000002	3.785684145757586e-9	5.393001492180307e-9	3.413757359153756e-7	1.246340558297817e-11	7.879633827495002
131.072	3.2082166611792472e-9	4.570353827092868e-9	2.893023995128551e-7	9.033097107326337e-12	8.207689241084545
136.31488000000002	2.718842051994231e-9	3.873201442030848e-9	2.451728577364917e-7	6.546923455896324e-12	8.535744625858515
141.55776	2.3041203505828408e-9	3.282398017946073e-9	2.077751615826321e-7	4.745024710867781e-12	8.863799986580382
146.80064000000002	1.9526624005683774e-9	2.78171878758569e-9	1.7608229310199159e-7	3.4390645050890387e-12	9.191855326608966
152.04352	1.6548168363076838e-9	2.3574146100553203e-9	1.4922393914250038e-7	2.4925437540414885e-12	9.519910649410592
157.28640000000001	1.4024048639282733e-9	1.997834143353455e-9	1.264625754770265e-7	1.8065329301734816e-12	9.847965957351885
162.52928	1.1884955360166288e-9	1.6931037040218498e-9	1.0717320234879297e-7	1.3093314344580205e-12	10.176021252960483
167.77216	1.007215333424098e-9	1.4348560003945998e-9	9.082617361111926e-8	9.489731489171981e-13	10.504076537897634
178.25792	7.38086746097935e-10	1.0514893920614332e-9	6.655293636337292e-8	5.188687587138747e-13	11.160187067543525
188.74368	5.412874948219067e-10	7.71125822967611e-10	4.8807836578689485e-8	2.841784624102419e-13	11.816297571642258
199.22944	3.9697808608518963e-10	5.65540427572787e-10	3.579549206438597e-8	1.5565253390568953e-13	12.47240805960137
209.7152	2.9114350840591285e-10	4.147670148224745e-10	2.625239680616698e-8	8.525575322912861e-14	13.12851853416065
220.20096	2.135250608819532e-10	3.0419070522336115e-10	1.9253546492087615e-8	4.669737588192325e-14	13.7846290004527
230.68672	1.5659996474807305e-10	2.2309443254203732e-10	1.4120613785872207e-8	2.5577759363866238e-14	14.440739459549913
241.17248	1.1485118156688578e-10	1.6361854567672929e-10	1.035612802155121e-8	1.4009858916739944e-14	15.096849914490528
251.65824000000003	8.423260414219917e-11	1.1999890345281303e-10	7.595252150558079e-9	7.673725757012264e-15	15.752960365570006
262.144	6.177686955408488e-11	8.800815922878931e-11	5.570419336125538e-9	4.203199796280596e-15	16.40907081462209
272.62976000000003	4.530774418254175e-11	6.454602037881588e-11	4.085398770675374e-9	2.3022635602077874e-15	17.065181261603662
283.11552	3.322919516166398e-11	4.733875643908822e-11	2.996276284011369e-9	1.2610470366864404e-15	17.72129170764436
293.60128000000003	2.437070077977931e-11	3.471882608388582e-11	2.1975060057670136e-9	6.907307157956412e-16	18.377402152575904
304.08704	1.7873804358710327e-11	2.546326017364814e-11	1.6116809430034386e-9	3.783445501074524e-16	19.033512597108825
314.57280000000003	1.3108915010301673e-11	1.8675134937580444e-11	1.1820309143075917e-9	2.072370591264819e-16	19.6896230410484
325.05856	9.614290510010077e-12	1.3696646122629561e-11	8.669206413367186e-10	1.1351377733093136e-16	20.345733484850737
335.54432	7.051288127089241e-12	1.004535870206596e-11	6.358147202873425e-10	6.217716837602661e-17	21.001843928336243
356.51584	4.0348278739320004e-12	5.748384824678829e-12	3.6377091754202685e-10	2.1101842833624824e-17	22.314064811372727
377.48736	2.3162738109837076e-12	3.2999652617326008e-12	2.088323917726126e-10	7.210281280626378e-18	23.62628569380357
398.45888	1.3299553261189755e-12	1.8947689439168546e-12	1.1990726412781737e-10	2.464557226581943e-18	24.938506577390534
419.4304	7.636397199883967e-13	1.0879469196701313e-12	6.884889293118939e-11	8.424280463132977e-19	26.25072746085543
440.40192	4.384701698640894e-13	6.246823743780579e-13	3.953197380966373e-11	2.879562334703152e-19	27.562948345005275
461.37344	2.5176281392483026e-13	3.5868299352788616e-13	2.2698649861312743e-11	9.842825996050233e-20	28.875169229124086
482.34496	1.4455835215473231e-13	2.0595028264441485e-13	1.3033217017318797e-11	3.364441711130819e-20	30.187390113631142
503.31648000000007	8.300322017085104e-14	1.1825353883513847e-13	7.483476099581395e-12	1.1500223397971778e-20	31.49961099813288
524.288	4.765921555678167e-14	6.789942490534419e-14	4.296900737935112e-12	3.930970132213399e-21	32.81183188284999
545.2595200000001	2.7365227797784855e-14	3.8986861484200915e-14	2.467217836801541e-12	1.3436727421466997e-21	34.12405276756798
566.23104	1.5712724626054932e-14	2.238570147773046e-14	1.4166413845055794e-12	4.592906871822097e-22	35.43627365240397
587.2025600000001	9.022028689558616e-15	1.2853559543517723e-14	8.134158415668052e-13	1.5699369127791813e-22	36.74849453724168
608.17408	5.180327223114816e-15	7.380340599061468e-15	4.670524049998939e-13	5.366328242706163e-23	38.06071542214358
629.1456000000001	2.974476053382678e-15	4.2376949375332015e-15	2.68175372741224e-13	1.8343101557349908e-23	39.372936307046814
650.11712	1.7079063659643776e-15	2.4332306111811604e-15	1.539828912624727e-13	6.270018624403943e-24	40.68515719198479
671.08864	9.806588118705662e-16	1.397131070065052e-15	8.841507997852948e-14	2.1432134525577114e-24	41.99737807692364
713.03168	3.796616214951386e-16	5.409598801446813e-16	3.4220269761055654e-14	3.4490893265790904e-25	44.62181984670664
754.97472	1.4898801738424434e-16	2.1228294080692428e-16	1.3429267669266102e-14	5.706358120086311e-26	47.24626161648664
796.91776	5.853107839022899e-17	8.339681942961638e-17	5.27580902340854e-15	9.461259159508843e-27	49.870703386329716
838.8608	2.2996221908629214e-17	3.276569820697306e-17	2.072808071646987e-15	1.5689364928820771e-27	52.49514515617467
880.80384	9.034973692141516e-18	1.2873298453682561e-17	8.143844492427709e-16	2.6017314359826695e-28	55.11958692604054
922.74688	3.5497330843988945e-18	5.057765069386478e-18	3.1996189288697654e-16	4.314359683459097e-29	57.74402869590701
964.68992	1.3946433437224483e-18	1.987129268579383e-18	1.2570880553131021e-16	7.154306379812359e-30	60.36847046578039
1006.6329600000001	5.479356569551091e-19	7.807150137183619e-19	4.9389211101726327e-17	1.1863603102712938e-30	62.99291223565397
1048.576	2.1527574835255232e-19	3.0673129028058408e-19	1.940428389436663e-17	1.9672699848937182e-31	65.6173540055298
1090.5190400000001	8.457848962759165e-20	1.2050994952762875e-19	7.6236407902547e-18	3.262194681496551e-32	68.24179577540573
1132.46208	3.322952349025373e-20	4.734641469397387e-20	2.9952053405382396e-18	5.4094677199502256e-33	70.8662375452824
1174.4051200000001	1.3055326749588866e-20	1.8601618559217837e-20	1.1767662997356167e-18	8.97011662250574e-34	73.49067931515907
1216.34816	5.1292146852240755e-21	7.308257992055494e-21	4.623313497942125e-19	1.487444099456368e-34	76.11512108503601
1258.2912000000001	2.0151786293574985e-21	2.8712866142650532e-21	1.8164188694715664e-19	2.466506754032147e-35	78.73956285491296
1300.23424	7.917276141207076e-22	1.1280771286793095e-21	7.136384459368888e-20	4.0899982223812904e-36	81.36400462478997
1342.17728	3.1105531926961013e-22	4.432009043969096e-22	2.803755052252785e-20	6.782083495725921e-37	83.98844639466701
1426.06336	6.652168296238765e-23	9.48038696744939e-23	5.992613705173233e-21	3.5675713743277497e-38	89.23732993442103
1509.94944	1.5067485311061336e-23	2.1472899457509455e-23	1.3574776279180535e-21	2.1078065829742322e-39	94.48621347417506
1593.83552	3.4414607637169594e-24	4.904441980128891e-24	3.100570336370608e-22	1.2661141256515665e-40	99.73509701392909
1677.7216	7.869411585465323e-25	1.1214727951545438e-24	7.089927652996072e-23	7.622502304696904e-42	104.98398055368315
1761.60768	1.7997347004630627e-25	2.564808500807611e-25	1.6214670417997227e-23	4.590442069814742e-43	110.23286409343724
1845.49376	4.1160736781796026e-26	5.865831633993049e-26	3.7083676168250065e-24	2.7645735259332206e-44	115.48174763319132
1929.37984	9.413657299658184e-27	1.3415437495210118e-26	8.481213910865062e-25	1.6649567760455427e-45	120.73063117294541
2013.2659200000003	2.1529464533103553e-27	3.0681718989185458e-27	1.939692353199517e-25	1.0027138136997667e-46	125.97951471269948
2097.152	4.923881434004632e-28	7.0170415686245085e-28	4.436160029121618e-26	6.038792061948976e-48	131.22839825245356
2181.0380800000003	1.1261117336251715e-28	1.6048259903640673e-28	1.0145678460270206e-26	3.6368236658677164e-49	136.47728179220763
2264.92416	2.5754608579782116e-29	3.6702988029335115e-29	2.320355660949105e-27	2.1902494094928147e-50	141.7261653319617
2348.8102400000002	5.890172705413592e-30	8.39410697654433e-30	5.306737762049521e-28	1.3190586911482445e-51	146.97504887171579
2432.69632	1.3471027954239664e-30	1.9197612022908348e-30	1.213669197509788e-28	7.943903205172577e-53	152.22393241146986
2516.5824000000002	3.080868097253945e-31	4.390556602318496e-31	2.7757010663569844e-29	4.784131343409326e-54	157.47281595122394
2600.46848	7.046040832177458e-32	1.0041339085439997e-31	6.34811430166665e-30	2.8811881348775368e-55	162.721699490978
2684.35456	1.611450282234649e-32	2.2964838211825187e-32	1.4518324146308243e-30	1.7351601161588995e-56	167.97058303073212
2852.12672	1.1592185115510242e-33	1.652562883946735e-33	1.0434306739287773e-31	1.1782498844911346e-58	178.46835011024024
3019.89888	1.0478116938990053e-34	1.4937552637320424e-34	9.431979100949411e-33	1.2652951592720966e-60	188.96611718974836
3187.67104	1.054978824381862e-35	1.50394572676772e-35	9.497023874918419e-34	1.6859037494891338e-62	199.46388426925648
3355.4432	1.1053529485659772e-36	1.575750998311885e-36	9.950664028155158e-35	2.4323900894569613e-64	209.96165134876458
3523.21536	1.173617529930963e-37	1.6730647073203839e-37	1.056525434360708e-35	3.6037976272829513e-66	220.45941842827273
3690.98752	1.2514372908769441e-38	1.784000979489964e-38	1.1265829908588427e-36	5.385155509748814e-68	230.95718550778085
3858.75968	1.33623347030394e-39	1.9048829438112848e-39	1.2029197997312428e-37	8.068942239359143e-70	241.45495258728897
4026.5318400000006	1.427390239705029e-40	2.034832452774461e-40	1.284982227326247e-38	1.2100655456856428e-71	251.9527196667971
4194.304	1.524973150406542e-41	2.1739428656156917e-41	1.372829541684315e-39	1.8151782592280913e-73	262.4504867463052
4362.0761600000005	1.6292969245321722e-42	2.3226628082696963e-42	1.4667451524671078e-40	2.7231199336427204e-75	272.94825382581337
4529.84832	1.7407805680756076e-43	2.4815895894985928e-43	1.5671062915678888e-41	4.085316921085033e-77	283.44602090532146
4697.6204800000005	1.859899741845266e-44	2.651401289620786e-44	1.6743411739367867e-42	6.128979347608147e-79	293.9437879848296
4865.39264	1.9871721174985246e-45	2.832835880243904e-45	1.7889158274657451e-43	9.194994134245786e-81	304.4415550643377
5033.1648000000005	2.123153988850348e-46	3.026686391992173e-46	1.911331046726249e-44	1.3794782980706245e-82	314.93932214384586
5200.93696	2.268440796571683e-47	3.2338016619936487e-47	2.0421228667893288e-45	2.069560760727447e-84	325.437089223354
5368.70912	2.4236690906664975e-48	3.4550891313418256e-48	2.181864330407069e-46	3.104855054629092e-86	335.9348563028622
5704.25344	-1.5859191506806194e-49	-2.2667555182564503e-49	-1.4191753387064091e-47	2.20277583761543e-88	356.9303904618785
6039.79776	-1.441177182348925e-50	-2.0564694314930135e-50	-1.2945530540564826e-48	3.0699947404694934e-90	377.9259246208948
6375.34208	-7.302740636980376e-52	-1.041494484022047e-51	-6.567194098844518e-50	1.3232351948801638e-92	398.9214587799112
6710.8864	-2.719468327781804e-53	-3.8768681326673237e-53	-2.4477159972990505e-51	3.07877535103671e-95	419.91699293892754
7046.43072	-7.149103222225629e-55	-1.0185319576175696e-54	-6.443637044224283e-53	3.573523689998468e-98	440.91252709794395
7381.97504	-6.494858428218679e-57	-9.215539323964652e-57	-5.9062435292231765e-55	5.028469301547426e-102	461.90806125696025
7717.51936	6.605540613677224e-58	9.436373407550128e-58	5.918369604215825e-56	8.456601128596213e-104	482.9035954159766
8053.063680000001	5.4635849444536746e-59	7.795381165379193e-59	4.908598219997151e-57	9.742832307062155e-106	503.8991295749929
8388.608	2.676884061200011e-60	3.817554126484608e-60	2.407457569910957e-58	3.925239102161691e-108	524.8946637340092
8724.152320000001	9.68993862596981e-62	1.381337082736874e-61	8.722467398589335e-60	8.629907081865839e-111	545.8901978930256
9059.69664	2.4323280287230345e-63	3.464982380885665e-63	2.1927975660669045e-61	9.134884648160387e-114	566.885732052042
9395.240960000001	1.5368116098750197e-65	2.174612246335863e-65	1.4058126483018139e-63	6.28838982366866e-118	587.8812662110583
9730.78528	-2.7022201971554785e-66	-3.8593661199919353e-66	-2.422361574304282e-64	3.127095017299792e-119	608.8768003700748
10066.329600000001	-2.0627871198335417e-67	-2.9429935651737635e-67	-1.8534835988808812e-65	3.0663322569395194e-121	629.8723345290912
10401.87392	-9.786281544598197e-69	-1.3955871472623257e-68	-8.802029983555186e-67	1.1582064546000067e-123	650.8678686881075
10737.41824	-3.4419336201809664e-70	-4.9063816931353514e-70	-3.0985916013213703e-68	2.4039617276208728e-126	671.8634028471238
11408.50688	9.503981055299626e-71	1.3633398715056261e-70	8.429546624321117e-69	4.542884227181173e-127	713.8544711651565
12079.59552	2.88148329335887e-72	4.1181376080539855e-72	2.5788147847515236e-70	1.0804904116485306e-129	755.8455394831891
12750.68416	3.231432531728662e-74	4.5926492112307595e-74	2.927444513910648e-72	3.537638039765387e-133	797.8366078012217
13421.7728	-5.991492837621629e-76	-8.631249234155272e-76	-5.263889983697391e-74	2.9060298649050875e-136	839.8276761192543
14092.86144	-3.42771255032184e-77	-4.904865059526141e-77	-3.0582058416462983e-75	2.4921263671212375e-138	881.8187444372869
14763.95008	-6.650237808949625e-79	-9.485679813956445e-79	-5.976557369479089e-77	2.4181819425984698e-141	923.8098127553194
15435.03872	-9.095519552990926e-82	-1.214286284376675e-81	-9.353404423731125e-80	1.504791636954279e-146	965.8008810733521
16106.127360000002	3.2600976045681356e-82	4.6739024974265854e-82	2.896051046229532e-80	3.665215572389213e-147	1007.7919493913847
16777.216	9.823388897664003e-84	1.4035998861453697e-83	8.793860841687231e-82	8.586109652059503e-150	1049.7830177094174
17448.304640000002	1.0889650937727972e-85	1.5476064354928875e-85	9.86683688766167e-84	2.7462704577443883e-153	1091.77408602745
18119.39328	-2.080195420122441e-87	-2.9961671646318297e-87	-1.8282375827367994e-85	2.39553669145511e-156	1133.7651543454826
18790.481920000002	-1.1725967346076799e-88	-1.6778810639305946e-88	-1.0462486060311633e-86	1.993230398196518e-158	1175.7562226635152
19461.57056	-2.258808813390769e-90	-3.221780308891035e-90	-2.0301463826321487e-88	1.9067448370920653e-161	1217.7472909815478
20132.659200000002	-2.6475753070661064e-93	-3.49120069191953e-93	-2.7842677637539066e-91	9.111922661901012e-167	1259.7383592995805
20803.74784	1.1199787628313746e-93	1.6056153224057108e-93	9.950046843458363e-92	2.956571812797168e-167	1301.729427617613
21474.83648	3.349482579309366e-95	4.785744254864951e-95	2.998604148477937e-93	6.822233995744343e-170	1343.7204959356457
22817.01376	7.409395477294819e-97	1.064249113098923e-96	6.506020188353398e-95	1.6041561026588612e-172	1427.7026325717109
24159.19104	2.9193868457031057e-99	4.116883865480294e-99	2.6958379274046185e-97	1.349330812630265e-176	1511.684769207776
25501.36832	-7.340002556388982e-101	-1.0681423186312259e-100	-6.2934671397644136e-99	3.597793759807312e-179	1595.6669058438413
26843.5456	-1.1840784089921523e-102	-1.702784883403022e-102	-1.0435533719210764e-100	4.8391602840892625e-182	1679.6490424799063
28185.72288	-2.182988377861455e-105	-2.9554406362844815e-105	-2.1711076658086364e-103	1.0246720340740532e-186	1763.6311791159715
29527.90016	1.434136247363616e-106	2.0815603641957552e-106	1.2379228584248637e-104	1.6296360112660484e-188	1847.6133157520364
30870.07744	1.821280635273885e-108	2.613448499505988e-108	1.6124253749605597e-106	1.3525208513789423e-191	1931.5954523881016
32212.254720000004	-9.313844022678917e-112	-1.6686577915499656e-111	-3.782002696918032e-110	3.640069377575733e-198	2015.5775890241669
33554.432	-2.658972072955343e-112	-3.850560927157513e-112	-2.3069200037924152e-110	6.6254035209632514e-198	2099.5597256602323
34896.609280000004	-2.6767827534536376e-114	-3.8313821950075926e-114	-2.382809130519288e-112	3.457857143969995e-201	2183.5418622962975
36238.78656	9.118359055425057e-117	1.3679510789848995e-116	7.272896709600768e-115	1.5758854546243645e-205	2267.5239989323627
37580.963840000004	4.726263008081909e-118	6.831201398442233e-118	4.118080942215689e-116	2.471615080093403e-207	2351.506135568428
38923.14112	3.708684053469991e-120	5.2901110201859384e-120	3.325939028308272e-118	7.886801631213998e-211	2435.488272204493
40265.318400000004	-2.728705135879121e-122	-4.0182354427484656e-122	-2.277791505969674e-120	1.809595720944272e-214	2519.4704088405583
41607.49568	-8.09557628897792e-124	-1.1680652182469674e-123	-7.081316916797158e-122	8.555845951036296e-217	2603.4525454766235
42949.67296	-4.7120743753336614e-126	-6.684708695684258e-126	-4.275032158221472e-124	1.5254393233936627e-220	2687.4346821126887
45634.02752	5.6239034259240985e-127	8.62441081496736e-127	4.243591790665122e-125	2.0549957428507842e-221	2855.398955384819
48318.38208	1.760591437729383e-129	2.5558992675851915e-129	1.524508893496937e-127	3.345428351509992e-225	3023.3632286569496
51002.73664	-9.07756951645824e-132	-1.4244037087741406e-131	-6.6638690011033846e-130	7.985709493854144e-229	3191.3275019290795
53687.0912	-7.843447636388353e-134	-1.1605942834512355e-133	-6.475045519195147e-132	9.408669012928434e-232	3359.29177520121
56371.44576	-1.1721253122242964e-137	2.8914954786329184e-138	-3.075616518637125e-135	2.648697099264042e-237	3527.25604847334
59055.80032	2.1435403330765507e-138	3.2299998456947666e-138	1.7022146564982013e-136	1.0123143646332148e-238	3695.2203217454703
61740.15488	7.503138933655112e-141	1.0749564374900937e-140	6.549307626010923e-139	1.8698018628499653e-242	3863.1845950176003
64424.50944000001	-3.465274397447303e-143	-5.401899832444959e-143	-2.555359539453646e-141	3.551622571237689e-246	4031.1488682897307
67108.864	-3.250712666677084e-145	-4.804428270703552e-145	-2.6802446957367403e-143	4.87516849755889e-249	4199.113141561861
69793.21856000001	-1.2100683747210212e-148	-1.010327567456737e-148	-1.8385871666115132e-146	2.8623790769409226e-254	4367.077414833991
72477.57312	8.657625281772553e-150	1.3056349965100493e-149	6.857036806112516e-148	4.9676343411147903e-256	4535.041688106121
75161.92768000001	3.2323140384197776e-152	4.647692456987948e-152	2.805423223615606e-150	1.0375078578965253e-259	4703.005961378251
77846.28224	-1.3326963033585865e-154	-2.085698013414076e-154	-9.734799990603377e-153	1.5587147483152497e-263	4870.970234650382
80530.63680000001	-1.3467164559270553e-156	-1.9930889441730996e-156	-1.1075939627033645e-154	2.517628799206477e-266	5038.934507922512
83214.99136	-7.87970006556026e-160	-8.501382843754485e-160	-9.897896555639705e-158	2.508616757518791e-271	5206.898781194643
85899.34592	3.4908136529289667e-161	5.271950707642965e-161	2.7567168371937343e-159	2.4280116987186257e-273	5374.863054466773
91268.05504	4.458951933147034e-162	7.97212600432436e-162	1.8520723848242034e-160	7.866417726169578e-274	5710.791601011034
96636.76416	1.774640164439344e-165	2.6984979231849163e-165	1.4608599141946493e-163	2.4955830801985482e-278	6046.720147555295
102005.47328	-1.3839364003375994e-167	-2.8507629218150496e-167	-5.406607324795345e-166	1.574221949722187e-281	6382.648694099555
107374.1824	-1.5332437341701095e-170	-2.4993636437101942e-170	-1.0416728111121525e-168	2.621392813506799e-285	6718.5772406438155
112742.89152	3.6998251755347205e-173	8.916584641514851e-173	1.1882531292815436e-171	1.5202478671861733e-289	7054.505787188075
118111.60064	8.588215513764548e-176	1.4944839190600753e-175	5.1496091939754885e-174	1.2705128354657118e-292	7390.434333732336
123480.30976	-6.248065159216827e-179	-2.1730724654115936e-178	-8.564841815247082e-179	1.5632691507082232e-300	7726.362880276597
128849.01888000002	-3.7986428501437826e-181	-7.090519950489419e-181	-2.032825278149098e-179	3.916681807614738e-300	8062.291426820857
134217.728	-1.038775239568181e-184	2.2631355233661572e-184	-1.7768729486105445e-182	1.3308954252855744e-304	8398.219973365118
139586.43712000002	1.3766109744176285e-186	2.8057459537889614e-186	6.412526872379415e-185	7.709036426473476e-308	8734.148519909379
144955.14624	1.654058860825342e-189	1.5909116562942947e-189	1.269989179595621e-187	1.344781292834e-311	9070.07706645364
150323.85536000002	-3.8954289464230235e-192	-9.147476654258984e-192	-1.390930577626768e-190	7.1741804e-316	9406.0056129979
155692.56448	-1.0008254094054877e-194	-1.4333322601671357e-194	-6.233755776412341e-193	6.4087e-319	9741.934159542161
161061.27360000001	6.3233342946602535e-198	2.2012235095844142e-197	-8.161385680120043e-198	0.0	10077.862706086422
166429.98272	4.505156623590376e-200	7.573299264248496e-200	2.44448499150132e-198	0.0	10413.791252630683
171798.69184	1.5408696155582824e-203	-1.6071583495551255e-203	2.209314470491654e-201	0.0	10749.719799174944
182536.11008	-5.708650311635399e-204	-2.813702596493012e-203	-7.204914839087249e-205	0.0	11421.576892263465
193273.52832	-1.1316109577771644e-208	-7.204966956931701e-208	7.928798622696938e-208	0.0	12093.433985351987
204010.94656	5.159444906340179e-210	3.5953369654474067e-209	1.2967620194878603e-210	0.0	12765.291078440508
214748.3648	1.9807364251847694e-214	1.8810396176978787e-213	-1.5018673642244127e-214	0.0	13437.14817152903
225485.78304	-4.653534999673426e-216	-4.589669753269956e-215	-4.756418502481997e-217	0.0	14109.005264617552
236223.20128	-2.6693214951427672e-220	-3.632587125472389e-219	-3.294563285309315e-221	0.0	14780.862357706072
246960.61952	4.191782055421952e-222	5.854884877667798e-221	8.645155035840547e-224	0.0	15452.719450794593
257698.03776000004	3.1999871504227464e-226	6.208793486024214e-225	1.228462864956374e-227	0.0	16124.576543883113
268435.456	-3.773515073221416e-228	-7.464494483372614e-227	-1.8188179536950778e-231	0.0	16796.433636971637
279172.87424000003	-3.597571219335956e-232	-9.931075305294355e-231	3.5986718681053266e-234	0.0	17468.29073006016
289910.29248	3.3955795706815653e-234	9.511211890681272e-233	-3.212361292926895e-237	0.0	18140.14782314868
300647.71072000003	3.8846778971347945e-238	1.5235027365355742e-236	-3.502553734852968e-240	0.0	18812.0049162372
311385.12896	-3.05429743259377e-240	-1.2112223947907872e-238	6.978143215678991e-244	0.0	19483.862009325723
322122.54720000003	-4.079353477530725e-244	-2.270835683894426e-242	1.171238258699107e-246	0.0	20155.719102414245
332859.96544	2.7462183111405535e-246	1.5415679805126086e-244	6.818249625297166e-252	0.0	20827.576195502766
343597.38368	4.1968079809706987e-250	3.3141601426137157e-248	-1.8730832774160852e-253	0.0	21499.433288591288
365072.22016	1.8391492268012355e-250	1.4508489841556254e-248	7.691655066432685e-254	0.0	22843.14747476833
386547.05664	1.5476204651571692e-255	1.7298296874702624e-253	6.041553584510717e-258	0.0	24186.861660945375
408021.89312	-8.290008135473716e-257	-9.266952289913294e-255	-4.5992316076568575e-261	0.0	25530.575847122418
429496.7296	-1.4805605248171685e-261	-2.345292251478809e-259	1.1204051543640074e-265	0.0	26874.290033299458
450971.56608	3.735998524984251e-263	5.9173850397925855e-261	-3.693039377413941e-268	0.0	28218.0042194765
472446.40256	1.0202816526871842e-267	2.2902542972581513e-265	-8.412221613433648e-272	0.0	29561.71840565354
493921.23904	-1.6833424435555073e-269	-3.777467980547919e-267	1.3277211009085348e-275	0.0	30905.432591830584
515396.0755200001	-6.18937199563957e-274	-1.9687218272802976e-271	-2.236188200988841e-279	0.0	32249.146778007627
536870.912	7.583193746710241e-276	2.4107357915425804e-273	1.2551455620548515e-282	0.0	33592.86096418467
558345.7484800001	3.5064631647361143e-280	1.5803995017885522e-277	5.675695205535637e-286	0.0	34936.575150361714
579820.58496	-3.415431607632199e-282	-1.538069762621292e-279	-2.1402829026118324e-290	0.0	36280.28933653876
601295.4214400001	-1.9033514967217882e-286	-1.2155233680142502e-283	2.084149220094558e-293	0.0	37624.0035227158
622770.25792	1.5379868793719851e-288	9.810241767812468e-286	-1.4239949068253143e-297	0.0	38967.717708892844
644245.0944000001	1.0033266332753919e-292	9.078638576890385e-290	-2.8323081037395153e-300	0.0	40311.43189506989
665719.93088	-6.924255137270889e-295	-6.255474193066493e-292	-1.8109641885358305e-305	0.0	41655.14608124693
687194.76736	-5.177186726600734e-299	-6.637337203956096e-296	-1.340557624243704e-307	0.0	42998.86026742398
730144.44032	-2.2616910229619218e-299	-2.9001692079870074e-296	-5.278477261728268e-308	0.0	45686.28863977807
773094.11328	-9.511866823890961e-305	-1.7285286652707003e-301	-9.8960999109e-313	0.0	48373.717012132154
816043.78624	5.097781935396029e-306	9.26328604981047e-303	-8.7771414e-317	0.0	51061.14538448624
858993.4592	4.5511236649895e-311	1.171992682308744e-307	-3.97e-320	0.0	53748.57375684033
901943.13216	-1.148910695475e-312	-2.95832528874581e-309	1.5e-323	0.0	56436.002129194414
944892.80512	-1.568374e-317	-5.723339147e-314	0.0	0.0	59123.43050154849
987842.47808	2.5891e-319	9.4463897e-316	0.0	0.0	61810.85887390258
1.0307921510400001e6	5.0e-324	2.4604e-320	0.0	0.0	64498.28724625667
1.073741824e6	-0.0	-3.0e-322	0.0	0.0	67185.71561861075
1.1166914969600001e6	0.0	0.0	0.0	0.0	69873.14399096483
1.15964116992e6	0.0	0.0	0.0	0.0	72560.5723633189
1.2025908428800001e6	0.0	0.0	0.0	0.0	75248.00073567299
1.24554051584e6	0.0	0.0	0.0	0.0	77935.42910802706
1.2884901888000001e6	0.0	0.0	0.0	0.0	80622.85748038115
1.33143986176e6	0.0	0.0	0.0	0.0	83310.28585273524
1.37438953472e6	0.0	0.0	0.0	0.0	85997.71422508932
1.46028888064e6	0.0	0.0	0.0	0.0	91372.57096979748
1.54618822656e6	0.0	0.0	0.0	0.0	96747.42771450564
1.63208757248e6	0.0	0.0	0.0	0.0	102122.28445921381
1.7179869184e6	0.0	0.0	0.0	0.0	107497.14120392197
1.80388626432e6	0.0	0.0	0.0	0.0	112871.99794863015
1.88978561024e6	0.0	0.0	0.0	0.0	118246.85469333832
1.97568495616e6	0.0	0.0	0.0	0.0	123621.71143804648
2.0615843020800003e6	0.0	0.0	0.0	0.0	128996.56818275465
2.147483648e6	0.0	0.0	0.0	0.0	134371.4249274628
2.2333829939200003e6	0.0	0.0	0.0	0.0	139746.28167217097
2.31928233984e6	0.0	0.0	0.0	0.0	145121.1384168791
2.4051816857600003e6	0.0	0.0	0.0	0.0	150495.99516158729
2.49108103168e6	0.0	0.0	0.0	0.0	155870.85190629546
2.5769803776000002e6	0.0	0.0	0.0	0.0	161245.70865100363
2.66287972352e6	0.0	0.0	0.0	0.0	166620.5653957118
2.74877906944e6	0.0	0.0	0.0	0.0	171995.42214042
2.92057776128e6	0.0	0.0	0.0	0.0	182745.13562983635
3.09237645312e6	0.0	0.0	0.0	0.0	193494.8491192527
3.26417514496e6	0.0	0.0	0.0	0.0	204244.56260866905
3.4359738368e6	0.0	0.0	0.0	0.0	214994.2760980854
3.60777252864e6	0.0	0.0	0.0	0.0	225743.9895875017
3.77957122048e6	0.0	0.0	0.0	0.0	236493.70307691806
3.95136991232e6	0.0	0.0	0.0	0.0	247243.4165663344
4.1231686041600006e6	0.0	0.0	0.0	0.0	257993.13005575075
4.294967296e6	0.0	0.0	0.0	0.0	268742.8435451671
4.466765987840001e6	0.0	0.0	0.0	0.0	279492.5570345835
4.63856467968e6	0.0	0.0	0.0	0.0	290242.2705239998
4.8103633715200005e6	0.0	0.0	0.0	0.0	300991.98401341616
4.98216206336e6	0.0	0.0	0.0	0.0	311741.6975028325
5.1539607552000005e6	0.0	0.0	0.0	0.0	322491.41099224886
5.32575944704e6	0.0	0.0	0.0	0.0	333241.1244816652
5.49755813888e6	0.0	0.0	0.0	0.0	343990.83797108155
5.84115552256e6	0.0	0.0	0.0	0.0	365490.26494991424
6.18475290624e6	0.0	0.0	0.0	0.0	386989.69192874694
6.52835028992e6	0.0	0.0	0.0	0.0	408489.1189075796
6.8719476736e6	0.0	0.0	0.0	0.0	429988.5458864123
7.21554505728e6	0.0	0.0	0.0	0.0	451487.97286524496
7.55914244096e6	0.0	0.0	0.0	0.0	472987.39984407765
7.90273982464e6	0.0	0.0	0.0	0.0	494486.8268229103
8.246337208320001e6	0.0	0.0	0.0	0.0	515986.253801743
8.589934592e6	0.0	0.0	0.0	0.0	537485.6807805757
8.933531975680001e6	0.0	0.0	0.0	0.0	558985.1077594084
9.27712935936e6	0.0	0.0	0.0	0.0	580484.5347382411
9.620726743040001e6	0.0	0.0	0.0	0.0	601983.9617170738
9.96432412672e6	0.0	0.0	0.0	0.0	623483.3886959065
1.0307921510400001e7	0.0	0.0	0.0	0.0	644982.8156747392
1.065151889408e7	0.0	0.0	0.0	0.0	666482.2426535719
1.099511627776e7	0.0	0.0	0.0	0.0	687981.6696324046
1.168231104512e7	0.0	0.0	0.0	0.0	730980.52359007
1.236950581248e7	0.0	0.0	0.0	0.0	773979.3775477353
1.305670057984e7	0.0	0.0	0.0	0.0	816978.2315054006
1.37438953472e7	0.0	0.0	0.0	0.0	859977.085463066
1.443109011456e7	0.0	0.0	0.0	0.0	902975.9394207314
1.511828488192e7	0.0	0.0	0.0	0.0	945974.7933783967
1.580547964928e7	0.0	0.0	0.0	0.0	988973.647336062
1.6492674416640002e7	0.0	0.0	0.0	0.0	1.0319725012937273e6
1.7179869184e7	0.0	0.0	0.0	0.0	1.0749713552513928e6
1.7867063951360002e7	0.0	0.0	0.0	0.0	1.1179702092090582e6
1.855425871872e7	0.0	0.0	0.0	0.0	1.1609690631667236e6
1.9241453486080002e7	0.0	0.0	0.0	0.0	1.203967917124389e6
1.992864825344e7	0.0	0.0	0.0	0.0	1.2469667710820544e6
2.0615843020800002e7	0.0	0.0	0.0	0.0	1.2899656250397197e6
2.130303778816e7	0.0	0.0	0.0	0.0	1.3329644789973851e6
2.199023255552e7	0.0	0.0	0.0	0.0	1.3759633329550505e6
2.336462209024e7	0.0	0.0	0.0	0.0	1.4619610408703813e6
2.473901162496e7	0.0	0.0	0.0	0.0	1.547958748785712e6
2.611340115968e7	0.0	0.0	0.0	0.0	1.6339564567010428e6
2.74877906944e7	0.0	0.0	0.0	0.0	1.7199541646163734e6
2.886218022912e7	0.0	0.0	0.0	0.0	1.8059518725317041e6
3.023656976384e7	0.0	0.0	0.0	0.0	1.8919495804470347e6
3.161095929856e7	0.0	0.0	0.0	0.0	1.9779472883623654e6
3.2985348833280005e7	0.0	0.0	0.0	0.0	2.063944996277696e6
3.4359738368e7	0.0	0.0	0.0	0.0	2.1499427041930268e6
3.5734127902720004e7	0.0	0.0	0.0	0.0	2.2359404121083575e6
3.710851743744e7	0.0	0.0	0.0	0.0	2.321938120023688e6
3.8482906972160004e7	0.0	0.0	0.0	0.0	2.4079358279390186e6
3.985729650688e7	0.0	0.0	0.0	0.0	2.4939335358543494e6
4.1231686041600004e7	0.0	0.0	0.0	0.0	2.57993124376968e6
4.260607557632e7	0.0	0.0	0.0	0.0	2.665928951685011e6
4.398046511104e7	0.0	0.0	0.0	0.0	2.7519266596003417e6
4.672924418048e7	0.0	0.0	0.0	0.0	2.9239220754310032e6
4.947802324992e7	0.0	0.0	0.0	0.0	3.0959174912616643e6
5.222680231936e7	0.0	0.0	0.0	0.0	3.2679129070923254e6
5.49755813888e7	0.0	0.0	0.0	0.0	3.439908322922987e6
5.772436045824e7	0.0	0.0	0.0	0.0	3.6119037387536485e6
6.047313952768e7	0.0	0.0	0.0	0.0	3.78389915458431e6
6.322191859712e7	0.0	0.0	0.0	0.0	3.9558945704149716e6
6.597069766656001e7	0.0	0.0	0.0	0.0	4.1278899862456326e6
6.8719476736e7	0.0	0.0	0.0	0.0	4.299885402076295e6
7.146825580544001e7	0.0	0.0	0.0	0.0	4.471880817906956e6
7.421703487488e7	0.0	0.0	0.0	0.0	4.643876233737618e6
7.696581394432001e7	0.0	0.0	0.0	0.0	4.815871649568279e6
7.971459301376e7	0.0	0.0	0.0	0.0	4.987867065398941e6
8.246337208320001e7	0.0	0.0	0.0	0.0	5.159862481229602e6
8.521215115264e7	0.0	0.0	0.0	0.0	5.331857897060264e6
8.796093022208e7	0.0	0.0	0.0	0.0	5.503853312890926e6
9.345848836096e7	0.0	0.0	0.0	0.0	5.847844144552249e6
9.895604649984e7	0.0	0.0	0.0	0.0	6.191834976213573e6
1.0445360463872e8	0.0	0.0	0.0	0.0	6.535825807874896e6
1.099511627776e8	0.0	0.0	0.0	0.0	6.879816639536219e6
1.1544872091648e8	0.0	0.0	0.0	0.0	7.223807471197541e6
1.2094627905536e8	0.0	0.0	0.0	0.0	7.567798302858864e6
1.2644383719424e8	0.0	0.0	0.0	0.0	7.911789134520187e6
1.3194139533312002e8	0.0	0.0	0.0	0.0	8.25577996618151e6
1.37438953472e8	0.0	0.0	0.0	0.0	8.599770797842834e6
1.4293651161088002e8	0.0	0.0	0.0	0.0	8.943761629504157e6
1.4843406974976e8	0.0	0.0	0.0	0.0	9.28775246116548e6
1.5393162788864002e8	0.0	0.0	0.0	0.0	9.631743292826803e6
1.5942918602752e8	0.0	0.0	0.0	0.0	9.975734124488126e6
1.6492674416640002e8	0.0	0.0	0.0	0.0	1.031972495614945e7
1.7042430230528e8	0.0	0.0	0.0	0.0	1.0663715787810773e7
1.7592186044416e8	0.0	0.0	0.0	0.0	1.1007706619472096e7
1.8691697672192e8	0.0	0.0	0.0	0.0	1.1695688282794742e7
1.9791209299968e8	0.0	0.0	0.0	0.0	1.2383669946117388e7
2.0890720927744e8	0.0	0.0	0.0	0.0	1.3071651609440034e7
2.199023255552e8	0.0	0.0	0.0	0.0	1.3759633272762679e7
2.3089744183296e8	0.0	0.0	0.0	0.0	1.4447614936085323e7
2.4189255811072e8	0.0	0.0	0.0	0.0	1.5135596599407969e7
2.5288767438848e8	0.0	0.0	0.0	0.0	1.5823578262730615e7
2.6388279066624004e8	0.0	0.0	0.0	0.0	1.651155992605326e7
2.74877906944e8	0.0	0.0	0.0	0.0	1.7199541589375906e7
2.8587302322176003e8	0.0	0.0	0.0	0.0	1.788752325269855e7
2.9686813949952e8	0.0	0.0	0.0	0.0	1.8575504916021194e7
3.0786325577728003e8	0.0	0.0	0.0	0.0	1.926348657934384e7
3.1885837205504e8	0.0	0.0	0.0	0.0	1.9951468242666487e7
3.2985348833280003e8	0.0	0.0	0.0	0.0	2.0639449905989133e7
3.4084860461056e8	0.0	0.0	0.0	0.0	2.1327431569311775e7
3.5184372088832e8	0.0	0.0	0.0	0.0	2.2015413232634418e7
3.7383395344384e8	0.0	0.0	0.0	0.0	2.339137655927971e7
3.9582418599936e8	0.0	0.0	0.0	0.0	2.4767339885925002e7
4.1781441855488e8	0.0	0.0	0.0	0.0	2.61433032125703e7
4.398046511104e8	0.0	0.0	0.0	0.0	2.751926653921559e7
4.6179488366592e8	0.0	0.0	0.0	0.0	2.8895229865860883e7
4.8378511622144e8	0.0	0.0	0.0	0.0	3.0271193192506175e7
5.0577534877696e8	0.0	0.0	0.0	0.0	3.1647156519151468e7
5.277655813324801e8	0.0	0.0	0.0	0.0	3.302311984579676e7
5.49755813888e8	0.0	0.0	0.0	0.0	3.4399083172442056e7
5.717460464435201e8	0.0	0.0	0.0	0.0	3.577504649908735e7
5.9373627899904e8	0.0	0.0	0.0	0.0	3.715100982573264e7
6.157265115545601e8	0.0	0.0	0.0	0.0	3.852697315237793e7
6.3771674411008e8	0.0	0.0	0.0	0.0	3.9902936479023226e7
6.597069766656001e8	0.0	0.0	0.0	0.0	4.127889980566852e7
6.8169720922112e8	0.0	0.0	0.0	0.0	4.265486313231381e7
7.0368744177664e8	0.0	0.0	0.0	0.0	4.40308264589591e7
7.4766790688768e8	0.0	0.0	0.0	0.0	4.678275311224969e7
7.9164837199872e8	0.0	0.0	0.0	0.0	4.953467976554027e7
8.3562883710976e8	0.0	0.0	0.0	0.0	5.228660641883085e7
8.796093022208e8	0.0	0.0	0.0	0.0	5.5038533072121434e7
9.2358976733184e8	0.0	0.0	0.0	0.0	5.779045972541202e7
9.6757023244288e8	0.0	0.0	0.0	0.0	6.0542386378702596e7
1.01155069755392e9	0.0	0.0	0.0	0.0	6.329431303199318e7
1.0555311626649601e9	0.0	0.0	0.0	0.0	6.604623968528376e7
1.099511627776e9	0.0	0.0	0.0	0.0	6.879816633857435e7
1.1434920928870401e9	0.0	0.0	0.0	0.0	7.155009299186493e7
1.18747255799808e9	0.0	0.0	0.0	0.0	7.430201964515552e7
1.2314530231091201e9	0.0	0.0	0.0	0.0	7.70539462984461e7
1.27543348822016e9	0.0	0.0	0.0	0.0	7.980587295173669e7
1.3194139533312001e9	0.0	0.0	0.0	0.0	8.255779960502727e7
1.36339441844224e9	0.0	0.0	0.0	0.0	8.530972625831786e7
1.40737488355328e9	0.0	0.0	0.0	0.0	8.806165291160844e7
1.49533581377536e9	0.0	0.0	0.0	0.0	9.356550621818961e7
1.58329674399744e9	0.0	0.0	0.0	0.0	9.906935952477078e7
1.67125767421952e9	0.0	0.0	0.0	0.0	1.0457321283135194e8
1.7592186044416e9	0.0	0.0	0.0	0.0	1.100770661379331e8
1.84717953466368e9	0.0	0.0	0.0	0.0	1.1558091944451427e8
1.93514046488576e9	0.0	0.0	0.0	0.0	1.2108477275109543e8
2.02310139510784e9	0.0	0.0	0.0	0.0	1.265886260576766e8
2.1110623253299203e9	0.0	0.0	0.0	0.0	1.3209247936425775e8
2.199023255552e9	0.0	0.0	0.0	0.0	1.3759633267083892e8
2.2869841857740803e9	0.0	0.0	0.0	0.0	1.431001859774201e8
2.37494511599616e9	0.0	0.0	0.0	0.0	1.4860403928400123e8
2.4629060462182403e9	0.0	0.0	0.0	0.0	1.541078925905824e8
2.55086697644032e9	0.0	0.0	0.0	0.0	1.5961174589716357e8
2.6388279066624002e9	0.0	0.0	0.0	0.0	1.6511559920374474e8
2.72678883688448e9	0.0	0.0	0.0	0.0	1.706194525103259e8
2.81474976710656e9	0.0	0.0	0.0	0.0	1.7612330581690708e8
2.99067162755072e9	0.0	0.0	0.0	0.0	1.8713101243006942e8
3.16659348799488e9	0.0	0.0	0.0	0.0	1.9813871904323176e8
3.34251534843904e9	0.0	0.0	0.0	0.0	2.091464256563941e8
3.5184372088832e9	0.0	0.0	0.0	0.0	2.2015413226955643e8
3.69435906932736e9	0.0	0.0	0.0	0.0	2.3116183888271874e8
3.87028092977152e9	0.0	0.0	0.0	0.0	2.4216954549588108e8
4.04620279021568e9	0.0	0.0	0.0	0.0	2.531772521090434e8
4.2221246506598406e9	0.0	0.0	0.0	0.0	2.6418495872220573e8
4.398046511104e9	0.0	0.0	0.0	0.0	2.7519266533536804e8
4.573968371548161e9	0.0	0.0	0.0	0.0	2.862003719485304e8
4.74989023199232e9	0.0	0.0	0.0	0.0	2.972080785616927e8
4.9258120924364805e9	0.0	0.0	0.0	0.0	3.0821578517485505e8
5.10173395288064e9	0.0	0.0	0.0	0.0	3.192234917880174e8
5.2776558133248005e9	0.0	0.0	0.0	0.0	3.3023119840117973e8
5.45357767376896e9	0.0	0.0	0.0	0.0	3.4123890501434207e8
5.62949953421312e9	0.0	0.0	0.0	0.0	3.5224661162750435e8
5.98134325510144e9	0.0	0.0	0.0	0.0	3.74262024853829e8
6.33318697598976e9	0.0	0.0	0.0	0.0	3.962774380801537e8
6.68503069687808e9	0.0	0.0	0.0	0.0	4.182928513064783e8
7.0368744177664e9	0.0	0.0	0.0	0.0	4.40308264532803e8
7.38871813865472e9	0.0	0.0	0.0	0.0	4.623236777591276e8
7.74056185954304e9	0.0	0.0	0.0	0.0	4.843390909854523e8
8.09240558043136e9	0.0	0.0	0.0	0.0	5.06354504211777e8
8.444249301319681e9	0.0	0.0	0.0	0.0	5.283699174381016e8
8.796093022208e9	0.0	0.0	0.0	0.0	5.503853306644263e8
9.147936743096321e9	0.0	0.0	0.0	0.0	5.72400743890751e8
9.49978046398464e9	0.0	0.0	0.0	0.0	5.944161571170757e8
9.851624184872961e9	0.0	0.0	0.0	0.0	6.164315703434004e8
1.020346790576128e10	0.0	0.0	0.0	0.0	6.38446983569725e8
1.0555311626649601e10	0.0	0.0	0.0	0.0	6.604623967960497e8
1.090715534753792e10	0.0	0.0	0.0	0.0	6.824778100223744e8
1.125899906842624e10	0.0	0.0	0.0	0.0	7.04493223248699e8
1.196268651020288e10	0.0	0.0	0.0	0.0	7.485240497013483e8
1.266637395197952e10	0.0	0.0	0.0	0.0	7.925548761539975e8
1.337006139375616e10	0.0	0.0	0.0	0.0	8.365857026066468e8
1.40737488355328e10	0.0	0.0	0.0	0.0	8.806165290592961e8
1.477743627730944e10	0.0	0.0	0.0	0.0	9.246473555119454e8
1.548112371908608e10	0.0	0.0	0.0	0.0	9.686781819645947e8
1.618481116086272e10	0.0	0.0	0.0	0.0	1.012709008417244e9
1.6888498602639362e10	0.0	0.0	0.0	0.0	1.0567398348698933e9
1.7592186044416e10	0.0	0.0	0.0	0.0	1.1007706613225427e9
1.8295873486192642e10	0.0	0.0	0.0	0.0	1.144801487775192e9
1.899956092796928e10	0.0	0.0	0.0	0.0	1.1888323142278414e9
1.9703248369745922e10	0.0	0.0	0.0	0.0	1.2328631406804907e9
2.040693581152256e10	0.0	0.0	0.0	0.0	1.27689396713314e9
2.1110623253299202e10	0.0	0.0	0.0	0.0	1.3209247935857894e9
2.181431069507584e10	0.0	0.0	0.0	0.0	1.3649556200384388e9
2.251799813685248e10	0.0	0.0	0.0	0.0	1.408986446491088e9
2.392537302040576e10	0.0	0.0	0.0	0.0	1.4970480993963866e9
2.533274790395904e10	0.0	0.0	0.0	0.0	1.5851097523016853e9
2.674012278751232e10	0.0	0.0	0.0	0.0	1.6731714052069838e9
2.81474976710656e10	0.0	0.0	0.0	0.0	1.7612330581122825e9
2.955487255461888e10	0.0	0.0	0.0	0.0	1.849294711017581e9
3.096224743817216e10	0.0	0.0	0.0	0.0	1.9373563639228797e9
3.236962232172544e10	0.0	0.0	0.0	0.0	2.0254180168281784e9
3.3776997205278725e10	0.0	0.0	0.0	0.0	2.1134796697334769e9
3.5184372088832e10	0.0	0.0	0.0	0.0	2.201541322638776e9
3.6591746972385284e10	0.0	0.0	0.0	0.0	2.2896029755440745e9
3.799912185593856e10	0.0	0.0	0.0	0.0	2.3776646284493732e9
3.9406496739491844e10	0.0	0.0	0.0	0.0	2.465726281354672e9
4.081387162304512e10	0.0	0.0	0.0	0.0	2.5537879342599707e9
4.2221246506598404e10	0.0	0.0	0.0	0.0	2.6418495871652694e9
4.362862139015168e10	0.0	0.0	0.0	0.0	2.729911240070568e9
4.503599627370496e10	0.0	0.0	0.0	0.0	2.8179728929758673e9
4.785074604081152e10	0.0	0.0	0.0	0.0	2.9940961987864647e9
5.066549580791808e10	0.0	0.0	0.0	0.0	3.170219504597062e9
5.348024557502464e10	0.0	0.0	0.0	0.0	3.3463428104076595e9
5.62949953421312e10	0.0	0.0	0.0	0.0	3.522466116218257e9
5.910974510923776e10	0.0	0.0	0.0	0.0	3.698589422028854e9
6.192449487634432e10	0.0	0.0	0.0	0.0	3.8747127278394513e9
6.473924464345088e10	0.0	0.0	0.0	0.0	4.0508360336500483e9
6.755399441055745e10	0.0	0.0	0.0	0.0	4.2269593394606457e9
7.0368744177664e10	0.0	0.0	0.0	0.0	4.403082645271243e9
7.318349394477057e10	0.0	0.0	0.0	0.0	4.5792059510818405e9
7.599824371187712e10	0.0	0.0	0.0	0.0	4.755329256892438e9
7.881299347898369e10	0.0	0.0	0.0	0.0	4.931452562703035e9
8.162774324609024e10	0.0	0.0	0.0	0.0	5.107575868513633e9
8.444249301319681e10	0.0	0.0	0.0	0.0	5.28369917432423e9
8.725724278030336e10	0.0	0.0	0.0	0.0	5.459822480134828e9
9.007199254740993e10	0.0	0.0	0.0	0.0	5.635945785945424e9
9.570149208162305e10	0.0	0.0	0.0	0.0	5.988192397566619e9
1.0133099161583617e11	0.0	0.0	0.0	0.0	6.340439009187814e9
1.0696049115004929e11	0.0	0.0	0.0	0.0	6.692685620809009e9
1.125899906842624e11	0.0	0.0	0.0	0.0	7.0449322324302025e9
1.1821949021847552e11	0.0	0.0	0.0	0.0	7.397178844051397e9
1.2384898975268864e11	0.0	0.0	0.0	0.0	7.749425455672591e9
1.2947848928690176e11	0.0	0.0	0.0	0.0	8.101672067293786e9
1.351079888211149e11	0.0	0.0	0.0	0.0	8.453918678914981e9
1.40737488355328e11	0.0	0.0	0.0	0.0	8.806165290536175e9
1.4636698788954114e11	0.0	0.0	0.0	0.0	9.15841190215737e9
1.5199648742375424e11	0.0	0.0	0.0	0.0	9.510658513778564e9
1.5762598695796738e11	0.0	0.0	0.0	0.0	9.86290512539976e9
1.6325548649218048e11	0.0	0.0	0.0	0.0	1.0215151737020954e10
1.6888498602639362e11	0.0	0.0	0.0	0.0	1.0567398348642149e10
1.7451448556060672e11	0.0	0.0	0.0	0.0	1.0919644960263344e10
1.8014398509481985e11	0.0	0.0	0.0	0.0	1.1271891571884539e10
1.914029841632461e11	0.0	0.0	0.0	0.0	1.1976384795126928e10
2.0266198323167233e11	0.0	0.0	0.0	0.0	1.2680878018369318e10
2.1392098230009857e11	0.0	0.0	0.0	0.0	1.3385371241611708e10
2.251799813685248e11	0.0	0.0	0.0	0.0	1.4089864464854097e10
2.3643898043695105e11	0.0	0.0	0.0	0.0	1.4794357688096485e10
2.476979795053773e11	0.0	0.0	0.0	0.0	1.5498850911338875e10
2.5895697857380353e11	0.0	0.0	0.0	0.0	1.6203344134581263e10
2.702159776422298e11	0.0	0.0	0.0	0.0	1.6907837357823652e10
2.81474976710656e11	0.0	0.0	0.0	0.0	1.7612330581066044e10
2.927339757790823e11	0.0	0.0	0.0	0.0	1.8316823804308434e10
3.039929748475085e11	0.0	0.0	0.0	0.0	1.9021317027550823e10
3.1525197391593475e11	0.0	0.0	0.0	0.0	1.9725810250793213e10
3.2651097298436096e11	0.0	0.0	0.0	0.0	2.0430303474035603e10
3.3776997205278723e11	0.0	0.0	0.0	0.0	2.1134796697277992e10
3.4902897112121344e11	0.0	0.0	0.0	0.0	2.1839289920520382e10
3.602879701896397e11	0.0	0.0	0.0	0.0	2.254378314376277e10
3.828059683264922e11	0.0	0.0	0.0	0.0	2.395276959024755e10
4.0532396646334467e11	0.0	0.0	0.0	0.0	2.536175603673233e10
4.2784196460019714e11	0.0	0.0	0.0	0.0	2.677074248321711e10
4.503599627370496e11	0.0	0.0	0.0	0.0	2.8179728929701885e10
4.728779608739021e11	0.0	0.0	0.0	0.0	2.9588715376186665e10
4.953959590107546e11	0.0	0.0	0.0	0.0	3.0997701822671444e10
5.1791395714760706e11	0.0	0.0	0.0	0.0	3.240668826915622e10
5.404319552844596e11	0.0	0.0	0.0	0.0	3.3815674715641e10
5.62949953421312e11	0.0	0.0	0.0	0.0	3.522466116212578e10
5.854679515581646e11	0.0	0.0	0.0	0.0	3.663364760861056e10
6.07985949695017e11	0.0	0.0	0.0	0.0	3.804263405509534e10
6.305039478318695e11	0.0	0.0	0.0	0.0	3.945162050158012e10
6.530219459687219e11	0.0	0.0	0.0	0.0	4.0860606948064896e10
6.755399441055745e11	0.0	0.0	0.0	0.0	4.2269593394549675e10
6.980579422424269e11	0.0	0.0	0.0	0.0	4.3678579841034454e10
7.205759403792794e11	0.0	0.0	0.0	0.0	4.508756628751923e10
7.656119366529844e11	0.0	0.0	0.0	0.0	4.790553918048879e10
8.106479329266893e11	0.0	0.0	0.0	0.0	5.072351207345835e10
8.556839292003943e11	0.0	0.0	0.0	0.0	5.354148496642791e10
9.007199254740992e11	0.0	0.0	0.0	0.0	5.635945785939746e10
9.457559217478042e11	0.0	0.0	0.0	0.0	5.917743075236702e10
9.907919180215092e11	0.0	0.0	0.0	0.0	6.199540364533658e10
1.0358279142952141e12	0.0	0.0	0.0	0.0	6.481337653830613e10
1.0808639105689192e12	0.0	0.0	0.0	0.0	6.763134943127569e10
1.125899906842624e12	0.0	0.0	0.0	0.0	7.044932232424524e10
1.170935903116329e12	0.0	0.0	0.0	0.0	7.32672952172148e10
1.215971899390034e12	0.0	0.0	0.0	0.0	7.608526811018436e10
1.261007895663739e12	0.0	0.0	0.0	0.0	7.890324100315392e10
1.3060438919374438e12	0.0	0.0	0.0	0.0	8.172121389612347e10
1.351079888211149e12	0.0	0.0	0.0	0.0	8.453918678909303e10
1.3961158844848538e12	0.0	0.0	0.0	0.0	8.735715968206259e10
1.4411518807585588e12	0.0	0.0	0.0	0.0	9.017513257503215e10
