# τ	Fs	F	Δζ	ΔG	Δr²
0.0	1.0	1.0	1621.239586121777	165.6299866517555	0.0
3.125e-7	0.9999838611727643	0.9999885892759403	1620.4418749526083	165.55318200113314	3.125e-7
6.25e-7	0.9999677249181732	0.9999771803168807	1619.6448444478697	165.47644000250276	6.249208379108339e-7
9.375000000000001e-7	0.9999515935457244	0.9999657747557349	1618.8485112902772	165.3997620988697	9.371834495980534e-7
1.25e-6	0.9999354670519979	0.9999543725901172	1618.0528747484118	165.32314822608643	1.24928797301183e-6
1.5625e-6	0.9999193454332461	0.9999429738174105	1617.2579340904306	165.24659832000518	1.5612345659882858e-6
1.8750000000000003e-6	0.9999032286857255	0.9999315784350001	1616.4636885853338	165.170112316549	1.8730233861812276e-6
2.1875000000000002e-6	0.9998871168056958	0.999920186440274	1615.6701375029713	165.093690151712	2.184654591057301e-6
2.5e-6	0.9998710097894209	0.9999087978306228	1614.8772801140342	165.0173317615589	2.4961283378962294e-6
2.8125e-6	0.9998549076331685	0.9998974126034398	1614.0851156900587	164.94103708222514	2.8074447837910525e-6
3.125e-6	0.9998388103332101	0.999886030756121	1613.2936435034208	164.86480604991672	3.118604085648367e-6
3.4375e-6	0.9998227178858207	0.999874652286065	1612.5028628273383	164.78863860091008	3.4296064001885644e-6
3.7500000000000005e-6	0.9998066302872793	0.9998632771906731	1611.712772935873	164.71253467155222	3.740451883946071e-6
4.0625000000000005e-6	0.9997905475338689	0.9998519054673494	1610.9233731039203	164.6364941982603	4.0511406932695845e-6
4.3750000000000005e-6	0.9997744696218758	0.9998405371135	1610.1346626072157	164.56051711752187	4.361672984322313e-6
4.6875000000000004e-6	0.9997583965475904	0.9998291721265344	1609.3466407223327	164.48460336589451	4.672048913082213e-6
5.0e-6	0.9997423283073066	0.9998178105038642	1608.5593067266784	164.40875288000603	4.982268635342226e-6
5.3125e-6	0.9997262680258018	0.999806454437136	1607.7727916882477	164.33297759151256	5.292228501859025e-6
5.625e-6	0.9997102136104499	0.9997951024586593	1606.9870067494364	164.25726941635875	5.601998021327971e-6
5.9375e-6	0.9996941643611807	0.9997837540774396	1606.2019218201085	164.18162561856767	5.911600470414136e-6
6.25e-6	0.9996781200421591	0.9997724091280814	1605.4175263942407	164.10604524439754	6.2210437123780185e-6
6.5625e-6	0.9996620805723127	0.9997610675537343	1604.6338164925276	164.03052793406366	6.530330471687818e-6
6.875e-6	0.999646045922165	0.999749729333735	1603.850790311169	163.9550735257571	6.83946175946942e-6
7.1875e-6	0.9996300160794417	0.9997383944594858	1603.0684467718788	163.87968192368874	7.148438015516255e-6
7.500000000000001e-6	0.9996139910376068	0.9997270629264133	1602.2867850386922	163.80435305411606	7.457259489023783e-6
7.8125e-6	0.9995979707920382	0.9997157347312872	1601.505804356941	163.7290868506892	7.765926365522595e-6
8.125000000000001e-6	0.9995819553387547	0.9997044098713261	1600.7255039996003	163.65388324956817	8.074438809196747e-6
8.4375e-6	0.999565944673992	0.999693088343901	1599.9458832494038	163.57874218779534	8.382796976992434e-6
8.750000000000001e-6	0.9995499387940598	0.999681770146435	1599.1669413928907	163.50366360275305	8.691001023321807e-6
9.0625e-6	0.9995339376952965	0.9996704552763687	1598.3886777184068	163.42864743198288	8.999051101631347e-6
9.375000000000001e-6	0.9995179413740495	0.9996591437311528	1597.6110915154559	163.35369361312542	9.306947364924895e-6
9.6875e-6	0.9995019498266741	0.9996478355082425	1596.8341820744647	163.27880208390005	9.614689965938178e-6
1.0e-5	0.9994859630495301	0.9996365306050944	1596.0579486867257	163.20397278209813	9.922279057197154e-6
1.0625e-5	0.999454003786567	0.9996139307445588	1594.5075069741315	163.05450058917674	1.0536997521817574e-5
1.125e-5	0.9994220635593469	0.999591344131519	1592.959760903091	162.9052765535785	1.1151103839778422e-5
1.1875e-5	0.9993901423399593	0.9995687707464828	1591.414704892904	162.75630018527548	1.1764599179524979e-5
1.25e-5	0.9993582400998359	0.9995462105694989	1589.8723333361957	162.60757099188783	1.2377484736721533e-5
1.3125e-5	0.999326356810226	0.9995236635804878	1588.3326406253261	162.45908848097616	1.2989761714239788e-5
1.375e-5	0.9992944924423582	0.9995011297593579	1586.795621161206	162.3108521608058	1.3601431315417637e-5
1.4375e-5	0.9992626469674919	0.9994786090860368	1585.2612693561662	162.16286154059748	1.4212494741890226e-5
1.5000000000000002e-5	0.999230820356937	0.9994561015404889	1583.7295796349345	162.01511613061106	1.4822953192797037e-5
1.5625e-5	0.9991990125820569	0.9994336071027151	1582.2005464349106	161.86761544217006	1.543280786459687e-5
1.6250000000000002e-5	0.9991672236142732	0.9994111257527574	1580.6741642062566	161.72035898766984	1.6042059950936444e-5
1.6875e-5	0.9991354534250642	0.9993886574706964	1579.1504274118909	161.57334628057683	1.665071064268583e-5
1.7500000000000002e-5	0.9991037019859661	0.9993662022366548	1577.6293305274753	161.42657683542825	1.7258761127880692e-5
1.8125e-5	0.999071969268571	0.9993437600307938	1576.1108680413843	161.28005016782882	1.786621259178209e-5
1.8750000000000002e-5	0.9990402552445294	0.999321330833316	1574.5950344546807	161.13376579444974	1.847306621682699e-5
1.9375e-5	0.9990085598855488	0.9992989146244627	1573.0818242810763	160.98772323302455	1.907932318269061e-5
2.0e-5	0.9989768831633946	0.9992765113845161	1571.5712320469108	160.8419220023483	1.968498466623797e-5
2.125e-5	0.9989135854796478	0.9992317437066485	1568.5578775174965	160.5510414356926	2.0894527431503505e-5
2.25e-5	0.998850361993593	0.9991870276602554	1565.5549287124581	160.26112038621682	2.210170282706171e-5
2.375e-5	0.998787212489726	0.9991423630948402	1562.5623427542932	159.97215508222865	2.3306519820221312e-5
2.5e-5	0.9987241367478957	0.9990977498566621	1559.5800766572725	159.68414174207217	2.4508987566330548e-5
2.625e-5	0.9986611345469706	0.9990531877912966	1556.6080875312498	159.3970765918427	2.5709115255049334e-5
2.75e-5	0.9985982056661118	0.9990086767445242	1553.646332649209	159.11095587126388	2.6906912058049625e-5
2.875e-5	0.9985353498851428	0.9989642165625887	1550.694769468781	158.8257758355613	2.8102387112884537e-5
3.0000000000000004e-5	0.9984725669847209	0.9989198070923173	1547.7533556390938	158.54153275606566	2.929554951658918e-5
3.125e-5	0.9984098567463403	0.9988754481811218	1544.8220490020974	158.25822292033158	3.048640832485351e-5
3.2500000000000004e-5	0.9983472189523828	0.9988311396770355	1541.900807592683	157.97584263215666	3.1674972550731546e-5
3.375e-5	0.9982846533860809	0.9987868814286843	1538.989589637794	157.69438821150652	3.286125116551146e-5
3.5000000000000004e-5	0.9982221598315518	0.9987426732853159	1536.088353555809	157.41385599447005	3.404525309799448e-5
3.625e-5	0.9981597380737577	0.9986985150967662	1533.1970579553997	157.13424233316346	3.522698723554837e-5
3.7500000000000003e-5	0.9980973878985397	0.9986544067134878	1530.315661634851	156.85554359567888	3.6406462423451165e-5
3.875e-5	0.9980351090925755	0.9986103479865159	1527.4441235809018	156.57775616598735	3.7583687465959596e-5
4.0e-5	0.9979729014434142	0.998566338767497	1524.5824029680598	156.3008764438866	3.875867112566142e-5
4.25e-5	0.9978486984924435	0.9984784680691063	1518.8882365387208	155.74982447837758	4.1101960563127444e-5
4.5e-5	0.9977247775509521	0.9983907935745857	1513.2328498438362	155.2023601155244	4.343639224827071e-5
4.75e-5	0.9976011370120539	0.9983033141618668	1507.6159263885743	154.65845541586964	4.576203223214285e-5
5.0e-5	0.9974777752406371	0.9982160286891898	1502.0371502906314	154.1180824853297	4.807894764750796e-5
5.25e-5	0.9973546906004894	0.9981289360140345	1496.4962077867535	153.58121360661156	5.038720557720539e-5
5.5e-5	0.997231881464078	0.998042034999959	1490.9927877200062	153.04782128186005	5.268687266280161e-5
5.75e-5	0.9971093462149297	0.9979553245182494	1485.526581678495	152.51787824488756	5.497801499595164e-5
6.000000000000001e-5	0.9969870832491452	0.997868803448989	1480.0972840280665	151.99135746421393	5.726069806858524e-5
6.25e-5	0.9968650909750372	0.9977824706807942	1474.704591900311	151.46823214216238	5.9534986778021555e-5
6.500000000000001e-5	0.9967433678137207	0.9976963251112381	1469.3482051754572	150.94847571355433	6.180094541519486e-5
6.75e-5	0.9966219121984511	0.9976103656463763	1464.027826454259	150.43206184339562	6.405863768222303e-5
7.000000000000001e-5	0.9965007225751108	0.9975245912010963	1458.743161035815	149.91896442512478	6.630812668486055e-5
7.25e-5	0.9963797974015184	0.9974390006986273	1453.4939168881947	149.40915757818496	6.854947495123821e-5
7.500000000000001e-5	0.9962591351479014	0.997353593070878	1448.2798046261312	148.9026156462558	7.078274442477755e-5
7.75e-5	0.99613873429621	0.9972683672579489	1443.1005374820145	148.39931319485345	7.30079964828482e-5
8.0e-5	0.9960185933405852	0.9971833222084678	1437.955831284002	147.89922500959295	7.522529192972608e-5
8.5e-5	0.9957790832266638	0.9970137688908199	1427.7688738992751	146.90858254427664	7.963633084004908e-5
9.0e-5	0.995540594319111	0.9968449257960444	1417.716783085671	145.93049725473085	8.401628273987336e-5
9.5e-5	0.9953031154267892	0.9966767851108878	1407.797400431881	144.96477725025878	8.836559641646518e-5
0.0001	0.9950666352485568	0.996509338945579	1398.0085904959062	144.01123255021145	9.268472399232419e-5
0.000105	0.9948311425576992	0.9963425794624251	1388.3482508419356	143.06967596749448	9.697411332245279e-5
0.00011	0.994596626273139	0.9961764989256489	1378.8143149520956	142.13992336828107	0.00010123420530237644
0.000115	0.9943630754695811	0.9960110897083281	1369.4047526481008	141.2217937129186	0.0001054654333341757
0.00012000000000000002	0.9941304793903937	0.995846344301519	1360.1175698299994	140.31510903749705	0.0001096682229973001
0.000125	0.9938988274385707	0.995682255307809	1350.95080786617	139.41969440415875	0.00011384299229536621
0.00013000000000000002	0.9936681091830697	0.9955188154458675	1341.9025430066727	138.5353778539082	0.00011799015158809792
0.000135	0.993438314347874	0.9953560175426777	1332.970885685233	137.66199034898239	0.00012211010391668478
0.00014000000000000001	0.9932094328175588	0.9951938545375466	1324.1539799195034	136.79936572426735	0.00012620324496223336
0.000145	0.9929814546263778	0.9950323194743539	1315.4500026278238	135.94734063074367	0.0001302699633715312
0.00015000000000000001	0.992754369963696	0.9948714055054714	1306.8571630497836	135.1057544884482	0.00013431064071598255
0.000155	0.9925281691633061	0.9947111058841692	1298.3737020880724	134.27444943191065	0.00013832565180933268
0.00016	0.9923028427088046	0.9945514139684969	1289.9978917521235	133.4532702649147	0.00014231536466435498
0.00017	0.9918547638172112	0.9942338190442954	1273.5618483230269	131.840627257095	0.0001502207815753796
0.00018	0.9914100682457855	0.9939185753365873	1257.5362611077348	130.26667548799958	0.00015802938473046644
0.00019	0.9909686875519259	0.9936056350795807	1241.9085134833801	128.7302776024623	0.0001657437843593138
0.0002	0.99053055360968	0.9932949507322933	1226.6663321541778	127.23032561255715	0.00017336656594455667
0.00021	0.9900955996479974	0.9929864757007866	1211.797837475047	125.76574544794711	0.00018090024866459603
0.00022	0.9896637607073899	0.9926801646584891	1197.2915504735981	124.3354976706318	0.00018834727030057275
0.00023	0.9892349735972087	0.9923759735143938	1183.1363843289084	122.93857680338134	0.00019570998780156759
0.00024000000000000003	0.98880917698845	0.9920738594795202	1169.3216327087955	121.57401038025101	0.0002029906762466536
0.00025	0.9883863112579986	0.9917737809563341	1155.8369558889744	120.24085779080202	0.00021019153382718776
0.00026000000000000003	0.9879663185412835	0.9914756975771576	1142.672368017697	118.93820922588331	0.00021731468223568402
0.00027	0.9875491425712912	0.9911795700900046	1129.8182236260527	117.66518454757508	0.00022436217185116782
0.00028000000000000003	0.9871347287271076	0.990885360394079	1117.265205662253	116.42093229429544	0.00023133598215188748
0.00029	0.9867230238793248	0.9905930314301276	1105.0043129429798	115.20462862607185	0.00023823802665095913
0.00030000000000000003	0.9863139764383474	0.9903025472157331	1093.0268490872404	114.0154764013888	0.00024507015318991655
0.00031	0.985907536207079	0.9900138727408038	1081.3244108980837	112.8527041976851	0.00025183414859291726
0.00032	0.9855036544292927	0.9897269740028685	1069.8888781451726	111.71556545626535	0.00025853173883826894
0.00034	0.9847033231197806	0.9891583342359225	1047.7846555146402	109.5150714257345	0.0002717362102706707
0.00036	0.9839126594190177	0.9885964025981423	1026.6566822484306	107.40868451820853	0.0002846948129815684
0.00038	0.9831313316920552	0.9880409478485488	1006.4498525210425	105.39130379636192	0.00029741896542194603
0.0004	0.9823590180866044	0.9874917456113859	987.1122032606819	103.45810617433887	0.00030991963768118116
0.00042	0.9815954101720853	0.9869485808837339	968.5949842742932	101.60455412811041	0.00032220721738369685
0.00044	0.9808402151755672	0.9864112496136468	950.852536082064	99.82638585543266	0.0003342914582038421
0.00046	0.9800931544415126	0.9858795576015885	933.8421004513903	98.11959919676136	0.0003461815300051385
0.00048000000000000007	0.9793539639051781	0.9853533208499561	917.5236342009027	96.48043573509209	0.00035788602721408566
0.0005	0.9786223921589055	0.9848323641921967	901.8596196217933	94.90536446069973	0.00036941303223891474
0.0005200000000000001	0.9778982007650249	0.9843165215296702	886.8148961867353	93.39106726404647	0.00038077012661271364
0.00054	0.9771811624457738	0.9838056345484454	872.3564946235189	91.93442453986557	0.0003919644493020907
0.0005600000000000001	0.9764710614061973	0.9832995529622696	858.4534916328008	90.53250257940546	0.0004030027048745896
0.00058	0.9757676916867745	0.982798133344125	845.0768666961294	89.18254107130299	0.0004138912154989133
0.0006000000000000001	0.9750708575072715	0.9823012393829562	832.1993772367774	87.88194219829943	0.0004246359261075009
0.00062	0.9743803717697652	0.9818087408213012	819.795435124948	86.62825979330472	0.00043524245071359884
0.00064	0.9736960564180013	0.9813205137220105	807.8409993683658	85.41918990732913	0.00044571607508077376
0.00068	0.9723450981174043	0.9803562905006918	785.1840854040084	83.12561575621031	0.000466288819848167
0.00072	0.9710168455079253	0.9794077782745944	764.0701914969169	80.9859302789094	0.00048638702026738913
0.00076	0.9697101735181379	0.9784741942389388	744.3548467531963	78.98613977407878	0.000506042471187087
0.0008	0.9684240294434862	0.9775548063152573	725.90856592245	77.11364948324398	0.000525284343255943
0.00084	0.9671574324137753	0.9766489324813685	708.6158118687296	75.35717475951695	0.0005441392436357528
0.00088	0.9659094811325943	0.9757559463335765	692.3735876872316	73.70661483607232	0.0005626311461314011
0.00092	0.9646793387950315	0.9748752663581547	677.0899597118753	72.15291883995167	0.0005807818545502752
0.0009600000000000001	0.963466235525256	0.974006357801454	662.6827757934498	70.6879685518632	0.0005986110512930684
0.001	0.9622694541427954	0.9731487225631421	649.0784748243527	69.30446900349992	0.0006161367180913337
0.0010400000000000001	0.9610883324219512	0.972301900929483	636.2110967125376	67.99585680923644	0.0006333751611436979
0.00108	0.9599222509644751	0.9714654629556772	624.0213693909036	66.75621537343257	0.0006503413582014666
0.0011200000000000001	0.9587706356684277	0.9706390103315572	612.4559562385825	65.58020441803973	0.0006670489563276386
0.00116	0.9576329474616916	0.9698221690783876	601.4667571232051	64.46299442451436	0.0006835105572331492
0.0012000000000000001	0.9565086848885445	0.9690145914839672	591.0103351149277	63.400212365418724	0.0006997376960363279
0.00124	0.9553973753724941	0.9682159498804429	581.0473788687276	62.387890809424015	0.0007157410778333202
0.00128	0.9542985778198662	0.9674259385797436	571.5422638877561	61.422425954453566	0.0007315305445100696
0.00136	0.9521366015001121	0.9658704807044153	553.7687466819141	59.61820643572296	0.0007625076293348158
0.00144	0.9500199619577939	0.9643462812635133	537.474592378851	57.965654689659075	0.0007927304926883392
0.00152	0.9479459929728861	0.9628514934279389	522.4743605731303	56.44585091004095	0.0008222557376584377
0.0016	0.9459122808857804	0.9613844472660699	508.6108203883778	55.042711046546835	0.0008511331326944696
0.00168	0.943916611719568	0.9599436111347689	495.7507705571445	53.742578690695595	0.0008794073209904582
0.00176	0.9419569973335224	0.9585276109521131	483.7811214607123	52.533835943442796	0.0009071174726928361
0.00184	0.94003161012924	0.9571351835513182	472.60529974716525	51.406546873088985	0.0009342989677301648
0.0019200000000000003	0.9381387987377234	0.9557651886168022	462.14048244476317	50.352179165185454	0.0009609831306732441
0.002	0.9362770348772304	0.9544165707310672	452.3151863612958	49.363362724157525	0.0009871985397974128
0.0020800000000000003	0.9344449276229979	0.9530883701902066	443.06746281747724	48.43370592658404	0.001012970734957641
0.00216	0.9326411815060415	0.9517796930305781	434.34330149811086	47.55763457977563	0.0010383232256559979
0.0022400000000000002	0.930864609792504	0.9504897210320574	426.09544422113095	46.73027000764045	0.0010632771938541574
0.00232	0.9291141011291527	0.949217687814432	418.28230924834975	45.94731993200437	0.0010878522839174799
0.0024000000000000002	0.9273886316310889	0.9479628879074959	410.86718165622733	45.2049961777016	0.0011120663195009696
0.00248	0.9256872379623988	0.946724657424047	403.81753450147943	44.4999392713431	0.0011359359342060025
0.00256	0.9240090281687593	0.9455023821696712	397.10439258626894	43.82916185510288	0.0011594763111947423
0.00272	0.92071863129422	0.9431032766098617	384.5785598024562	42.57920226318611	0.0012056215461666382
0.00288	0.9175115839393628	0.940761533406163	373.12157649256204	41.437795943756555	0.0012506055321112733
0.00304	0.9143824713348705	0.9384734230646803	362.59145104303354	40.39033204250745	0.0012945189597445748
0.0032	0.911326490588613	0.936235643774062	352.87003579088963	39.42466938313982	0.001337439179957761
0.00336	0.9083392616541421	0.9340451834381743	343.85871654635696	38.530690564015714	0.0013794356785223577
0.00352	0.9054168878369767	0.9318993660090972	335.4748826896566	37.699931008425686	0.0014205688553419193
0.00368	0.9025557948015691	0.9297957354735454	327.6486726719606	36.92524456489704	0.0014608937245442998
0.0038400000000000005	0.8997527740651707	0.9277320899160914	320.32070385295515	36.20056517506637	0.0015004587191455787
0.004	0.8970048612545598	0.9257063937043487	313.44003407268644	35.520698000314724	0.001539308383279803
0.0041600000000000005	0.8943093730586363	0.9237168063456742	306.96277521233236	34.881173705149706	0.0015774823229968138
0.00432	0.8916638147379894	0.9217616155834457	300.85080417282245	34.278116759674404	0.0016150172425997624
0.0044800000000000005	0.8890659118768187	0.9198392620957222	295.0708955413609	33.70815416978977	0.001651946046809132
0.00464	0.8865135387134336	0.9179482874962961	289.59387911408487	33.16832967765112	0.0016882994220532195
0.0048000000000000004	0.8840047453222772	0.9160873554311691	284.39407971354603	32.65604475424888	0.0017241050720065026
0.00496	0.8815377010147742	0.914255210392765	279.44874847555474	32.16900087490323	0.001759388970983817
0.00512	0.8791107176048893	0.9124506957579634	274.7376903700894	31.70516025183554	0.0017941747118880925
0.00544	0.8743711228926692	0.9089206085810043	265.94385106503836	30.839522719844688	0.0018623138251677592
0.00576	0.8697742189748315	0.9054890234123946	257.8944813403786	30.04731632971763	0.0019287024932660062
0.00608	0.8653096784727079	0.9021488513384116	250.49046773300515	29.318619080783183	0.0019934860497031457
0.0064	0.8609685478173945	0.8988939618734574	243.64967946126384	28.645217944534046	0.002056783768939073
0.00672	0.8567427500290195	0.8957188190514707	237.30362998531243	28.020279945229284	0.0021187024265349242
0.00704	0.8526251535219977	0.8926185424591824	231.39503260961823	27.438101862861295	0.0021793341690766323
0.00736	0.8486092499474648	0.8895886720225787	225.8754296001158	26.893871682757624	0.002238763416378181
0.007680000000000001	0.8446892281374485	0.8866252308489361	220.7036603607597	26.38351082631049	0.0022970640945959527
0.008	0.8408597427935238	0.8837245556230167	215.84439006151857	25.903526237095978	0.0023543045116465574
0.008320000000000001	0.8371159794952805	0.8808833510708326	211.26718556849193	25.450915428947187	0.0024105450349035567
0.00864	0.8334534815624112	0.8780985623672629	206.94558654437228	25.02307345502844	0.00246584181228316
0.008960000000000001	0.8298682055179737	0.8753674212687595	202.85653252657457	24.617734274324107	0.00252024485966255
0.00928	0.8263563881492775	0.8726873476601323	198.97975554623355	24.2329101368784	0.002573800969821668
0.009600000000000001	0.8229145936375807	0.8700559885987385	195.2974129169043	23.866854172933316	0.00262655211841765
0.00992	0.8195396094245332	0.8674711408249104	191.793676736658	23.51801954143492	0.0026785377789774866
0.01024	0.8162284863324718	0.8649307839264843	188.4544914287982	23.18503485005518	0.002729793581005152
0.01088	0.8097898362028413	0.8599781832020853	182.22184851722915	22.561808264616865	0.002830169470316442
0.01152	0.8035762505929227	0.8551827392488339	176.51299788558367	21.988930842882567	0.0029279956488927204
0.01216	0.7975695688062706	0.8505319509394009	171.25783097832	21.459630834048408	0.0030234963363063986
0.0128	0.7917545493699113	0.846015361074475	166.3989136437077	20.968348605391398	0.003116846916332347
0.01344	0.7861176197306197	0.8416236376839231	161.88840820615124	20.510461139097092	0.003208204758821861
0.01408	0.7806468783553687	0.837348611112737	157.68626175642103	20.082109719847793	0.0032977051151087595
0.01472	0.7753315154657783	0.8331828412632308	153.75850697417445	19.680030797932503	0.003385473028991012
0.015360000000000002	0.7701619273348819	0.8291197273962518	150.0762428967249	19.301455710749472	0.0034716173398625545
0.016	0.7651293200234219	0.825153209099361	146.61460366722568	18.94400732425143	0.0035562392370800254
0.016640000000000002	0.7602258127658227	0.8212778624569304	143.35214693422336	18.605640776453505	0.003639427486728371
0.01728	0.755444142692994	0.8174886754907256	140.2701985704929	18.284577949492018	0.003721265097532693
0.017920000000000002	0.7507777522775363	0.8137811286337637	137.35247180402735	17.979271250069562	0.003801825462298995
0.01856	0.7462205637479705	0.810151021881374	134.58463552778096	17.68836041461607	0.003881177614235434
0.019200000000000002	0.741767053399175	0.8065945426481538	131.95406932700564	17.410649647339294	0.003959383031098046
0.01984	0.7374120760500094	0.8031081302687242	129.44956970585585	17.145078147838984	0.004036499842641847
0.02048	0.7331509284606171	0.7996885335940177	127.06118788478267	16.890705283705536	0.004112580149133657
0.02176	0.7249017903367971	0.7930443986691786	122.60424907852104	16.412695845440446	0.0042616365338715625
0.02304	0.7169794087211995	0.7866339549593145	118.51562019792694	15.970470457730967	0.004407103372974611
0.02432	0.709354651691958	0.7804368690438012	114.74508011726238	15.559287540570063	0.004549312662354206
0.0256	0.7020039944437075	0.7744367933589077	111.25249795158909	15.175332397179869	0.004688512029210078
0.02688	0.6949066748295321	0.7686192456137219	108.00452947815441	14.815435647847089	0.0048249275449772705
0.02816	0.6880445364473564	0.7629715810434047	104.97321324197253	14.476947417862116	0.004958753443395923
0.02944	0.6814011185193813	0.757482282905058	102.13479201965724	14.157614595502961	0.005090171825200951
0.030720000000000004	0.6749618449620767	0.752141165901653	99.4690441270618	13.855520385906507	0.005219340054800737
0.032	0.6687134148707085	0.7469388934853728	96.95856664293262	13.569010437458585	0.005346405785654694
0.033280000000000004	0.6626439602481939	0.7418671447335912	94.58836213372044	13.296657906791514	0.005471497398057964
0.03456	0.6567425878175808	0.7369182480854957	92.34537280756975	13.0372156511715	0.005594735925663263
0.035840000000000004	0.6509995070079987	0.7320853162539495	90.2182196091794	12.789595260630207	0.005716227407311058
0.03712	0.645405680995525	0.7273619643994725	88.19689276417769	12.552834994365158	0.005836072354213973
0.038400000000000004	0.6399529340767606	0.7227424222529504	86.27258394781524	12.32608693034516	0.005954359451121227
0.03968	0.634633682045844	0.7182213140573541	84.43747502588246	12.108594765497001	0.006071173174211289
0.04096	0.6294410231786915	0.7137937528198858	82.68462743705403	11.899685793156694	0.006186588531225248
0.04352	0.6194298750358268	0.7052162921003211	79.41063823192636	11.506023678861942	0.006413131256429647
0.04608	0.6098526702136843	0.696961678892847	76.39695731443172	11.140087646649954	0.006634915185257528
0.04864	0.600667203241625	0.6889995264045236	73.60870109284893	10.798381673730548	0.006852410956281385
0.0512	0.5918406508156584	0.6813063420653303	71.01858021590132	10.478145738652701	0.007065957827756468
0.05376	0.5833441370448553	0.6738613378716768	68.60371824284334	10.177060596505505	0.007275875040870441
0.05632	0.5751524158722191	0.6666463670141605	66.34476363849207	9.893163936895574	0.007482435396587718
0.05888	0.5672426640521421	0.6596449096971494	64.22517599743288	9.624764243055969	0.0076858980325994275
0.06144000000000001	0.5595947720733256	0.6528424274906907	62.2308267359564	9.370409648090792	0.007886483579481829
0.064	0.5521904990654699	0.6462256436526957	60.3495177436896	9.128833730237991	0.008084401031892967
0.06656000000000001	0.545013673530149	0.6397828017618613	58.5707116599357	8.898936699983192	0.008279829191433653
0.06912	0.5380495464877385	0.6335031096347887	56.88520806726611	8.679748602344304	0.008472938214220741
0.07168000000000001	0.5312849477647824	0.6273769424945206	55.28497085543733	8.470417998980711	0.008663874706233888
0.07424	0.5247077951875251	0.6213954150362238	53.76291094714212	8.270186542784014	0.008852778971612251
0.07680000000000001	0.5183072267016978	0.6155505498588559	52.31277569106837	8.078382255740527	0.009039772686749091
0.07936	0.512073223697584	0.6098349440939318	50.9289994062918	7.894401501198566	0.009224972911523693
0.08192	0.5059967244456233	0.604241911309507	49.606631040392074	7.717705001095878	0.009408481747085157
0.08704	0.49431780204978015	0.5934268889182954	47.138661618406	7.38522333496672	0.009770189987660627
0.09216	0.4831710547332867	0.5830298138578853	44.86529043563429	7.076390428691964	0.010126315842714338
0.09728	0.4725032604115467	0.5730104592421462	42.76205265404858	6.78836885387242	0.010477471771062945
0.1024	0.4622742891233114	0.5633387916844	40.80973941369698	6.518934814025033	0.010824088538329987
0.10752	0.4524485573963761	0.5539879789300194	38.991869217591365	6.266185167425795	0.01116659019996674
0.11264	0.44299489234812667	0.5449345871522336	37.29432073967926	6.028489929184104	0.01150532933687
0.11776	0.4338851639362978	0.5361572729205789	35.70492225330312	5.8044288640792185	0.011840647933643504
0.12288000000000002	0.4250947416953183	0.5276373993063859	34.2132184375636	5.59277607686826	0.012172826753851378
0.128	0.4166013862425826	0.5193579888966899	32.81012589225256	5.39245459061621	0.012502137513777717
0.13312000000000002	0.4083855177192785	0.5113041402504305	31.487759371072272	5.202525487982627	0.012828803823767072
0.13824	0.40042934793216395	0.5034622008551862	30.239192611380574	5.022155673182312	0.013153043568976341
0.14336000000000002	0.3927170939113177	0.4958200982113459	29.058347490664953	4.850611462169633	0.013475036851809263
0.14848	0.38523431707068884	0.48836669833204244	27.939830517637223	4.687235784488032	0.013794960580009273
0.15360000000000001	0.37796811134023534	0.48109208554406224	26.87886313141318	4.53144472408129	0.014112961516957038
0.15872	0.3709065938460184	0.47398705855466217	25.87116709690067	4.382711045420037	0.01442918495013643
0.16384	0.3640390715643844	0.46704336996689616	24.912920018919674	4.240562472912466	0.014743751734627959
0.17408	0.35090205782453515	0.4536573889772959	23.140667458655464	3.9753694209212895	0.015367502584633702
0.18432	0.33841907639289215	0.4408223941998632	21.525023994298653	3.731542171880502	0.01598608338710543
0.19456	0.32653060456355254	0.42849104179179204	20.047605554654343	3.506623831974896	0.01660018443770869
0.2048	0.3151923348343769	0.41662891078213754	18.69344567264541	3.2986622650458175	0.01721025699485612
0.21504	0.3043635886784265	0.4052040865724569	17.449329528220122	3.105948365586368	0.01781679024862782
0.22528	0.29400833007910304	0.39418851192049087	16.30380333535084	2.9270030330794103	0.018420151095021955
0.23552	0.28409369173804483	0.3835562713267499	15.246892598244974	2.7605253185529963	0.019020722762119573
0.24576000000000003	0.27459086916524167	0.373284821608364	14.269972536885794	2.6053861794013784	0.0196187846880786
0.256	0.2654736201200589	0.36335337889167096	13.365474593779243	2.4605858836286716	0.02021463114602425
0.26624000000000003	0.25671879797110675	0.3537437535652162	12.526785874220035	2.3252484088818512	0.02080847421206543
0.27648	0.24830515254443578	0.3444390514888792	11.748049351691844	2.198590736314239	0.021400541734509802
0.28672000000000003	0.24021376234167102	0.3354243472591044	11.024094453264452	2.0799199770756593	0.021990996025699344
0.29696	0.2324271095804267	0.32668566208822347	10.350299761877675	1.9686114435026891	0.022580015599059165
0.30720000000000003	0.2249294566561338	0.3182105334069306	9.722550215623937	1.8641075968154377	0.02316772583500445
0.31744	0.21770612351653143	0.3099872003455317	9.137139312270266	1.7659020654141997	0.023754268126934933
0.32768	0.2107438157576178	0.30200508974187307	8.590742314613195	1.673539567082586	0.024339740114163764
0.34816	0.19763818386329446	0.2868077861485335	7.6107029006329165	1.505646444584966	0.025506782785876526
0.36864	0.1854097028017351	0.2724399965439207	6.750071065811921	1.356215092796491	0.026670851627239634
0.38912	0.17398736370299275	0.2588428264964348	5.993390407266325	1.2229246555251472	0.027832525038602906
0.4096	0.1633149403580586	0.24597151454030805	5.327449817021927	1.1038689711263394	0.028992032787406932
0.43008	0.15333715459420846	0.23378091984409596	4.7405073643600675	0.9973598785679804	0.03014978931711561
0.45056	0.14400355175789906	0.22222993623384063	4.222449228484703	0.9019372618675929	0.031305976766298156
0.47104	0.13526694085992585	0.21127920095834252	3.764536601608237	0.8163218615975124	0.032460905406493
0.49152000000000007	0.12708514037165883	0.20089361296845895	3.359278782921791	0.7394091374937227	0.0336146934122011
0.512	0.11941892574138503	0.191039820787947	3.000186850104769	0.6702283574641775	0.03476756749576139
0.5324800000000001	0.11223306892568717	0.1816879034540387	2.6816634459826174	0.6079359587292379	0.03591960090152637
0.55296	0.10549469661247515	0.17280935307752238	2.398831883636284	0.5517864896220154	0.03707096132059809
0.5734400000000001	0.09917407510167439	0.16437837200589173	2.147463698752563	0.5011279718183808	0.03822169258598542
0.59392	0.09324335332159209	0.1563703009899369	1.9238564837769556	0.4553814534296979	0.03937192100905035
0.6144000000000001	0.08767719031126713	0.1487626601726168	1.7247847087973545	0.4140378396292672	0.04052167143599085
0.63488	0.08245178273489617	0.14153391313483252	1.5474133173729752	0.3766432611844316	0.041671040674644666
0.65536	0.07754536725893774	0.134664306942622	1.38926274708433	0.34279680657373723	0.0428200413587144
0.69632	0.06871020635534275	0.12204989103830209	1.1254099534725042	0.28486697630732594	0.04511587391702312
0.73728	0.06087530641971068	0.11060934759675645	0.9131271574123984	0.23702284669646903	0.04741094935878146
0.77824	0.05393291943747373	0.10023788136467485	0.7425067903786029	0.19746018453997802	0.049705609659896594
0.8192	0.047788820230014094	0.0908446036905588	0.6053450360242214	0.16472300090502207	0.05199963346493122
0.86016	0.04235207704135121	0.08233839349488611	0.49489889596431774	0.1375942333761322	0.05429331525500339
0.90112	0.03754140439930256	0.07463619027629653	0.4057973536827497	0.11508088091982753	0.0565865261365979
0.94208	0.033283563635273496	0.06766071577162543	0.3337590476445517	0.09636744769760841	0.058879495831389767
0.9830400000000001	0.029514589027732574	0.061343220678230635	0.2753937505088864	0.08079087506519425	0.06117212133357049
1.024	0.026177391241517235	0.05562051522653441	0.22799918905341013	0.06780611863520546	0.06346457391059984
1.0649600000000001	0.023222133003058042	0.05043638355918283	0.18942760415375431	0.05696819506501019	0.0657567691288885
1.10592	0.020604413424515834	0.045739320935346654	0.1579613311844852	0.0479101123649776	0.06804883552362831
1.1468800000000001	0.01828539574637505	0.04148338744872194	0.132230992723268	0.04033088315705301	0.070340704430706
1.18784	0.016230500303558434	0.037626560328114574	0.11113746465826614	0.03398145269193768	0.07263247363347977
1.2288000000000001	0.014409428152502396	0.03413127098616291	0.09380127376212014	0.0286567193692418	0.0749240877744853
1.26976	0.012795213112101661	0.030963196742312158	0.07951423300724873	0.02418645986090953	0.0772156220554281
1.31072	0.011364190031508447	0.028091591133190735	0.06770764258884833	0.020429973612846528	0.07950703209767672
1.39264	0.009018148600792664	0.02321518867390374	0.05013427055591783	0.014693188627261065	0.084088718110315
1.47456	0.007150364492535986	0.019171944009223948	0.03771055642073426	0.01058090078704931	0.08867023731151703
1.55648	0.00566902233820579	0.015828303445766672	0.028887324134037363	0.007632316347888432	0.09325183128765692
1.6384	0.004497485595805139	0.013069458127172287	0.022557432534561866	0.0055170181675061325	0.09783316362652378
1.72032	0.003571334642898325	0.010794260972516019	0.017952304655579572	0.003996470144880636	0.10241445806983011
1.80224	0.002839111677008713	0.008918280491882804	0.014550828252218626	0.0029010992170810635	0.10699554045819078
1.88416	0.0022598560410347335	0.007371138488477058	0.011997260428865123	0.002110157618955698	0.11157656703872293
1.9660800000000003	0.001801373899291616	0.006095060675596236	0.010048597782109096	0.0015378235931352503	0.11615743144451451
2.048	0.0014381894338312924	0.005042230108396581	0.008536763262269051	0.0011227795304039685	0.12073823717383095
2.1299200000000003	0.001150290973533458	0.00417342612372158	0.007344849459595475	0.0008212127274533845	0.125318917407078
2.21184	0.0009218567191478795	0.003456242365175478	0.006390427099303688	0.0006016692673478267	0.1298995407026094
2.2937600000000002	0.000740442922963737	0.0028640729006458475	0.0056149308151550986	0.00044155472104373804	0.1344800648180184
2.37568	0.0005962111224285775	0.002374948740673356	0.004976143101107597	0.00032457425209586794	0.13906053566453405
2.4576000000000002	0.00048141399841174714	0.0019708174019016913	0.004443350642038737	0.0002389670023653416	0.1436409265198625
2.53952	0.0003899240256175198	0.0016367771764135319	0.003993763117521536	0.00017621604047207972	0.14822126851114684
2.62144	0.0003169099664743169	0.0013605727870883298	0.0036106806103313478	0.00013014804019413268	0.15280154477597105
2.78528	0.0002152536183938178	0.0009558092758813523	0.00300961432880772	7.268430838718479e-5	0.16196176611045093
2.94912	0.00014799343678511837	0.000672359164971327	0.00254433406523075	4.06980048281299e-5	0.17112181983844751
3.11296	0.00010357546917003734	0.00047476447854447653	0.0021779984636866615	2.289923838079632e-5	0.1802817821212099
3.2768	7.412536670778638e-5	0.00033727028870847165	0.001884632045993604	1.2977607657454197e-5	0.1894415940864393
3.44064	5.439958835730903e-5	0.00024144420902341834	0.001645930627441528	7.422466397157244e-6	0.1986013092177595
3.60448	4.100738318236636e-5	0.00017446434574784457	0.0014490727934610653	4.295301164578332e-6	0.20776090794381602
3.76832	3.1765796991481036e-5	0.0001274663943838449	0.001284823577060969	2.524028159408388e-6	0.21692042149413468
3.9321600000000005	2.526794771971799e-5	9.433529440598405e-5	0.001146385016887284	1.5136799515689933e-6	0.22607984331421072
4.096	2.0602735368831055e-5	7.084753583846303e-5	0.0010286486095257184	9.325536877169518e-7	0.23523919231696572
4.2598400000000005	1.717693302614018e-5	5.4084584115510164e-5	0.0009277113226431291	5.949052549175856e-7	0.2443984671976413
4.42368	1.4601497747148756e-5	4.2025980317511275e-5	0.0008405451550897125	3.9621699810659745e-7	0.25355768016277636
4.5875200000000005	1.2619099218922443e-5	3.327088770503265e-5	0.0007647712378131459	2.7739306268058506e-7	0.26271683199000645
4.75136	1.105787912945456e-5	2.6846008084424965e-5	0.0006984988434194133	2.0484324472946868e-7	0.2718759310401741
4.9152000000000005	9.801676078307678e-6	2.20734867343269e-5	0.0006402102691890742	1.5936812402497892e-7	0.28103497882718476
5.07904	8.770968044821225e-6	1.8479944427636855e-5	0.0005886759634464645	1.2992500097976817e-7	0.29019398137349667
5.24288	7.910461356467405e-6	1.5733661690796864e-5	0.0005428917569232559	1.1011794788038719e-7	0.299352940359204
5.57056	6.592185662690646e-6	1.2057369683066906e-5	0.0004673475257415476	8.660252480771039e-8	0.3176706990149919
5.89824	5.583104694613287e-6	9.61826524518832e-6	0.0004055837456214501	7.25326360089046e-8	0.335988322624507
6.22592	4.7900319781455665e-6	7.91751190313435e-6	0.0003545248128760437	6.29860133187968e-8	0.35430583340625865
6.5536	4.152193946646887e-6	6.673028234295865e-6	0.00031184501283215466	5.5913179315808724e-8	0.3726232385744861
6.88128	3.629295155544254e-6	5.722329202932744e-6	0.0002758004851126722	5.0381786934838764e-8	0.39094055423310803
7.20896	3.1939503661714107e-6	4.970035507230467e-6	0.00024507884000185955	4.5917016818219803e-8	0.40925778692382125
7.53664	2.826909648063733e-6	4.358166122222507e-6	0.00021868047672671348	4.224384729239429e-8	0.4275749480154154
7.864320000000001	2.5142041223023593e-6	3.8499066787640195e-6	0.00019583441322395962	3.9183429763552155e-8	0.44589204286160256
8.192	2.2454359796828787e-6	3.4208518833409343e-6	0.00017593869652070265	3.6608994305059053e-8	0.4642090797738808
8.519680000000001	2.012696429181061e-6	3.0541140060647314e-6	0.00015851778965382562	3.442547652605799e-8	0.482526063096723
8.84736	1.8098627827196823e-6	2.7375624745062384e-6	0.0001431917185046594	3.255910914101915e-8	0.5008429990825712
9.175040000000001	1.6321027245590832e-6	2.4621686767928984e-6	0.00012964911621108938	3.0951480659144646e-8	0.5191598912598296
9.50272	1.475602587817774e-6	2.221076487628058e-6	0.00011764901497652577	2.9555788551568958e-8	0.5374767444339906
9.830400000000001	1.3372670842879435e-6	2.0089188947899904e-6	0.00010697920677718714	2.8334254268681854e-8	0.55579356147509
10.15808	1.214561928600325e-6	1.8214135502012091e-6	9.746755543336816e-5	2.7256245943216266e-8	0.5741103461359702
10.48576	1.1053963424632994e-6	1.6550929590937056e-6	8.896939438746192e-5	2.6296853452532044e-8	0.5924271007579056
11.14112	9.266388010582907e-7	1.3834608129684895e-6	7.50017350982442e-5	2.468093082641566e-8	0.6290605018019303
11.79648	7.821644185959248e-7	1.1646042813560969e-6	6.365070311174637e-5	2.332652088185882e-8	0.6656938119753752
12.45184	6.647964453021178e-7	9.873614185674698e-7	5.4381948922934025e-5	2.215868090825309e-8	0.7023270478457294
13.1072	5.689954303720244e-7	8.430520009528945e-7	4.678874057361037e-5	2.1126711520227157e-8	0.7389602175868255
13.76256	4.90501784145739e-7	7.250303654882572e-7	4.055036107081487e-5	2.019592195244812e-8	0.7755933318992375
14.41792	4.259903087284659e-7	6.281645874521832e-7	3.5411600556602024e-5	1.9342472183102596e-8	0.8122263964266464
15.07328	3.7282504249086533e-7	5.484236908809843e-7	3.116787277426296e-5	1.85498787191746e-8	0.8488594184178301
15.728640000000002	3.2889531232936826e-7	4.825995832075126e-7	2.7654245329641903e-5	1.7806651632571388e-8	0.8854924017508566
16.384	2.9249998730955185e-7	4.2811652134170916e-7	2.4737189712976737e-5	1.7104695358744247e-8	0.9221253514114593
17.039360000000002	2.622618383030769e-7	3.8289426007295056e-7	2.2308260960922692e-5	1.6438225915749776e-8	0.958758270066656
17.69472	2.3706227632021644e-7	3.452459412095576e-7	2.0279179097595837e-5	1.5803037060187155e-8	0.9953911611981064
18.350080000000002	2.1599064178648133e-7	3.137997907252234e-7	1.8577954207826203e-5	1.519600283968667e-8	1.0320240266509535
19.00544	1.9830426482871248e-7	2.874379679868829e-7	1.714580378838086e-5	1.4614740032201955e-8	1.0686568689001439
19.660800000000002	1.833966892371823e-7	2.652481780860665e-7	1.59346823786705e-5	1.40573790482915e-8	1.1052896892337671
20.31616	1.7077220378955447e-7	2.464850360772637e-7	1.490529059650145e-5	1.3522408204054018e-8	1.1419224894442481
20.97152	1.6002531335748666e-7	2.3053900625043963e-7	1.4025463936643988e-5	1.3008567831035875e-8	1.1785552704469344
22.28224	1.436326119602426e-7	2.0626721659556003e-7	1.2673686605804856e-5	1.204802674288665e-8	1.2518207572829712
23.59296	1.310600889363094e-7	1.877439848972268e-7	1.1626384278709185e-5	1.1159473044266064e-8	1.3250861786323984
24.90368	1.211456547592986e-7	1.7320980288246698e-7	1.0791712276629666e-5	1.0336877856286508e-8	1.3983515422594197
26.2144	1.1311201087139692e-7	1.6148750997471206e-7	1.0108249033956568e-5	9.575127644722558e-9	1.4716168500701678
27.52512	1.064236108018473e-7	1.5177105295109356e-7	9.533439530411689e-6	8.869617104322669e-9	1.544882106788641
28.83584	1.0070911828214181e-7	1.4350327496280398e-7	9.037714209427614e-6	8.216142380312841e-9	1.61814731386101
30.14656	9.571023449677228e-8	1.3629709774523618e-7	8.60047990781952e-6	7.61083980412205e-9	1.6914124746903565
31.457280000000004	9.124676904867523e-8	1.2988268463758985e-7	8.207352096538499e-6	7.0501454288622625e-9	1.7646775905605832
32.768	8.719256613527408e-8	1.240712496858039e-7	7.84824284632612e-6	6.5307653199390145e-9	1.837942664093578
34.078720000000004	8.34588776406178e-8	1.1873010337263123e-7	7.516039652819219e-6	6.049651950780414e-9	1.9112076965140017
35.38944	7.998287314839369e-8	1.1376541541996935e-7	7.2056922777042504e-6	5.603984175598253e-9	1.984472689951788
36.700160000000004	7.671969750698982e-8	1.0911030115030884e-7	6.9135814582012835e-6	5.191149646913245e-9	2.0577376456001835
38.01088	7.363697917404293e-8	1.047165846018586e-7	6.637082356162507e-6	4.808728957540169e-9	2.13100256525835
39.321600000000004	7.071103200247756e-8	1.0054910193797247e-7	6.374262588231285e-6	4.454481202596245e-9	2.204267450087696
40.63232	6.792422735906813e-8	9.658176040056137e-8	6.123673265838061e-6	4.126330701099415e-9	2.277532301650442
41.94304	6.526317519402884e-8	9.279481065468438e-8	5.884204333830868e-6	3.8223547673865134e-9	2.3507971210676915
44.56448	6.036167506093527e-8	8.582198389170612e-8	5.44267991185152e-6	3.2883970074305587e-9	2.497326639412868
47.18592	5.584761147698741e-8	7.94021078628529e-8	5.03590140109621e-6	2.8292436439175027e-9	2.643856044550476
49.80736	5.16805482463011e-8	7.347658264847935e-8	4.6602798861935345e-6	2.434207105848631e-9	2.790385346480696
52.4288	4.782950214125326e-8	6.800086464230378e-8	4.313084364120375e-6	2.0943288711542423e-9	2.9369145522075644
55.05024	4.4268236428769744e-8	6.29374075959173e-8	3.9919824903759885e-6	1.8019070991446828e-9	3.0834436692902365
57.67168	4.0973728279751914e-8	5.825335250664534e-8	3.6949157405319154e-6	1.5503154701080579e-9	3.229972703955153
60.29312	3.792533519359898e-8	5.391928442730135e-8	3.4200319610233066e-6	1.3338528931999494e-9	3.3765016625551656
62.91456000000001	3.5104306717581834e-8	4.9908509659179435e-8	3.165645268826172e-6	1.147614324635723e-9	3.5230305505415127
65.536	3.249347935663793e-8	4.619660722463525e-8	2.9302105895139005e-6	9.873796156445046e-10	3.669559373301317
68.15744000000001	3.007707127500553e-8	4.276112924075345e-8	2.71230622212472e-6	8.495178811396201e-10	3.8160881355590983
70.77888	2.784053289447739e-8	3.958138443143615e-8	2.510620934601466e-6	7.309052189862448e-10	3.962616841905909
73.40032000000001	2.5770430087339936e-8	3.663826990218811e-8	2.323943731118905e-6	6.288539191156445e-10	4.109145496413593
76.02176	2.3854347466913364e-8	3.3914132501212004e-8	2.1511552907346665e-6	5.410515567212896e-10	4.255674103005827
78.64320000000001	2.2080804970825077e-8	3.1392649611633014e-8	1.991220530587923e-6	4.6550859050545084e-10	4.4022026651809725
81.26464	2.0439183938304173e-8	2.905872372424469e-8	1.8431819858468857e-6	4.0051327773265356e-10	4.548731186297776
83.88608	1.891966048388542e-8	2.6898387533117555e-8	1.706153826795022e-6	3.4459288483416753e-10	4.695259669356561
89.12896	1.6289832663480423e-8	2.3159739732718634e-8	1.4689585172264384e-6	2.57548054709817e-10	4.98831649954836
94.37184	1.4027376591652237e-8	1.9943143039904468e-8	1.2649398266643961e-6	1.9254960968345953e-10	5.281373211180088
99.61472	1.2079281700957348e-8	1.7173473313014514e-8	1.089268146210808e-6	1.4395662582231676e-10	5.574429822160319
104.8576	1.0401790315296638e-8	1.4788531276008234e-8	9.379981362401855e-7	1.0762702591945093e-10	5.867486345995059
110.10048	8.957297267930266e-9	1.2734851096845821e-8	8.077389474353836e-7	8.046584378905155e-11	6.16054279527589
115.34336	7.713429902449253e-9	1.096640712177952e-8	6.955713859197986e-7	6.015924085218318e-11	6.453599179937199
120.58624	6.642316170990601e-9	9.443572588814807e-9	5.98982082141587e-7	4.497733000957912e-11	6.746655509369428
125.82912000000002	5.719958052675418e-9	8.132228636332601e-9	5.158070016181184e-7	3.362679984436083e-11	7.039711790884647
131.072	4.925692550136705e-9	7.002997955634209e-9	4.4418284315817217e-7	2.5140733790442122e-11	7.332768031493303
136.31488000000002	4.241727847444332e-9	6.0305853168437784e-9	3.82505213578589e-7	1.8796236489115193e-11	7.625824236570087
141.55776	3.652744089587598e-9	5.193209974605979e-9	3.2939262896970975e-7	1.4052849339656721e-11	7.918880411354162
146.80064000000002	3.1455497471211138e-9	4.472117104124343e-9	2.836555279522216e-7	1.0506508504682737e-11	8.211936559790226
152.04352	2.7087858020049605e-9	3.851157228352407e-9	2.4426959693113397e-7	7.855122768071544e-12	8.504992685798275
157.28640000000001	2.33267108561042e-9	3.316424153882788e-9	2.1035280609557678e-7	5.872838661856148e-12	8.798048792268421
162.52928	2.008783032230825e-9	2.8559432592324173e-9	1.8114563889656705e-7	4.390800384108847e-12	9.091104882137484
167.77216	1.7298689165765615e-9	2.459403123787461e-9	1.5599407036539586e-7	3.282765384185569e-12	9.38416095751858
178.25792	1.3046618245284805e-9	1.8549165147703562e-9	1.1764346428069435e-7	1.897646534010422e-12	9.970273055394335
188.74368	9.845174556565192e-10	1.3997476876629818e-9	8.877578467722572e-8	1.0983035940949892e-12	10.556385117055223
199.22944	7.429523181233531e-10	1.056299752325541e-9	6.699343363448033e-8	6.356964133765303e-13	11.14249715382392
209.7152	5.606608772272351e-10	7.971250611700013e-10	5.05558713600046e-8	3.6794167259264906e-13	11.728609170335838
220.20096	4.2309780849028855e-10	6.015434044214734e-10	3.815154817014081e-8	2.1296557087216967e-13	12.314721173032824
230.68672	3.1928786139656514e-10	4.5395059099998574e-10	2.879080685003576e-8	1.232653469097485e-13	12.900833164203865
241.17248	2.409489707905648e-10	3.4257150794401177e-10	2.1726838567485097e-8	7.134668332843569e-14	13.486945147767825
251.65824000000003	1.8183133129123885e-10	2.5852042993960863e-10	1.6396086892213785e-8	4.129597830149523e-14	14.07305712477504
262.144	1.372186951693826e-10	1.9509198370063801e-10	1.237327901034748e-8	2.3902477033523783e-14	14.659169097643113
272.62976000000003	1.0355205740802443e-10	1.472261179440013e-10	9.337492774083066e-9	1.3835002337673261e-14	15.245281066782447
283.11552	7.814568832870463e-11	1.1110436966229774e-10	7.04655086958533e-9	8.007864867974439e-15	15.83139303370769
293.60128000000003	5.897285036898712e-11	8.384520463699635e-11	5.317698520998135e-9	4.635060438334555e-15	16.417504998513333
304.08704	4.450409750931886e-11	6.327411794187304e-11	4.0130226583826854e-9	2.6828428089832967e-15	17.00361696216419
314.57280000000003	3.35852537083103e-11	4.775014850627881e-11	3.028449011806581e-9	1.5528739625464647e-15	17.589728924610828
325.05856	2.53453329929075e-11	3.6034963558455745e-11	2.285439095836287e-9	8.988316072987322e-16	18.17584088647851
335.54432	1.9127053943609836e-11	2.7194066885296826e-11	1.7247245718928576e-9	5.202613984946016e-16	18.76195284766254
356.51584	1.148597165114746e-11	1.6331057534297037e-11	1.0355908703346455e-9	1.9372771558169174e-16	19.934176764104222
377.48736	6.913578303196511e-12	9.829888321201402e-12	6.233428850438951e-10	7.249372327756819e-17	21.106400679260634
398.45888	4.161882441508602e-12	5.917459814331133e-12	3.7524443760691357e-10	2.7133466983231548e-17	22.278624595502826
419.4304	2.5054131875192062e-12	3.5622538163001864e-12	2.258935466192668e-10	1.0155802243533985e-17	23.450848511373913
440.40192	1.508235724478469e-12	2.144444074626449e-12	1.3598584024146833e-10	3.801222849668322e-18	24.623072428010865
461.37344	9.079446394685843e-13	1.2909364691753574e-12	8.18622798326463e-11	1.4227631243839452e-18	25.79529634452346
482.34496	5.465751031019107e-13	7.771329907721932e-13	4.9280410056977184e-11	5.325276973987379e-19	26.967520261524506
503.31648000000007	3.2903393733469284e-13	4.678279820970693e-13	2.966642150791538e-11	1.993206357430869e-19	28.139744178486204
524.288	1.980760381177561e-13	2.8162904377345866e-13	1.7858970103800133e-11	7.460413146585453e-20	29.31196809574501
545.2595200000001	1.1924044828093392e-13	1.69538797963732e-13	1.0750980405719311e-11	2.7923773825154204e-20	30.48419201299282
566.23104	7.178202113640581e-14	1.0206132021338923e-13	6.472024507740305e-12	1.0451677769190474e-20	31.656415930416696
587.2025600000001	4.321238086126707e-14	6.144035191279251e-14	3.896123064099462e-12	3.911997951896185e-21	32.828639847838446
608.17408	2.6013640936792667e-14	3.6986789944033814e-14	2.3454469392442732e-12	1.4642389664487745e-21	34.00086376536295
629.1456000000001	1.5660099682644083e-14	2.226588808140752e-14	1.4119489437596158e-12	5.480574130068231e-22	35.17308768288775
650.11712	9.427321862914126e-15	1.3403981960818395e-14	8.499880203836241e-13	2.0513554421148317e-22	36.34531160047196
671.08864	5.67521834608934e-15	8.069155324740342e-15	5.116901350564667e-13	7.678149252014288e-23	37.517535518056896
713.03168	2.3715961016409084e-15	3.3723163684775606e-15	2.1377674959106222e-13	1.4289364885896683e-23	39.861983353017976
754.97472	1.000769482086804e-15	1.4230443463038127e-15	9.021197792607568e-14	2.713088740520203e-24	42.20643118797257
796.91776	4.2258627654899087e-16	6.008959151193338e-16	3.8093118499395185e-14	5.157888397710068e-25	44.55087902305865
838.8608	1.7844844545014945e-16	2.537444916836905e-16	1.6085846559165954e-14	9.80640701162006e-26	46.89532685814815
880.80384	7.535447629289879e-17	1.0715018394558049e-16	6.7926648075732494e-15	1.8644277033504104e-26	49.23977469328554
922.74688	3.182025953826708e-17	4.524677099520012e-17	2.868367708841739e-15	3.544686896508675e-27	51.58422252842417
964.68992	1.3436838622231784e-17	1.91064931361834e-17	1.2112343826132141e-15	6.73918879577792e-28	53.92867036358019
1006.6329600000001	5.674002087700825e-18	8.068139136057967e-18	5.114704702816314e-16	1.2812543611362014e-28	56.273118198736654
1048.576	2.3959683431580163e-18	3.40694379691467e-18	2.1597930293354372e-16	2.4359112672697005e-29	58.61756603389944
1090.5190400000001	1.0117471382553841e-18	1.4386524299836772e-18	9.120172051378635e-17	4.6311219003583694e-30	60.96201386906238
1132.46208	4.2723056391440226e-19	6.074999105595482e-19	3.8511758454816113e-17	8.80460340905711e-31	63.30646170422761
1174.4051200000001	1.8040648235815842e-19	2.565287513172795e-19	1.6262344685763185e-17	1.6739110371708975e-31	65.65090953939288
1216.34816	7.618009529939972e-20	1.0832418364015887e-19	6.8670865971079484e-18	3.182394735885813e-32	67.99535737455899
1258.2912000000001	3.21684751620259e-20	4.574192027268937e-20	2.8997561432838516e-18	6.0502721005811554e-33	70.33980520972511
1300.23424	1.3583730579258083e-20	1.9315367732425898e-20	1.22447536241913e-18	1.1502573377193988e-33	72.68425304489153
1342.17728	5.7359754829145844e-21	8.156262828215918e-21	5.170568172902159e-19	2.186826915704159e-34	75.02870088005798
1426.06336	1.3904770201237247e-21	1.977574795572778e-21	1.2527998065496165e-19	1.456782003781526e-35	79.7175965503907
1509.94944	3.512413226117206e-22	4.995344190472962e-22	3.164841470268345e-20	1.054885903381766e-36	84.40649222072341
1593.83552	8.9143905694371e-23	1.2677965049285115e-22	8.032340627978503e-21	7.710020204238639e-38	89.0953878910563
1677.7216	2.2635984542954245e-23	3.21926810282005e-23	2.0396243904505614e-21	5.640808997588477e-39	93.7842835613892
1761.60768	5.7481745801992666e-24	8.17499888273842e-24	5.179415857591773e-22	4.12735958068788e-40	98.47317923172213
1845.49376	1.4596951856823568e-24	2.0759645399080727e-24	1.3152642061515875e-22	3.019996971757991e-41	103.16207490205504
1929.37984	3.7067555402076525e-25	5.271712343084441e-25	3.339986887268464e-23	2.2097330398893108e-42	107.85097057238798
2013.2659200000003	9.412936434443125e-26	1.3386988450018097e-25	8.481563804655395e-24	1.6168582620942401e-43	112.53986624272089
2097.152	2.390318447558285e-26	3.399488132517894e-26	2.153805901303703e-24	1.1830497838171157e-44	117.22876191305382
2181.0380800000003	6.0699610672260744e-27	8.632640887576876e-27	5.46936235556225e-25	8.65631625857876e-46	121.91765758338674
2264.92416	1.5414008448625248e-27	2.192165633672226e-27	1.3888852863933504e-25	6.333770337374836e-47	126.60655325371967
2348.8102400000002	3.914216635017917e-28	5.566761737661575e-28	3.5269202201764326e-26	4.6343697063497944e-48	131.2954489240526
2432.69632	9.939710407270614e-29	1.4136161861849877e-28	8.956214837445797e-27	3.3909256414715397e-49	135.98434459438553
2516.5824000000002	2.52407489895721e-29	3.589715400627805e-29	2.274327502814914e-27	2.481104929726763e-50	140.67324026471846
2600.46848	6.409592230995962e-30	9.115661376056473e-30	5.775387929296598e-28	1.8153957660603205e-51	145.36213593505138
2684.35456	1.6276395818862e-30	2.314813612274161e-30	1.4665909376793965e-28	1.3283021275347149e-52	150.0510316053843
2852.12672	1.6139189837464464e-31	2.2960581055449616e-31	1.4529710393776645e-29	1.667057137444581e-54	159.42882294605013
3019.89888	1.9134007000307726e-32	2.7220789246422063e-32	1.722728637425798e-30	2.995958818861959e-56	168.80661428671596
3187.67104	2.3839209278647193e-33	3.391415587804246e-33	2.146434402503754e-31	5.9456593882922714e-58	178.18440562738178
3355.4432	3.005588423733366e-34	4.275803766426879e-34	2.7061898438462064e-32	1.2082141531222677e-59	187.5621969680476
3523.21536	3.7997053840872725e-35	5.405526636599425e-35	3.4212067784843806e-33	2.468588298472144e-61	196.93998830871342
3690.98752	4.80661469956726e-36	6.837972642346584e-36	4.327816668121231e-34	5.049988092445097e-63	206.31777964937925
3858.75968	6.081203763981398e-37	8.651224785931719e-37	5.475441339079085e-35	1.0333644927908033e-64	215.6955709900451
4026.5318400000006	7.694021522845697e-38	1.0945646979234881e-37	6.927602746494806e-36	2.1146761099650432e-66	225.07336233071092
4194.304	9.734645164472478e-39	1.3848673199002928e-38	8.764955249072665e-37	4.3275286365973644e-68	234.45115367137674
4362.0761600000005	1.2316500642931097e-39	1.7521665136389503e-39	1.1089626226980057e-37	8.855987615266851e-70	243.82894501204257
4529.84832	1.5583122855132704e-40	2.2168817996546065e-40	1.4030852749482725e-38	1.812316138425314e-71	253.2067363527084
4697.6204800000005	1.9716122438083333e-41	2.8048494190979493e-41	1.775215480449961e-39	3.708776130699264e-73	262.58452769337424
4865.39264	2.49452788136406e-42	3.548758187356514e-42	2.246042295863159e-40	7.58974125332457e-75	271.9623190340401
5033.1648000000005	3.1561313920469296e-43	4.489966707033296e-43	2.841741967019787e-41	1.553184457241664e-76	281.3401103747059
5200.93696	3.9932054877792584e-44	5.680802696247299e-44	3.595433195339978e-42	3.1784753398208045e-78	290.7179017153717
5368.70912	5.052288360658158e-45	7.187472186884831e-45	4.5490183965829076e-43	6.5045076741849144e-80	300.09569305603753
5704.25344	-1.1372414682266708e-46	-1.6240732888506959e-46	-1.0151167059607879e-44	5.165459451765534e-83	318.8512757373692
6039.79776	-1.666026206113741e-47	-2.3724175187142347e-47	-1.496773417503918e-45	1.7894401500119248e-84	337.6068584187008
6375.34208	-1.0854408487813019e-48	-1.5449505045679543e-48	-9.761082446010489e-47	1.2125963959611151e-86	356.36244110003247
6710.8864	-5.596034758368213e-50	-7.963483611160179e-50	-5.0345456318772884e-48	5.139912064872831e-89	375.1180237813641
7046.43072	-2.5238102480570604e-51	-3.5910418526661483e-51	-2.271255425346473e-49	1.6667938184670366e-91	393.87360646269576
7381.97504	-1.026511702442509e-52	-1.4604145876995717e-52	-9.240294205569246e-51	4.3957837920291896e-94	412.6291891440274
7717.51936	-3.780135692786848e-54	-5.377306646572693e-54	-3.4036832228532105e-52	9.503373377035786e-97	431.384771825359
8053.063680000001	-1.2371836998359045e-55	-1.759620632973524e-55	-1.1143828996083367e-53	1.6231669917802162e-99	450.14035450669064
8388.608	-3.3786156451230634e-57	-4.803902375807511e-57	-3.0452410042180896e-55	1.9313121007811957e-102	468.8959371880223
8724.152320000001	-5.959986560322913e-59	-8.46587493976532e-59	-5.383470409523612e-57	9.61719858526606e-106	487.65151986935393
9059.69664	8.559590378336066e-61	1.2234082310645109e-60	7.6270539240826955e-59	3.0757593773145187e-109	506.4071025506856
9395.240960000001	1.601090364541366e-61	2.280019366025963e-61	1.438265794127816e-59	1.742736897711672e-110	525.1626852320172
9730.78528	1.0807933939797236e-62	1.5383793699266447e-62	9.718705187821292e-61	1.2679003992832621e-112	543.9182679133488
10066.329600000001	5.6641072205720085e-64	8.060485260009152e-64	5.095613195935851e-62	5.553618321158901e-115	562.6738505946804
10401.87392	2.582976061283511e-65	3.675270847821448e-65	2.3244395835597567e-63	1.8413419460095232e-117	581.429433276012
10737.41824	1.060639972873383e-66	1.5089860335325114e-66	9.547265497795835e-65	4.949607042458557e-120	600.1850159573436
11408.50688	-2.77732705066992e-67	-3.972015844083376e-67	-2.4691854289160795e-65	7.762909525492347e-121	637.6961813200069
12079.59552	-9.683626074324025e-69	-1.3806459801656204e-68	-8.674131165234843e-67	2.238639211674586e-123	675.20734668267
12750.68416	-1.6062447097906643e-70	-2.283294103373118e-70	-1.4482782907798369e-68	1.4581034251664208e-126	712.7185120453332
13421.7728	2.3247408215409947e-73	3.524968946429544e-73	1.779313493480325e-71	5.1420788698184626e-132	750.2296774079965
14092.86144	9.926861244160629e-74	1.4183759797999418e-73	8.84612945537687e-72	2.9695439618359685e-132	787.7408427706598
14763.95008	3.1364244577599726e-75	4.469847223021019e-75	2.8116230269180928e-73	7.008849666576221e-135	825.2520081333231
15435.03872	4.666770543373462e-77	6.6299410222259e-77	4.213564086897945e-75	3.677741100835745e-138	862.7631734959864
16106.127360000002	-2.5203821645494404e-79	-3.6606201054288937e-79	-2.160337312130234e-77	2.2587827515252294e-142	900.2743388586497
16777.216	-3.491653956569909e-80	-4.986829092284705e-80	-3.1146039704754157e-78	1.0969488549770166e-143	937.785504221313
17448.304640000002	-1.0060823901161954e-81	-1.4334232622185846e-81	-9.024516304317003e-80	2.1516813966189654e-146	975.2966695839763
18119.39328	-1.3216659708268034e-83	-1.8761694895470473e-83	-1.1954498030390586e-81	8.821494559154913e-150	1012.8078349466394
18790.481920000002	1.385785977300213e-85	1.99707764179805e-85	1.2103733069614024e-83	2.112844521039126e-153	1050.3190003093027
19461.57056	1.210157070657573e-86	1.7277190841733258e-86	1.0804053911503575e-84	3.933251653232957e-155	1087.830165671966
20132.659200000002	3.194773140411482e-88	4.550501328271982e-88	2.8675356707102853e-86	6.473591494511542e-158	1125.341331034629
20803.74784	3.6185841219338443e-90	5.13122106321844e-90	3.2809960709401874e-88	1.980105986997426e-161	1162.8524963972923
21474.83648	-6.304935505347736e-92	-9.05602638721426e-92	-5.550257914910568e-90	1.3238925240504296e-164	1200.3636617599557
22817.01376	-4.700500630137834e-92	-6.786818972460463e-92	-4.081296881590681e-90	3.1240565607192837e-164	1275.3859924852823
24159.19104	-5.602928778465918e-94	-8.009921885718437e-94	-4.988184138568977e-92	2.0084525712997108e-167	1350.4083232106088
25501.36832	4.618522186533142e-97	7.602996481952956e-97	2.7362911104670955e-95	2.5989799434286556e-173	1425.4306539359354
26843.5456	9.462829283277785e-98	1.3637346095298542e-97	8.26329752158351e-96	1.0192162430020686e-173	1500.452984661262
28185.72288	1.1042020132821728e-99	1.5764350186347989e-99	9.846355244058987e-98	6.222868099916549e-177	1575.4753153865886
29527.90016	-1.291397142575686e-102	-2.0442084779843476e-102	-8.745677256467987e-101	2.111088581668937e-182	1650.4976461119152
30870.07744	-1.9145644538525532e-103	-2.7583326769178603e-103	-1.6727737109926216e-101	3.321038560004935e-183	1725.5199768372418
32212.254720000004	-2.176936226355767e-105	-3.1071848335430453e-105	-1.9423079070691705e-103	1.9253764267019902e-186	1800.5423075625683
33554.432	3.325442216661533e-108	5.15368969351973e-108	2.4040934015443397e-106	1.2684172267955192e-191	1875.5646382878947
34896.609280000004	3.871516337877429e-109	5.576561169199258e-109	3.3842082379704107e-107	1.0808205171691949e-192	1950.586969013221
36238.78656	4.288637214288902e-111	6.119616493816193e-111	3.828685250508676e-109	5.948654134694396e-196	2025.6092997385476
37580.963840000004	-8.135773653057047e-114	-1.2437575869406579e-113	-6.118135790066281e-112	6.531870667145887e-201	2100.6316304638744
38923.14112	-7.824160273542598e-115	-1.1267645783280648e-114	-6.842558660007753e-113	3.513309230895586e-202	2175.653961189201
40265.318400000004	-8.442356521747702e-117	-1.2043367217893127e-116	-7.541548332457028e-115	1.8351869851277514e-205	2250.6762919145276
41607.49568	1.9238763688092126e-119	2.9131107225817165e-119	1.4854950500909608e-117	3.061834174417001e-210	2325.698622639854
42949.67296	1.5803194749941827e-120	2.2753699787373718e-120	1.3826958430587642e-118	1.1407028518663175e-211	2400.720953365181
45634.02752	2.3640945759996944e-121	3.5286381176287744e-121	1.878772772924716e-119	2.327816125830635e-212	2550.765614815834
48318.38208	8.128666520034324e-124	1.1690047399616968e-123	7.152563073332612e-122	3.5208982290409544e-216	2700.810276266487
51002.73664	-4.385434738734862e-126	-6.719123937657233e-126	-3.342943090487794e-124	7.982657542452734e-220	2850.8549377171403
53687.0912	-4.4526385210667894e-128	-6.522775980756183e-128	-3.7399157214352095e-126	1.0364569323136099e-222	3000.8995991677934
56371.44576	-3.508721967848394e-131	-4.199327334316831e-131	-4.0246324839806036e-129	1.2450808328373905e-227	3150.9442606184466
59055.80032	1.3408447935886487e-132	1.9991167749702885e-132	1.0836607192045313e-130	9.363695699057837e-230	3300.9889220690998
61740.15488	6.610977208424541e-135	9.515644298224427e-135	5.737409765114332e-133	2.72274973376046e-233	3451.033583519753
64424.50944000001	-1.7883877098759837e-137	-2.8026510346266974e-137	-1.285772590891992e-135	1.4184683726011917e-237	3601.078244970406
67108.864	-2.929634440808555e-139	-4.3097045493641584e-139	-2.4344279051998993e-137	5.274733293085466e-240	3751.1229064210593
69793.21856000001	-5.920848054740755e-142	-8.138362276350198e-142	-5.587737940845962e-140	2.882664303778594e-244	3901.1675678717124
72477.57312	7.365989866586203e-144	1.106787204739169e-143	5.850028331917568e-142	3.277579913074521e-247	4051.2122293223656
75161.92768000001	4.961867482633825e-146	7.202836305074252e-146	4.2358911428007306e-144	1.7825522646376734e-250	4201.256890773019
77846.28224	-4.432246806196332e-149	-7.68474174152038e-149	-2.3226466333833747e-147	5.559481813210802e-256	4351.301552223672
80530.63680000001	-1.834100965607749e-150	-2.713186683465037e-150	-1.5064853510031282e-148	2.4261251348727712e-257	4501.346213674325
83214.99136	-5.961785903945428e-153	-8.443149983175668e-153	-5.3362579792503654e-151	3.157710752022506e-261	4651.390875124977
85899.34592	3.6967772122500324e-155	5.621210867224082e-155	2.858213602527565e-153	9.397307003569589e-265	4801.435536575631
91268.05504	7.421959376350765e-156	1.2740904873370056e-155	3.75499664754238e-154	7.457726911024136e-265	5101.524859476937
96636.76416	4.774397550956815e-159	7.108945125787535e-159	3.9952577710069134e-157	3.034196047025441e-269	5401.614182378244
102005.47328	-2.8515119159854925e-161	-5.365952261511393e-161	-1.4152240156084625e-159	1.3014232940601949e-272	5701.70350527955
107374.1824	-5.027229069399014e-164	-7.88837776270571e-164	-3.64220929084107e-162	2.919234910641411e-276	6001.792828180856
112742.89152	8.241656358691312e-167	1.7811319317595028e-166	3.1608568513208396e-165	7.433298880667184e-281	6301.882151082163
118111.60064	3.3987939087170786e-169	5.600830257841932e-169	2.2325388250342208e-167	1.2533381772177305e-283	6601.971473983469
123480.30976	-2.6913081989599914e-173	-2.6368114819034995e-172	8.969367506483766e-171	6.837033444733207e-289	6902.060796884775
128849.01888000002	-1.7580845424384673e-174	-3.0598558664452285e-174	-1.0482024842534544e-172	3.155758978084776e-291	7202.150119786082
134217.728	-1.8722309264825513e-177	-2.146479154033978e-177	-1.647181032347463e-175	2.6336902994863553e-295	7502.239442687388
139586.43712000002	6.894460596541721e-180	1.3014481322859217e-179	3.535040240608122e-178	4.0995784088876143e-299	7802.328765588694
144955.14624	1.7476572182259795e-182	2.586417995097312e-182	1.2479515359749477e-180	1.726689789980727e-302	8102.418088490001
150323.85536000002	-1.566355801078613e-185	-3.696167126365665e-185	-4.0916976216768194e-184	6.273275309473718e-308	8402.507411391307
155692.56448	-1.0777498055265656e-187	-1.7517537287514875e-187	-6.888963725570587e-186	6.00984791673307e-310	8702.596734292612
161061.27360000001	-4.135424208718696e-191	-9.829530593784714e-192	-5.683042171134459e-189	1.382247603e-314	9002.68605719392
166429.98272	5.083356321495504e-193	8.913119771915183e-193	2.904804301596284e-191	1.2204676e-317	9302.775380095225
171798.69184	7.880374268906573e-196	1.0638234509981394e-195	6.211213460264853e-194	1.887e-321	9602.86470299653
182536.11008	3.9252822403453623e-197	1.5330901682647034e-197	1.7681381744067908e-196	1.1e-322	10203.043348799143
193273.52832	-6.429892311582323e-202	-1.944267026474199e-201	-7.188002132735629e-200	0.0	10803.221994601754
204010.94656	-3.262191790972172e-203	-1.5679430930150384e-203	2.555920794404272e-202	0.0	11403.400640404367
214748.3648	1.6259983324220177e-207	4.489710220406322e-207	1.527254519776215e-205	0.0	12003.57928620698
225485.78304	2.8152465230565696e-209	1.831453116403834e-209	-1.2117620673478886e-208	0.0	12603.757932009592
236223.20128	-2.1139942678894272e-213	-6.946580913068666e-213	-1.1041160818299956e-211	0.0	13203.936577812205
246960.61952	-2.5103209302593676e-215	-2.3114713405980915e-215	3.1747343678530645e-215	0.0	13804.115223614817
257698.03776000004	2.0288555654855306e-219	9.094725099314078e-219	5.836184065993958e-218	0.0	14404.29386941743
268435.456	2.2683258211192893e-221	2.976146685253694e-221	-5.104572844045397e-223	0.0	15004.472515220043
279172.87424000003	-1.6406265753655888e-225	-1.1122649006974403e-224	-2.5911807749124528e-224	0.0	15604.651161022655
289910.29248	-2.0555751076693842e-227	-3.838194855754849e-227	-5.819378461043475e-228	0.0	16204.829806825268
300647.71072000003	1.1586527790966481e-231	1.320470389661234e-230	9.937962673784632e-231	0.0	16805.00845262788
311385.12896	1.8613360309181332e-233	4.941468202521126e-233	4.838698009675233e-234	0.0	17405.18709843049
322122.54720000003	-6.90803705456641e-238	-1.5430587474610448e-236	-3.185336404843482e-237	0.0	18005.365744233102
332859.96544	-1.6828904955611411e-239	-6.3515893665399e-239	-2.8356234747788856e-240	0.0	18605.544390035713
343597.38368	2.795676892667876e-244	1.7816312182270456e-242	7.20461855006427e-244	0.0	19205.723035838324
365072.22016	3.09477118055655e-244	9.836541097406767e-243	-1.7913099705637058e-244	0.0	20406.08032744355
386547.05664	2.871697782037763e-249	1.33227550226914e-247	-1.8924211187123602e-248	0.0	21606.437619048775
408021.89312	-1.3930494511597533e-250	-6.269877751455691e-249	1.726106946363125e-251	0.0	22806.794910654
429496.7296	-2.734150704089436e-255	-1.773048110204323e-253	8.925628409301507e-256	0.0	24007.152202259225
450971.56608	6.277938792907453e-257	3.995276193379533e-255	4.359995001125513e-259	0.0	25207.50949386445
472446.40256	1.8891630873195088e-261	1.7192011416442805e-259	2.3125922040384494e-262	0.0	26407.866785469676
493921.23904	-2.828388763124565e-263	-2.544988329037183e-261	-6.304011706182506e-266	0.0	27608.2240770749
515396.0755200001	-1.1464583066592659e-267	-1.4711659608882446e-265	-1.2567041646849372e-269	0.0	28808.581368680127
536870.912	1.2739308494185333e-269	1.6206013052122974e-267	-3.6444721813945016e-274	0.0	30008.938660285352
558345.7484800001	6.495445417822201e-274	1.1768214871552478e-271	-1.2935215895440348e-276	0.0	31209.295951890577
579820.58496	-5.736509428907963e-276	-1.0316152202404772e-273	9.573202838878479e-281	0.0	32409.653243495803
601295.4214400001	-3.525884823121497e-280	-9.02364608362299e-278	9.52406013127061e-284	0.0	33610.01053510103
622770.25792	2.582524064715559e-282	6.564625614167762e-280	2.2340813852660213e-289	0.0	34810.36782670626
644245.0944000001	1.858589040267259e-286	6.720918903215183e-284	4.7610926188712525e-291	0.0	36010.72511831148
665719.93088	-1.1623461268524744e-288	-4.1759207116937516e-286	6.560305230781221e-295	0.0	37211.08240991671
687194.76736	-9.58986191699719e-293	-4.900704211539684e-290	-4.925187090548106e-298	0.0	38411.43970152193
730144.44032	-4.189619370682426e-293	-2.142791291783458e-290	7.667710725065887e-299	0.0	40812.15428473238
773094.11328	-1.965908961537782e-298	-1.4222178089535897e-295	2.0230300707781176e-303	0.0	43212.86886794283
816043.78624	9.443076526696888e-300	6.830573478435822e-297	-3.5490564542438653e-307	0.0	45613.58345115328
858993.4592	9.349726898754935e-305	9.565957424457843e-302	5.489749771529e-311	0.0	48014.29803436373
901943.13216	-2.1281398953605642e-306	-2.1770104650126385e-303	-2.709002879e-314	0.0	50415.01261757418
944892.80512	-3.2159840271353e-311	-4.653475520915633e-308	-7.00165e-319	0.0	52815.72720078463
987842.47808	4.795507085e-313	6.9372903632146e-310	-2.7e-322	0.0	55216.441783995084
1.0307921510400001e6	9.74701e-318	1.994642568e-314	0.0	0.0	57617.156367205534
1.073741824e6	-1.08047e-319	-2.2102691e-316	0.0	0.0	60017.870950415985
1.1166914969600001e6	-5.0e-324	-7.99e-321	0.0	0.0	62418.585533626436
1.15964116992e6	0.0	7.0e-323	0.0	0.0	64819.30011683689
1.2025908428800001e6	0.0	0.0	0.0	0.0	67220.01470004734
1.24554051584e6	0.0	0.0	0.0	0.0	69620.72928325778
1.2884901888000001e6	0.0	0.0	0.0	0.0	72021.44386646822
1.33143986176e6	0.0	0.0	0.0	0.0	74422.15844967867
1.37438953472e6	0.0	0.0	0.0	0.0	76822.87303288911
1.46028888064e6	0.0	0.0	0.0	0.0	81624.30219931001
1.54618822656e6	0.0	0.0	0.0	0.0	86425.73136573091
1.63208757248e6	0.0	0.0	0.0	0.0	91227.16053215181
1.7179869184e6	0.0	0.0	0.0	0.0	96028.58969857272
1.80388626432e6	0.0	0.0	0.0	0.0	100830.01886499362
1.88978561024e6	0.0	0.0	0.0	0.0	105631.44803141453
1.97568495616e6	0.0	0.0	0.0	0.0	110432.87719783545
2.0615843020800003e6	0.0	0.0	0.0	0.0	115234.30636425635
2.147483648e6	0.0	0.0	0.0	0.0	120035.73553067725
2.2333829939200003e6	0.0	0.0	0.0	0.0	124837.16469709815
2.31928233984e6	0.0	0.0	0.0	0.0	129638.59386351905
2.4051816857600003e6	0.0	0.0	0.0	0.0	134440.02302993994
2.49108103168e6	0.0	0.0	0.0	0.0	139241.45219636086
2.5769803776000002e6	0.0	0.0	0.0	0.0	144042.88136278174
2.66287972352e6	0.0	0.0	0.0	0.0	148844.31052920266
2.74877906944e6	0.0	0.0	0.0	0.0	153645.73969562355
2.92057776128e6	0.0	0.0	0.0	0.0	163248.59802846535
3.09237645312e6	0.0	0.0	0.0	0.0	172851.45636130712
3.26417514496e6	0.0	0.0	0.0	0.0	182454.3146941489
3.4359738368e6	0.0	0.0	0.0	0.0	192057.1730269907
3.60777252864e6	0.0	0.0	0.0	0.0	201660.0313598325
3.77957122048e6	0.0	0.0	0.0	0.0	211262.8896926743
3.95136991232e6	0.0	0.0	0.0	0.0	220865.7480255161
4.1231686041600006e6	0.0	0.0	0.0	0.0	230468.6063583579
4.294967296e6	0.0	0.0	0.0	0.0	240071.4646911997
4.466765987840001e6	0.0	0.0	0.0	0.0	249674.3230240415
4.63856467968e6	0.0	0.0	0.0	0.0	259277.18135688332
4.8103633715200005e6	0.0	0.0	0.0	0.0	268880.0396897251
4.98216206336e6	0.0	0.0	0.0	0.0	278482.89802256686
5.1539607552000005e6	0.0	0.0	0.0	0.0	288085.75635540864
5.32575944704e6	0.0	0.0	0.0	0.0	297688.6146882504
5.49755813888e6	0.0	0.0	0.0	0.0	307291.4730210922
5.84115552256e6	0.0	0.0	0.0	0.0	326497.1896867758
6.18475290624e6	0.0	0.0	0.0	0.0	345702.9063524594
6.52835028992e6	0.0	0.0	0.0	0.0	364908.623018143
6.8719476736e6	0.0	0.0	0.0	0.0	384114.3396838266
7.21554505728e6	0.0	0.0	0.0	0.0	403320.0563495102
7.55914244096e6	0.0	0.0	0.0	0.0	422525.7730151938
7.90273982464e6	0.0	0.0	0.0	0.0	441731.4896808774
8.246337208320001e6	0.0	0.0	0.0	0.0	460937.206346561
8.589934592e6	0.0	0.0	0.0	0.0	480142.92301224463
8.933531975680001e6	0.0	0.0	0.0	0.0	499348.63967792824
9.27712935936e6	0.0	0.0	0.0	0.0	518554.35634361184
9.620726743040001e6	0.0	0.0	0.0	0.0	537760.0730092954
9.96432412672e6	0.0	0.0	0.0	0.0	556965.7896749789
1.0307921510400001e7	0.0	0.0	0.0	0.0	576171.5063406625
1.065151889408e7	0.0	0.0	0.0	0.0	595377.223006346
1.099511627776e7	0.0	0.0	0.0	0.0	614582.9396720297
1.168231104512e7	0.0	0.0	0.0	0.0	652994.3730033969
1.236950581248e7	0.0	0.0	0.0	0.0	691405.8063347641
1.305670057984e7	0.0	0.0	0.0	0.0	729817.2396661313
1.37438953472e7	0.0	0.0	0.0	0.0	768228.6729974985
1.443109011456e7	0.0	0.0	0.0	0.0	806640.1063288657
1.511828488192e7	0.0	0.0	0.0	0.0	845051.539660233
1.580547964928e7	0.0	0.0	0.0	0.0	883462.9729916002
1.6492674416640002e7	0.0	0.0	0.0	0.0	921874.4063229674
1.7179869184e7	0.0	0.0	0.0	0.0	960285.8396543346
1.7867063951360002e7	0.0	0.0	0.0	0.0	998697.2729857018
1.855425871872e7	0.0	0.0	0.0	0.0	1.037108706317069e6
1.9241453486080002e7	0.0	0.0	0.0	0.0	1.075520139648436e6
1.992864825344e7	0.0	0.0	0.0	0.0	1.1139315729798032e6
2.0615843020800002e7	0.0	0.0	0.0	0.0	1.1523430063111705e6
2.130303778816e7	0.0	0.0	0.0	0.0	1.1907544396425376e6
2.199023255552e7	0.0	0.0	0.0	0.0	1.2291658729739047e6
2.336462209024e7	0.0	0.0	0.0	0.0	1.3059887396366391e6
2.473901162496e7	0.0	0.0	0.0	0.0	1.3828116062993736e6
2.611340115968e7	0.0	0.0	0.0	0.0	1.459634472962108e6
2.74877906944e7	0.0	0.0	0.0	0.0	1.5364573396248424e6
2.886218022912e7	0.0	0.0	0.0	0.0	1.6132802062875768e6
3.023656976384e7	0.0	0.0	0.0	0.0	1.6901030729503112e6
3.161095929856e7	0.0	0.0	0.0	0.0	1.7669259396130457e6
3.2985348833280005e7	0.0	0.0	0.0	0.0	1.84374880627578e6
3.4359738368e7	0.0	0.0	0.0	0.0	1.9205716729385145e6
3.5734127902720004e7	0.0	0.0	0.0	0.0	1.997394539601249e6
3.710851743744e7	0.0	0.0	0.0	0.0	2.0742174062639833e6
3.8482906972160004e7	0.0	0.0	0.0	0.0	2.1510402729267175e6
3.985729650688e7	0.0	0.0	0.0	0.0	2.227863139589452e6
4.1231686041600004e7	0.0	0.0	0.0	0.0	2.3046860062521864e6
4.260607557632e7	0.0	0.0	0.0	0.0	2.381508872914921e6
4.398046511104e7	0.0	0.0	0.0	0.0	2.458331739577655e6
4.672924418048e7	0.0	0.0	0.0	0.0	2.611977472903124e6
4.947802324992e7	0.0	0.0	0.0	0.0	2.765623206228593e6
5.222680231936e7	0.0	0.0	0.0	0.0	2.9192689395540617e6
5.49755813888e7	0.0	0.0	0.0	0.0	3.0729146728795306e6
5.772436045824e7	0.0	0.0	0.0	0.0	3.2265604062049994e6
6.047313952768e7	0.0	0.0	0.0	0.0	3.3802061395304683e6
6.322191859712e7	0.0	0.0	0.0	0.0	3.533851872855937e6
6.597069766656001e7	0.0	0.0	0.0	0.0	3.687497606181406e6
6.8719476736e7	0.0	0.0	0.0	0.0	3.841143339506875e6
7.146825580544001e7	0.0	0.0	0.0	0.0	3.9947890728323436e6
7.421703487488e7	0.0	0.0	0.0	0.0	4.1484348061578125e6
7.696581394432001e7	0.0	0.0	0.0	0.0	4.302080539483282e6
7.971459301376e7	0.0	0.0	0.0	0.0	4.455726272808751e6
8.246337208320001e7	0.0	0.0	0.0	0.0	4.6093720061342195e6
8.521215115264e7	0.0	0.0	0.0	0.0	4.763017739459689e6
8.796093022208e7	0.0	0.0	0.0	0.0	4.916663472785158e6
9.345848836096e7	0.0	0.0	0.0	0.0	5.223954939436096e6
9.895604649984e7	0.0	0.0	0.0	0.0	5.531246406087033e6
1.0445360463872e8	0.0	0.0	0.0	0.0	5.838537872737971e6
1.099511627776e8	0.0	0.0	0.0	0.0	6.145829339388909e6
1.1544872091648e8	0.0	0.0	0.0	0.0	6.4531208060398465e6
1.2094627905536e8	0.0	0.0	0.0	0.0	6.760412272690784e6
1.2644383719424e8	0.0	0.0	0.0	0.0	7.067703739341722e6
1.3194139533312002e8	0.0	0.0	0.0	0.0	7.37499520599266e6
1.37438953472e8	0.0	0.0	0.0	0.0	7.682286672643597e6
1.4293651161088002e8	0.0	0.0	0.0	0.0	7.989578139294535e6
1.4843406974976e8	0.0	0.0	0.0	0.0	8.296869605945473e6
1.5393162788864002e8	0.0	0.0	0.0	0.0	8.60416107259641e6
1.5942918602752e8	0.0	0.0	0.0	0.0	8.911452539247347e6
1.6492674416640002e8	0.0	0.0	0.0	0.0	9.218744005898284e6
1.7042430230528e8	0.0	0.0	0.0	0.0	9.52603547254922e6
1.7592186044416e8	0.0	0.0	0.0	0.0	9.833326939200157e6
1.8691697672192e8	0.0	0.0	0.0	0.0	1.0447909872502033e7
1.9791209299968e8	0.0	0.0	0.0	0.0	1.1062492805803908e7
2.0890720927744e8	0.0	0.0	0.0	0.0	1.1677075739105783e7
2.199023255552e8	0.0	0.0	0.0	0.0	1.2291658672407659e7
2.3089744183296e8	0.0	0.0	0.0	0.0	1.2906241605709534e7
2.4189255811072e8	0.0	0.0	0.0	0.0	1.352082453901141e7
2.5288767438848e8	0.0	0.0	0.0	0.0	1.4135407472313285e7
2.6388279066624004e8	0.0	0.0	0.0	0.0	1.474999040561516e7
2.74877906944e8	0.0	0.0	0.0	0.0	1.5364573338917036e7
2.8587302322176003e8	0.0	0.0	0.0	0.0	1.5979156272218911e7
2.9686813949952e8	0.0	0.0	0.0	0.0	1.6593739205520786e7
3.0786325577728003e8	0.0	0.0	0.0	0.0	1.720832213882266e7
3.1885837205504e8	0.0	0.0	0.0	0.0	1.7822905072124533e7
3.2985348833280003e8	0.0	0.0	0.0	0.0	1.8437488005426407e7
3.4084860461056e8	0.0	0.0	0.0	0.0	1.905207093872828e7
3.5184372088832e8	0.0	0.0	0.0	0.0	1.9666653872030154e7
3.7383395344384e8	0.0	0.0	0.0	0.0	2.0895819738633905e7
3.9582418599936e8	0.0	0.0	0.0	0.0	2.2124985605237655e7
4.1781441855488e8	0.0	0.0	0.0	0.0	2.3354151471841406e7
4.398046511104e8	0.0	0.0	0.0	0.0	2.4583317338445157e7
4.6179488366592e8	0.0	0.0	0.0	0.0	2.5812483205048908e7
4.8378511622144e8	0.0	0.0	0.0	0.0	2.704164907165266e7
5.0577534877696e8	0.0	0.0	0.0	0.0	2.827081493825641e7
5.277655813324801e8	0.0	0.0	0.0	0.0	2.949998080486016e7
5.49755813888e8	0.0	0.0	0.0	0.0	3.072914667146391e7
5.717460464435201e8	0.0	0.0	0.0	0.0	3.195831253806766e7
5.9373627899904e8	0.0	0.0	0.0	0.0	3.3187478404671412e7
6.157265115545601e8	0.0	0.0	0.0	0.0	3.441664427127516e7
6.3771674411008e8	0.0	0.0	0.0	0.0	3.564581013787891e7
6.597069766656001e8	0.0	0.0	0.0	0.0	3.687497600448266e7
6.8169720922112e8	0.0	0.0	0.0	0.0	3.8104141871086404e7
7.0368744177664e8	0.0	0.0	0.0	0.0	3.933330773769015e7
7.4766790688768e8	0.0	0.0	0.0	0.0	4.179163947089765e7
7.9164837199872e8	0.0	0.0	0.0	0.0	4.4249971204105146e7
8.3562883710976e8	0.0	0.0	0.0	0.0	4.670830293731265e7
8.796093022208e8	0.0	0.0	0.0	0.0	4.916663467052015e7
9.2358976733184e8	0.0	0.0	0.0	0.0	5.162496640372765e7
9.6757023244288e8	0.0	0.0	0.0	0.0	5.408329813693515e7
1.01155069755392e9	0.0	0.0	0.0	0.0	5.654162987014265e7
1.0555311626649601e9	0.0	0.0	0.0	0.0	5.8999961603350155e7
1.099511627776e9	0.0	0.0	0.0	0.0	6.145829333655766e7
1.1434920928870401e9	0.0	0.0	0.0	0.0	6.391662506976516e7
1.18747255799808e9	0.0	0.0	0.0	0.0	6.637495680297266e7
1.2314530231091201e9	0.0	0.0	0.0	0.0	6.883328853618015e7
1.27543348822016e9	0.0	0.0	0.0	0.0	7.129162026938765e7
1.3194139533312001e9	0.0	0.0	0.0	0.0	7.374995200259514e7
1.36339441844224e9	0.0	0.0	0.0	0.0	7.620828373580264e7
1.40737488355328e9	0.0	0.0	0.0	0.0	7.866661546901014e7
1.49533581377536e9	0.0	0.0	0.0	0.0	8.358327893542515e7
1.58329674399744e9	0.0	0.0	0.0	0.0	8.849994240184017e7
1.67125767421952e9	0.0	0.0	0.0	0.0	9.341660586825517e7
1.7592186044416e9	0.0	0.0	0.0	0.0	9.833326933467017e7
1.84717953466368e9	0.0	0.0	0.0	0.0	1.0324993280108517e8
1.93514046488576e9	0.0	0.0	0.0	0.0	1.0816659626750018e8
2.02310139510784e9	0.0	0.0	0.0	0.0	1.1308325973391518e8
2.1110623253299203e9	0.0	0.0	0.0	0.0	1.1799992320033018e8
2.199023255552e9	0.0	0.0	0.0	0.0	1.2291658666674519e8
2.2869841857740803e9	0.0	0.0	0.0	0.0	1.2783325013316019e8
2.37494511599616e9	0.0	0.0	0.0	0.0	1.3274991359957519e8
2.4629060462182403e9	0.0	0.0	0.0	0.0	1.3766657706599018e8
2.55086697644032e9	0.0	0.0	0.0	0.0	1.425832405324052e8
2.6388279066624002e9	0.0	0.0	0.0	0.0	1.474999039988202e8
2.72678883688448e9	0.0	0.0	0.0	0.0	1.524165674652352e8
2.81474976710656e9	0.0	0.0	0.0	0.0	1.573332309316502e8
2.99067162755072e9	0.0	0.0	0.0	0.0	1.671665578644802e8
3.16659348799488e9	0.0	0.0	0.0	0.0	1.769998847973102e8
3.34251534843904e9	0.0	0.0	0.0	0.0	1.868332117301402e8
3.5184372088832e9	0.0	0.0	0.0	0.0	1.9666653866297022e8
3.69435906932736e9	0.0	0.0	0.0	0.0	2.0649986559580022e8
3.87028092977152e9	0.0	0.0	0.0	0.0	2.1633319252863023e8
4.04620279021568e9	0.0	0.0	0.0	0.0	2.2616651946146023e8
4.2221246506598406e9	0.0	0.0	0.0	0.0	2.3599984639429024e8
4.398046511104e9	0.0	0.0	0.0	0.0	2.4583317332712024e8
4.573968371548161e9	0.0	0.0	0.0	0.0	2.5566650025995025e8
4.74989023199232e9	0.0	0.0	0.0	0.0	2.6549982719278026e8
4.9258120924364805e9	0.0	0.0	0.0	0.0	2.753331541256103e8
5.10173395288064e9	0.0	0.0	0.0	0.0	2.8516648105844027e8
5.2776558133248005e9	0.0	0.0	0.0	0.0	2.949998079912703e8
5.45357767376896e9	0.0	0.0	0.0	0.0	3.0483313492410034e8
5.62949953421312e9	0.0	0.0	0.0	0.0	3.146664618569304e8
5.98134325510144e9	0.0	0.0	0.0	0.0	3.343331157225904e8
6.33318697598976e9	0.0	0.0	0.0	0.0	3.539997695882504e8
6.68503069687808e9	0.0	0.0	0.0	0.0	3.736664234539104e8
7.0368744177664e9	0.0	0.0	0.0	0.0	3.933330773195704e8
7.38871813865472e9	0.0	0.0	0.0	0.0	4.1299973118523043e8
7.74056185954304e9	0.0	0.0	0.0	0.0	4.3266638505089045e8
8.09240558043136e9	0.0	0.0	0.0	0.0	4.5233303891655046e8
8.444249301319681e9	0.0	0.0	0.0	0.0	4.7199969278221047e8
8.796093022208e9	0.0	0.0	0.0	0.0	4.916663466478705e8
9.147936743096321e9	0.0	0.0	0.0	0.0	5.113330005135305e8
9.49978046398464e9	0.0	0.0	0.0	0.0	5.309996543791905e8
9.851624184872961e9	0.0	0.0	0.0	0.0	5.506663082448505e8
1.020346790576128e10	0.0	0.0	0.0	0.0	5.703329621105105e8
1.0555311626649601e10	0.0	0.0	0.0	0.0	5.899996159761705e8
1.090715534753792e10	0.0	0.0	0.0	0.0	6.096662698418306e8
1.125899906842624e10	0.0	0.0	0.0	0.0	6.293329237074907e8
1.196268651020288e10	0.0	0.0	0.0	0.0	6.686662314388107e8
1.266637395197952e10	0.0	0.0	0.0	0.0	7.079995391701307e8
1.337006139375616e10	0.0	0.0	0.0	0.0	7.473328469014508e8
1.40737488355328e10	0.0	0.0	0.0	0.0	7.866661546327708e8
1.477743627730944e10	0.0	0.0	0.0	0.0	8.259994623640908e8
1.548112371908608e10	0.0	0.0	0.0	0.0	8.653327700954108e8
1.618481116086272e10	0.0	0.0	0.0	0.0	9.046660778267308e8
1.6888498602639362e10	0.0	0.0	0.0	0.0	9.43999385558051e8
1.7592186044416e10	0.0	0.0	0.0	0.0	9.83332693289371e8
1.8295873486192642e10	0.0	0.0	0.0	0.0	1.022666001020691e9
1.899956092796928e10	0.0	0.0	0.0	0.0	1.0619993087520111e9
1.9703248369745922e10	0.0	0.0	0.0	0.0	1.101332616483331e9
2.040693581152256e10	0.0	0.0	0.0	0.0	1.140665924214651e9
2.1110623253299202e10	0.0	0.0	0.0	0.0	1.179999231945971e9
2.181431069507584e10	0.0	0.0	0.0	0.0	1.2193325396772912e9
2.251799813685248e10	0.0	0.0	0.0	0.0	1.258665847408611e9
2.392537302040576e10	0.0	0.0	0.0	0.0	1.337332462871251e9
2.533274790395904e10	0.0	0.0	0.0	0.0	1.415999078333891e9
2.674012278751232e10	0.0	0.0	0.0	0.0	1.494665693796531e9
2.81474976710656e10	0.0	0.0	0.0	0.0	1.573332309259171e9
2.955487255461888e10	0.0	0.0	0.0	0.0	1.651998924721811e9
3.096224743817216e10	0.0	0.0	0.0	0.0	1.730665540184451e9
3.236962232172544e10	0.0	0.0	0.0	0.0	1.8093321556470912e9
3.3776997205278725e10	0.0	0.0	0.0	0.0	1.8879987711097312e9
3.5184372088832e10	0.0	0.0	0.0	0.0	1.9666653865723712e9
3.6591746972385284e10	0.0	0.0	0.0	0.0	2.0453320020350113e9
3.799912185593856e10	0.0	0.0	0.0	0.0	2.1239986174976513e9
3.9406496739491844e10	0.0	0.0	0.0	0.0	2.2026652329602914e9
4.081387162304512e10	0.0	0.0	0.0	0.0	2.2813318484229317e9
4.2221246506598404e10	0.0	0.0	0.0	0.0	2.3599984638855715e9
4.362862139015168e10	0.0	0.0	0.0	0.0	2.438665079348212e9
4.503599627370496e10	0.0	0.0	0.0	0.0	2.5173316948108516e9
4.785074604081152e10	0.0	0.0	0.0	0.0	2.6746649257361317e9
5.066549580791808e10	0.0	0.0	0.0	0.0	2.831998156661412e9
5.348024557502464e10	0.0	0.0	0.0	0.0	2.989331387586692e9
5.62949953421312e10	0.0	0.0	0.0	0.0	3.146664618511972e9
5.910974510923776e10	0.0	0.0	0.0	0.0	3.303997849437252e9
6.192449487634432e10	0.0	0.0	0.0	0.0	3.461331080362532e9
6.473924464345088e10	0.0	0.0	0.0	0.0	3.618664311287812e9
6.755399441055745e10	0.0	0.0	0.0	0.0	3.7759975422130923e9
7.0368744177664e10	0.0	0.0	0.0	0.0	3.9333307731383724e9
7.318349394477057e10	0.0	0.0	0.0	0.0	4.0906640040636525e9
7.599824371187712e10	0.0	0.0	0.0	0.0	4.2479972349889326e9
7.881299347898369e10	0.0	0.0	0.0	0.0	4.405330465914212e9
8.162774324609024e10	0.0	0.0	0.0	0.0	4.562663696839492e9
8.444249301319681e10	0.0	0.0	0.0	0.0	4.719996927764772e9
8.725724278030336e10	0.0	0.0	0.0	0.0	4.877330158690052e9
9.007199254740993e10	0.0	0.0	0.0	0.0	5.034663389615333e9
9.570149208162305e10	0.0	0.0	0.0	0.0	5.349329851465893e9
1.0133099161583617e11	0.0	0.0	0.0	0.0	5.663996313316453e9
1.0696049115004929e11	0.0	0.0	0.0	0.0	5.978662775167013e9
1.125899906842624e11	0.0	0.0	0.0	0.0	6.293329237017573e9
1.1821949021847552e11	0.0	0.0	0.0	0.0	6.607995698868134e9
1.2384898975268864e11	0.0	0.0	0.0	0.0	6.922662160718694e9
1.2947848928690176e11	0.0	0.0	0.0	0.0	7.237328622569254e9
1.351079888211149e11	0.0	0.0	0.0	0.0	7.551995084419814e9
1.40737488355328e11	0.0	0.0	0.0	0.0	7.866661546270374e9
1.4636698788954114e11	0.0	0.0	0.0	0.0	8.1813280081209345e9
1.5199648742375424e11	0.0	0.0	0.0	0.0	8.495994469971495e9
1.5762598695796738e11	0.0	0.0	0.0	0.0	8.810660931822054e9
1.6325548649218048e11	0.0	0.0	0.0	0.0	9.125327393672613e9
1.6888498602639362e11	0.0	0.0	0.0	0.0	9.439993855523174e9
1.7451448556060672e11	0.0	0.0	0.0	0.0	9.754660317373734e9
1.8014398509481985e11	0.0	0.0	0.0	0.0	1.0069326779224295e10
1.914029841632461e11	0.0	0.0	0.0	0.0	1.0698659702925415e10
2.0266198323167233e11	0.0	0.0	0.0	0.0	1.1327992626626535e10
2.1392098230009857e11	0.0	0.0	0.0	0.0	1.1957325550327656e10
2.251799813685248e11	0.0	0.0	0.0	0.0	1.2586658474028776e10
2.3643898043695105e11	0.0	0.0	0.0	0.0	1.3215991397729897e10
2.476979795053773e11	0.0	0.0	0.0	0.0	1.3845324321431017e10
2.5895697857380353e11	0.0	0.0	0.0	0.0	1.4474657245132137e10
2.702159776422298e11	0.0	0.0	0.0	0.0	1.5103990168833258e10
2.81474976710656e11	0.0	0.0	0.0	0.0	1.5733323092534378e10
2.927339757790823e11	0.0	0.0	0.0	0.0	1.6362656016235498e10
3.039929748475085e11	0.0	0.0	0.0	0.0	1.6991988939936619e10
3.1525197391593475e11	0.0	0.0	0.0	0.0	1.7621321863637737e10
3.2651097298436096e11	0.0	0.0	0.0	0.0	1.8250654787338856e10
3.3776997205278723e11	0.0	0.0	0.0	0.0	1.8879987711039978e10
3.4902897112121344e11	0.0	0.0	0.0	0.0	1.9509320634741096e10
3.602879701896397e11	0.0	0.0	0.0	0.0	2.0138653558442215e10
3.828059683264922e11	0.0	0.0	0.0	0.0	2.1397319405844456e10
4.0532396646334467e11	0.0	0.0	0.0	0.0	2.2655985253246693e10
4.2784196460019714e11	0.0	0.0	0.0	0.0	2.3914651100648933e10
4.503599627370496e11	0.0	0.0	0.0	0.0	2.5173316948051174e10
4.728779608739021e11	0.0	0.0	0.0	0.0	2.6431982795453415e10
4.953959590107546e11	0.0	0.0	0.0	0.0	2.7690648642855656e10
5.1791395714760706e11	0.0	0.0	0.0	0.0	2.8949314490257896e10
5.404319552844596e11	0.0	0.0	0.0	0.0	3.0207980337660137e10
5.62949953421312e11	0.0	0.0	0.0	0.0	3.1466646185062378e10
5.854679515581646e11	0.0	0.0	0.0	0.0	3.272531203246462e10
6.07985949695017e11	0.0	0.0	0.0	0.0	3.398397787986686e10
6.305039478318695e11	0.0	0.0	0.0	0.0	3.52426437272691e10
6.530219459687219e11	0.0	0.0	0.0	0.0	3.650130957467133e10
6.755399441055745e11	0.0	0.0	0.0	0.0	3.775997542207357e10
6.980579422424269e11	0.0	0.0	0.0	0.0	3.901864126947581e10
7.205759403792794e11	0.0	0.0	0.0	0.0	4.0277307116878044e10
7.656119366529844e11	0.0	0.0	0.0	0.0	4.2794638811682526e10
8.106479329266893e11	0.0	0.0	0.0	0.0	4.531197050648701e10
8.556839292003943e11	0.0	0.0	0.0	0.0	4.782930220129149e10
9.007199254740992e11	0.0	0.0	0.0	0.0	5.034663389609597e10
9.457559217478042e11	0.0	0.0	0.0	0.0	5.286396559090045e10
9.907919180215092e11	0.0	0.0	0.0	0.0	5.538129728570493e10
1.0358279142952141e12	0.0	0.0	0.0	0.0	5.7898628980509415e10
1.0808639105689192e12	0.0	0.0	0.0	0.0	6.0415960675313896e10
1.125899906842624e12	0.0	0.0	0.0	0.0	6.293329237011838e10
1.170935903116329e12	0.0	0.0	0.0	0.0	6.545062406492286e10
1.215971899390034e12	0.0	0.0	0.0	0.0	6.796795575972734e10
1.261007895663739e12	0.0	0.0	0.0	0.0	7.048528745453181e10
1.3060438919374438e12	0.0	0.0	0.0	0.0	7.300261914933629e10
1.351079888211149e12	0.0	0.0	0.0	0.0	7.551995084414078e10
1.3961158844848538e12	0.0	0.0	0.0	0.0	7.803728253894525e10
1.4411518807585588e12	0.0	0.0	0.0	0.0	8.055461423374974e10
