# τ	Fs	F	Δζ	ΔG	Δr²
0.0	1.0	1.0	1004.5939634436095	99.90317179936098	0.0
3.125e-7	0.9999838611727643	0.9999884635712667	1004.1235208546066	99.85573101016553	3.125e-7
6.25e-7	0.9999677240387242	0.9999769282997757	1003.6534641116252	99.80832988847645	6.249509475603788e-7
9.375000000000001e-7	0.9999515900290944	0.9999653952086054	1003.1837989229931	99.7609689476265	9.373038438828279e-7
1.25e-6	0.9999354591420561	0.9999538642964758	1002.7145248971807	99.71364814690605	1.2495587579546566e-6
1.5625e-6	0.9999193313756649	0.9999423355620175	1002.2456416428524	99.66636744563498	1.5617157663909324e-6
1.8750000000000003e-6	0.9999032067279785	0.9999308090038623	1001.7771487690975	99.61912680317825	1.8737749457312815e-6
2.1875000000000002e-6	0.999887085197056	0.9999192846206432	1001.309045885439	99.57192617894599	2.185736372438765e-6
2.5e-6	0.9998709667809587	0.9999077624109942	1000.8413326018294	99.52476553239329	2.497600122899964e-6
2.8125e-6	0.999854851477749	0.9998962423735509	1000.3740085286446	99.47764482302031	2.8093662734250645e-6
3.125e-6	0.9998387392854915	0.9998847245069499	999.907073276693	99.43056401037205	3.1210349002479437e-6
3.4375e-6	0.9998226302022525	0.9998732088098291	999.4405264572105	99.38352305403843	3.4326060795262545e-6
3.7500000000000005e-6	0.9998065242261	0.9998616952808278	998.9743676818563	99.33652191365421	3.74407988734151e-6
4.0625000000000005e-6	0.9997904213551037	0.9998501839185863	998.5085965627186	99.28956054889883	4.055456399699169e-6
4.3750000000000005e-6	0.9997743215873349	0.9998386747217461	998.0432127123106	99.24263891949659	4.366735692528722e-6
4.6875000000000004e-6	0.9997582249208671	0.9998271676889503	997.5782157435735	99.19575698521638	4.677917841683772e-6
5.0e-6	0.999742131353775	0.9998156628188426	997.1136052698689	99.14891470587159	4.989002922942125e-6
5.3125e-6	0.9997260428598342	0.9998041615048161	996.649451249624	99.10211917625057	5.299926459799166e-6
5.625e-6	0.9997099581183886	0.9997926628145587	996.1857062576406	99.05536558485755	5.610731630987788e-6
5.9375e-6	0.999693876687914	0.9997811664363812	995.7223542336311	99.00865230168579	5.921432881177453e-6
6.25e-6	0.9996777984199496	0.9997696722654806	995.2593895694548	98.96197875692806	6.232035075962956e-6
6.5625e-6	0.9996617232637295	0.999758180266023	994.7968101402618	98.91534473409807	6.542539887529598e-6
6.875e-6	0.9996456512010573	0.9997466904251654	994.3346149822378	98.86875013447614	6.852947923431298e-6
7.1875e-6	0.9996295822245937	0.9997352027377294	993.8728035187455	98.82219489861575	7.163259436257668e-6
7.500000000000001e-6	0.9996135163306215	0.9997237172010933	993.4113753024486	98.77567898018667	7.473474560214565e-6
7.8125e-6	0.99959745351663	0.9997122338134886	992.9503299293775	98.72920233725885	7.783593389992563e-6
8.125000000000001e-6	0.9995813937805135	0.9997007525734313	992.4896670102935	98.68276492939795	8.093616007059285e-6
8.4375e-6	0.9995653371203	0.9996892734795337	992.0293861611469	98.63636671669717	8.403542488424463e-6
8.750000000000001e-6	0.999549283534067	0.9996777965304403	991.5694869998958	98.59000765945495	8.713372909561996e-6
9.0625e-6	0.9995332330199065	0.9996663217248084	991.1099691454449	98.54368771806733	9.023107345384126e-6
9.375000000000001e-6	0.999517185575918	0.999654849061298	990.650832217293	98.497406852992	9.332745870566254e-6
9.6875e-6	0.9995011412002043	0.9996433785385735	990.1920758354163	98.45116502473645	9.64228855965528e-6
1.0e-5	0.9994850998908685	0.9996319101552994	989.7336996202267	98.4049621938539	9.951735487105765e-6
1.0625e-5	0.9994530264612488	0.9996089798000001	988.8180860380148	98.31267335269825	1.0570342453275361e-5
1.125e-5	0.9994209652736172	0.9995860579859314	987.9039885333702	98.22054002418959	1.1188567297045543e-5
1.1875e-5	0.9993889163134347	0.9995631447028541	986.9914041149292	98.12856189744737	1.1806410589287505e-5
1.25e-5	0.9993568795658184	0.9995402399402861	986.0803297777255	98.03673866020712	1.2423872914360335e-5
1.3125e-5	0.9993248550157857	0.9995173436876749	985.1707625166595	97.94507000020471	1.3040954860366484e-5
1.375e-5	0.9992928426483415	0.9994944559344584	984.2626993309767	97.85355560563704	1.3657657015842935e-5
1.4375e-5	0.9992608424485016	0.9994715766700836	983.3561372257446	97.76219516531387	1.4273979968721627e-5
1.5000000000000002e-5	0.9992288544013045	0.9994487058840135	982.451073212346	97.67098836870781	1.4889924305922627e-5
1.5625e-5	0.9991968784918153	0.9994258435657285	981.5475043086133	97.57993490596935	1.5505490613282146e-5
1.6250000000000002e-5	0.9991649147051243	0.9994029897047282	980.6454275388863	97.48903446793148	1.6120679475468385e-5
1.6875e-5	0.9991329630263481	0.9993801442905303	979.7448399340033	97.3982867461093	1.6735491476017044e-5
1.7500000000000002e-5	0.9991010234406298	0.999357307312672	978.8457385312968	97.30769143269985	1.73499271972831e-5
1.8125e-5	0.9990690959331394	0.9993344787607074	977.9481203745815	97.21724822057998	1.7963987220488125e-5
1.8750000000000002e-5	0.9990371804890745	0.9993116586242112	977.0519825141375	97.1269568033053	1.8577672125676172e-5
1.9375e-5	0.9990052770936567	0.9992888468927767	976.1573220066937	97.0368168751084	1.9190982491762335e-5
2.0e-5	0.998973385732136	0.9992660435560159	975.2641359154205	96.94682813089749	1.9803918896489152e-5
2.125e-5	0.9989096390324324	0.9992204620113329	973.4821742204086	96.7673028699805	2.1028672889724564e-5
2.25e-5	0.998845940285566	0.9991749139166379	971.7060747691017	96.58837866587783	2.225193819182505e-5
2.375e-5	0.9987822893788285	0.9991293991925545	969.9358145321246	96.41005312617163	2.347371921299662e-5
2.5e-5	0.9987186861970345	0.9990839177579638	968.1713704247959	96.23232385297862	2.469402045885386e-5
2.625e-5	0.9986551306244312	0.9990384695313486	966.4127194112423	96.05518845365026	2.591284645529749e-5
2.75e-5	0.9985916225453703	0.9989930544312647	964.6598385388618	95.87864454431241	2.7130201722544114e-5
2.875e-5	0.998528161844494	0.9989476723764744	962.9127049493701	95.70268975100012	2.8346090767488807e-5
3.0000000000000004e-5	0.9984647484068312	0.9989023232860132	961.1712958822837	95.52732171001324	2.9560518080243146e-5
3.125e-5	0.9984013821177954	0.9988570070791879	959.4355886756633	95.35253806799194	3.077348813399887e-5
3.2500000000000004e-5	0.9983380628632145	0.9988117236755982	957.7055607661563	95.17833648191987	3.1985005384071186e-5
3.375e-5	0.998274790529307	0.9987664729951201	955.9811896886091	95.00471461908253	3.319507426859299e-5
3.5000000000000004e-5	0.9982115650027087	0.9987212549579241	954.2624530757339	94.83167015703185	3.4403699207839044e-5
3.625e-5	0.9981483861704424	0.998676069484454	952.5493286575925	94.65920078353217	3.561088460500907e-5
3.7500000000000003e-5	0.9980852539199443	0.9986309164954452	950.8417942612303	94.48730419652084	3.6816634845585316e-5
3.875e-5	0.9980221681390357	0.9985857959119061	949.1398278101532	94.31597810405326	3.802095429812199e-5
4.0e-5	0.997959128715948	0.9985407076551343	947.4434073239556	94.14522022426331	3.9223847313608884e-5
4.25e-5	0.9978331883518966	0.9984506277055146	944.0671090304253	93.80539922740985	4.162537703731221e-5
4.5e-5	0.9977074320403537	0.9983606760921184	940.7127307604328	93.46782369704917	4.402125463094527e-5
4.75e-5	0.9975818589340637	0.9982708522183726	937.3801018494318	93.13247591755632	4.641151301081354e-5
5.0e-5	0.9974564681701978	0.9981811554767566	934.0690519473508	92.7993382088159	4.879618567585301e-5
5.25e-5	0.9973312588845425	0.9980915852587859	930.7794117917779	92.46839300561966	5.1175306150486354e-5
5.5e-5	0.997206230216729	0.9980021409587011	927.5110134577025	92.13962288326135	5.354890778545095e-5
5.75e-5	0.9970813813114155	0.997912821974291	924.2636904298424	91.81301056493952	5.5917023707671046e-5
6.000000000000001e-5	0.9969567113191757	0.9978236277075266	921.0372776195152	91.48853892343486	5.827968679033804e-5
6.25e-5	0.9968322193962367	0.9977345575643691	917.8316113597282	91.16619098058248	6.063692965908682e-5
6.500000000000001e-5	0.996707904704883	0.9976456109550624	914.6465293965223	90.84594990632873	6.29887846809631e-5
6.75e-5	0.9965837664130385	0.9975567872938287	911.4818708757782	90.52779901735234	6.533528397674195e-5
7.000000000000001e-5	0.9964598036946132	0.9974680859991225	908.3374763319315	90.21172177585396	6.767645941204662e-5
7.25e-5	0.9963360157290704	0.9973795064933175	905.2131876741045	89.89770178810821	7.001234261022759e-5
7.500000000000001e-5	0.9962124017017684	0.9972910482029536	902.108848174737	89.58572280324537	7.234296494377027e-5
7.75e-5	0.9960889608035279	0.9972027105584245	899.0243024558762	89.27576871182016	7.466835754711507e-5
8.0e-5	0.9959656922309682	0.9971144929942236	895.9593964779933	88.96782354461413	7.698855130814625e-5
8.5e-5	0.995719667845763	0.9969384151385658	889.8878404854506	88.35789129288992	8.161350420591809e-5
9.0e-5	0.9954743229358901	0.9967628106870062	883.8930118617292	87.75580491486049	8.621803878042056e-5
9.5e-5	0.9952296515044057	0.9965876754186174	877.9737376564981	87.16144284846924	9.080238466387726e-5
0.0001	0.9949856474857701	0.9964130050644626	872.1288568183677	86.57468479558193	9.53667737980888e-5
0.000105	0.9947423048431847	0.9962387953759906	866.3572254004383	85.99541225523043	9.991143662829037e-5
0.00011	0.9944996176079935	0.9960650421528593	860.6577180716243	85.42350867733649	0.00010443660065664399
0.000115	0.9942575798842004	0.9958917412460093	855.0292283588408	84.85885948670429	0.00010894249021439252
0.00012000000000000002	0.9940161858567953	0.9957188885636172	849.4706685205522	84.30135206879689	0.00011342932621247132
0.000125	0.9937754297860635	0.9955464800669883	843.9809692553138	83.75087573904008	0.00011789732630811764
0.00013000000000000002	0.9935353060124025	0.995374511774041	838.5590794064332	83.20732171133122	0.00012234670478949343
0.000135	0.9932958089496228	0.9952029797544906	833.203965623612	82.67058306257584	0.0001267776727819062
0.00014000000000000001	0.9930569330893306	0.9950318801330228	827.9146120598039	82.14055470044708	0.00013119043814794313
0.000145	0.992818672994236	0.9948612090844909	822.6900200390248	81.61713332859475	0.00013558520569386211
0.00015000000000000001	0.9925810233024375	0.9946909628370179	817.5292077627164	81.10021741542566	0.00013996217707204953
0.000155	0.992343978720858	0.9945211376672787	812.4312099891074	80.58970716053696	0.00014432155098330037
0.00016	0.9921075340294688	0.9943517299035638	807.3950777505717	80.08550446466836	0.0001486635230801526
0.00017	0.991636417331743	0.9940141476161628	797.5043713120724	79.09560474741254	0.0001572962701127984
0.00018	0.9911676373409585	0.9936781907474206	787.8500477461575	78.1297905359981	0.0001658617555935282
0.00019	0.9907011561876415	0.9933438326654778	778.4251486103414	77.1873430401238	0.00017436138718282572
0.0002	0.9902369360584636	0.9930110467817029	769.2228964177928	76.267562477211	0.0001827965664522122
0.00021	0.9897749397560389	0.992679806942656	760.2367214227742	75.36977079236298	0.00019116866723929514
0.00022	0.9893151309704736	0.9923500876222865	751.4602655169313	74.49331203004104	0.0001994790264231213
0.00023	0.9888574742476473	0.9920218638981032	742.8873781691925	73.63755189826838	0.00020772894455586488
0.00024000000000000003	0.9884019350609755	0.9916951115028975	734.5121105082317	72.8018771384937	0.00021591968412473895
0.00025	0.987948479717734	0.9913698067574119	726.3287084058419	71.98569479959652	0.00022405247252863965
0.00026000000000000003	0.9874970754079748	0.9910459266059704	718.3316059565662	71.1884315482134	0.00023212850116062262
0.00027	0.9870476901077766	0.9907234485470344	710.5154187154773	70.4095329603541	0.00024014892850805273
0.00028000000000000003	0.9866002926250175	0.9904023506665977	702.8749375426518	69.64846287096596	0.00024811487931334074
0.00029	0.9861548525059314	0.9900826115711058	695.4051222883336	68.90470271295186	0.000256027447557043
0.00030000000000000003	0.9857113400799029	0.9897642104201364	688.1010960750475	68.17775091325107	0.0002638876956170197
0.00031	0.9852697263698522	0.9894471268620547	680.9581394298639	67.46712227908216	0.0002716966571150494
0.00032	0.9848299831362713	0.9891313410661301	673.9716849820347	66.7723474381321	0.0002794553360683398
0.00034	0.9839559662174808	0.9885035631671613	660.449263767321	65.4284074732746	0.00029482685443463165
0.00036	0.9830891003595166	0.9878807440494085	647.5013119683817	64.1425911415439	0.0003100089008747434
0.00038	0.9822291903072499	0.9872627466567961	635.0966137773788	62.911695801461725	0.0003250083009455
0.0004	0.9813760454037974	0.9866494372053178	623.2056631328874	61.732696801822584	0.0003398316790566233
0.00042	0.9805294816618549	0.9860406866137214	611.8007065967537	60.602751483710485	0.0003544853808713169
0.00044	0.9796893233148898	0.9854363716072753	600.8556802742053	59.51919235928583	0.0003689754288726305
0.00046	0.9788554018842043	0.9848363740428256	590.3461119291866	58.479516838434286	0.00038330755206780103
0.00048000000000000007	0.9780275566887431	0.984240581281644	580.2490224987461	57.48137687163068	0.0003974871778408298
0.0005	0.9772056336744908	0.9836488853491461	570.5428269894519	56.522568610727596	0.0004115194700792577
0.0005200000000000001	0.9763894858092317	0.9830611832264639	561.2072447279313	55.60102299735522	0.00042540932421979274
0.00054	0.9755789719742838	0.9824773760550893	552.223212019952	54.71479666844744	0.0004391614030711924
0.0005600000000000001	0.9747739573450207	0.9818973694178681	543.5728040859376	53.862063780606604	0.00045278013153029703
0.00058	0.973974312369619	0.9813210726057691	535.2391592055507	53.041108123856255	0.00046626972925674213
0.0006000000000000001	0.9731799131442062	0.9807483988945231	527.2064111403754	52.25031605234432	0.00047963420483571463
0.00062	0.9723906404734617	0.9801792648698178	519.4596233100503	51.488169651601446	0.0004928773855282339
0.00064	0.9716063802394741	0.9796135906989564	511.98473028040695	50.75324062449144	0.0005060029109978233
0.00068	0.9700523505744859	0.9784922399868193	497.79417090875756	49.359313193515355	0.0005319181154448087
0.00072	0.9685170844900315	0.977383829503667	484.5413424683075	48.05906436123863	0.0005574029975760985
0.00076	0.9669998409483487	0.9762878413255994	472.14087113824417	46.84385261604132	0.0005824804491931771
0.0008	0.9654999189735901	0.9752037859279432	460.51597276040246	45.70591766622204	0.0006071718516534721
0.00084	0.9640166577468892	0.9741312019920977	449.59789360894746	44.638321139792616	0.0006314970813957918
0.00088	0.9625494435016018	0.9730696613745194	439.32512259689906	43.634864320654586	0.0006554743624508173
0.00092	0.9610976999172579	0.9720187621817625	429.64257188745995	42.6900035801157	0.0006791205721947621
0.0009600000000000001	0.9596608912402891	0.9709781310979346	420.50085157660726	41.798775327753155	0.0007024512002053526
0.001	0.9582385130122966	0.9699474167200417	411.8556025464083	40.95672749457512	0.0007254806379720998
0.0010400000000000001	0.9568300947968728	0.9689262916005207	403.6669299931983	40.159861116665176	0.0007482221393411788
0.00108	0.9554351921208928	0.9679144464511837	395.89888707498955	39.404577491114445	0.0007706880679779851
0.0011200000000000001	0.954053389121303	0.966911592119776	388.51903959615845	38.6876334064725	0.0007928898517759707
0.00116	0.9526842915944969	0.9659174545859601	381.49806733764774	38.006100479245475	0.0008148381928390034
0.0012000000000000001	0.9513275295538335	0.9649317768658771	374.80942897939053	37.35733078169706	0.0008365430180424368
0.00124	0.9499827512117275	0.9639543146751578	368.4290530748951	36.73892542689988	0.0008580136581509825
0.00128	0.9486496254197647	0.9629848382424078	362.3350790667608	36.148708067889395	0.0008792587968684289
0.00136	0.946016841267011	0.9610688110861472	350.9224511748732	35.0445076574213	0.0009211099630336471
0.00144	0.9434270550991731	0.9591822235546765	340.43861988317	34.03151860798069	0.0009621512533284545
0.00152	0.9408782012894705	0.9573236443937304	330.7688489983137	33.098362922852786	0.0010024345942546988
0.0016	0.9383683799872204	0.955491759489249	321.81563157186747	32.23538694726153	0.0010420066999979655
0.00168	0.9358958239853236	0.9536853469650953	313.4961858102066	31.43440772338125	0.001080910228829562
0.00176	0.9334589247048907	0.9519032962851101	305.7400644261501	30.688470721705112	0.0011191832599742272
0.00184	0.9310561853723225	0.9501445743715097	298.48699834990913	29.991633810417916	0.0011568606599930173
0.0019200000000000003	0.9286862368134744	0.9484082375640631	291.6851975490581	29.338796278643404	0.0011939737496019947
0.002	0.9263477981955055	0.9466934032508888	285.2898972758586	28.725554038786104	0.001230551414545138
0.0020800000000000003	0.9240396906156584	0.9449992601772685	279.2622389559289	28.14808743300786	0.001266619794319935
0.00216	0.9217608054986086	0.9433250455759689	273.5683031296053	27.603065353062735	0.0013022031607820405
0.0022400000000000002	0.9195101167412824	0.9416700543628618	268.17836783813397	27.08757108317631	0.0013373236244230854
0.00232	0.9172866551163251	0.9400336205805643	263.06625482558195	26.599037734918678	0.0013720018365852322
0.0024000000000000002	0.9150895190618304	0.938415125557299	258.20882923816066	26.135198310608825	0.0014062567193388923
0.00248	0.9129178537124538	0.9368139826779345	253.58554862560533	25.694041319566363	0.0014401060347485099
0.00256	0.9107708604256964	0.9352296445835507	249.1781189537684	25.273776483381706	0.001473566140760305
0.00272	0.9065475202411085	0.9321090832055402	240.94188004706987	24.48919406869427	0.0015393818501085984
0.00288	0.9024142864658636	0.9290498675170754	233.39355072502096	23.77102878479888	0.0016038113553886865
0.00304	0.898366201383034	0.9260486026853548	226.4430562629107	23.110486976389684	0.001666953035530859
0.0032	0.8943987771320953	0.9231022236884371	220.01532151273238	22.500249031371315	0.0017288930869507851
0.00336	0.890507866435646	0.9202078982298277	214.0475957473594	21.93420524049444	0.0017897098161639795
0.00352	0.8866897269896997	0.9173630757827302	208.4871982865018	21.407231812625504	0.00184947220217282
0.00368	0.8829408919565089	0.9145653930725214	203.2895096652558	20.914994489579882	0.0019082433675218508
0.0038400000000000005	0.8792582112186959	0.9118127066982522	198.4165213535951	20.453805000526945	0.001966079449044316
0.004	0.875638749983861	0.909103019170452	193.83557868702783	20.020498601036284	0.002023032224520435
0.0041600000000000005	0.8720798224438486	0.9064345056269623	189.5184905572382	19.612345979250822	0.002079148142737576
0.00432	0.8685789133650536	0.9038054564831169	185.44073452843307	19.226976018054184	0.0021344703362503503
0.0044800000000000005	0.8651337065532605	0.9012143000044023	181.5808963336286	18.862320310273688	0.0021890377857450623
0.00464	0.8617420232818548	0.898659557131159	177.9201503474007	18.516562797258608	0.0022428868954363743
0.0048000000000000004	0.8584018464854039	0.896139860656908	174.44189519194288	18.18810367677536	0.00229605077461964
0.00496	0.8551112715848708	0.8936539190353645	171.13140305729883	17.875525489986423	0.0023485604948228008
0.00512	0.8518685271259767	0.8912005327466523	167.97557578417536	17.577568949022858	0.002400444471274578
0.00544	0.8455197180292551	0.886386850531057	162.07885394194008	17.02080947727061	0.0025024275892532753
0.00576	0.8393434914617238	0.8816907164271134	156.67541349842602	16.510508832989718	0.0026022004646343504
0.00608	0.8333288982634394	0.8771047106283577	151.70074981572637	16.040498183425942	0.0026999362553418293
0.0064	0.8274661971441194	0.8726222537561945	147.10114490494976	15.605650930837637	0.0027957819505894845
0.00672	0.8217464932245007	0.8682373341853605	142.83167492048483	15.201689629182642	0.0028898699471559043
0.00704	0.8161618277913884	0.863944585109629	138.85464097413697	14.825031954037534	0.0029823154337340237
0.00736	0.8107048884868223	0.8597390703289188	135.13808603352845	14.472647972473679	0.0030732237067078007
0.007680000000000001	0.8053690759863279	0.8556163437824359	131.6547894372726	14.141961944394312	0.003162687517853031
0.008	0.8001482869310269	0.8515722887417511	128.38133932991283	13.830763372877257	0.0032507924058450205
0.008320000000000001	0.7950369706275069	0.8476031680897478	125.29752002820418	13.53714731138456	0.0033376144121754227
0.00864	0.7900299643774321	0.843705501673933	122.38572511667546	13.259458235505107	0.003423224157520119
0.008960000000000001	0.7851225420906851	0.8398761090804492	119.63057457251949	12.996252816303562	0.0035076849064571624
0.00928	0.78031028672739	0.8361120140915116	117.0185305231392	12.746263257709915	0.0035910557653465788
0.009600000000000001	0.7755891319027316	0.8324104811232517	114.53764994400117	12.508373308750029	0.003673390037549243
0.00992	0.7709552612036369	0.828768939392576	112.17732467951629	12.281593503306457	0.003754737781912275
0.01024	0.7664051438389023	0.8251850140634394	109.92811686622156	12.06504523968814	0.003835144406807441
0.01088	0.7575445581681467	0.8181823465583009	105.72925424936446	11.659468634229057	0.003993240824962134
0.01152	0.7489822567895129	0.8113854622940813	101.88450943795083	11.286440408298938	0.004148037827749682
0.01216	0.7406964789299363	0.804779661110296	98.34686096359431	10.941627862312005	0.004299818058535281
0.0128	0.7326683572063988	0.7983522493303401	95.07741499348556	10.621452858580058	0.004448811055305467
0.01344	0.724880916575016	0.7920917839919407	92.04369894435204	10.322935786182546	0.004595222650460085
0.01408	0.7173191080996816	0.7859881420283276	89.21849844829444	10.04358725397721	0.004739229896173123
0.01472	0.7099692177163983	0.7800320736280609	86.57874618216522	9.781302926839027	0.0048809956111276085
0.015360000000000002	0.7028189519079181	0.7742153014422222	84.10481591845716	9.534297350885387	0.005020661916587785
0.016	0.6958570199403249	0.7685302021570669	81.77983647775339	9.301038884399292	0.0051583606699774995
0.016640000000000002	0.689073215977066	0.7629698956093042	79.58926412513662	9.080210026221796	0.005294208014755332
0.01728	0.6824581079613139	0.7575280053350039	77.52044649440381	8.870666146287931	0.0054283124511257325
0.017920000000000002	0.6760031102459795	0.7521987351550564	75.56235483813204	8.671411003370695	0.005560770303047127
0.01856	0.6697002458872038	0.7469766844844354	73.70529663878695	8.481569604095371	0.00569167210479798
0.019200000000000002	0.663542209871009	0.7418569138528157	71.940742277993	8.300372614846847	0.005821098788679541
0.01984	0.6575221839390333	0.7368347996978077	70.26112947296706	8.127137916456332	0.005949126827502639
0.02048	0.6516338913279727	0.7319060904692984	68.6597478171458	7.961260409526171	0.006075824999452948
0.02176	0.6402363555803205	0.7223184764079156	65.67039577959356	7.649595171531919	0.006325313756298358
0.02304	0.6293010852275381	0.7130606775481579	62.92977592517867	7.361581357613595	0.006570195201771553
0.02432	0.6187893571991283	0.7041061660035003	60.4042899666469	7.094183890964945	0.006810909527076834
0.0256	0.6086686780322426	0.6954327862161069	58.066773662620484	6.844930343939122	0.007047796439793524
0.02688	0.5989102463819275	0.6870208167939515	55.894710230312945	6.611761238904	0.007281162763299122
0.02816	0.5894887294317066	0.6788529328705203	53.86928461285173	6.392951131163133	0.007511269950382919
0.02944	0.58038121440711	0.670913381413866	51.97455960913521	6.1870315185510085	0.007738361669997594
0.030720000000000004	0.5715672946206182	0.663188143402751	50.196987957842694	5.992749438413382	0.007962648179307532
0.032	0.5630283720277779	0.6556643748815012	48.52492367451438	5.809021319233929	0.008184326499179422
0.033280000000000004	0.5547477509104898	0.6483305532622995	46.9483307075606	5.634909037294428	0.008403567845527723
0.03456	0.5467101242556262	0.6411760597407976	45.45847296082046	5.469590560819775	0.008620533527046757
0.035840000000000004	0.5389016561381341	0.6341913015333737	44.04773269874276	5.312345468371248	0.008835364712429511
0.03712	0.5313095939545895	0.6273673921471951	42.70940700321981	5.16253549298616	0.00904819513112722
0.038400000000000004	0.5239223405598438	0.620696254350503	41.43759119441374	5.019595468313504	0.009259142564269015
0.03968	0.5167291563247066	0.6141703710334261	40.22704101969059	4.883019980460473	0.00946831914519309
0.04096	0.5097202221392633	0.6077828725565689	39.073095716241106	4.752357544601205	0.00967582418933404
0.04352	0.4962377171677224	0.5954124684654466	36.92292221134935	4.507502740016254	0.010085825644287429
0.04608	0.4833913690779271	0.5835249612474669	34.95369422777995	4.281886743997627	0.010490188246664246
0.04864	0.4711214789383575	0.5720777055699584	33.14164890829021	4.073141002451365	0.010889547785220664
0.0512	0.4593799546199468	0.5610365540646067	31.467939674906102	3.879352750291999	0.01128436707701941
0.05376	0.44812484208104625	0.5503715191724763	29.916838296119174	3.698911664821319	0.011675072117289697
0.05632	0.4373195398449108	0.5400564554624318	28.47506110620979	3.5304516005530857	0.01206201775153187
0.05888	0.4269312357427001	0.5300677346202239	27.13124535151122	3.3727944991000767	0.012445540354052069
0.06144000000000001	0.41693094870192354	0.5203844933402991	25.875654052353504	3.2249248672345137	0.01282592156145954
0.064	0.40729251548972734	0.510987749806585	24.699855627996673	3.085955726266846	0.013203429075285683
0.06656000000000001	0.3979926516238719	0.5018606177969669	23.596537072696936	2.955113266936546	0.01357828789778207
0.06912	0.38901019986982033	0.49298763911073223	22.559292385425227	2.831714228978499	0.013950713236123539
0.07168000000000001	0.3803261908153042	0.48435496166700637	21.58250316762029	2.7151562690551225	0.014320886856448788
0.07424	0.37192327848280043	0.475949827853551	20.66119685651664	2.604902482705065	0.014688983843278042
0.07680000000000001	0.3637858033993323	0.467760728209364	19.790969530703745	2.500475244576798	0.015055152705708006
0.07936	0.3558993625035491	0.4597770033421754	18.967888416153034	2.401445325520802	0.015419537468516778
0.08192	0.3482508720615578	0.4519889778636924	18.188440845451826	2.307427872146989	0.015782260710049033
0.08704	0.33365770928032873	0.4369970579976973	16.75305309860182	2.1334853563324914	0.016502578835965582
0.09216	0.3198797712933332	0.4226867782265534	15.45669711477896	1.9757464934700044	0.017217570400262106
0.09728	0.3068387447140316	0.4089983683568434	14.28134323057092	1.8321683392817647	0.017928006416760272
0.1024	0.2944740487851722	0.3958861632224596	13.212712671828697	1.7011134568686275	0.018634392391784885
0.10752	0.2827328455290931	0.3833100111228851	12.238657143732034	1.5811918369108793	0.019337223303407803
0.11264	0.271568881066571	0.37123482901708665	11.348768432218876	1.4712155874626647	0.02003687856518863
0.11776	0.26094054531762945	0.3596287078541061	10.534051013081847	1.3701544006460804	0.02073373864971671
0.12288000000000002	0.25081106749029675	0.34846348055648035	9.786741332791008	1.2771171134087982	0.02142809182721419
0.128	0.241147178542061	0.3377133884465075	9.100071969779139	1.1913230113863948	0.02212022935305594
0.13312000000000002	0.23191924750328768	0.32735551315205885	8.468143434606155	1.1120898414738052	0.02281037013828199
0.13824	0.22310025891794238	0.31736874050955416	7.885761446563766	1.038814184102505	0.023498738912769494
0.14336000000000002	0.21466593759746833	0.3077341142673643	7.348353307172682	0.9709637109996889	0.02418550332431492
0.14848	0.20659397743032235	0.29843403606295754	6.851856765165631	0.9080636186165463	0.024870838698596676
0.15360000000000001	0.1988641684317522	0.28945257041662387	6.392665479436734	0.8496916054204646	0.025554874614651266
0.15872	0.19145780894222936	0.2807748201039751	5.967551384897015	0.7954682908655698	0.02623774928481389
0.16384	0.1843578294597437	0.2723871909589967	5.573628250996637	0.7450538861479782	0.026919563691878406
0.17408	0.1710780532195375	0.25649551516653696	4.873376957030348	0.6548262053311952	0.028279577915942686
0.18432	0.15883466467312501	0.241612164169407	4.268077991795986	0.5763996686431654	0.029636499314819938
0.19456	0.14752501374615223	0.22765093549302107	3.7434605478388407	0.5080219157337762	0.030990999262400582
0.2048	0.13706969533539543	0.21454639165173306	3.288083981574091	0.44829182742200807	0.032343361434908645
0.21504	0.12739704599086643	0.20223857759641295	2.8921653980251087	0.3960229593620232	0.033693980744756234
0.22528	0.11844272400850962	0.19067338440302165	2.5473921379505073	0.3502100705196968	0.03504305354801331
0.23552	0.11014780249935527	0.17980026570106356	2.2466797162756724	0.3099930863350578	0.03639086872091673
0.24576000000000003	0.10245948316068457	0.16957361142408217	1.9840184144269564	0.27463980006750255	0.03773755604964492
0.256	0.09532947648989899	0.15995089902008966	1.754271668337584	0.24352076623070099	0.03908332352959484
0.26624000000000003	0.08871434035027832	0.15089356961695907	1.553059016116827	0.21609681775155354	0.04042825438571354
0.27648	0.08257419695641739	0.1423655609184618	1.3766166898659753	0.19190187279525323	0.04177250014212484
0.28672000000000003	0.07687296521468524	0.13433395636960413	1.2217175915362317	0.17053434114458854	0.04311611355390754
0.29696	0.07157739592366137	0.12676786340380453	1.0855761576121232	0.15164537056178168	0.044459207024857055
0.30720000000000003	0.06665725730329787	0.1196389243067186	0.9657933728896221	0.134932887429005	0.04580181359358299
0.31744	0.062084605780233976	0.1129204544022441	0.8602898735995488	0.12013342768265907	0.04714401817953364
0.32768	0.05783393382887471	0.10658784708764188	0.7672707492170804	0.10701791425193463	0.04848584105832777
0.34816	0.05027589232872157	0.09507933271504715	0.6142769618272251	0.08522226778185443	0.05116755833598867
0.36864	0.04371952698205079	0.08482829704119252	0.49395637645076257	0.06798525781490433	0.05384828012510086
0.38912	0.038025388826644864	0.0756879939882038	0.3990688911325122	0.05431461834595707	0.056528423652227926
0.4096	0.033082580694116216	0.06754134862600777	0.3240900234050537	0.04345840223981737	0.059207864976370546
0.43008	0.028792287546475278	0.06028098546461224	0.2646549098862357	0.0348237210155412	0.06188684485135345
0.45056	0.025068106492869925	0.05381068694485725	0.21736927684005783	0.027945243413961363	0.06456528979983457
0.47104	0.021834245410119597	0.04804337438453573	0.17959557732738637	0.02245643439900132	0.06724338514591836
0.49152000000000007	0.01902539594607233	0.04290209387165456	0.14929504981524347	0.018069749043911225	0.06992107518582127
0.512	0.016584735907491082	0.03831784809433152	0.12488042592961525	0.014558328727675606	0.0725984959808548
0.5324800000000001	0.014463375005786757	0.03422974725893901	0.1051193137689743	0.011743537771741863	0.07527560310807142
0.55296	0.012618823941358893	0.030583308564372264	0.08904841625840387	0.009483931732242606	0.07795249706956886
0.5734400000000001	0.011014479764964153	0.02733038761172072	0.07591539011772161	0.007667658274174283	0.0806291428197548
0.59392	0.009618529649632755	0.024427932140420928	0.06512896802450718	0.00620583199587115	0.08330561560744282
0.6144000000000001	0.008403531292813946	0.021837844385520278	0.0562246733076642	0.005027888568634334	0.08598188818341523
0.63488	0.007345629015502029	0.019526068360727317	0.04883536442191598	0.0040775679817309654	0.08865801756323739
0.65536	0.006424219002494606	0.017462429089569867	0.04267085191092266	0.0033100490514127263	0.09133398277954843
0.69632	0.004946524572693203	0.0140259577960289	0.03329999859345327	0.002201068667639095	0.09668491926942363
0.73728	0.0038141105455832157	0.011269798503147068	0.026488498688866928	0.0014675507618071991	0.10203542710940836
0.77824	0.002945323837951597	0.009057435581236322	0.021453050716960697	0.0009806521037244473	0.10738576352201239
0.8192	0.0022795785440468514	0.007283817404812045	0.01766711365182555	0.000656999533132908	0.11273574926889603
0.86016	0.0017692667995745518	0.005862382078374173	0.014768101867843135	0.0004413750108550646	0.11808553979115707
0.90112	0.0013776821019360812	0.004723057886221095	0.012508510937965752	0.00029735091477712405	0.12343505091707528
0.94208	0.001076691339191413	0.003809379244184806	0.010717643709791945	0.00020087953587034175	0.12878439044583365
0.9830400000000001	0.0008449045128281758	0.003076257364394979	0.009276525768834728	0.0001360836930384506	0.13413351288445277
1.024	0.0006660157009229736	0.0024875905262336994	0.008100601421685118	9.244225901092997e-5	0.13948248928448806
1.0649600000000001	0.0005276293353998671	0.0020145851624731414	0.007129306073645909	6.29706105568756e-5	0.1448312943930201
1.10592	0.00042028979849286977	0.0016342025176134263	0.006317972075965197	4.301460914689073e-5	0.1501799754805868
1.1468800000000001	0.0003367933221683739	0.0013280509342816868	0.005633510246053074	2.9466574509197497e-5	0.1555285187954138
1.18784	0.0002716350457738427	0.0010814099528318195	0.005050922098139679	2.0244482244126042e-5	0.16087695646146133
1.2288000000000001	0.00022061059172362736	0.0008825158409268455	0.004551087032761358	1.3950535546751735e-5	0.16622528136657738
1.26976	0.0001805000849048415	0.0007219477613485666	0.004119162273569015	9.643448406976418e-6	0.1715735158501943
1.31072	0.00014883731068608553	0.0005921686850148078	0.0037435000295699948	6.6880157532128365e-6	0.1769216566176167
1.39264	0.00010481399461495042	0.0004066590571157788	0.003138004035597454	3.3160198724556815e-6	0.18761755964568091
1.47456	7.605855585249483e-5	0.0002826130040414845	0.002660768860125497	1.6664434418008982e-6	0.19831318373336562
1.55648	5.689405834450502e-5	0.00019912345291517162	0.002279157778179156	8.498949293853074e-7	0.20900860725015205
1.6384	4.3861325238109636e-5	0.00014267779212738052	0.0019701408853332793	4.4165812989972776e-7	0.21970381679461767
1.72032	3.4776370742296625e-5	0.00010422644834510035	0.0017168847409521342	2.3482370950614614e-7	0.23039885910631222
1.80224	2.826848635571831e-5	7.776685454874188e-5	0.0015070539013910351	1.283034584658134e-7	0.24109373571498768
1.88416	2.347553151492821e-5	5.933541704264948e-5	0.00133149231449977	7.23802188497066e-8	0.25178847708173396
1.9660800000000003	1.9849286938670946e-5	4.63134398100857e-5	0.0011833046124798987	4.235954274284433e-8	0.2624830878950033
2.048	1.7036118600271654e-5	3.696537664761358e-5	0.0010572221948685144	2.582647764593799e-8	0.2731775886024756
2.1299200000000003	1.4803716367883052e-5	3.013573686633088e-5	0.0009491678290426602	1.6453164110896466e-8	0.28387198431152744
2.21184	1.299656408887381e-5	2.505123097739626e-5	0.0008559483567790975	1.0964116052929731e-8	0.2945662893717557
2.2937600000000002	1.1508238441078048e-5	2.11908765176562e-5	0.000775036470725418	7.634198697343344e-9	0.30526050849263603
2.37568	1.0264347296266207e-5	1.820120827829237e-5	0.00070441207182113	5.5372017585823785e-9	0.3159546521294449
2.4576000000000002	9.211660357616347e-6	1.5840239437458756e-5	0.0006424461455403934	4.165103907742429e-9	0.3266487243776053
2.53952	8.311270186200314e-6	1.3940756769550732e-5	0.0005878141297776774	3.2327150523350044e-9	0.33734273308683915
2.62144	7.534104956837516e-6	1.2385858190846341e-5	0.0005394308979217453	2.575836191242118e-9	0.3480366817412731
2.78528	6.29500589316176e-6	1.0060035891083959e-5	0.000459874583277936	1.755974304852996e-9	0.36942436453367533
2.94912	5.3246894487832445e-6	8.345917515935495e-6	0.00039552396770660067	1.263389155419594e-9	0.3908118599761435
3.11296	4.5511866585208366e-6	7.035734512389318e-6	0.00034280196597638455	9.43266007507597e-10	0.4121992026994298
3.2768	3.925288240704206e-6	6.00702540428278e-6	0.000299146825088201	7.232600622643763e-10	0.4335864049741276
3.44064	3.411918643150073e-6	5.181500295745738e-6	0.0002626433215710406	5.656688217790813e-10	0.45497348880121713
3.60448	2.9858245867451212e-6	4.507248077706233e-6	0.00023184642578007042	4.4927422221045554e-10	0.4763604639180659
3.76832	2.628495778805025e-6	3.94862940802994e-6	0.00020565339906949086	3.613171050452545e-10	0.49774734572307106
3.9321600000000005	2.3260825361749367e-6	3.4803027419211793e-6	0.00018320904128859354	2.9367794634396305e-10	0.5191341417663797
4.096	2.0680925537155067e-6	3.0837679385708714e-6	0.0001638575932550355	2.4095166980265614e-10	0.5405208631635936
4.2598400000000005	1.846420587708797e-6	2.7451548437714473e-6	0.00014707001672961215	1.994006613889823e-10	0.5619075158149431
4.42368	1.6547275588483683e-6	2.453854743810996e-6	0.00013242908678175327	1.663630961275055e-10	0.5832941079688202
4.5875200000000005	1.4880061183445077e-6	2.2016238001861196e-6	0.00011959944778548368	1.3989771247160387e-10	0.604680644285514
4.75136	1.3422601737370162e-6	1.9819687088381868e-6	0.00010830914633347017	1.1856100262181403e-10	0.6260671310249284
4.9152000000000005	1.2142691973951268e-6	1.7897120607384998e-6	9.833576509605042e-5	1.0126222281932357e-10	0.6474535719031684
5.07904	1.1014137601999388e-6	1.6206811666310187e-6	8.949591131479355e-5	8.716621592505536e-11	0.6688399717572443
5.24288	1.001544698212528e-6	1.4714794490268818e-6	8.163718649066401e-5	7.56264091795406e-11	0.6902263335742809
5.57056	8.387051174194998e-7	1.2287276220435644e-6	6.875894411244601e-5	5.87214957228703e-11	0.7329989217802821
5.89824	7.081725358720085e-7	1.0348286589229045e-6	5.836966579088013e-5	4.697473996754601e-11	0.775771393345807
6.22592	6.025597383294996e-7	8.784612278855726e-7	4.991522828123199e-5	3.8663750105806584e-11	0.8185437710617487
6.5536	5.165395770429258e-7	7.514337232630318e-7	4.2999212389823074e-5	3.2679053374702445e-11	0.8613160651002407
6.88128	4.46102495177402e-7	6.476187641001643e-7	3.7316768494064676e-5	2.8285119171689786e-11	0.9040882890658619
7.20896	3.88169024955954e-7	5.623594470203778e-7	3.262957818965837e-5	2.4989102157835342e-11	0.9468604499313198
7.53664	3.40332749918813e-7	4.920469803755785e-7	2.8749306465325013e-5	2.2457893077975002e-11	0.9896325569060218
7.864320000000001	3.0068991770739167e-7	4.3384198838782646e-7	2.5525819483383052e-5	2.0464751663644846e-11	1.0324046148378283
8.192	2.677209186180143e-7	3.8548616046286654e-7	2.2838597221520197e-5	1.8854403892859703e-11	1.0751766300780954
8.519680000000001	2.4020445907199687e-7	3.4516906668709604e-7	2.0590354501735744e-5	1.7519915436966428e-11	1.1179486060144401
8.84736	2.1715375470113745e-7	3.1143062088276323e-7	1.870221769347034e-5	1.6387223295611475e-11	1.1607205471025155
9.175040000000001	1.9776816388445553e-7	2.830878307664439e-7	1.711002101788882e-5	1.5404719203060662e-11	1.203492455731815
9.50272	1.813959495918707e-7	2.591787659638182e-7	1.576142381926706e-5	1.4536197516638621e-11	1.2462643350848133
9.830400000000001	1.6750522815478677e-7	2.389190548768609e-7	1.4613641649906865e-5	1.3756060434633146e-11	1.2890361868698592
10.15808	1.5566105806491598e-7	2.2166770821959697e-7	1.3631643625249426e-5	1.3046045640356888e-11	1.3318080134050936
10.48576	1.4550720811046574e-7	2.0690000491457498e-7	1.2786709584352904e-5	1.2392985528732831e-11	1.3745798159350857
11.14112	1.2975129423844162e-7	1.8402828466878236e-7	1.1466462462877072e-5	1.123537672943222e-11	1.460123329987241
11.79648	1.1755547787150495e-7	1.663977863068627e-7	1.0436377905732597e-5	1.02137869858136e-11	1.5456667623118314
12.45184	1.0784380004953916e-7	1.524129679759847e-7	9.608856588940977e-6	9.30014212618452e-12	1.631210123849786
13.1072	9.990833509942786e-8	1.4102732311748275e-7	8.926787478841288e-6	8.476801174453599e-12	1.7167534177292678
13.76256	9.325939337421866e-8	1.3152008390735587e-7	8.35056100375926e-6	7.731363785456843e-12	1.80229665012186
14.41792	8.755535220823953e-8	1.2338946053736937e-7	7.852487720594677e-6	7.0544742911724274e-12	1.8878398233422558
15.07328	8.255686537761933e-8	1.1628421185075688e-7	7.413140156967918e-6	6.438672240856404e-12	1.973382941852662
15.728640000000002	7.80955644886842e-8	1.0995742326977185e-7	7.018830401133912e-6	5.877756445750111e-12	2.058926007636475
16.384	7.405241844100647e-8	1.0423466996458415e-7	6.659861915640179e-6	5.36641765009048e-12	2.1444690241403417
17.039360000000002	7.034272942746511e-8	9.899196223403905e-8	6.3293168926962894e-6	4.900016561565318e-12	2.2300119931738487
17.69472	6.690572209859767e-8	9.41404451612791e-8	6.022214659474984e-6	4.4744427406202525e-12	2.3155549175357377
18.350080000000002	6.369731653950613e-8	8.961577811429455e-8	5.734927366090298e-6	4.086020048909534e-12	2.401097798919809
19.00544	6.068510921837013e-8	8.537075949984015e-8	5.464774116767704e-6	3.7314397731389765e-12	2.486640639681703
19.660800000000002	5.7844885688402204e-8	8.137020271848365e-8	5.20973891721514e-6	3.4077109253725184e-12	2.5721834414165166
20.31616	5.5158196196397234e-8	7.758737422431853e-8	4.96827454293286e-6	3.1121215914968486e-12	2.6577262061565894
20.97152	5.2610669054862116e-8	7.400151577558808e-8	4.739166055131676e-6	2.84220774557072e-12	2.7432689354007453
22.28224	4.7969951268645605e-8	6.747148128723256e-8	4.321413937945775e-6	2.3781801687873223e-12	2.9143542653445254
23.59296	4.375885455377455e-8	6.154706910321876e-8	3.942257589961661e-6	1.9903689727722087e-12	3.085439472080109
24.90368	3.9926221842398305e-8	5.615572840404439e-8	3.5970811715286958e-6	1.6658390244185146e-12	3.2565245690225026
26.2144	3.6433820676072935e-8	5.1243328607385386e-8	3.2824963285869304e-6	1.3942338318674501e-12	3.4276095650274607
27.52512	3.324935287039718e-8	4.676424242342629e-8	2.9956231999186764e-6	1.1669171341673931e-12	3.598694469410955
28.83584	3.034456908500783e-8	4.267863574601333e-8	2.7339316997959248e-6	9.76665090199057e-13	3.769779289718835
30.14656	2.7694318723168022e-8	3.895108214045861e-8	2.495163713745431e-6	8.174331470587885e-13	3.9408640335765273
31.457280000000004	2.5275980657498798e-8	3.554973782265618e-8	2.2772853208343337e-6	6.841629815780597e-13	4.111948707395282
32.768	2.3069086631577634e-8	3.244580001888294e-8	2.078454622149974e-6	5.726213504716851e-13	4.283033317469939
34.078720000000004	2.1055051202119563e-8	2.9613120958682544e-8	1.8969983277371948e-6	4.792653958176387e-13	4.454117869198708
35.38944	1.9216963837726723e-8	2.7027912229828124e-8	1.731393507217853e-6	4.0112999535773793e-13	4.6252023678013705
36.700160000000004	1.753941946149436e-8	2.466850473694759e-8	1.5802525759770158e-6	3.3573352224561083e-13	4.796286817799244
38.01088	1.600837449703779e-8	2.251514533600421e-8	1.4423104592464833e-6	2.8099899045523263e-13	4.967371223532095
39.321600000000004	1.4611021162730422e-8	2.0549819556197495e-8	1.3164133375626431e-6	2.3518806790395117e-13	5.138455588775051
40.63232	1.3335675772790481e-8	1.875609424492286e-8	1.2015086210244963e-6	1.9684585370606095e-13	5.309539917141969
41.94304	1.217167842626986e-8	1.711897634646038e-8	1.0966359321487702e-6	1.647546623040988e-13	5.480624211779064
44.56448	1.0199445571736167e-8	1.4345353817118553e-8	9.188992050928905e-7	1.1676742358751163e-13	5.822792684997424
47.18592	8.550063011547447e-9	1.2025518474757937e-8	7.703048224795067e-7	8.282844897735906e-14	6.164961056501836
49.80736	7.1676931154758915e-9	1.008123227599098e-8	6.457631699041799e-7	5.875790439833569e-14	6.5071293450401235
52.4288	6.008869888761146e-9	8.451366563402861e-9	5.41360839673246e-7	4.1682771250486087e-14	6.849297563462303
55.05024	5.037417882353996e-9	7.085036128313233e-9	4.538393389692879e-7	2.956980817456674e-14	7.191465723761887
57.67168	4.223034671119465e-9	5.939620459800553e-9	3.804686788817116e-7	2.0976929318120504e-14	7.533633834795857
60.29312	3.540320945320205e-9	4.97939575991941e-9	3.189605633283096e-7	1.4881159911785504e-14	7.875801905069994
62.91456000000001	2.967985727912326e-9	4.1744165769128575e-9	2.673968239073126e-7	1.0556819557218039e-14	8.217969940725741
65.536	2.488181504864865e-9	3.499580651838725e-9	2.2416952208363758e-7	7.489120964992357e-15	8.56013794780972
68.15744000000001	2.0859470970183027e-9	2.9338453210449735e-9	1.8793075685841604e-7	5.312880056833659e-15	8.902305930568236
70.77888	1.7487407356733306e-9	2.459570789917664e-9	1.575505987594249e-7	3.769038588318203e-15	9.244473893308442
73.40032000000001	1.4660487155711683e-9	2.0619697065149923e-9	1.320818325867596e-7	2.6738223602896868e-15	9.586641838956231
76.02176	1.2290573773620393e-9	1.7286458082854365e-9	1.1073040553294245e-7	1.8968627176480504e-15	9.928809770586742
78.64320000000001	1.0303781635694012e-9	1.4492072164564391e-9	9.28306567675328e-8	1.3456763575613062e-15	10.270977690207584
81.26464	8.638171539084004e-10	1.2149422904319144e-9	7.782455423086744e-8	9.546555566828492e-16	10.613145600020044
83.88608	7.241818809783109e-10	1.0185479166983737e-9	6.52442900989346e-8	6.772579903700937e-16	10.955313501394492
89.12896	5.192076813524689e-10	7.302833546595099e-10	4.6772684526932715e-8	3.5461019067999857e-16	11.639649272262414
94.37184	3.7285504667810187e-10	5.244317997689823e-10	3.3588962713446255e-8	1.8631825401490487e-16	12.323985023048477
99.61472	2.6779962245115304e-10	3.766677785889148e-10	2.4125007267114773e-8	9.792505943016773e-17	13.00832076216937
104.8576	1.9234797806249016e-10	2.7054286593839243e-10	1.7327871331078782e-8	5.1469191738539037e-17	13.692656491490967
110.10048	1.3815512860395227e-10	1.9431908551656927e-10	1.2445852196377758e-8	2.705238515762517e-17	14.376992215242497
115.34336	9.923104231007608e-11	1.3957125603562966e-10	8.939335015450835e-9	1.4218951050119685e-17	15.06132793396613
120.58624	7.127367515941171e-11	1.0024842895207075e-10	6.4207660081890756e-9	7.473658092471051e-18	15.745663650108531
125.82912000000002	5.1193139232000034e-11	7.20045885377942e-11	4.6117895292255054e-9	3.928280736314164e-18	16.42999936367499
131.072	3.6770144587820766e-11	5.171824018587891e-11	3.312478589019978e-9	2.0647876376942288e-18	17.114335076115168
136.31488000000002	2.6410695921947063e-11	3.714738414322324e-11	2.3792364824606723e-9	1.0853050017478095e-18	17.79867078723899
141.55776	1.8969909230989087e-11	2.6681708555426655e-11	1.7089251457275159e-9	5.704685570484661e-19	18.483006497926077
146.80064000000002	1.3625471317722534e-11	1.9164606610373945e-11	1.22746563360182e-9	2.9985760623050395e-19	19.1673422079429
152.04352	9.786753809358999e-12	1.3765342797096982e-11	8.816505658588949e-10	1.5761655539850586e-19	19.851677917835833
157.28640000000001	7.029535365206511e-12	9.887237820737622e-12	6.332635123134649e-10	8.284989347425546e-20	20.536013627389185
162.52928	5.0491164091214e-12	7.101723136459298e-12	4.548552858076695e-10	4.354972238267773e-20	21.220349336949912
167.77216	3.6266440781900934e-12	5.100976030190911e-12	3.2671029083694915e-10	2.2891913505382006e-20	21.904685046339804
178.25792	1.9850179578963966e-12	2.7922116860506427e-12	1.7878421074140957e-10	7.115334006109018e-21	23.27335646226792
188.74368	1.0938753377710882e-12	1.5386757730059853e-12	9.852524643955369e-11	2.242912691444605e-21	24.642027877767692
199.22944	6.033010489865693e-13	8.486178341705287e-13	5.43395776463857e-11	7.081685808301474e-22	26.010699294279625
209.7152	3.327685647139302e-13	4.680802054161194e-13	2.997261831528024e-11	2.2363854299594527e-22	27.379370710779632
220.20096	1.8355025892664007e-13	2.581861738745811e-13	1.65324570872739e-11	7.062709759427378e-23	28.748042127842844
230.68672	1.0124372416679571e-13	1.4241183889757218e-13	9.119069169826943e-12	2.2305027858610648e-23	30.116713544918053
241.17248	5.584461067933994e-14	7.855236269850543e-14	5.029949906256238e-12	7.04433542533697e-24	31.485384962293544
251.65824000000003	3.080310600941644e-14	4.3328384554919146e-14	2.7744499695244397e-12	2.2247593544500868e-24	32.85405637968059
262.144	1.699056810148619e-14	2.389933896300074e-14	1.5303482916879444e-12	7.0263819740896995e-25	34.2227277972255
272.62976000000003	9.37176701024391e-15	1.3182551401904105e-14	8.441193613893449e-13	2.219147079463445e-25	35.591399214777994
283.11552	5.1693423200717564e-15	7.271320449426043e-15	4.656050339819042e-13	7.008836541292768e-26	36.96007063241283
293.60128000000003	2.851342289673815e-15	4.010766223784018e-15	2.56821705626829e-13	2.2136613058313606e-26	38.32874205005208
304.08704	1.5727644700689395e-15	2.21228810759844e-15	1.4165961467683895e-13	6.991682289503795e-27	39.69741346773407
314.57280000000003	8.67517627899513e-16	1.220271041920564e-15	7.813770853892361e-14	2.208296231341675e-27	41.0660848854185
325.05856	4.785124243360126e-16	6.730870222268555e-16	4.3099831965843187e-14	6.974899725168527e-28	42.43475630312508
335.54432	2.6394195118662005e-16	3.7126706360051244e-16	2.377337150460262e-14	2.2030454132415563e-28	43.80342772083295
356.51584	9.237562160141983e-17	1.2996181266855526e-16	8.316279481862327e-15	2.903893114512729e-29	46.540770556198574
377.48736	3.325045570557107e-17	4.677794065690358e-17	2.9937377416555536e-15	4.053464429391312e-30	49.27811339156116
398.45888	1.2033151042407246e-17	1.692849500899271e-17	1.0834418738921602e-15	5.718734816572147e-31	52.01545622695841
419.4304	4.358994152949902e-18	6.132318135531056e-18	3.924768713959786e-16	8.083879531349755e-32	54.752799062357774
440.40192	1.5793106142262175e-18	2.2218046230835228e-18	1.4219868394556753e-16	1.1431361829511089e-32	57.49014189776786
461.37344	5.72216595014426e-19	8.050053261672028e-19	5.152149952224299e-17	1.616628447729288e-33	60.227484733178606
482.34496	2.0732614467128595e-19	2.9167041699273815e-19	1.8667325670781667e-17	2.2863058864118426e-34	62.96482756859262
503.31648000000007	7.511847395165711e-20	1.056781189412824e-19	6.763551035165233e-18	3.2334512039140104e-35	65.70217040400681
524.288	2.721688384170392e-20	3.828923806034554e-20	2.4505659675587928e-18	4.573042724180855e-36	68.43951323942201
545.2595200000001	9.861185289283354e-21	1.387290619331501e-20	8.878857827973778e-19	6.467713425527841e-37	71.17685607483726
566.23104	3.572884972274086e-21	5.026403748921547e-21	3.2169699415846045e-19	9.147501318191862e-38	73.91419891025282
587.2025600000001	1.2945184439111766e-21	1.8211536306124504e-21	1.165564194604604e-19	1.2937788006595116e-38	76.6515417456684
608.17408	4.690258904824947e-22	6.598347186158452e-22	4.2230357627689226e-20	1.8298818384391384e-39	79.38888458108407
629.1456000000001	1.699357737985082e-22	2.390689448006539e-22	1.5300750872373128e-20	2.5881602343117343e-40	82.12622741649976
650.11712	6.157044256418826e-23	8.661849451207926e-23	5.543706052954553e-21	3.660698896926398e-41	84.86357025191549
671.08864	2.2307928068415567e-23	3.1383226823224784e-23	2.008570794049373e-21	5.1777519599494245e-42	87.60091308733121
713.03168	3.45096848890161e-24	4.857338799077519e-24	3.1030175455636745e-22	1.4315679287345022e-43	93.0755987581626
754.97472	5.879068671653508e-25	8.27417934206977e-25	5.2878288559828293e-23	4.8153298683452474e-45	98.55028442899399
796.91776	1.0514133960588415e-25	1.4796546484619596e-25	9.45829695265407e-24	1.784577781487584e-46	104.02497009982541
838.8608	1.9213781547352918e-26	2.703892993537233e-26	1.728541098959665e-24	6.90430142556644e-48	109.49965577065683
880.80384	3.543259806165022e-27	4.986267964725639e-27	3.187726980609699e-25	2.7200953899744154e-49	114.97434144148825
922.74688	6.558777282585155e-28	9.22983255092888e-28	5.900728483682191e-26	1.0797024492875337e-50	120.44902711231967
964.68992	1.215930352543649e-28	1.711114034184976e-28	1.0939395629965343e-26	4.298911193302986e-52	125.92371278315109
1006.6329600000001	2.2556166771496287e-29	3.174207216090195e-29	2.0293207030426702e-27	1.7137960575847744e-53	131.3983984539825
1048.576	4.185347801287571e-30	5.889811848235079e-30	3.7654531271221434e-28	6.83571927165761e-55	136.87308412481394
1090.5190400000001	7.76679670027157e-31	1.0929788613804143e-30	6.987595356175098e-29	2.727108193517492e-56	142.34776979564538
1132.46208	1.4413512826245945e-31	2.028334832041067e-31	1.296748313843064e-29	1.0880776249335528e-57	147.82245546647678
1174.4051200000001	2.674881057451313e-32	3.764213783659485e-32	2.406524797543963e-30	4.3414486131974985e-59	153.29714113730822
1216.34816	4.9641111133711116e-33	6.985722008001548e-33	4.466088869567493e-31	1.7322777487236143e-60	158.77182680813965
1258.2912000000001	9.212535042368759e-34	1.2964296638559012e-33	8.288291485359755e-32	6.912012895517025e-62	164.24651247897106
1300.23424	1.709687625458437e-34	2.4059498867198548e-34	1.5381639424498368e-32	2.7579980075707587e-63	169.72119814980243
1342.17728	3.172883196327233e-35	4.4650250090723994e-35	2.8545650044383906e-33	1.100486965117836e-64	175.1958838206338
1426.06336	-1.985537630060997e-36	-2.7923176562890925e-36	-1.7902173592979978e-34	5.7627210396918585e-67	186.14525516229668
1509.94944	-5.0203727522711e-37	-7.0646703173114365e-37	-4.5175586540480306e-35	4.8830121682816535e-68	197.09462650395955
1593.83552	-5.652263703350039e-38	-7.955398084445411e-38	-5.083287818240188e-36	8.226585848985284e-70	208.0439978456224
1677.7216	-4.406582960813611e-39	-6.203037519342316e-39	-3.96124643659971e-37	6.647305866092314e-72	218.99336918728525
1761.60768	-2.214201813470327e-40	-3.117677943971773e-40	-1.9888544670782553e-38	2.229676222905117e-74	229.9427405289481
1845.49376	-1.2069049014844122e-43	-1.811450629047342e-43	-8.636235852923177e-42	5.594298099416396e-81	240.89211187061096
1929.37984	1.538649612876998e-42	2.164902058664037e-42	1.3851500035218787e-40	1.9148804788972913e-78	251.84148321227383
2013.2659200000003	2.168171833867872e-43	3.0514449886834895e-43	1.9503036337930146e-41	5.051382487307792e-80	262.7908545539367
2097.152	1.96232741561373e-44	2.7621402970761193e-44	1.7643627488575765e-42	5.500979162784856e-82	273.74022589559956
2181.0380800000003	1.2311263504275316e-45	1.733221641852968e-45	1.106321127479344e-43	2.877965832928925e-84	284.68959723726243
2264.92416	3.494080390751242e-47	4.922535892570429e-47	3.1330823996030896e-45	3.0713283141283298e-87	295.63896857892524
2348.8102400000002	-3.7449022242246253e-48	-5.267357933161334e-48	-3.3747886452790398e-46	4.741714913120623e-89	306.5883399205881
2432.69632	-7.711215956013959e-49	-1.0851738924543608e-48	-6.938094969595356e-47	2.6667522991731785e-90	317.537711262251
2516.5824000000002	-8.192687092072576e-50	-1.1531207555165893e-49	-7.367537146567114e-48	4.001353778194035e-92	328.48708260391385
2600.46848	-6.081954885173568e-51	-8.56161502875892e-51	-5.4669090001677086e-49	2.9316099391996426e-94	339.4364539455768
2684.35456	-2.7810158325874636e-52	-3.916052972433421e-52	-2.4974307181304953e-50	8.140849085569398e-97	350.3858252872397
2852.12672	2.1974059239374668e-52	3.0976711233482574e-52	1.9687480799926644e-50	8.707484332075714e-97	372.28456797056543
3019.89888	1.548809848661259e-53	2.1816365085243363e-53	1.3902351391318013e-51	7.455960165081422e-99	394.1833106538911
3187.67104	3.885225392912353e-55	5.465865575416173e-55	3.496852851238312e-53	8.098663819417778e-102	416.0820533372168
3355.4432	-1.9660392605778877e-56	-2.7736660074432784e-56	-1.758617868841244e-54	3.516628345525121e-104	437.98079602054247
3523.21536	-2.4602099657764967e-57	-3.466314003407177e-57	-2.206987562960574e-55	9.50840348924141e-106	459.87953870386826
3690.98752	-1.0661158947914906e-58	-1.5010420279450388e-58	-9.578745463337016e-57	3.0750302470412772e-108	481.778281387194
3858.75968	1.2026066296394324e-61	1.765485710021347e-61	9.790959414207208e-60	5.515780021107176e-114	503.6770240705197
4026.5318400000006	3.222757882669489e-61	4.542328882875329e-61	2.8887721684777495e-59	8.24341793207703e-113	525.5757667538453
4194.304	2.120202979586336e-62	2.9862515219299533e-62	1.903393344690854e-60	6.144154672971675e-115	547.474509437171
4362.0761600000005	4.682784974258523e-64	6.586277268979686e-64	4.2169857590142905e-62	5.177661201836595e-118	569.3732521204968
4529.84832	-3.116943608852463e-65	-4.396359278647411e-65	-2.789474591128049e-63	3.8895422607960236e-120	591.2719948038225
4697.6204800000005	-3.4650965130887615e-66	-4.881920121281142e-66	-3.108766210189657e-64	8.293810641864839e-122	613.1707374871482
4865.39264	-1.399043514828481e-67	-1.9696325606282777e-67	-1.2572197853310488e-65	2.3287599289297988e-124	635.069480170474
5033.1648000000005	8.552104786182232e-70	1.2146442851482004e-69	7.535820050549117e-68	1.4364405609395345e-128	656.9682228537997
5200.93696	4.6956390326449267e-70	6.617837813200629e-70	4.2096438800724056e-68	7.695585232182502e-129	678.8669655371252
5368.70912	2.8887661368953825e-71	4.0685517414105305e-71	2.5936465083829656e-69	5.015298927861139e-131	700.7657082204507
5704.25344	1.0832435972262745e-74	1.0513065973664857e-74	1.6502291200933172e-72	5.479981473594617e-137	744.5631935871021
6039.79776	-2.82073630162729e-74	-3.9924916978258905e-74	-2.501881966339791e-72	3.3677021454656988e-136	788.3606789537534
6375.34208	-8.009137689326552e-76	-1.1298383970332637e-75	-7.160137080430728e-74	7.367548330406475e-139	832.1581643204048
6710.8864	5.469152927030387e-78	7.848231082998622e-78	4.694538337094886e-76	8.458661595951053e-143	875.9556496870563
7046.43072	9.44420745422242e-79	1.3360612049322247e-78	8.388266111496061e-77	7.212588591822266e-144	919.7531350537075
7381.97504	2.1010476243569428e-80	2.9613538668413875e-80	1.882242944550609e-78	9.699034902493716e-147	963.5506204203589
7717.51936	-3.4558302672993576e-82	-4.919646163450033e-82	-3.0243736835257024e-80	6.68772523366428e-150	1007.3481057870104
8053.063680000001	-3.0427190411880797e-83	-4.3022489834511156e-83	-2.7058318696069886e-81	1.429682118921846e-151	1051.1455911536618
8388.608	-5.095372970013339e-85	-7.171710621282996e-85	-4.5794694048602044e-83	1.0937008323876048e-154	1094.9430765203133
8724.152320000001	1.5815254006602073e-86	2.2453939419245497e-86	1.392924681095075e-84	2.7024261513874245e-157	1138.7405618869648
9059.69664	9.458396183002341e-88	1.3366917807643799e-87	8.421104529841177e-86	2.6379528732565853e-159	1182.5380472536162
9395.240960000001	1.0826567052103346e-89	1.519838595057666e-89	9.78899965043096e-88	9.519976818799327e-163	1226.3355326202677
9730.78528	-6.318204133358335e-91	-8.957644611233543e-91	-5.583404285985659e-89	8.271566482871631e-165	1270.1330179869192
10066.329600000001	-2.8369799798968326e-92	-4.0072123255465836e-92	-2.528934925307903e-90	4.5320560316937045e-167	1313.9305033535707
10401.87392	-1.6914829166556865e-94	-2.3563703126161534e-94	-1.555996881509046e-92	4.582133681330989e-171	1357.727988720222
10737.41824	2.330266237528872e-95	3.300667122239308e-95	2.063766002497687e-93	2.1527895029549445e-172	1401.525474086873
11408.50688	6.497547981456639e-96	9.328819665245257e-96	5.554739702766606e-94	8.876351978697335e-173	1489.1204448201754
12079.59552	5.682367482253322e-98	8.041588676951595e-98	5.045698689146802e-96	4.010856857051639e-176	1576.715415553478
12750.68416	-1.025759082077986e-99	-1.482201701790612e-99	-8.669198878970766e-98	6.444593633992747e-179	1664.3103862867806
13421.7728	-2.4320589471979098e-101	-3.4674725785000916e-101	-2.1190538544202116e-99	2.0938823561928606e-181	1751.9053570200836
14092.86144	1.0555906702377574e-104	1.977848052129105e-104	2.7443983549560264e-103	1.9095414656092715e-188	1839.5003277533863
14763.95008	6.137391903410368e-105	8.796209421332456e-105	5.283524539737699e-103	3.848032835447931e-187	1927.095298486689
15435.03872	5.886416177344342e-107	8.321678721882925e-107	5.224496350255565e-105	2.045667930832483e-190	2014.6902692199915
16106.127360000002	-9.3266040291923e-109	-1.348168819295257e-108	-7.871846352910537e-107	2.5249583440143114e-193	2102.285239953294
16777.216	-2.394332709585672e-110	-3.4146107309956675e-110	-2.084420055429955e-108	9.625563700174505e-196	2189.880210686597
17448.304640000002	-8.505640129791503e-114	-7.646102435197424e-114	-1.3545030334426743e-111	2.2098883390852407e-201	2277.4751814199
18119.39328	5.853718565436984e-114	8.393036391741096e-114	5.034528185650263e-112	1.659902575045924e-201	2365.070152153203
18790.481920000002	6.074715209838474e-116	8.597062611981299e-116	5.379119432519747e-114	1.0302487555255808e-204	2452.6651228865057
19461.57056	-8.434490020399178e-118	-1.2206366872380796e-117	-7.099350934756284e-116	9.756896386873594e-208	2540.2600936198082
20132.659200000002	-2.3516697301135304e-119	-3.3551480765190996e-119	-2.0453911616009902e-117	4.403336067420255e-210	2627.855064353111
20803.74784	-2.6359896822159894e-122	-3.332162773239091e-122	-2.879648901060019e-120	4.74529090538929e-215	2715.4500350864137
21474.83648	5.5690481342622466e-123	7.988346504929513e-123	4.784944947163157e-121	7.123482003488483e-216	2803.0450058197166
22817.01376	8.070718509651952e-124	1.2307249603786854e-123	5.814147285462825e-122	2.138035457683469e-216	2978.234947286322
24159.19104	1.6790094401323645e-126	2.398132375713176e-126	1.4686862425681462e-124	2.386024181077331e-220	3153.4248887529275
25501.36832	-2.636476551725102e-128	-4.1009953337976433e-128	-1.8990683047202982e-126	6.6343854038128435e-223	3328.614830219533
26843.5456	-1.428767457317329e-130	-2.0962733389579216e-130	-1.1611353780413613e-128	4.060129626252883e-226	3503.8047716861383
28185.72288	6.656854903675839e-133	1.0663131734127039e-132	4.531411102035047e-131	1.0073899360373468e-229	3678.9947131527438
29527.90016	7.897524088995942e-135	1.1786863666647945e-134	6.1896323317511335e-133	3.0575835904449846e-232	3854.184654619349
30870.07744	-4.630220663211468e-138	-9.805757192599976e-138	-8.702936761052216e-137	9.828886381910415e-239	4029.3745960859546
32212.254720000004	-3.4440352265820956e-139	-5.216585027210444e-139	-2.6210024013528867e-137	1.4493479508606668e-238	4204.56453755256
33554.432	-8.155740224988e-142	-1.1203432128493374e-141	-7.311107175197298e-140	1.8333755094584315e-242	4379.754479019165
34896.609280000004	1.205233712543889e-143	1.8581865390089716e-143	8.85077976135091e-142	4.3680748810282215e-245	4554.94442048577
36238.78656	6.950934737435301e-146	1.0144286161247951e-145	5.658296543027467e-144	2.902275612113977e-248	4730.134361952375
37580.963840000004	-3.018635517301527e-148	-4.820485262944637e-148	-2.054738009598413e-146	6.221855077460552e-252	4905.324303418981
38923.14112	-3.7992453325438165e-150	-5.666497297254872e-150	-2.9747812145873477e-148	2.1201013792640952e-254	5080.514244885586
40265.318400000004	1.532686684595161e-153	3.619339824532809e-153	-9.49865997542962e-153	3.514073099667274e-262	5255.704186352192
41607.49568	1.6382410482722863e-154	2.4824816926506867e-154	1.2447991063275565e-152	9.811246130642458e-261	5430.894127818798
42949.67296	4.155154601114062e-157	5.7527270436923863e-157	3.6854891308738983e-155	1.3981553438323807e-264	5606.0840692854035
45634.02752	-5.442813777416309e-159	-1.812476946017189e-158	4.903978900122441e-159	1.8081196805027572e-268	5956.463952218615
48318.38208	-7.47912275823129e-163	-2.589318841406617e-162	8.905968787544493e-161	1.0595509828048435e-271	6306.843835151826
51002.73664	2.3657330413109522e-164	9.69904207630393e-164	3.6757315108978843e-163	4.280034002078468e-275	6657.223718085037
53687.0912	-2.3140876555272097e-168	1.0398549309529892e-167	-5.601935465310553e-166	5.291450981894542e-279	7007.603601018248
56371.44576	-1.1051965285756687e-169	-5.239727301780572e-169	-2.2730424741662906e-168	7.153407868973738e-282	7357.983483951459
59055.80032	1.0553308884688831e-173	-7.391661839285181e-173	6.997825114990515e-172	8.202164215601043e-287	7708.363366884669
61740.15488	4.5644703087120925e-175	2.719753690102706e-174	5.218950458330098e-174	9.421240987744054e-289	8058.74324981788
64424.50944000001	-1.2020943386658852e-179	5.421750721312392e-178	4.6410499031584033e-178	7.066499347881906e-294	8409.123132751089
67108.864	-1.5566122170428777e-180	-1.356425973591032e-179	8.210729790222797e-180	1.0045937070612612e-295	8759.503015684299
69793.21856000001	1.9156396156522524e-184	-3.2251647952112173e-183	1.916530911868733e-182	7.801508282564961e-300	9109.882898617509
72477.57312	4.5976513964062e-186	6.68189851450295e-185	-9.42017734762257e-185	8.476763726371924e-303	9460.262781550719
75161.92768000001	-2.5043058083962694e-189	1.7336248658942677e-188	-1.7982362207211505e-187	2.2624238108882513e-306	9810.642664483928
77846.28224	-1.3895858081222173e-191	-3.3224692804920054e-190	2.609797352250584e-190	5.12173884226963e-310	10161.022547417138
80530.63680000001	1.4834904982993942e-194	-9.782023773799868e-194	5.737330719316477e-193	4.2249023631e-313	10511.402430350348
83214.99136	4.918430382706265e-197	1.6685418160309269e-195	-1.6121953013956994e-196	1.520136e-317	10861.78231328356
85899.34592	-4.6580265311908225e-200	5.974213763742083e-199	4.508755330902132e-199	6.05e-320	11212.16219621677
91268.05504	-1.9942301146342795e-200	2.5631693955614435e-199	6.219175823015651e-199	1.265e-320	11912.921962083192
96636.76416	1.6065641846039973e-204	8.727258493918267e-204	1.6620127147250555e-202	0.0	12613.681727949615
102005.47328	3.075677913907292e-206	-6.536702826721029e-205	-4.812540910015233e-205	0.0	13314.441493816039
107374.1824	-1.5352735476808385e-210	-4.0078010968765414e-209	7.423188416122869e-209	0.0	14015.20125968246
112742.89152	-6.273331768552823e-212	1.637737133760418e-210	-6.621844745710779e-211	0.0	14715.961025548882
118111.60064	-4.484280143222975e-216	1.4037089672926643e-214	-5.3174338930300525e-214	0.0	15416.720791415302
123480.30976	1.1606494909257653e-217	-4.12326652343075e-216	2.8592083389545618e-217	0.0	16117.480557281724
128849.01888000002	7.489589736767904e-222	-4.782796444832069e-220	-2.799008649387949e-220	0.0	16818.240323148144
134217.728	-2.0376831157072323e-223	1.0395377900379856e-221	4.958157650235526e-223	0.0	17519.000089014564
139586.43712000002	-9.078007911568289e-228	1.5212304715073704e-225	7.828670306245504e-226	0.0	18219.759854880984
144955.14624	3.6646967528966066e-229	-2.6181285780584526e-227	-8.640952845490235e-230	0.0	18920.519620747407
150323.85536000002	2.995035067056058e-233	-4.591143875320119e-231	5.454738910560421e-232	0.0	19621.279386613827
155692.56448	-6.614894571943215e-235	6.591248041494594e-233	-1.2397667727884396e-235	0.0	20322.03915248025
161061.27360000001	-7.695357782225748e-239	1.3487239149882604e-236	-8.365612643693527e-238	0.0	21022.79891834667
166429.98272	1.1910235122736147e-240	-1.658860003140679e-238	-7.96598872077405e-243	0.0	21723.558684213094
171798.69184	1.5534323237713907e-244	-3.88629548396969e-242	-7.488455048634183e-244	0.0	22424.318450079514
182536.11008	6.663994070137207e-245	-1.7016827953340142e-242	-2.509151214697835e-244	0.0	23825.837981812358
193273.52832	3.467791654753838e-250	-1.988696603791145e-247	-1.667141071026157e-248	0.0	25227.3575135452
204010.94656	-6.018056567583425e-251	2.1461510321776087e-248	-8.753277059952581e-252	0.0	26628.877045278045
214748.3648	-1.0594188842505009e-255	5.62936022423903e-253	-1.09587479806285e-254	0.0	28030.396577010888
225485.78304	5.441571644544338e-257	-2.7062516835672162e-254	1.5085691200802846e-257	0.0	29431.916108743735
236223.20128	1.5141947535553313e-261	-1.1038299930440147e-258	-7.685067130018722e-262	0.0	30833.43564047658
246960.61952	-4.899901653306717e-263	3.411989552949234e-260	4.55888311310803e-264	0.0	32234.955172209422
257698.03776000004	-1.8600176848415793e-267	1.888792528283472e-264	1.3202301352010486e-267	0.0	33636.47470394226
268435.456	4.416391774224954e-269	-4.3010377103749914e-266	2.3352885152783586e-271	0.0	35037.9942356751
279172.87424000003	2.1424560734268046e-273	-3.0082455644233603e-270	5.479083109479435e-274	0.0	36439.51376740794
289910.29248	-3.9800828531455326e-275	5.420828995851108e-272	-2.0177794557496628e-277	0.0	37841.033299140785
300647.71072000003	-2.345270980945304e-279	4.583226197057193e-276	4.272808927293975e-281	0.0	39242.55283087363
311385.12896	3.586189548847969e-281	-6.831010603913204e-278	-5.801716534452573e-284	0.0	40644.07236260648
322122.54720000003	2.487197376717613e-285	-6.77503797775231e-282	-3.8432225348618036e-287	0.0	42045.59189433932
332859.96544	-3.230950154768315e-287	8.606584327395442e-284	-3.2734954857504265e-291	0.0	43447.11142607216
343597.38368	-2.578816999526882e-291	9.79806533631865e-288	-1.5506714901814137e-293	0.0	44848.630957805
365072.22016	-1.121357064983092e-291	4.273019369615638e-288	-2.9125516129584472e-294	0.0	47651.670021270686
386547.05664	-4.669373425884044e-297	2.490608772495078e-293	-4.6100951092361413e-299	0.0	50454.70908473637
408021.89312	5.05519694911509e-298	-2.694769041714529e-294	-1.1761526639969595e-301	0.0	53257.74814820207
429496.7296	4.733811148566434e-303	-3.531209365727485e-299	-1.1576927874396947e-305	0.0	56060.78721166776
450971.56608	-2.2788054967005103e-304	1.6993067705711048e-300	1.70462827199098e-309	0.0	58863.82627513345
472446.40256	-3.319210742707006e-309	3.4633205004716446e-305	-1.129342651887e-312	0.0	61666.865338599135
493921.23904	1.0271891999849e-310	-1.0714836929575705e-306	7.199481e-316	0.0	64469.904402064814
515396.0755200001	2.030575837e-315	-2.9637710035293e-311	-4.3947e-320	0.0	67272.9434655305
536870.912	-4.6298566e-317	6.75558350284e-313	6.4e-323	0.0	70075.98252899617
558345.7484800001	-1.156e-321	2.3606797e-317	0.0	0.0	72879.02159246187
579820.58496	2.0e-323	-4.25894e-319	0.0	0.0	75682.06065592755
601295.4214400001	0.0	-2.0e-323	0.0	0.0	78485.09971939324
622770.25792	0.0	0.0	0.0	0.0	81288.13878285892
644245.0944000001	0.0	0.0	0.0	0.0	84091.17784632462
665719.93088	0.0	0.0	0.0	0.0	86894.2169097903
687194.76736	0.0	0.0	0.0	0.0	89697.25597325597
730144.44032	0.0	0.0	0.0	0.0	95303.33410018736
773094.11328	0.0	0.0	0.0	0.0	100909.41222711874
816043.78624	0.0	0.0	0.0	0.0	106515.49035405011
858993.4592	0.0	0.0	0.0	0.0	112121.56848098148
901943.13216	0.0	0.0	0.0	0.0	117727.64660791286
944892.80512	0.0	0.0	0.0	0.0	123333.72473484425
987842.47808	0.0	0.0	0.0	0.0	128939.80286177562
1.0307921510400001e6	0.0	0.0	0.0	0.0	134545.88098870698
1.073741824e6	0.0	0.0	0.0	0.0	140151.95911563834
1.1166914969600001e6	0.0	0.0	0.0	0.0	145758.03724256973
1.15964116992e6	0.0	0.0	0.0	0.0	151364.1153695011
1.2025908428800001e6	0.0	0.0	0.0	0.0	156970.19349643248
1.24554051584e6	0.0	0.0	0.0	0.0	162576.27162336386
1.2884901888000001e6	0.0	0.0	0.0	0.0	168182.34975029525
1.33143986176e6	0.0	0.0	0.0	0.0	173788.4278772266
1.37438953472e6	0.0	0.0	0.0	0.0	179394.50600415797
1.46028888064e6	0.0	0.0	0.0	0.0	190606.66225802072
1.54618822656e6	0.0	0.0	0.0	0.0	201818.81851188347
1.63208757248e6	0.0	0.0	0.0	0.0	213030.9747657462
1.7179869184e6	0.0	0.0	0.0	0.0	224243.13101960893
1.80388626432e6	0.0	0.0	0.0	0.0	235455.28727347168
1.88978561024e6	0.0	0.0	0.0	0.0	246667.4435273344
1.97568495616e6	0.0	0.0	0.0	0.0	257879.59978119712
2.0615843020800003e6	0.0	0.0	0.0	0.0	269091.75603505987
2.147483648e6	0.0	0.0	0.0	0.0	280303.91228892264
2.2333829939200003e6	0.0	0.0	0.0	0.0	291516.0685427854
2.31928233984e6	0.0	0.0	0.0	0.0	302728.2247966482
2.4051816857600003e6	0.0	0.0	0.0	0.0	313940.381050511
2.49108103168e6	0.0	0.0	0.0	0.0	325152.53730437375
2.5769803776000002e6	0.0	0.0	0.0	0.0	336364.6935582365
2.66287972352e6	0.0	0.0	0.0	0.0	347576.84981209924
2.74877906944e6	0.0	0.0	0.0	0.0	358789.006065962
2.92057776128e6	0.0	0.0	0.0	0.0	381213.3185736875
3.09237645312e6	0.0	0.0	0.0	0.0	403637.631081413
3.26417514496e6	0.0	0.0	0.0	0.0	426061.9435891385
3.4359738368e6	0.0	0.0	0.0	0.0	448486.256096864
3.60777252864e6	0.0	0.0	0.0	0.0	470910.5686045895
3.77957122048e6	0.0	0.0	0.0	0.0	493334.88111231505
3.95136991232e6	0.0	0.0	0.0	0.0	515759.1936200406
4.1231686041600006e6	0.0	0.0	0.0	0.0	538183.5061277661
4.294967296e6	0.0	0.0	0.0	0.0	560607.8186354917
4.466765987840001e6	0.0	0.0	0.0	0.0	583032.1311432172
4.63856467968e6	0.0	0.0	0.0	0.0	605456.4436509428
4.8103633715200005e6	0.0	0.0	0.0	0.0	627880.7561586683
4.98216206336e6	0.0	0.0	0.0	0.0	650305.0686663939
5.1539607552000005e6	0.0	0.0	0.0	0.0	672729.3811741193
5.32575944704e6	0.0	0.0	0.0	0.0	695153.6936818449
5.49755813888e6	0.0	0.0	0.0	0.0	717578.0061895703
5.84115552256e6	0.0	0.0	0.0	0.0	762426.6312050213
6.18475290624e6	0.0	0.0	0.0	0.0	807275.2562204723
6.52835028992e6	0.0	0.0	0.0	0.0	852123.8812359233
6.8719476736e6	0.0	0.0	0.0	0.0	896972.5062513743
7.21554505728e6	0.0	0.0	0.0	0.0	941821.1312668253
7.55914244096e6	0.0	0.0	0.0	0.0	986669.7562822761
7.90273982464e6	0.0	0.0	0.0	0.0	1.031518381297727e6
8.246337208320001e6	0.0	0.0	0.0	0.0	1.076367006313178e6
8.589934592e6	0.0	0.0	0.0	0.0	1.1212156313286289e6
8.933531975680001e6	0.0	0.0	0.0	0.0	1.1660642563440797e6
9.27712935936e6	0.0	0.0	0.0	0.0	1.2109128813595306e6
9.620726743040001e6	0.0	0.0	0.0	0.0	1.2557615063749817e6
9.96432412672e6	0.0	0.0	0.0	0.0	1.3006101313904328e6
1.0307921510400001e7	0.0	0.0	0.0	0.0	1.3454587564058837e6
1.065151889408e7	0.0	0.0	0.0	0.0	1.3903073814213348e6
1.099511627776e7	0.0	0.0	0.0	0.0	1.435156006436786e6
1.168231104512e7	0.0	0.0	0.0	0.0	1.5248532564676877e6
1.236950581248e7	0.0	0.0	0.0	0.0	1.6145505064985896e6
1.305670057984e7	0.0	0.0	0.0	0.0	1.7042477565294916e6
1.37438953472e7	0.0	0.0	0.0	0.0	1.7939450065603936e6
1.443109011456e7	0.0	0.0	0.0	0.0	1.8836422565912954e6
1.511828488192e7	0.0	0.0	0.0	0.0	1.9733395066221973e6
1.580547964928e7	0.0	0.0	0.0	0.0	2.063036756653099e6
1.6492674416640002e7	0.0	0.0	0.0	0.0	2.152734006684001e6
1.7179869184e7	0.0	0.0	0.0	0.0	2.2424312567149033e6
1.7867063951360002e7	0.0	0.0	0.0	0.0	2.332128506745805e6
1.855425871872e7	0.0	0.0	0.0	0.0	2.4218257567767072e6
1.9241453486080002e7	0.0	0.0	0.0	0.0	2.5115230068076095e6
1.992864825344e7	0.0	0.0	0.0	0.0	2.601220256838511e6
2.0615843020800002e7	0.0	0.0	0.0	0.0	2.690917506869413e6
2.130303778816e7	0.0	0.0	0.0	0.0	2.780614756900315e6
2.199023255552e7	0.0	0.0	0.0	0.0	2.8703120069312174e6
2.336462209024e7	0.0	0.0	0.0	0.0	3.049706506993021e6
2.473901162496e7	0.0	0.0	0.0	0.0	3.229101007054825e6
2.611340115968e7	0.0	0.0	0.0	0.0	3.408495507116629e6
2.74877906944e7	0.0	0.0	0.0	0.0	3.587890007178433e6
2.886218022912e7	0.0	0.0	0.0	0.0	3.767284507240237e6
3.023656976384e7	0.0	0.0	0.0	0.0	3.9466790073020407e6
3.161095929856e7	0.0	0.0	0.0	0.0	4.126073507363844e6
3.2985348833280005e7	0.0	0.0	0.0	0.0	4.305468007425648e6
3.4359738368e7	0.0	0.0	0.0	0.0	4.484862507487452e6
3.5734127902720004e7	0.0	0.0	0.0	0.0	4.664257007549256e6
3.710851743744e7	0.0	0.0	0.0	0.0	4.8436515076110605e6
3.8482906972160004e7	0.0	0.0	0.0	0.0	5.023046007672865e6
3.985729650688e7	0.0	0.0	0.0	0.0	5.202440507734669e6
4.1231686041600004e7	0.0	0.0	0.0	0.0	5.381835007796474e6
4.260607557632e7	0.0	0.0	0.0	0.0	5.561229507858277e6
4.398046511104e7	0.0	0.0	0.0	0.0	5.740624007920081e6
4.672924418048e7	0.0	0.0	0.0	0.0	6.099413008043689e6
4.947802324992e7	0.0	0.0	0.0	0.0	6.458202008167296e6
5.222680231936e7	0.0	0.0	0.0	0.0	6.816991008290905e6
5.49755813888e7	0.0	0.0	0.0	0.0	7.1757800084145125e6
5.772436045824e7	0.0	0.0	0.0	0.0	7.534569008538121e6
6.047313952768e7	0.0	0.0	0.0	0.0	7.89335800866173e6
6.322191859712e7	0.0	0.0	0.0	0.0	8.252147008785337e6
6.597069766656001e7	0.0	0.0	0.0	0.0	8.610936008908944e6
6.8719476736e7	0.0	0.0	0.0	0.0	8.969725009032551e6
7.146825580544001e7	0.0	0.0	0.0	0.0	9.328514009156158e6
7.421703487488e7	0.0	0.0	0.0	0.0	9.687303009279767e6
7.696581394432001e7	0.0	0.0	0.0	0.0	1.0046092009403376e7
7.971459301376e7	0.0	0.0	0.0	0.0	1.0404881009526983e7
8.246337208320001e7	0.0	0.0	0.0	0.0	1.0763670009650592e7
8.521215115264e7	0.0	0.0	0.0	0.0	1.11224590097742e7
8.796093022208e7	0.0	0.0	0.0	0.0	1.1481248009897808e7
9.345848836096e7	0.0	0.0	0.0	0.0	1.2198826010145023e7
9.895604649984e7	0.0	0.0	0.0	0.0	1.291640401039224e7
1.0445360463872e8	0.0	0.0	0.0	0.0	1.3633982010639455e7
1.099511627776e8	0.0	0.0	0.0	0.0	1.4351560010886671e7
1.1544872091648e8	0.0	0.0	0.0	0.0	1.5069138011133887e7
1.2094627905536e8	0.0	0.0	0.0	0.0	1.5786716011381103e7
1.2644383719424e8	0.0	0.0	0.0	0.0	1.6504294011628319e7
1.3194139533312002e8	0.0	0.0	0.0	0.0	1.7221872011875533e7
1.37438953472e8	0.0	0.0	0.0	0.0	1.7939450012122747e7
1.4293651161088002e8	0.0	0.0	0.0	0.0	1.8657028012369964e7
1.4843406974976e8	0.0	0.0	0.0	0.0	1.9374606012617182e7
1.5393162788864002e8	0.0	0.0	0.0	0.0	2.0092184012864396e7
1.5942918602752e8	0.0	0.0	0.0	0.0	2.080976201311161e7
1.6492674416640002e8	0.0	0.0	0.0	0.0	2.1527340013358828e7
1.7042430230528e8	0.0	0.0	0.0	0.0	2.224491801360604e7
1.7592186044416e8	0.0	0.0	0.0	0.0	2.296249601385326e7
1.8691697672192e8	0.0	0.0	0.0	0.0	2.439765201434769e7
1.9791209299968e8	0.0	0.0	0.0	0.0	2.5832808014842123e7
2.0890720927744e8	0.0	0.0	0.0	0.0	2.7267964015336554e7
2.199023255552e8	0.0	0.0	0.0	0.0	2.8703120015830986e7
2.3089744183296e8	0.0	0.0	0.0	0.0	3.0138276016325414e7
2.4189255811072e8	0.0	0.0	0.0	0.0	3.1573432016819842e7
2.5288767438848e8	0.0	0.0	0.0	0.0	3.3008588017314274e7
2.6388279066624004e8	0.0	0.0	0.0	0.0	3.4443744017808706e7
2.74877906944e8	0.0	0.0	0.0	0.0	3.587890001830313e7
2.8587302322176003e8	0.0	0.0	0.0	0.0	3.731405601879757e7
2.9686813949952e8	0.0	0.0	0.0	0.0	3.8749212019292e7
3.0786325577728003e8	0.0	0.0	0.0	0.0	4.018436801978643e7
3.1885837205504e8	0.0	0.0	0.0	0.0	4.161952402028087e7
3.2985348833280003e8	0.0	0.0	0.0	0.0	4.3054680020775296e7
3.4084860461056e8	0.0	0.0	0.0	0.0	4.448983602126973e7
3.5184372088832e8	0.0	0.0	0.0	0.0	4.592499202176417e7
3.7383395344384e8	0.0	0.0	0.0	0.0	4.879530402275304e7
3.9582418599936e8	0.0	0.0	0.0	0.0	5.16656160237419e7
4.1781441855488e8	0.0	0.0	0.0	0.0	5.4535928024730764e7
4.398046511104e8	0.0	0.0	0.0	0.0	5.740624002571963e7
4.6179488366592e8	0.0	0.0	0.0	0.0	6.027655202670849e7
4.8378511622144e8	0.0	0.0	0.0	0.0	6.3146864027697355e7
5.0577534877696e8	0.0	0.0	0.0	0.0	6.601717602868622e7
5.277655813324801e8	0.0	0.0	0.0	0.0	6.888748802967508e7
5.49755813888e8	0.0	0.0	0.0	0.0	7.175780003066394e7
5.717460464435201e8	0.0	0.0	0.0	0.0	7.462811203165281e7
5.9373627899904e8	0.0	0.0	0.0	0.0	7.749842403264166e7
6.157265115545601e8	0.0	0.0	0.0	0.0	8.036873603363052e7
6.3771674411008e8	0.0	0.0	0.0	0.0	8.323904803461938e7
6.597069766656001e8	0.0	0.0	0.0	0.0	8.610936003560823e7
6.8169720922112e8	0.0	0.0	0.0	0.0	8.89796720365971e7
7.0368744177664e8	0.0	0.0	0.0	0.0	9.184998403758596e7
7.4766790688768e8	0.0	0.0	0.0	0.0	9.759060803956369e7
7.9164837199872e8	0.0	0.0	0.0	0.0	1.0333123204154143e8
8.3562883710976e8	0.0	0.0	0.0	0.0	1.0907185604351914e8
8.796093022208e8	0.0	0.0	0.0	0.0	1.1481248004549687e8
9.2358976733184e8	0.0	0.0	0.0	0.0	1.2055310404747458e8
9.6757023244288e8	0.0	0.0	0.0	0.0	1.262937280494523e8
1.01155069755392e9	0.0	0.0	0.0	0.0	1.3203435205143002e8
1.0555311626649601e9	0.0	0.0	0.0	0.0	1.3777497605340776e8
1.099511627776e9	0.0	0.0	0.0	0.0	1.435156000553855e8
1.1434920928870401e9	0.0	0.0	0.0	0.0	1.4925622405736324e8
1.18747255799808e9	0.0	0.0	0.0	0.0	1.5499684805934098e8
1.2314530231091201e9	0.0	0.0	0.0	0.0	1.6073747206131873e8
1.27543348822016e9	0.0	0.0	0.0	0.0	1.6647809606329647e8
1.3194139533312001e9	0.0	0.0	0.0	0.0	1.7221872006527418e8
1.36339441844224e9	0.0	0.0	0.0	0.0	1.7795934406725192e8
1.40737488355328e9	0.0	0.0	0.0	0.0	1.8369996806922966e8
1.49533581377536e9	0.0	0.0	0.0	0.0	1.9518121607318512e8
1.58329674399744e9	0.0	0.0	0.0	0.0	2.0666246407714057e8
1.67125767421952e9	0.0	0.0	0.0	0.0	2.1814371208109602e8
1.7592186044416e9	0.0	0.0	0.0	0.0	2.2962496008505148e8
1.84717953466368e9	0.0	0.0	0.0	0.0	2.4110620808900693e8
1.93514046488576e9	0.0	0.0	0.0	0.0	2.5258745609296238e8
2.02310139510784e9	0.0	0.0	0.0	0.0	2.6406870409691784e8
2.1110623253299203e9	0.0	0.0	0.0	0.0	2.755499521008733e8
2.199023255552e9	0.0	0.0	0.0	0.0	2.870312001048287e8
2.2869841857740803e9	0.0	0.0	0.0	0.0	2.985124481087842e8
2.37494511599616e9	0.0	0.0	0.0	0.0	3.099936961127397e8
2.4629060462182403e9	0.0	0.0	0.0	0.0	3.214749441166951e8
2.55086697644032e9	0.0	0.0	0.0	0.0	3.3295619212065053e8
2.6388279066624002e9	0.0	0.0	0.0	0.0	3.44437440124606e8
2.72678883688448e9	0.0	0.0	0.0	0.0	3.559186881285615e8
2.81474976710656e9	0.0	0.0	0.0	0.0	3.673999361325169e8
2.99067162755072e9	0.0	0.0	0.0	0.0	3.903624321404278e8
3.16659348799488e9	0.0	0.0	0.0	0.0	4.1332492814833874e8
3.34251534843904e9	0.0	0.0	0.0	0.0	4.362874241562497e8
3.5184372088832e9	0.0	0.0	0.0	0.0	4.5924992016416067e8
3.69435906932736e9	0.0	0.0	0.0	0.0	4.822124161720716e8
3.87028092977152e9	0.0	0.0	0.0	0.0	5.051749121799825e8
4.04620279021568e9	0.0	0.0	0.0	0.0	5.2813740818789333e8
4.2221246506598406e9	0.0	0.0	0.0	0.0	5.510999041958042e8
4.398046511104e9	0.0	0.0	0.0	0.0	5.740624002037151e8
4.573968371548161e9	0.0	0.0	0.0	0.0	5.970248962116259e8
4.74989023199232e9	0.0	0.0	0.0	0.0	6.199873922195369e8
4.9258120924364805e9	0.0	0.0	0.0	0.0	6.429498882274479e8
5.10173395288064e9	0.0	0.0	0.0	0.0	6.659123842353587e8
5.2776558133248005e9	0.0	0.0	0.0	0.0	6.888748802432696e8
5.45357767376896e9	0.0	0.0	0.0	0.0	7.118373762511804e8
5.62949953421312e9	0.0	0.0	0.0	0.0	7.347998722590914e8
5.98134325510144e9	0.0	0.0	0.0	0.0	7.807248642749132e8
6.33318697598976e9	0.0	0.0	0.0	0.0	8.26649856290735e8
6.68503069687808e9	0.0	0.0	0.0	0.0	8.725748483065568e8
7.0368744177664e9	0.0	0.0	0.0	0.0	9.184998403223788e8
7.38871813865472e9	0.0	0.0	0.0	0.0	9.644248323382007e8
7.74056185954304e9	0.0	0.0	0.0	0.0	1.0103498243540225e9
8.09240558043136e9	0.0	0.0	0.0	0.0	1.0562748163698443e9
8.444249301319681e9	0.0	0.0	0.0	0.0	1.1021998083856661e9
8.796093022208e9	0.0	0.0	0.0	0.0	1.1481248004014878e9
9.147936743096321e9	0.0	0.0	0.0	0.0	1.1940497924173098e9
9.49978046398464e9	0.0	0.0	0.0	0.0	1.2399747844331315e9
9.851624184872961e9	0.0	0.0	0.0	0.0	1.2858997764489534e9
1.020346790576128e10	0.0	0.0	0.0	0.0	1.3318247684647753e9
1.0555311626649601e10	0.0	0.0	0.0	0.0	1.3777497604805973e9
1.090715534753792e10	0.0	0.0	0.0	0.0	1.4236747524964192e9
1.125899906842624e10	0.0	0.0	0.0	0.0	1.469599744512241e9
1.196268651020288e10	0.0	0.0	0.0	0.0	1.5614497285438843e9
1.266637395197952e10	0.0	0.0	0.0	0.0	1.653299712575528e9
1.337006139375616e10	0.0	0.0	0.0	0.0	1.7451496966071715e9
1.40737488355328e10	0.0	0.0	0.0	0.0	1.8369996806388154e9
1.477743627730944e10	0.0	0.0	0.0	0.0	1.9288496646704593e9
1.548112371908608e10	0.0	0.0	0.0	0.0	2.020699648702103e9
1.618481116086272e10	0.0	0.0	0.0	0.0	2.1125496327337465e9
1.6888498602639362e10	0.0	0.0	0.0	0.0	2.20439961676539e9
1.7592186044416e10	0.0	0.0	0.0	0.0	2.2962496007970333e9
1.8295873486192642e10	0.0	0.0	0.0	0.0	2.3880995848286767e9
1.899956092796928e10	0.0	0.0	0.0	0.0	2.4799495688603206e9
1.9703248369745922e10	0.0	0.0	0.0	0.0	2.571799552891964e9
2.040693581152256e10	0.0	0.0	0.0	0.0	2.663649536923608e9
2.1110623253299202e10	0.0	0.0	0.0	0.0	2.755499520955251e9
2.181431069507584e10	0.0	0.0	0.0	0.0	2.847349504986895e9
2.251799813685248e10	0.0	0.0	0.0	0.0	2.9391994890185385e9
2.392537302040576e10	0.0	0.0	0.0	0.0	3.122899457081826e9
2.533274790395904e10	0.0	0.0	0.0	0.0	3.3065994251451135e9
2.674012278751232e10	0.0	0.0	0.0	0.0	3.490299393208401e9
2.81474976710656e10	0.0	0.0	0.0	0.0	3.673999361271689e9
2.955487255461888e10	0.0	0.0	0.0	0.0	3.857699329334976e9
3.096224743817216e10	0.0	0.0	0.0	0.0	4.0413992973982635e9
3.236962232172544e10	0.0	0.0	0.0	0.0	4.2250992654615507e9
3.3776997205278725e10	0.0	0.0	0.0	0.0	4.408799233524838e9
3.5184372088832e10	0.0	0.0	0.0	0.0	4.592499201588126e9
3.6591746972385284e10	0.0	0.0	0.0	0.0	4.776199169651414e9
3.799912185593856e10	0.0	0.0	0.0	0.0	4.959899137714701e9
3.9406496739491844e10	0.0	0.0	0.0	0.0	5.1435991057779875e9
4.081387162304512e10	0.0	0.0	0.0	0.0	5.327299073841275e9
4.2221246506598404e10	0.0	0.0	0.0	0.0	5.510999041904563e9
4.362862139015168e10	0.0	0.0	0.0	0.0	5.694699009967851e9
4.503599627370496e10	0.0	0.0	0.0	0.0	5.878398978031137e9
4.785074604081152e10	0.0	0.0	0.0	0.0	6.245798914157712e9
5.066549580791808e10	0.0	0.0	0.0	0.0	6.6131988502842865e9
5.348024557502464e10	0.0	0.0	0.0	0.0	6.980598786410861e9
5.62949953421312e10	0.0	0.0	0.0	0.0	7.347998722537436e9
5.910974510923776e10	0.0	0.0	0.0	0.0	7.71539865866401e9
6.192449487634432e10	0.0	0.0	0.0	0.0	8.0827985947905855e9
6.473924464345088e10	0.0	0.0	0.0	0.0	8.45019853091716e9
6.755399441055745e10	0.0	0.0	0.0	0.0	8.817598467043734e9
7.0368744177664e10	0.0	0.0	0.0	0.0	9.184998403170307e9
7.318349394477057e10	0.0	0.0	0.0	0.0	9.552398339296883e9
7.599824371187712e10	0.0	0.0	0.0	0.0	9.919798275423456e9
7.881299347898369e10	0.0	0.0	0.0	0.0	1.0287198211550032e10
8.162774324609024e10	0.0	0.0	0.0	0.0	1.0654598147676607e10
8.444249301319681e10	0.0	0.0	0.0	0.0	1.1021998083803183e10
8.725724278030336e10	0.0	0.0	0.0	0.0	1.1389398019929756e10
9.007199254740993e10	0.0	0.0	0.0	0.0	1.175679795605633e10
9.570149208162305e10	0.0	0.0	0.0	0.0	1.2491597828309479e10
1.0133099161583617e11	0.0	0.0	0.0	0.0	1.3226397700562628e10
1.0696049115004929e11	0.0	0.0	0.0	0.0	1.3961197572815777e10
1.125899906842624e11	0.0	0.0	0.0	0.0	1.4695997445068926e10
1.1821949021847552e11	0.0	0.0	0.0	0.0	1.5430797317322075e10
1.2384898975268864e11	0.0	0.0	0.0	0.0	1.6165597189575222e10
1.2947848928690176e11	0.0	0.0	0.0	0.0	1.6900397061828371e10
1.351079888211149e11	0.0	0.0	0.0	0.0	1.763519693408152e10
1.40737488355328e11	0.0	0.0	0.0	0.0	1.836999680633467e10
1.4636698788954114e11	0.0	0.0	0.0	0.0	1.9104796678587822e10
1.5199648742375424e11	0.0	0.0	0.0	0.0	1.9839596550840973e10
1.5762598695796738e11	0.0	0.0	0.0	0.0	2.0574396423094124e10
1.6325548649218048e11	0.0	0.0	0.0	0.0	2.1309196295347275e10
1.6888498602639362e11	0.0	0.0	0.0	0.0	2.204399616760042e10
1.7451448556060672e11	0.0	0.0	0.0	0.0	2.2778796039853573e10
1.8014398509481985e11	0.0	0.0	0.0	0.0	2.351359591210672e10
1.914029841632461e11	0.0	0.0	0.0	0.0	2.4983195656613018e10
2.0266198323167233e11	0.0	0.0	0.0	0.0	2.6452795401119316e10
2.1392098230009857e11	0.0	0.0	0.0	0.0	2.7922395145625614e10
2.251799813685248e11	0.0	0.0	0.0	0.0	2.9391994890131912e10
2.3643898043695105e11	0.0	0.0	0.0	0.0	3.086159463463821e10
2.476979795053773e11	0.0	0.0	0.0	0.0	3.2331194379144505e10
2.5895697857380353e11	0.0	0.0	0.0	0.0	3.38007941236508e10
2.702159776422298e11	0.0	0.0	0.0	0.0	3.52703938681571e10
2.81474976710656e11	0.0	0.0	0.0	0.0	3.673999361266339e10
2.927339757790823e11	0.0	0.0	0.0	0.0	3.8209593357169685e10
3.039929748475085e11	0.0	0.0	0.0	0.0	3.967919310167598e10
3.1525197391593475e11	0.0	0.0	0.0	0.0	4.114879284618228e10
3.2651097298436096e11	0.0	0.0	0.0	0.0	4.261839259068858e10
3.3776997205278723e11	0.0	0.0	0.0	0.0	4.408799233519488e10
3.4902897112121344e11	0.0	0.0	0.0	0.0	4.555759207970118e10
3.602879701896397e11	0.0	0.0	0.0	0.0	4.702719182420748e10
3.828059683264922e11	0.0	0.0	0.0	0.0	4.996639131322007e10
4.0532396646334467e11	0.0	0.0	0.0	0.0	5.2905590802232666e10
4.2784196460019714e11	0.0	0.0	0.0	0.0	5.5844790291245255e10
4.503599627370496e11	0.0	0.0	0.0	0.0	5.878398978025785e10
4.728779608739021e11	0.0	0.0	0.0	0.0	6.172318926927045e10
4.953959590107546e11	0.0	0.0	0.0	0.0	6.466238875828305e10
5.1791395714760706e11	0.0	0.0	0.0	0.0	6.7601588247295654e10
5.404319552844596e11	0.0	0.0	0.0	0.0	7.054078773630826e10
5.62949953421312e11	0.0	0.0	0.0	0.0	7.347998722532086e10
5.854679515581646e11	0.0	0.0	0.0	0.0	7.641918671433347e10
6.07985949695017e11	0.0	0.0	0.0	0.0	7.935838620334607e10
6.305039478318695e11	0.0	0.0	0.0	0.0	8.229758569235867e10
6.530219459687219e11	0.0	0.0	0.0	0.0	8.523678518137126e10
6.755399441055745e11	0.0	0.0	0.0	0.0	8.817598467038387e10
6.980579422424269e11	0.0	0.0	0.0	0.0	9.111518415939645e10
7.205759403792794e11	0.0	0.0	0.0	0.0	9.405438364840904e10
7.656119366529844e11	0.0	0.0	0.0	0.0	9.993278262643422e10
8.106479329266893e11	0.0	0.0	0.0	0.0	1.0581118160445941e11
8.556839292003943e11	0.0	0.0	0.0	0.0	1.1168958058248459e11
9.007199254740992e11	0.0	0.0	0.0	0.0	1.1756797956050978e11
9.457559217478042e11	0.0	0.0	0.0	0.0	1.2344637853853497e11
9.907919180215092e11	0.0	0.0	0.0	0.0	1.2932477751656017e11
1.0358279142952141e12	0.0	0.0	0.0	0.0	1.3520317649458536e11
1.0808639105689192e12	0.0	0.0	0.0	0.0	1.4108157547261053e11
1.125899906842624e12	0.0	0.0	0.0	0.0	1.4695997445063574e11
1.170935903116329e12	0.0	0.0	0.0	0.0	1.5283837342866095e11
1.215971899390034e12	0.0	0.0	0.0	0.0	1.5871677240668616e11
1.261007895663739e12	0.0	0.0	0.0	0.0	1.6459517138471136e11
1.3060438919374438e12	0.0	0.0	0.0	0.0	1.7047357036273657e11
1.351079888211149e12	0.0	0.0	0.0	0.0	1.7635196934076175e11
1.3961158844848538e12	0.0	0.0	0.0	0.0	1.8223036831878696e11
1.4411518807585588e12	0.0	0.0	0.0	0.0	1.8810876729681213e11
