# τ	Fs	F	Δζ	ΔG	Δr²
0.0	1.0	1.0	944.6752207932531	93.62429637001546	0.0
3.125e-7	0.9999838611727643	0.9999883907108581	944.2364400886867	93.57956633477447	3.125e-7
6.25e-7	0.9999677239532692	0.9999767825256421	943.7980162304448	93.53487389670322	6.249538732802347e-7
9.375000000000001e-7	0.999951589687382	0.9999651764124974	943.359954204047	93.4902195049982	9.373155427791748e-7
1.25e-6	0.9999354583734238	0.9999535723702351	942.9222536513255	93.44560312095125	1.2495850717236683e-6
1.5625e-6	0.9999193300096049	0.9999419703975866	942.4849142143053	93.40102470588448	1.561762530084486e-6
1.8750000000000003e-6	0.999903204594137	0.9999303704932848	942.0479355353974	93.35648422116307	1.873847987764819e-6
2.1875000000000002e-6	0.9998870821252335	0.9999187726560633	941.6113172574086	93.31198162819521	2.185841514599348e-6
2.5e-6	0.9998709626011093	0.9999071768846572	941.1750590235253	93.26751688843207	2.497743180354319e-6
2.8125e-6	0.999854846019981	0.9998955831778024	940.7391604773286	93.22308996336774	2.809553054727618e-6
3.125e-6	0.9998387323800667	0.999883991534236	940.3036212627816	93.17870081453913	3.121271207348846e-6
3.4375e-6	0.999822621679586	0.9998724019526964	939.8684410242363	93.13434940352603	3.4328977077793923e-6
3.7500000000000005e-6	0.9998065139167603	0.999860814431923	939.4336194064313	93.09003569195094	3.744432625512513e-6
4.0625000000000005e-6	0.9997904090898124	0.9998492289706562	938.999156054489	93.04575964147915	4.055876029973402e-6
4.3750000000000005e-6	0.9997743071969667	0.9998376455676377	938.5650506139193	93.00152121381858	4.367227990519268e-6
4.6875000000000004e-6	0.9997582082364492	0.9998260642216101	938.1313027306153	92.95732037071971	4.678488576439408e-6
5.0e-6	0.9997421122064876	0.9998144849313176	937.6979120508557	92.91315707397567	4.989657856955281e-6
5.3125e-6	0.9997260209687704	0.9998029090185926	937.2649429410568	92.86903800487168	5.300675176617809e-6
5.625e-6	0.9997099332777579	0.9997913355990867	936.83235177131	92.8249586316534	5.6115811494584065e-6
5.9375e-6	0.9996938487170677	0.9997797643771662	936.4001237678643	92.78091741885163	5.922389360730169e-6
6.25e-6	0.9996777671467221	0.9997681952534474	935.9682537730947	92.73691382947658	6.233104385161002e-6
6.5625e-6	0.9996616885188848	0.9997566281939679	935.5367398340555	92.69294765928937	6.543727793629696e-6
6.875e-6	0.9996456128164369	0.9997450631865754	935.1055810659626	92.6490188149619	6.854260155588564e-6
7.1875e-6	0.9996295400324998	0.9997335002263877	934.6747769402396	92.60512724015283	7.164701706603462e-6
7.500000000000001e-6	0.9996134701636082	0.9997219393109477	934.2443270472614	92.56127289087404	7.475052570889097e-6
7.8125e-6	0.9995974032074376	0.9997103804386068	933.8142310172939	92.51745572728186	7.785312835494815e-6
8.125000000000001e-6	0.9995813391620435	0.9996988236079877	933.3844884941527	92.47367571094169	8.095482575035679e-6
8.4375e-6	0.9995652780256105	0.9996872688178028	932.9550991264144	92.42993280391646	8.405561859937036e-6
8.750000000000001e-6	0.9995492197963661	0.9996757160667961	932.5260625645037	92.38622696846278	8.715550759183015e-6
9.0625e-6	0.9995331644725534	0.9996641653537229	932.0973784597064	92.34255816692975	9.025449341232836e-6
9.375000000000001e-6	0.9995171120524218	0.999652616677343	931.669046463847	92.2989263617251	9.335257674326325e-6
9.6875e-6	0.9995010625342237	0.9996410700364168	931.2410662291871	92.255331515304	9.644975826585792e-6
1.0e-5	0.9994850159162142	0.9996295254297081	930.8134374083778	92.21177359016511	9.954603866050085e-6
1.0625e-5	0.9994529313714721	0.9996064423123608	929.9592324971927	92.12476834074884	1.0573589968650729e-5
1.125e-5	0.9994208584058146	0.9995833673165274	929.1064290420824	92.03791032316005	1.1192216464631539e-5
1.1875e-5	0.9993887970058517	0.9995603004327184	928.2550243055041	91.95119924184195	1.1810483875720984e-5
1.25e-5	0.999356747157875	0.99953724165122	927.405015537473	91.86463479993381	1.242839273599329e-5
1.3125e-5	0.999324708848086	0.9995141909622536	926.5563999878442	91.7782167005809	1.3045943582965768e-5
1.375e-5	0.9992926820626717	0.9994911483560304	925.709174910385	91.69194464737008	1.3663136954573382e-5
1.4375e-5	0.9992606667878308	0.9994681138227701	924.8633375641314	91.60581834447345	1.4279973388220577e-5
1.5000000000000002e-5	0.9992286630097817	0.9994450873527068	924.0188852138273	91.51983749669579	1.4896453420407599e-5
1.5625e-5	0.9991966707147665	0.999422068936091	923.1758151300611	91.43400180948863	1.5512577586666466e-5
1.6250000000000002e-5	0.9991646898890504	0.9993990585631898	922.3341245893051	91.34831098895455	1.6128346421482187e-5
1.6875e-5	0.9991327205189231	0.9993760562242875	921.4938108739143	91.26276474184704	1.6743760458326893e-5
1.7500000000000002e-5	0.9991007625906985	0.9993530619096861	920.6548712721246	91.17736277556999	1.7358820229613903e-5
1.8125e-5	0.9990688160907133	0.9993300756097033	919.8173030780342	91.09210479817587	1.7973526266742714e-5
1.8750000000000002e-5	0.9990368810053298	0.9993070973146749	918.9811035915974	91.00699051836477	1.8587879100056757e-5
1.9375e-5	0.9990049573209335	0.9992841270149537	918.1462701186044	90.92201964548244	1.9201879258889487e-5
2.0e-5	0.9989730450239342	0.9992611647009095	917.3127999706763	90.83719188951925	1.9815527271522653e-5
2.125e-5	0.9989092545199327	0.9992152639786969	915.6499379719743	90.66796446987851	2.1041769663618494e-5
2.25e-5	0.9988455093971318	0.9991693950798742	913.9924968486118	90.49930602088448	2.226661001340388e-5
2.375e-5	0.998781809551675	0.9991235579308492	912.3404555162879	90.3312142683598	2.3490052354312163e-5
2.5e-5	0.9987181548774181	0.9990777524564102	910.6937928396198	90.16368693304071	2.471210080732671e-5
2.625e-5	0.9986545452676888	0.9990319785809711	909.052487727089	89.99672174069988	2.593275951232112e-5
2.75e-5	0.9985909806159038	0.998986236229012	907.4165191624704	89.83031642549368	2.715203260428402e-5
2.875e-5	0.9985274608157433	0.9989405253251977	905.785866214907	89.66446873103587	2.83699242063619e-5
3.0000000000000004e-5	0.9984639857612374	0.9988948457944439	904.1605080420999	89.49917641073294	2.9586438426663305e-5
3.125e-5	0.9984005553467635	0.998849197561913	902.5404238909878	89.33443722785542	3.0801579358159604e-5
3.2500000000000004e-5	0.9983371694670783	0.9988035805530351	900.9255930977998	89.17024895553988	3.2015351077779726e-5
3.375e-5	0.9982738280172896	0.9987579946934929	899.3159950877039	89.00660937674972	3.3227757647070284e-5
3.5000000000000004e-5	0.9982105308928856	0.9987124399092377	897.7116093745136	88.84351628424047	3.443880311154716e-5
3.625e-5	0.9981472779897053	0.9986669161264707	896.1124155602265	88.6809674805087	3.5648491501436754e-5
3.7500000000000003e-5	0.9980840692039634	0.9986214232716605	894.5183933346985	88.5189607777538	3.685682683105828e-5
3.875e-5	0.9980209044322235	0.9985759612715222	892.9295224751689	88.35749399782597	3.806381309957078e-5
4.0e-5	0.9979577835714224	0.9985305300530369	891.345782845934	88.1965649721878	3.926945429036098e-5
4.25e-5	0.9978316730372914	0.998439759574675	888.1936100757773	87.8763108027737	4.1676722502268624e-5
4.5e-5	0.9977057368753456	0.998349111322067	885.0617205167603	87.55818162842311	4.4078659501341817e-5
4.75e-5	0.9975799743041105	0.9982585847415768	881.9499577869491	87.24216061376401	4.647529543456501e-5
5.0e-5	0.9974543845276698	0.998168179269355	878.8581657822	86.92823095823559	4.8866660986866745e-5
5.25e-5	0.9973289667487405	0.9980778943405942	875.7861893818829	86.61637597118306	5.125278687148046e-5
5.5e-5	0.9972037201735069	0.9979877293929595	872.7338746769227	86.30657909604145	5.363370364713552e-5
5.75e-5	0.9970786440126989	0.9978976838673477	869.7010690360667	85.99882391733209	5.600944167252559e-5
6.000000000000001e-5	0.9969537374824241	0.9978077572084801	866.6876211214459	85.69309416222423	5.83800310784252e-5
6.25e-5	0.9968289998039194	0.9977179488647226	863.6933808843708	85.3893737000308	6.074550177369145e-5
6.500000000000001e-5	0.9967044302039314	0.9976282582883585	860.7181995575926	85.08764654129206	6.31058834346715e-5
6.75e-5	0.9965800279143239	0.9975386849353071	857.7619296435316	84.78789683646649	6.546120551682468e-5
7.000000000000001e-5	0.9964557921724071	0.9974492282653613	854.8244249041369	84.49010887476236	6.78114972461036e-5
7.25e-5	0.9963317222205339	0.9973598877418959	851.9055403484863	84.19426708276306	7.01567876310885e-5
7.500000000000001e-5	0.9962078173064216	0.9972706628321002	849.0051322225689	83.90035602325219	7.249710545463696e-5
7.75e-5	0.9960840766827459	0.9971815530066858	846.1230579970185	83.60836039385467	7.48324792859637e-5
8.0e-5	0.9959604996074626	0.9970925577401192	843.2591763570589	83.31826502588164	7.716293747236936e-5
8.5e-5	0.9957138322060565	0.9969149081245053	837.5853824805689	82.74370985528958	8.180925554103822e-5
9.0e-5	0.9954678099186417	0.9967377103142833	831.982678372746	82.17657544348853	8.643625720239318e-5
9.5e-5	0.9952224272032713	0.9965609603848877	826.4499874803233	81.61674633364896	9.104415336229032e-5
0.0001	0.9949776784535218	0.9963846543663568	820.9862440086555	81.06410828027715	9.563315710732693e-5
0.000105	0.9947335580883314	0.9962087883068428	815.5903976842646	80.51854875316108	0.00010020348021685431
0.00011	0.9944900605885149	0.9960333582985551	810.2614151405382	79.97995708218508	0.0001047553318279067
0.000115	0.9942471805008738	0.9958583604805741	804.9982801453565	79.44822447974848	0.00010928891823025606
0.00012000000000000002	0.994004912446009	0.9956837910444685	799.7999934901652	78.92324402680232	0.00011380444262974192
0.000125	0.9937632511130082	0.9955096462304387	794.6655727296721	78.40491064357509	0.00011830210530518508
0.00013000000000000002	0.993522191264016	0.9953359223306388	789.5940519162865	77.89312105930546	0.00012278210349480823
0.000135	0.9932817277279846	0.9951626156846598	784.584481296604	77.387773778475	0.0001272446315895013
0.00014000000000000001	0.9930418554048418	0.9949897226825639	779.635927038416	76.88876904985298	0.00013168988103363588
0.000145	0.9928025692592496	0.994817239760374	774.7474709324803	76.39600883337783	0.00013611804051850529
0.00015000000000000001	0.9925638643246827	0.9946451634030443	769.9182101279189	75.90939677018685	0.00014052929588543418
0.000155	0.9923257356972953	0.9944734901400304	765.1472568442357	75.42883815066754	0.0001449238303154641
0.00016	0.9920881785399456	0.9943022165482182	760.4337381164785	74.95423988561397	0.0001493018242334254
0.00017	0.9916147536183306	0.9939608506774592	751.1752895018267	74.02252889342122	0.0001580091209090061
0.00018	0.9911435563028469	0.9936210422577031	742.1363836692408	73.11357324968674	0.00016665242037320783
0.00019	0.9906745514673024	0.9932827664361494	733.310614200643	72.22669104343092	0.00017523302265639177
0.0002	0.990207704024569	0.9929459983912683	724.6917393811412	71.36121850243141	0.00018375222287174683
0.00021	0.9897429794448338	0.9926107136978543	716.2737068628026	70.51651255593005	0.0001922112912964674
0.00022	0.9892803440090837	0.9922768885075424	708.0506573354204	69.69195117549783	0.0002006114647510446
0.00023	0.9888197647792493	0.9919444995262395	700.0169209222773	68.88693295641802	0.00020895394721539903
0.00024000000000000003	0.9883612096665273	0.9916135240636531	692.1670118484086	68.10087651286211	0.0002172399081132999
0.00025	0.987904647344081	0.9912839399701401	684.4956222058194	67.33321978578806	0.0002254704850913388
0.00026000000000000003	0.9874500472941207	0.9909557256711897	676.9976160573225	66.58341938268677	0.00023364678306501242
0.00027	0.9869973797177061	0.990628860102266	669.6680233306139	65.85094990274338	0.00024176987711342876
0.00028000000000000003	0.9865466155788525	0.9903033227411584	662.5020342454344	65.13530331439647	0.0002498408116028504
0.00029	0.9860977265173441	0.9899790935449956	655.4949936062537	64.43598832584527	0.00025786060297526374
0.00030000000000000003	0.9856506848918701	0.9896561529818835	648.6423956206785	63.752529807233294	0.0002658302388754813
0.00031	0.9852054636963453	0.9893344819704417	641.9398785917239	63.08446820628287	0.0002737506808153945
0.00032	0.9847620366022821	0.9890140619108716	635.3832201083211	62.4313590127704	0.0002816228632986998
0.00034	0.9838804323236653	0.9883768811554547	622.6898946920633	61.168150533012486	0.0002972271171405426
0.00036	0.9830056956976763	0.9877444861506995	610.5323273721942	59.95974201100116	0.0003126492003348506
0.00038	0.9821376443605868	0.9871167481239678	598.881620245	58.80310207911142	0.00032789548338664937
0.0004	0.9812761001223569	0.9864935412931397	587.7104437743933	57.69536865521949	0.00034297215543073304
0.00042	0.9804208908984877	0.9858747442085828	576.9930778613194	56.633852594871705	0.0003578851520769432
0.00044	0.9795718521792337	0.9852602408048811	566.7053550117262	55.61603111412604	0.00037264011268271443
0.00046	0.9787288261586669	0.9846499197666089	556.8245714958362	54.639537994795084	0.0003872424081080059
0.00048000000000000007	0.977891662231103	0.9840436748931868	547.3293976135387	53.702153695643865	0.0004016971318825453
0.0005	0.9770602158970336	0.9834414043084949	538.1997874244255	52.801795515183045	0.0004160091358681274
0.0005200000000000001	0.9762343491504768	0.9828430107482196	529.4168967961484	51.93650861513292	0.0004301830245270362
0.00054	0.9754139294416818	0.9822484008106638	520.9630037152067	51.10445737354871	0.0004442231885035724
0.0005600000000000001	0.9745988300495847	0.9816574852330222	512.8214368880664	50.303917591024714	0.00045813379870153275
0.00058	0.9737889291245531	0.9810701781997134	504.9765064299999	49.53326899683082	0.0004719188369857668
0.0006000000000000001	0.9729841100544221	0.9804863976135731	497.4134419618795	48.790988512751326	0.0004855820898447888
0.00062	0.9721842605827152	0.9799060644583998	490.11833238108295	48.075643763936945	0.0004991271764079043
0.00064	0.9713892731675864	0.979329103064608	483.07807218167767	47.38588725550942	0.0005125575417881528
0.00068	0.9698133685930308	0.9781849329238523	469.7094830990802	46.07774463790653	0.0005390903565311647
0.00072	0.9682556982534988	0.9770533961963708	457.2205497700247	44.85763084079468	0.0005652025272597493
0.00076	0.9667155618695124	0.9759340006296611	445.531576928703	43.71740104699071	0.0005909158181371683
0.0008	0.9651922962725932	0.9748262804517928	434.5708380326523	42.649744330539114	0.0006162505928974088
0.00084	0.9636852755493762	0.9737297962220142	424.27406448621997	41.64812694331486	0.0006412258175644671
0.00088	0.962193917716338	0.9726441396672099	414.5837195625634	40.706714015733255	0.0006658589111775728
0.00092	0.9607176756781737	0.9715689271214667	405.4482427479278	39.82028939640808	0.000690166034695516
0.0009600000000000001	0.9592560403137271	0.9705038018363985	396.8213789191675	38.98418443636265	0.0007141620444079625
0.001	0.9578085317260397	0.9694484276513379	388.6615615573021	38.1942131487356	0.0007378607668082844
0.0010400000000000001	0.9563747019343725	0.968402491017605	380.9313876080733	37.44661684004999	0.0007612749550004041
0.00108	0.9549541272519606	0.9673656954814724	373.59713914661836	36.73801415921411	0.0007844165243303746
0.0011200000000000001	0.9535464108851768	0.9663377636335972	366.6283789625409	36.06535870282365	0.000807296504199168
0.00116	0.9521511763456454	0.9653184323360666	359.9975805727264	35.42590061926078	0.0008299252386714732
0.0012000000000000001	0.9507680699517197	0.964307454593995	353.67981631057756	34.81715408789048	0.0008523123354876851
0.00124	0.9493967551136443	0.9633045954109074	347.65247006300103	34.23686768699589	0.0008744668377065031
0.00128	0.9480369147136402	0.9623096335663881	341.89499574752955	33.68299934087029	0.000896397171926919
0.00136	0.9453502252191074	0.9603424053396042	331.1108215693076	32.64670623001547	0.0009396218265798977
0.00144	0.9427059667072835	0.9584043510845649	321.2022368162076	31.695883137211762	0.0009820394920582965
0.00152	0.9401021544612108	0.9564940883673211	312.0612669606009	30.819862867781293	0.0010237007864646827
0.0016	0.9375369600656568	0.9546103459022799	303.59611661690656	30.00959795026143	0.0010646513536510436
0.00168	0.9350086802260856	0.9527519399239098	295.72882801865717	29.25742152155936	0.0011049329602351547
0.00176	0.9325157623129482	0.9509177930534095	288.39303802814754	28.55681901625936	0.0011445829608135824
0.00184	0.930056759675804	0.9491069017557207	281.53195793316786	27.90222525498647	0.0011836356174476088
0.0019200000000000003	0.9276303472269437	0.9473183481879088	275.09677673059116	27.288863646417855	0.0012221217597481056
0.002	0.9252352838586226	0.9455512728693496	269.0452974561032	26.71261039813342	0.0012600698626369915
0.0020800000000000003	0.922870425810395	0.9438048848677045	263.34088396518933	26.169889112483844	0.0012975057326886487
0.00216	0.9205346963464253	0.9420784397179858	257.9515529621407	25.657580977219432	0.0013344533633308257
0.0022400000000000002	0.9182270976708076	0.9403712484876356	252.84927515583533	25.172955144811954	0.0013709346411681794
0.00232	0.9159466863200081	0.9386826598258631	248.0093610297639	24.713608312896895	0.0014069700312998644
0.0024000000000000002	0.9136925837310736	0.9370120679951545	243.40998890013336	24.277417864387896	0.001442578308422288
0.00248	0.911463956048699	0.9353588981147842	239.03178105899613	23.862500365688877	0.0014777771136155772
0.00256	0.9092600234464642	0.9337226132419677	234.85747900652257	23.46717939374281	0.001512582711955264
0.00272	0.9049229318596055	0.930498428295809	227.05557575998913	22.729027458206357	0.001581077738217447
0.00288	0.9006762195243931	0.9273360075018311	219.90370735782577	22.053198428137456	0.0016481700461026733
0.00304	0.8965150306298755	0.9242320109357002	213.316868438642	21.43145469151934	0.0017139576752262975
0.0032	0.8924349596135009	0.9211834165694086	207.2242026717456	20.856938519526746	0.001778526774647762
0.00336	0.8884319285254245	0.9181874273861182	201.56648117646677	20.323924921239616	0.0018419557415664937
0.00352	0.8845022512628093	0.9152415204735678	196.29397149743554	19.827611636842143	0.0019043137575061252
0.00368	0.8806425084586882	0.9123433551337459	191.36454661284824	19.36393563595598	0.001965664199983772
0.0038400000000000005	0.8768495883449661	0.909490805325282	186.74231451544208	18.929438589808917	0.002026063514411012
0.004	0.8731205884341642	0.9066818875048726	182.39643532851667	18.52115248476151	0.0020855638077069685
0.0041600000000000005	0.869452848728749	0.9039147871099831	178.30027970029036	18.136517034517748	0.0021442118839022986
0.00432	0.8658438755342186	0.9011878024959572	174.43068097517704	17.773307542618824	0.002202051235864275
0.0044800000000000005	0.8622913694825243	0.8984993672730757	170.7674050560896	17.429582856254104	0.002259121215541837
0.00464	0.8587931656087758	0.8958480060752635	167.29266171060866	17.10363833234406	0.0023154585952679303
0.0048000000000000004	0.8553472571387881	0.8932323535195178	163.990759711037	16.793971960474934	0.0023710968546286383
0.00496	0.851951747563973	0.890651118720848	160.84777701919793	16.499252691483775	0.0024260674279310683
0.00512	0.8486048709166941	0.8881031014622455	157.85132980083245	16.21829773298013	0.002480399090232505
0.00544	0.8420501493069161	0.8831020893742489	152.2516021825699	15.693252895267152	0.0025872411553718097
0.00576	0.8356712304425389	0.878221235709413	147.11942843826264	15.211962884564807	0.0026918244653887733
0.00608	0.8294571755852429	0.8734531018031505	142.39379615757062	14.76862943444328	0.002794324343781563
0.0064	0.8233982233112835	0.868791072132726	138.02387247394913	14.358431922908624	0.0028948901841392128
0.00672	0.8174854453416733	0.8642290923033317	133.96713343266336	13.977346953516978	0.002993656718207801
0.00704	0.8117108383828936	0.8597617477758877	130.18788059622526	13.622003655771957	0.0030907413306155603
0.00736	0.8060670407911446	0.8553840531579009	126.65584466591667	13.289550155509556	0.0031862513566484995
0.007680000000000001	0.8005473985100214	0.8510915114327459	123.34523367561906	12.97756124167132	0.0032802814416913162
0.008	0.7951457517473148	0.8468799550220155	120.23385923900638	12.683955121729731	0.003372918884765496
0.008320000000000001	0.7898564906699121	0.8427455955690989	117.30255605291421	12.406937229637668	0.0034642413652763346
0.00864	0.7846743932492777	0.8386849024858606	114.53462893215125	12.144947683240208	0.003554321033279275
0.008960000000000001	0.7795946729435174	0.8346946452668182	111.91548968300046	11.896626196780995	0.0036432225797512503
0.00928	0.7746128529163075	0.8307717987498136	109.43229503043005	11.660777752757241	0.0037310064480727797
0.009600000000000001	0.7697248068258398	0.826913579155912	107.07371185289847	11.436349962870786	0.003817727191317665
0.00992	0.7649266594305383	0.823117368809006	104.82967216721813	11.222409880028199	0.0039034360437915057
0.01024	0.7602148215348322	0.8193807469439714	102.69121674098089	11.01812895232813	0.003988179514891748
0.01088	0.7510380372507929	0.8120782964572255	98.69881893413317	10.635541762982568	0.004154883955875039
0.01152	0.7421690801125304	0.8049889919876582	95.0429644906701	10.283688735197602	0.004318203075864998
0.01216	0.7335858118797015	0.7980978392597252	91.67902626950881	9.958484922048168	0.004478425907905859
0.0128	0.7252689632754077	0.7913918407547975	88.5700549771945	9.656554872914882	0.0046357882798286395
0.01344	0.7172011707476217	0.7848592621346515	85.6851929107319	9.375087422137781	0.004790501787057829
0.01408	0.7093670151011308	0.7784897053347788	82.99857535748251	9.111733609256182	0.004942748559485629
0.01472	0.701752434842122	0.77227366297605	80.48828003247668	8.86450792237608	0.005092696014486778
0.015360000000000002	0.6943448081671159	0.7662026158485498	78.1356548726467	8.631725621569723	0.005240490367917115
0.016	0.6871325362802342	0.7602687137526252	75.92466781596386	8.411941566407638	0.005386267241437786
0.016640000000000002	0.6801051221148378	0.7544648630248852	73.8414988953106	8.203912571984405	0.005530146167084254
0.01728	0.6732528597908809	0.7487844863615689	71.87412679908758	8.006558621555895	0.0056722387904432625
0.017920000000000002	0.6665669045500379	0.7432215981962972	70.01207322825708	7.818939606034241	0.005812644285618164
0.01856	0.6600390354082211	0.737770619376861	68.24613043722593	7.640229833672782	0.0059514558493457366
0.019200000000000002	0.6536617161931181	0.7324264417360676	66.56819562606975	7.469703203007113	0.006088756837742947
0.01984	0.6474279105944649	0.727184282335396	64.97108557892912	7.306715895953623	0.00622462599893711
0.02048	0.6413311350873748	0.7220397387984094	63.44842628844686	7.150696669584524	0.006359134190174042
0.02176	0.6295313937191744	0.7120323112085388	60.60603010037498	6.857676001667068	0.006624161785639568
0.02304	0.6182129345277331	0.7023699603028983	58.00050810882476	6.587072950090322	0.006884477246875445
0.02432	0.6073357914703171	0.6930252375758136	55.59997284354542	6.336022584735036	0.007140533338052352
0.0256	0.5968662748340787	0.6839751122308773	53.37859955450499	6.102186884064889	0.007392681137809036
0.02688	0.5867744970252298	0.6751990663879451	51.31497720032973	5.883617056239349	0.007641237526209442
0.02816	0.5770341440757704	0.6666790559871891	49.39121429320307	5.678679323718104	0.007886472323179274
0.02944	0.5676214191436486	0.6583986764254528	47.59215628972722	5.485982694108478	0.00812863673536431
0.030720000000000004	0.558515112132391	0.6503433160925929	45.904918887013714	5.30433957000983	0.008367947442562695
0.032	0.5496958952226333	0.6424995897708209	44.31842409052224	5.132722504160061	0.00860460737435491
0.033280000000000004	0.5411464047722919	0.6348554790127445	42.82312212573387	4.970241364495367	0.008838792830651969
0.03456	0.5328507233594043	0.6273999093849463	41.41069786849231	4.816115872664127	0.009070669842536553
0.035840000000000004	0.5247944534914192	0.6201228684758595	40.07389771076304	4.669661753448654	0.009300383655713935
0.03712	0.5169643269086932	0.6130150824005989	38.8063370374678	4.530272558295968	0.009528071812418165
0.038400000000000004	0.5093482700193448	0.606068115562824	37.60238906802465	4.397410969479942	0.009753855390342382
0.03968	0.5019351038618266	0.5992741186521773	36.457054601214004	4.270596342254597	0.009977849624723591
0.04096	0.4947146018188799	0.5926259135009655	35.36588860815337	4.149399081688932	0.010200156513672506
0.04352	0.48083235455801093	0.5797550605808316	33.334289333074445	3.9226253258752855	0.01063973029034587
0.04608	0.46761590365472067	0.5673936742775908	31.476036604072846	3.7141226945842907	0.011073623961568928
0.04864	0.4550031685203182	0.5554972487948595	29.768424035752883	3.5216371328992295	0.011502489957592513
0.0512	0.4429439098062588	0.5440299808526401	28.19339412040815	3.3433432242427217	0.01192680392294066
0.05376	0.43139430988551714	0.5329604360083299	26.735874680469536	3.1777038849552115	0.01234700281179616
0.05632	0.42031613563404835	0.522261197429606	25.383133673279726	3.0234148186215455	0.012763449153012328
0.05888	0.40967513608290007	0.5119075043847744	24.124276849300973	2.879351626845707	0.013176486445490876
0.06144000000000001	0.39944104508602424	0.5018774786016068	22.949963059706715	2.744544849459796	0.013586401348977884
0.064	0.3895865474837313	0.4921512201536755	21.852099224233385	2.6181479184102576	0.013993466448681657
0.06656000000000001	0.3800873169788529	0.48271101005893735	20.823661272214082	2.4994221113661195	0.01439791004981118
0.06912	0.37092125237893064	0.47354062916487566	19.85849316200446	2.38771532610623	0.014799950685696214
0.07168000000000001	0.36206852269326106	0.4646255289885654	18.951192409602644	2.2824525890175558	0.015199772208221277
0.07424	0.35351099442643474	0.4559523102116402	18.096975397142888	2.1831215594409423	0.01559755190393187
0.07680000000000001	0.34523228359565855	0.44750887146760354	17.291603214873764	2.0892664142045647	0.015993439492589696
0.07936	0.3372173197444969	0.4392840038439226	16.531289002092038	2.0004776738992636	0.016387580381474285
0.08192	0.3294524007684219	0.4312675214545487	15.81264879503361	1.916388175272972	0.016780097726753575
0.08704	0.3146603705159634	0.4158553388460787	14.492983037116417	1.7613734729971229	0.0175601291634028
0.09216	0.30072583147533133	0.4011704359043198	13.305892147560323	1.6214952273171304	0.018334980490029237
0.09728	0.28756659548011204	0.38714968742346884	12.233957472885317	1.4948085278476282	0.019105428985677787
0.1024	0.27511873028086326	0.37374458061411514	11.263358291020152	1.3797509293041959	0.019871977893117673
0.10752	0.2633264902384351	0.36091246374524194	10.382351574687627	1.2749982098000803	0.020635121058231475
0.11264	0.25214103228591256	0.34861600630492157	9.580883829238912	1.179420104297951	0.02139523121281433
0.11776	0.2415184038170567	0.33682123312617573	8.850271391462446	1.0920380780078203	0.02215268491088223
0.12288000000000002	0.23141969137671725	0.32549806926835156	8.183022615816004	1.0120066716481573	0.022907762844098088
0.128	0.22180965762744295	0.3146189769254617	7.572611728663397	0.9385865641695228	0.023660751366400234
0.13312000000000002	0.21265685254052394	0.30415937718838765	7.013353586954862	0.8711324828561675	0.024411861724714413
0.13824	0.20393257684680433	0.2940965957363471	6.500247949256856	0.8090748896983644	0.025161313403402125
0.14336000000000002	0.19561098862500875	0.2844102090964159	6.028897374418104	0.7519121132269451	0.02590926666877685
0.14848	0.18766832374226197	0.2750812327910425	5.595400909483834	0.6991977410327441	0.026655891622851542
0.15360000000000001	0.18008300860640283	0.266092420072031	5.19629890148917	0.6505354465532759	0.027401310949377297
0.15872	0.17283506792141698	0.2574276300992295	4.828503884300451	0.605570120507117	0.02814565787356766
0.16384	0.1659062369704218	0.24907208729197106	4.489256368871748	0.5639843870021554	0.028889027059095167
0.17408	0.15300170921572953	0.23329827627681346	3.8903615120536785	0.4901451065661887	0.03037238870723738
0.18432	0.14117218572369788	0.21859655467034442	3.3774201871454412	0.4266437751885683	0.031852913642428905
0.19456	0.130307472720464	0.20487262076011586	2.936898237325205	0.3718645740133155	0.03333125261667309
0.2048	0.12032165967137126	0.19205405012683344	2.557998583307514	0.32452005527484334	0.034807654896982905
0.21504	0.11113749482866396	0.1800746628778499	2.2315643085269774	0.2835291324841755	0.0362824933926501
0.22528	0.10268570933502413	0.16887465717491595	1.9498700214564801	0.24798278120917933	0.03775593579654338
0.23552	0.09490305358526198	0.1583982928142502	1.7063803820633718	0.21710982117975555	0.03922825351147791
0.24576000000000003	0.087732901850206	0.14859518810605302	1.4955915855075985	0.1902587628880382	0.040699554665448716
0.256	0.0811236321906921	0.13941848884185165	1.3128365619251134	0.16687444539353255	0.042170033980502585
0.26624000000000003	0.07502887532771005	0.1308256720517052	1.154166170192575	0.14648519093452925	0.043639758545802716
0.27648	0.06940623545961602	0.12277709852449137	1.0162155829183563	0.1286869825137684	0.04510886990399081
0.28672000000000003	0.06421744220859868	0.11523659051574146	0.8961226111696684	0.11313467278077832	0.046577408916693715
0.29696	0.0594273923083363	0.1081703310067631	0.7914405510888972	0.09953127342947114	0.048045480517344655
0.30720000000000003	0.055004264339189056	0.10154730724792058	0.7000776833890464	0.08762189240954316	0.04951310905391092
0.31744	0.05091879707036798	0.09533846993187617	0.6202386766676125	0.07718636833784791	0.05098037385601919
0.32768	0.04714437535253355	0.08951707594859845	0.5503851211809292	0.0680350106087237	0.05244728891825023
0.34816	0.04049570137929471	0.07902298364630155	0.436764798475413	0.053061836004366605	0.0553793126447837
0.36864	0.034798604559470626	0.06977381355065132	0.34863270750859876	0.041463310614115984	0.058310405768927924
0.38912	0.02991041922465724	0.061612692079607755	0.280008234811217	0.03245130162612199	0.06124097426277242
0.4096	0.025718338855535896	0.05441453123543812	0.22641431547904528	0.025439229338227582	0.06417088188885171
0.43008	0.02212349722392041	0.04806638976560588	0.1843794391279214	0.01997430754165005	0.0671003573788996
0.45056	0.01904051701810933	0.042468079665962354	0.15125105516462425	0.015708121088014202	0.07002932125123591
0.47104	0.016395509415351023	0.03753005096849351	0.12500137859275184	0.012371719969129906	0.07295794955975174
0.49152000000000007	0.01412551521195288	0.033173857287754197	0.1040872807991039	0.009758144099116217	0.07588618568554494
0.512	0.012176466773347537	0.02932998802288551	0.08732696935297289	0.007707338004665625	0.07881415842766738
0.5324800000000001	0.010502366943264887	0.025937647949785623	0.07381593083784793	0.006095665077939544	0.08174182503163399
0.55296	0.009063757426457545	0.022943070391424358	0.06285711350617389	0.004827148585286778	0.08466928003139275
0.5734400000000001	0.0078270327293417	0.020299179659420567	0.053913222850003946	0.0038273283008264276	0.08759649121065535
0.59392	0.0067633608158804105	0.017964363988014563	0.04656724190073195	0.0030381842136082467	0.09052352879162129
0.6144000000000001	0.0058481549260573865	0.015902144979809435	0.04049527909698651	0.0024145232170161186	0.09345036873343292
0.63488	0.005060314507506443	0.014080286259835643	0.03544401334602862	0.0019210088982280714	0.09637706377634561
0.65536	0.004381823998114319	0.012470496346419169	0.031215086244348357	0.0015300171703700853	0.09930359614014705
0.69632	0.0033114443259433146	0.009830385934514995	0.024741257204661672	0.0009805520890777753	0.10515575335879339
0.73728	0.002508715274534031	0.0077547877916594584	0.019981998783075782	0.0006304310246280687	0.11100746599652912
0.77824	0.0019055125756902826	0.006120896555870864	0.01641491731253328	0.0004063945714113076	0.11685897078783677
0.8192	0.0014524996534070697	0.004836069790800792	0.013692422578444954	0.00026278058053472	0.12271012375580552
0.86016	0.0011119648588550032	0.003825884232540868	0.011575688044172668	0.00017047934924844068	0.12856106197857053
0.90112	0.0008555100076659382	0.0030313542141116334	0.009901205915037266	0.00011097857450963914	0.13441172182899827
0.94208	0.0006618762877222826	0.002405956204256094	0.008555422269661854	7.249566323795464e-5	0.140262196728826
0.9830400000000001	0.0005152520595952042	0.0019132669267405188	0.007458718543604183	4.7525007996039835e-5	0.14611245489439587
1.024	0.00040385241657112873	0.001524719902933434	0.006553648373830122	3.1267897788761855e-5	0.15196255737760728
1.0649600000000001	0.0003189065793982323	0.0012179707641873307	0.005798413412830857	2.064877319827023e-5	0.15781248820343102
1.10592	0.0002538667952489537	0.0009754989099170605	0.0051619520126204525	1.368891149892287e-5	0.16366228791175275
1.1468800000000001	0.00020384527934513852	0.0007835847192762166	0.004620851886423672	9.111855713077685e-6	0.16951194902342664
1.18784	0.0001651827971192597	0.0006314626802706442	0.00415717843851614	6.091232861709713e-6	0.17536149917977026
1.2288000000000001	0.00013513803330725675	0.000510691611891511	0.00375702478982653	4.090597197480013e-6	0.18121093549919642
1.26976	0.00011165159344088478	0.0004146413774933411	0.0034094604478239073	2.7605311429045094e-6	0.187060277356381
1.31072	9.317425280019889e-5	0.00033810582103601414	0.0031058056494090262	1.8728033644749015e-6	0.19290952431141686
1.39264	6.7462264655413e-5	0.00023070921628136448	0.002613469342097314	8.958886684532744e-7	0.20460765186539143
1.47456	5.0570728112126485e-5	0.00016052465475607672	0.0022233038130583136	4.3929097786148265e-7	0.21630549186717615
1.55648	3.914216811713253e-5	0.00011412462360005054	0.0019097583625032194	2.2158010509285349e-7	0.22800311613652724
1.6384	3.1187747601025084e-5	8.31478036596804e-5	0.0016547573325857632	1.157745152281788e-7	0.23970052221480306
1.72032	2.547833656900837e-5	6.218797257090344e-5	0.001444997750022541	6.30945586924178e-8	0.2513977530270951
1.80224	2.1252117273407947e-5	4.776727030538881e-5	0.001270654176835908	3.608461317448898e-8	0.2630948147269078
1.88416	1.8032536578609686e-5	3.7652923887411804e-5	0.0011243834035893402	2.1754202253793533e-8	0.27479173588003786
1.9660800000000003	1.551583668732247e-5	3.040660911414607e-5	0.0010006220424937933	1.3850358789580779e-8	0.28648852349555753
2.048	1.3504154825143843e-5	2.5096348723367557e-5	0.0008950976990024409	9.300957523545165e-9	0.29818519714530145
2.1299200000000003	1.1865247254783887e-5	2.111322051514298e-5	0.0008044893720904393	6.560807243701522e-9	0.3098817632143621
2.21184	1.0508483543066761e-5	1.805575122462898e-5	0.0007261862331680579	4.832151216800969e-9	0.3215782356622288
2.2937600000000002	9.370053214946076e-6	1.5656139693925898e-5	0.0006581148654256415	3.691006169992447e-9	0.33327461994985474
2.37568	8.40392224368462e-6	1.3733567467777238e-5	0.0005986130510142703	2.904912576641947e-9	0.3449709263682972
2.4576000000000002	7.576056903690333e-6	1.2164096574386457e-5	0.0005463368039746683	2.3420973026685144e-9	0.3566671594892247
2.53952	6.8607651151544965e-6	1.0861472680605704e-5	0.0005001907480022509	1.9252579882238906e-9	0.3683633271058897
2.62144	6.238259911646903e-6	9.764579503981948e-6	0.0004592756091515032	1.6074249171801802e-9	0.38005943302404666
2.78528	5.236060496605461e-6	8.063161605251676e-6	0.0003918828780426125	1.1695497868962211e-9	0.40345142584868476
2.94912	4.444537841421391e-6	6.76514593562926e-6	0.00033729339727378533	8.78677158917668e-10	0.4268432253453408
3.11296	3.8092515984408634e-6	5.747845659479431e-6	0.0002924907939736352	6.755508601391351e-10	0.45023486704171983
3.2768	3.2923193314267027e-6	4.934454395346949e-6	0.00025533093482600215	5.286454965541244e-10	0.4736263644320506
3.44064	2.8663711754860524e-6	4.273067824034328e-6	0.00022421156216940221	4.195597010092246e-10	0.4970177397579688
3.60448	2.5114632015481136e-6	3.727621218478125e-6	0.0001979177508796963	3.3690790363865696e-10	0.5204090034364285
3.76832	2.2128784777683713e-6	3.2724436462668212e-6	0.0001755336079455372	2.733014490671221e-10	0.5438001710939969
3.9321600000000005	1.9595189547506274e-6	2.8887465638773622e-6	0.00015633800482578285	2.237438850082575e-10	0.5671912507377238
4.096	1.7428870770357398e-6	2.562467773390655e-6	0.00013977165463711797	1.847447800336099e-10	0.5905822536842946
4.2598400000000005	1.5563960214458747e-6	2.282889484244854e-6	0.00012539277811647918	1.5380056091041953e-10	0.613973186158957
4.42368	1.3948789733703544e-6	2.0417160667278553e-6	0.00011284894898195152	1.2907622561745778e-10	0.6373640565777343
4.5875200000000005	1.2542377801776796e-6	1.832438058821335e-6	0.0001018563589036068	1.0920255875950068e-10	0.660754869836106
4.75136	1.131188459102902e-6	1.649886327024343e-6	9.218438079559301e-5	9.31427489691971e-11	0.6841456323276551
4.9152000000000005	1.023073940308332e-6	1.4899109076018825e-6	8.364397379671615e-5	8.010201041693823e-11	0.7075363479400255
5.07904	9.27724745002862e-7	1.3491467168431277e-6	7.607889310342195e-5	6.94648403455737e-11	0.7309270216135064
5.24288	8.433540996948802e-7	1.2248394065663342e-6	6.935897510402585e-5	6.07504866780136e-11	0.7543176564600047
5.57056	7.059125670751505e-7	1.0226390488049235e-6	5.8365647441324465e-5	4.797329602981872e-11	0.8010987882918804
5.89824	5.959414248621642e-7	8.613354502000311e-7	4.9522982754735715e-5	3.9079425925423885e-11	0.8478798009826412
6.22592	5.071506990513264e-7	7.314544700542444e-7	4.2348829662927175e-5	3.2762700123279993e-11	0.8946607179640647
6.5536	4.3501775534955906e-7	6.261624919203611e-7	3.64992074418668e-5	2.8184694575408194e-11	0.9414415497233116
6.88128	3.761256037568201e-7	5.40331369326213e-7	3.170933908550098e-5	2.4791000422875e-11	0.9882223100180916
7.20896	3.278393492978781e-7	4.700435777873158e-7	2.7772030125402445e-5	2.221156456777166e-11	1.0350030059320954
7.53664	2.880952878957211e-7	4.1225138373831213e-7	2.4523541585552808e-5	2.0197621988205648e-11	1.081783646731534
7.864320000000001	2.5525979870345015e-7	3.6455210331767174e-7	2.1833483354291636e-5	1.8580942864783448e-11	1.1285642372865619
8.192	2.2802985186019835e-7	3.250342614234496e-7	1.9597394369662732e-5	1.724713604419989e-11	1.175344783956391
8.519680000000001	2.0536012434352047e-7	2.9216718415746623e-7	1.7731191406423507e-5	1.6117988408094147e-11	1.2221252901148272
8.84736	1.8640830947176995e-7	2.647191120642965e-7	1.6166945315811714e-5	1.513970117055098e-11	1.2689057602073515
9.175040000000001	1.704933535469311e-7	2.4169509782898707e-7	1.4849621338568627e-5	1.4275015146952114e-11	1.315686196598359
9.50272	1.5706311752986732e-7	2.2228914768776295e-7	1.3734532844029849e-5	1.3497918029220532e-11	1.3624666024577294
9.830400000000001	1.4566904710696654e-7	2.0584686752142477e-7	1.2785332971701466e-5	1.2790075152561833e-11	1.4092469794708322
10.15808	1.359461481779969e-7	1.918360160078425e-7	1.1972417872424917e-5	1.213841494344816e-11	1.4560273299481814
10.48576	1.2759703814785313e-7	1.798231024812081e-7	1.1271649383082322e-5	1.1533490769440471e-11	1.5028076551193872
11.14112	1.1456454527278608e-7	1.611120633620346e-7	1.0169560799261464e-5	1.0449604209871143e-11	1.5963682097079632
11.79648	1.0439307207415551e-7	1.4656735042030166e-7	9.302599151501447e-6	9.485809974440262e-12	1.6899286771791522
12.45184	9.620614066271708e-8	1.3490345598950062e-7	8.5987088006029e-6	8.620470066949297e-12	1.7834890688128744
13.1072	8.943370294291026e-8	1.2528739705743411e-7	8.011563974708529e-6	7.839427895961659e-12	1.8770493878552765
13.76256	8.36853644814223e-8	1.1715063725235402e-7	7.509387020285706e-6	7.132239822777699e-12	1.970609640669733
14.41792	7.869134161398307e-8	1.101009104700966e-7	7.070173490850418e-6	6.49066946220838e-12	2.064169829746215
15.07328	7.426424544079994e-8	1.0386597968300827e-7	6.678614030166373e-6	5.90790844378564e-12	2.1577299597612125
15.728640000000002	7.02732313527217e-8	9.825589834673381e-8	6.323998257836008e-6	5.378143283227779e-12	2.251290032911557
16.384	6.662632687247833e-8	9.313727478178408e-8	5.9987788921983355e-6	4.896301262257259e-12	2.344850052861976
17.039360000000002	6.325831959011285e-8	8.841564275992538e-8	5.697587243351613e-6	4.457892677917112e-12	2.438410021645723
17.69472	6.01224498294161e-8	8.402337128637917e-8	5.416557847155379e-6	4.058906689649856e-12	2.531969942271327
18.350080000000002	5.718471031144844e-8	7.991136898488052e-8	5.152864972886566e-6	3.6957382712725064e-12	2.6255298166499643
19.00544	5.4419932779252555e-8	7.60433894232067e-8	4.904404367006002e-6	3.365133937263155e-12	2.7190896473326567
19.660800000000002	5.180909983841667e-8	7.239211966261797e-8	4.6695745924036784e-6	3.06414942510851e-12	2.812649436117007
20.31616	4.933749703698672e-8	6.893649170415425e-8	4.447126670425186e-6	2.7901153292746896e-12	2.906209185213845
20.97152	4.699344132603727e-8	6.565983276157601e-8	4.236060584080309e-6	2.540608338885126e-12	2.999768896305963
22.28224	4.272530198044678e-8	5.969506183317251e-8	3.851461596838502e-6	2.1135565235146394e-12	3.1868881819567454
23.59296	3.885938785076239e-8	5.429289984100108e-8	3.5030937337150203e-6	1.7587328419705812e-12	3.3740073361710694
24.90368	3.5349037399313853e-8	4.9387953010842836e-8	3.1867068408053913e-6	1.4635121402065423e-12	3.561126373599623
26.2144	3.215867594477724e-8	4.4930320727165e-8	2.899129575592907e-6	1.2178536549919851e-12	3.7482453041022565
27.52512	2.9257782937498752e-8	4.087723954604131e-8	2.6376294981561696e-6	1.0134332020985567e-12	3.935364137795476
28.83584	2.661940396398491e-8	3.719099032895705e-8	2.3997857229604176e-6	8.433271027894991e-13	4.1224828829735785
30.14656	2.4219419843304697e-8	3.383784507943204e-8	2.18342849387525e-6	7.017747076548287e-13	4.3096015478907725
31.457280000000004	2.2036095382238063e-8	3.0787421113135956e-8	1.986600754302657e-6	5.839827075222234e-13	4.496720139526443
32.768	2.0049764911729435e-8	2.801223457976759e-8	1.8075308754732347e-6	4.859625721616496e-13	4.683838664665952
34.078720000000004	1.824259420820534e-8	2.548736425695315e-8	1.6446117437081702e-6	4.0439537370410826e-13	4.870957129136492
35.38944	1.6598388518327874e-8	2.3190181495286524e-8	1.4963837368528775e-6	3.365193433131609e-13	5.058075538537063
36.700160000000004	1.510243061274304e-8	2.110012300597668e-8	1.3615202710547657e-6	2.8003632430645993e-13	5.245193897710953
38.01088	1.3741340037695366e-8	1.9198493723021513e-8	1.2388151880179297e-6	2.3303393823255433e-13	5.432312211288419
39.321600000000004	1.250294850251417e-8	1.7468292444536448e-8	1.1271715607482392e-6	1.9392082177762585e-13	5.619430483284379
40.63232	1.1376188317939538e-8	1.5894055830024096e-8	1.0255916570364212e-6	1.613727375353647e-13	5.806548717533054
41.94304	1.0350991864277312e-8	1.4461717870796294e-8	9.331678875998376e-7	1.342877322971921e-13	5.993666917357418
44.56448	8.622007862332572e-9	1.2046315966323792e-8	7.772558367518265e-7	9.412571734005742e-14	6.36790319927944
47.18592	7.184976554155866e-9	1.0038548443923803e-8	6.477137963666909e-7	6.603982410528937e-14	6.742139378200363
49.80736	5.987741084249286e-9	8.365815575334577e-9	5.397857332041769e-7	4.63382067672181e-14	7.116375473811453
52.4288	4.990042303971309e-9	6.971872403962298e-9	4.498448619957628e-7	3.2514477650375654e-14	7.490611499378142
55.05024	4.158599726034534e-9	5.810216076559674e-9	3.7489164270782066e-7	2.281476705135533e-14	7.864847467303794
57.67168	3.4657033438038005e-9	4.842130771457687e-9	3.124281168904285e-7	1.6008726328515042e-14	8.239083386597173
60.29312	2.8882638840634015e-9	4.035357060881369e-9	2.6037283527502986e-7	1.1233083222129866e-14	8.613319265960103
62.91456000000001	2.4070408210287843e-9	3.363012857035351e-9	2.169913021963943e-7	7.882112193052603e-15	8.98755511155368
65.536	2.006000538610391e-9	2.8026966448141934e-9	1.8083811712077331e-7	5.530796437963458e-15	9.36179092949957
68.15744000000001	1.6717816624439913e-9	2.335740462347116e-9	1.5070877611870278e-7	3.880915172987266e-15	9.736026723997346
70.77888	1.3932495842347273e-9	1.946587497766709e-9	1.2559951354404126e-7	2.723215606020124e-15	10.110262499363497
73.40032000000001	1.1611252816684539e-9	1.6222734896745754e-9	1.0467384114254592e-7	1.910870665591417e-15	10.484498258448829
76.02176	9.676760314425412e-10	1.351994602932764e-9	8.723466658112229e-8	1.3408553751954826e-15	10.858734004305019
78.64320000000001	8.064576892458467e-10	1.1267473520964548e-9	7.270106057717265e-8	9.408793728754906e-16	11.232969738857438
81.26464	6.720999336969731e-10	9.390285526656445e-10	6.058889709412141e-8	6.602179273544155e-16	11.60720546427009
83.88608	5.601273094416267e-10	7.825852896090402e-10	5.049472074126056e-8	4.63278368584928e-16	11.981441181835008
89.12896	3.971159973346396e-10	5.548552350140508e-10	3.5795605923220525e-8	2.376240761793562e-16	12.72991258685016
94.37184	2.8206801788387875e-10	3.9410745402394625e-10	2.5425657089003716e-8	1.223642338997507e-16	13.478383973375221
99.61472	2.0039105542647407e-10	2.799874713553149e-10	1.8063326619311563e-8	6.303559165773112e-17	14.226855349681848
104.8576	1.4236812379523102e-10	1.989174921010589e-10	1.2833120451834107e-8	3.2474046795857005e-17	14.97532671725273
110.10048	1.0114609532720916e-10	1.413218528845082e-10	9.117350810372263e-9	1.6729851153348637e-17	15.723798080151719
115.34336	7.185990154542979e-11	1.0040302743976166e-10	6.477481623342021e-9	8.618892225736014e-18	16.472269438673777
120.58624	5.10534544955387e-11	7.133215001290279e-11	4.601980038842992e-9	4.440320998902718e-18	17.220740795149673
125.82912000000002	3.627142535975247e-11	5.067862158898603e-11	3.2695218386866055e-9	2.2876036361245997e-18	17.969212149437116
131.072	2.5769443960898963e-11	3.6005198609880635e-11	2.322868846182821e-9	1.1785571299029265e-18	18.717683502908294
136.31488000000002	1.83082307710489e-11	2.5580353006981864e-11	1.6503119319572323e-9	6.0718901665379675e-19	19.466154855289272
141.55776	1.3007342777692036e-11	1.817392507996015e-11	1.1724876195011585e-9	3.128243385310886e-19	20.214626207408617
146.80064000000002	9.241269694946406e-12	1.291194852939564e-11	8.330121631371515e-10	1.6116861641576437e-19	20.9630975589877
152.04352	6.565616839042597e-12	9.173512757524181e-12	5.918276464020195e-10	8.303547772910438e-20	21.71156891053919
157.28640000000001	4.664662571688661e-12	6.517489836295371e-12	4.2047479128768605e-10	4.278092019579809e-20	22.460040261824936
162.52928	3.3141008795163244e-12	4.6304782359113815e-12	2.987345604080947e-10	2.2041428110829358e-20	23.20851161316927
167.77216	2.354572070794611e-12	3.289819770164561e-12	2.1224220403543292e-10	1.135618519969725e-20	23.95698296438428
178.25792	1.2623279437399064e-12	1.7638838020270702e-12	1.1376045213156533e-10	3.3984882023632565e-21	25.453925664233644
188.74368	6.820059189927945e-13	9.52973401792754e-13	6.1464439614956e-11	1.033436893948567e-21	26.950868363719696
199.22944	3.6886074042748955e-13	5.154109852001361e-13	3.324307511161563e-11	3.14903372190167e-22	28.447811064197644
209.7152	1.9952419854378674e-13	2.787960987310684e-13	1.7981860440077667e-11	9.598177976173748e-23	29.944753764688244
220.20096	1.0792840662345939e-13	1.508088671280856e-13	9.726908630011692e-12	2.925630327893099e-23	31.44169646571336
230.68672	5.838168492479392e-14	8.157700172164086e-14	5.261574094569572e-12	8.917780898848348e-24	32.938639166758456
241.17248	3.158038818575436e-14	4.412742459406181e-14	2.8461417256676527e-12	2.7183122132607284e-24	34.43558186808037
251.65824000000003	1.708276980486919e-14	2.386983455601124e-14	1.5395625558407817e-12	8.286037634391047e-25	35.93252456941615
262.144	9.240578526436906e-15	1.291190389103295e-14	8.327951875684111e-13	2.525802808944955e-25	37.4294672708937
272.62976000000003	4.998505077224807e-15	6.98443472153508e-15	4.5048379863116127e-13	7.699400119728312e-26	38.926409972379346
283.11552	2.7038416607810724e-15	3.7780907259290964e-15	2.4368022586174484e-13	2.3470327658691965e-26	40.42335267393717
293.60128000000003	1.4625898236877386e-15	2.0436836804439996e-15	1.3181401086140891e-13	7.15461268344604e-27	41.92029537549941
304.08704	7.911594797062207e-16	1.1054908896543083e-15	7.130222106673205e-14	2.181010206272367e-27	43.417238077098226
314.57280000000003	4.2796252241536424e-16	5.979940633081384e-16	3.8569566292098074e-14	6.648654075180989e-28	44.91418077869937
325.05856	2.3149822435078516e-16	3.234735689995316e-16	2.0863476426244324e-14	2.0268150124100546e-28	46.41112348031904
335.54432	1.2522464771193342e-16	1.7497699622486752e-16	1.128570838671868e-14	6.178722420299478e-29	47.908066181939915
356.51584	4.2042211935049224e-17	5.875750139185165e-17	3.786978690674331e-15	7.546644797809298e-30	50.90195158514335
377.48736	1.457015086862071e-17	2.036223526677844e-17	1.3125648510885126e-15	9.83393030432112e-31	53.89583698834431
398.45888	5.084796439854514e-18	7.106070263301802e-18	4.580817163376463e-16	1.2992716218053062e-31	56.88972239157221
419.4304	1.7771070345218344e-18	2.4835257288990263e-18	1.600977496325533e-16	1.7215677362208167e-32	59.8836077948019
440.40192	6.212714137549421e-19	8.682330312900055e-19	5.596975949372694e-17	2.2824984149053838e-33	62.87749319803963
461.37344	2.1720695052094193e-19	3.035488751755097e-19	1.9567973776809692e-17	3.0265982708989307e-34	65.8713786012779
482.34496	7.593985137995978e-20	1.0612669845752363e-19	6.8413511154777415e-18	4.013424204047906e-35	68.86526400451851
503.31648000000007	2.6550055583102112e-20	3.710396754093565e-20	2.3918699199009488e-18	5.322096679387294e-36	71.85914940775928
524.288	9.28239758105144e-21	1.2972243404482302e-20	8.362425714346713e-19	7.0575831001986886e-37	74.85303481100074
545.2595200000001	3.2452932469155864e-21	4.5353298122474645e-21	2.923654425785962e-19	9.359103048199626e-38	77.84692021424225
566.23104	1.1346107040610407e-21	1.5856298410483831e-21	1.0221601711463518e-19	1.2411295413079055e-38	80.84080561748397
587.2025600000001	3.966788583808013e-22	5.543626904009874e-22	3.5736426267768596e-20	1.6459034335336898e-39	83.83469102072571
608.17408	1.3868534081795035e-22	1.93814159422904e-22	1.2494031916003862e-20	2.1827080077893004e-40	86.8285764239675
629.1456000000001	4.848656828822155e-23	6.776046782245333e-23	4.368109217044855e-21	2.8946141704653967e-41	89.82246182720927
650.11712	1.695164187119354e-23	2.3690090586737308e-23	1.5271573927267225e-21	3.838744269533106e-42	92.81634723045104
671.08864	5.92654462401148e-24	8.282406000340394e-24	5.339167900626378e-22	5.090856414916923e-43	95.81023263369285
713.03168	8.0216981388804e-25	1.1217047555633792e-24	7.214995178402168e-23	1.0916166310106597e-44	101.79800344017646
754.97472	1.1748617969156895e-25	1.6427378425614489e-25	1.056963460635518e-23	2.7504456554824925e-46	107.78577424666007
796.91776	1.8199391698431872e-26	2.5444946045609254e-26	1.6376402005789773e-24	7.751940090668202e-48	113.77354505314368
838.8608	2.919139073839535e-27	4.0811463012167054e-27	2.62702104994706e-25	2.3420700672351077e-49	119.76131585962726
880.80384	4.777166580077065e-28	6.678646663538893e-28	4.299375143444541e-26	7.365306097139069e-51	125.74908666611087
922.74688	7.904969179442128e-29	1.1051294411303175e-28	7.114582407850102e-27	2.3680621496627397e-52	131.7368574725945
964.68992	1.3159067689807576e-29	1.839650613631684e-29	1.1843552351561127e-27	7.705098237753263e-54	137.7246282790781
1006.6329600000001	2.1975083267078475e-30	3.072128021594512e-30	1.9778412444073106e-28	2.523027275949338e-55	143.7123990855617
1048.576	3.6759104876983887e-31	5.138932886009509e-31	3.308475709009582e-29	8.289418419521766e-57	149.70016989204532
1090.5190400000001	6.154356752823264e-32	8.603799620522465e-32	5.539196897387567e-30	2.7283144009544434e-58	155.68794069852893
1132.46208	1.0308641115911396e-32	1.4411488252741106e-32	9.278251401186996e-31	8.988118179193667e-60	161.67571150501254
1174.4051200000001	1.7271311140652156e-33	2.414530034126938e-33	1.5544985608972398e-31	2.9624800637605992e-61	167.66348231149615
1216.34816	2.8940365095000073e-34	4.045863759926905e-34	2.6047687710922746e-32	9.766830125965963e-63	173.6512531179798
1258.2912000000001	4.849658213139449e-35	6.779822953852935e-35	4.3649209297252535e-33	3.2204044423215735e-64	179.63902392446334
1300.23424	8.127048936330239e-36	1.1361615353387675e-35	7.314727667157759e-34	1.0619350471167184e-65	185.6267947309469
1342.17728	1.3619526628228234e-36	1.9040099535684766e-36	1.225821734338301e-34	3.501882781768837e-67	191.61456553743048
1426.06336	-1.6558979356792662e-37	-2.3142020454227132e-37	-1.4921422624878603e-35	7.087359423023745e-69	203.59010715039767
1509.94944	-3.2475861546365094e-38	-4.5400032315154234e-38	-2.9234767167127237e-36	3.713313248381767e-70	215.56564876336486
1593.83552	-3.216187288875333e-39	-4.496768915890856e-39	-2.89389067809511e-37	4.9659444362948e-72	227.54119037633208
1677.7216	-2.0143459215959368e-40	-2.816859067150077e-40	-1.8115290811373462e-38	2.655848306681658e-74	239.5167319892993
1761.60768	-4.00954938333588e-42	-5.6123164008146255e-42	-3.5947408437799933e-40	1.4273286039118315e-77	251.49227360226652
1845.49376	9.206255036017645e-43	1.2866707035318156e-42	8.294427937744052e-41	1.0371431140459836e-78	263.4678152152337
1929.37984	1.5452992662169313e-43	2.160340224784687e-43	1.3909586363555477e-41	3.980814764877122e-80	275.44335682820093
2013.2659200000003	1.43361202463548e-44	2.004470573529317e-44	1.2898679819966388e-42	4.672101663494748e-82	287.41889844116815
2097.152	8.267720360908503e-46	1.1562012002321115e-45	7.434357967566051e-44	2.1182990957521606e-84	299.3944400541354
2181.0380800000003	8.189808404927169e-48	1.147980098239008e-47	7.308974974289708e-46	2.794423039965837e-88	311.3699816671026
2264.92416	-4.904157145978178e-48	-6.854588302852099e-48	-4.417364364104273e-46	1.3931076674541514e-88	323.3455232800698
2348.8102400000002	-7.273032981488018e-49	-1.0167979017334794e-48	-6.546159053325822e-47	4.175519647689256e-90	335.321064893037
2432.69632	-6.331523841499805e-50	-8.852886331355654e-50	-5.69631840254225e-48	4.315242754827045e-92	347.29660650600414
2516.5824000000002	-3.325084444991327e-51	-4.650192821240774e-51	-2.989468262884286e-49	1.6221237513239282e-94	359.27214811897136
2600.46848	8.259824847530545e-54	1.1415505592327893e-53	7.707477334224668e-52	1.4716346957707367e-99	371.24768973193864
2684.35456	2.533220306364447e-53	3.54090423965276e-53	2.281361153378072e-51	1.7597179615568974e-98	383.2232313449059
2852.12672	1.1395575092456404e-53	1.5956983737963114e-53	1.021564833990641e-51	6.3638686993198994e-99	407.17431457084035
3019.89888	6.530717555257697e-55	9.137257080400117e-55	5.866442262808068e-53	3.7737885136487295e-101	431.1253977967748
3187.67104	7.838875657280857e-57	1.0929923157223013e-56	7.096522379693642e-55	9.927483714638631e-105	455.07648102270923
3355.4432	-1.4477624286843252e-57	-2.0278684323043536e-57	-1.2970732422268947e-55	5.961921924102777e-106	479.0275642486436
3523.21536	-1.1620164154148322e-58	-1.6261394205296667e-58	-1.0432594872234252e-56	6.933463618938097e-108	502.97864747457805
3690.98752	-3.1241550819506803e-60	-4.366462079997066e-60	-2.81301295767846e-58	9.061857067728533e-111	526.9297307005124
3858.75968	1.4678478270748476e-61	2.0576599848964653e-61	1.312615601332104e-59	3.546966186252334e-113	550.8808139264469
4026.5318400000006	1.87377356727866e-62	2.6227998860842817e-62	1.6813622339406213e-60	1.0461951060829057e-114	574.8318971523812
4194.304	7.626020133492464e-64	1.0665349147645536e-63	6.85638109668819e-62	3.1274342600583296e-117	598.7829803783156
4362.0761600000005	-7.080414810361247e-66	-9.96916224363224e-66	-6.267142547429088e-64	4.697271058991027e-121	622.7340636042501
4529.84832	-2.731214229543407e-66	-3.8240177846986806e-66	-2.449246748624589e-64	1.2896733972858214e-121	646.6851468301844
4697.6204800000005	-1.5390664799675083e-67	-2.153207067756666e-67	-1.3826327171068028e-65	7.388163620193769e-124	670.6362300561188
4865.39264	-1.707909254277292e-69	-2.3805994710964124e-69	-1.5473389058525734e-67	1.6634200129325067e-127	694.5873132820532
5033.1648000000005	3.501570414498572e-70	4.904473582961552e-70	3.1373158167225173e-68	1.2292938093772104e-128	718.5383965079874
5200.93696	2.75430162571091e-71	3.854352622918642e-71	2.4728881741404733e-69	1.3729551712193812e-130	742.4894797339216
5368.70912	7.196133612105323e-73	1.0057091776040871e-72	6.480272119878148e-71	1.6948921702263633e-133	766.4405629598559
5704.25344	-3.032820563981211e-73	-4.269283228292029e-73	-2.682300416631218e-71	8.507224794196695e-134	814.3427294117247
6039.79776	-8.596778550356688e-75	-1.2053983597300992e-74	-7.680883245023966e-73	2.019154259301508e-136	862.2448958635936
6375.34208	6.6437284088246e-77	9.464056931394172e-77	5.710459395315392e-75	3.225801801764326e-140	910.1470623154623
6710.8864	1.0066544464535568e-77	1.415071848656016e-77	8.937157863395131e-76	2.283328908732302e-141	958.0492287673312
7046.43072	2.0083451202058572e-79	2.8112254291114493e-79	1.8010462805997226e-77	2.6796900044533463e-144	1005.9513952192
7381.97504	-4.453631822892403e-81	-6.2917996822333045e-81	-3.906606499632821e-79	3.6433281643732986e-147	1053.8535616710687
7717.51936	-3.1167405857610465e-82	-4.3779382735531544e-82	-2.772031130356763e-80	5.301016791334374e-149	1101.7557281229374
8053.063680000001	-3.8979079647745265e-84	-5.44038072604429e-84	-3.519505092279701e-82	2.4693927776683315e-152	1149.6578945748063
8388.608	1.9900061413894265e-85	2.804440034652158e-85	1.7560324773897806e-83	1.7764625967710483e-154	1197.560061026675
8724.152320000001	9.013627979678655e-87	1.265146760885444e-86	8.031180171152578e-85	1.073776068359339e-156	1245.4622274785438
9059.69664	4.47822094790174e-89	6.176417936234113e-89	4.155340528399208e-87	8.306770739416489e-161	1293.3643939304127
9395.240960000001	-7.54455405390792e-90	-1.0618240323480312e-89	-6.678714123270883e-88	6.201099437574984e-162	1341.2665603822816
9730.78528	-2.4204041248750915e-91	-3.394268605669047e-91	-2.1611215471007565e-89	1.8763133824270437e-164	1389.1687268341502
10066.329600000001	9.275951499949041e-94	1.3376832915631756e-93	7.724404876722466e-92	6.926934008451825e-169	1437.0708932860189
10401.87392	2.5869172418049476e-94	3.6374881354804336e-94	2.2951047402470197e-92	1.7671768499108293e-169	1484.9730597378878
10737.41824	5.915255819779204e-96	8.285185235307567e-96	5.296891604159538e-94	2.7200768055079733e-172	1532.8752261897564
11408.50688	-1.2303583453106525e-97	-1.783326469414152e-97	-1.016724992622242e-95	6.589430640112102e-175	1628.6795590934942
12079.59552	-2.426986409728602e-99	-3.440739389666939e-99	-2.1084274201501774e-97	1.7740438679063106e-177	1724.483891997232
12750.68416	5.426876226292397e-102	8.273563904344089e-102	3.9489046420268986e-100	3.860139650713448e-182	1820.2882249009695
13421.7728	6.08150066864136e-103	8.665847839540219e-103	5.222272186614991e-101	4.180533461071537e-183	1916.0925578047072
14092.86144	4.345901516181731e-105	6.07921623466606e-105	3.888142940391561e-103	1.4345770641671854e-186	2011.896890708445
14763.95008	-1.0036570114889442e-106	-1.4402379987367768e-106	-8.477244908334171e-105	4.22134225364069e-189	2107.7012236121827
15435.03872	-1.92536434603031e-108	-2.72691170875035e-108	-1.6763001050105818e-106	1.0217430702882712e-191	2203.50555651592
16106.127360000002	5.465598449853376e-111	8.172589042330508e-111	4.156705930026507e-109	3.8889553875740586e-196	2299.309889419658
16777.216	4.945314937771597e-112	7.043826886490714e-112	4.2502645893061254e-110	2.5168790103284365e-197	2395.1142223233956
17448.304640000002	3.283589645783954e-114	4.5875196811663696e-114	2.9468605665162644e-112	7.489375359411647e-201	2490.9185552271333
18119.39328	-8.3942126693237e-116	-1.203845196594722e-115	-7.099761307022249e-114	2.6909766620107557e-203	2586.722888130871
18790.481920000002	-1.5291695708682363e-117	-2.164979289661503e-117	-1.3325029370941124e-115	5.867522942619599e-206	2682.527221034609
19461.57056	5.3172797737286586e-120	7.88358328625038e-120	4.137584124329584e-118	3.5019354067760606e-210	2778.3315539383466
20132.659200000002	4.017403653383333e-121	5.7204563370571374e-121	3.455156438803655e-119	1.5116313838563395e-211	2874.135886842084
20803.74784	2.465041331210565e-123	3.4379726405850585e-123	2.220554612632956e-121	3.8648211148784e-215	2969.9402197458217
21474.83648	-7.005208205994721e-125	-1.0041058714350214e-124	-5.932445168825682e-123	1.7075363455440727e-217	3065.7445526495594
22817.01376	-1.1336558541672602e-125	-1.7472104082205134e-125	-7.698174011357174e-124	8.149254081111043e-218	3257.353218457035
24159.19104	-1.9024407926494593e-128	-2.7096250514183955e-128	-1.654063700631852e-126	9.003964370818889e-222	3448.96188426451
25501.36832	2.991797629458916e-130	4.759112673999138e-130	2.0095746510626254e-128	2.938437650273727e-224	3640.570550071985
26843.5456	1.3260572019464009e-132	1.95100321220231e-132	1.051683977312654e-130	1.720026039280509e-227	3832.1792158794606
28185.72288	-6.567701041926885e-135	-1.0794446170499393e-134	-4.188389338461101e-133	5.749950558338807e-231	4023.787881686936
29527.90016	-6.150046569735878e-137	-9.237358273391341e-137	-4.6698112020525025e-135	1.4980590705848522e-233	4215.396547494412
30870.07744	6.827104005993996e-140	1.321790003016895e-139	2.6426321819822014e-138	1.0031886292614078e-238	4407.005213301887
32212.254720000004	2.2900632917546965e-141	3.500887303839591e-141	1.6797842722985904e-139	8.468417259979914e-240	4598.613879109363
33554.432	3.4538164967987443e-144	4.3548478442438216e-144	3.334416286633237e-142	6.968894437236769e-244	4790.222544916837
34896.609280000004	-7.037060908303497e-146	-1.0973931335178744e-145	-4.963927777006265e-144	3.2250868905037575e-246	4981.831210724313
36238.78656	-2.9753960699158637e-148	-4.287796652440313e-148	-2.40824224463643e-146	1.5850101214961318e-249	5173.439876531788
37580.963840000004	1.6800799318061967e-150	2.706918594825672e-150	1.1072673365564648e-148	6.996290688387199e-253	5365.048542339264
38923.14112	1.4537896708242707e-152	2.167798552043919e-152	1.1127187573949945e-150	1.475233795305079e-255	5556.657208146739
40265.318400000004	-2.1319919868138572e-155	-3.8739638353104285e-155	-1.014429521022886e-153	2.560114329112554e-260	5748.265873954215
41607.49568	-5.565990423147932e-157	-8.475883024233939e-157	-4.103976816945873e-155	8.748837061703504e-262	5939.87453976169
42949.67296	-6.705330133872407e-160	-8.044379555657692e-160	-6.871642359516957e-158	5.1213717374236786e-266	6131.483205569166
45634.02752	6.656925107433503e-161	1.798571176077824e-160	-9.380668701688311e-160	3.2214085742272474e-267	6514.700537184117
48318.38208	-2.394460361477959e-164	-2.6662153062404215e-164	-2.614283385320905e-162	1.6964299299614886e-271	6897.917868799068
51002.73664	-5.2458120651705196e-167	-6.415535397790804e-166	1.7302425187788507e-164	3.3148982502164377e-274	7281.135200414019
53687.0912	3.671348936367014e-169	4.953866381796316e-169	2.5277393338375295e-167	6.515963113484077e-278	7664.35253202897
56371.44576	-1.8567045356637315e-172	2.707127897960847e-171	-3.634086130764749e-170	2.6266233926607456e-281	8047.569863643921
59055.80032	-1.5607846249060004e-174	-2.663067563586188e-174	-1.9800112621236338e-173	1.4986937199962207e-284	8430.787195258872
61740.15488	-3.0680207721290333e-179	-1.4609475379865837e-176	-5.7775900504745334e-176	1.3199245307330973e-288	8814.004526873823
64424.50944000001	-4.357149542740948e-181	4.121094405963497e-180	-5.51893102306696e-178	2.6118770227396245e-291	9197.221858488774
67108.864	1.7018398044306564e-183	7.560085714357893e-182	1.6439312732566716e-181	1.4415920147855568e-296	9580.439190103725
69793.21856000001	2.7869341354354955e-185	1.9925408699927012e-185	2.3902646487508525e-183	3.704204687852207e-298	9963.656521718674
72477.57312	9.437163542755542e-190	-3.6916932947541214e-187	4.7167608816315e-187	4.656335124121845e-303	10346.873853333625
75161.92768000001	-8.939229712879736e-191	-1.0437749167703847e-190	9.97149043628212e-190	4.3413356457595636e-305	10730.091184948576
77846.28224	6.545343763598705e-194	1.9459800254043972e-192	6.574108566933719e-192	3.97473064793201e-309	11113.308516563528
80530.63680000001	-4.875910498045466e-197	1.103491396898337e-196	-3.433581801140841e-194	4.10109731367e-312	11496.525848178479
83214.99136	-9.58208546691008e-199	-1.0758202809499732e-197	-6.468247348225446e-197	1.20042632e-315	11879.74317979343
85899.34592	9.601000023051063e-202	-5.533299917851389e-204	7.707899750954592e-200	2.8485e-319	12262.96051140838
91268.05504	-2.7380244561676633e-202	-7.795092352877015e-202	-3.3035195578905725e-200	1.36945e-319	13029.395174638283
96636.76416	-1.1582627387889322e-205	-1.7539886758952583e-205	-9.407418853802306e-204	0.0	13795.829837868185
102005.47328	7.665153861540099e-208	2.330819455843632e-207	2.526345138742988e-206	0.0	14562.264501098087
107374.1824	1.469895497655524e-211	3.983900228932902e-211	-7.41443491527152e-210	0.0	15328.699164327989
112742.89152	-8.70965262625034e-214	-5.126206080337964e-213	4.654714801083112e-212	0.0	16095.133827557891
118111.60064	4.972894335188978e-218	-6.718284463017349e-217	2.955479175798943e-215	0.0	16861.568490787795
123480.30976	1.523947794692683e-219	1.276918229360734e-218	-4.819974265126335e-219	0.0	17628.003154017697
128849.01888000002	3.2528696127525983e-223	2.5648368570136775e-222	3.5261633382164294e-221	0.0	18394.4378172476
134217.728	-3.1740711762077776e-225	-3.2538999358733317e-224	-4.0032217946870586e-224	0.0	19160.8724804775
139586.43712000002	-1.0272377967320574e-228	-7.840548660494012e-228	-3.396157612749581e-227	0.0	19927.307143707403
144955.14624	5.58862710424644e-231	8.119592377030315e-230	-9.981764576081523e-231	0.0	20693.741806937305
150323.85536000002	1.1535099669487893e-234	2.0728324645964133e-233	-7.359691225963495e-233	0.0	21460.176470167207
155692.56448	-9.922704147434015e-237	-2.0281002402136807e-235	1.3303177145509015e-236	0.0	22226.61113339711
161061.27360000001	-2.1561927159748924e-240	-5.728645529221533e-239	1.047794205308982e-239	0.0	22993.04579662701
166429.98272	1.7829821178533491e-242	5.0684139398277785e-241	-2.169255790296293e-243	0.0	23759.480459856914
171798.69184	5.315711866172417e-246	1.5882459867969603e-244	9.869638541245805e-245	0.0	24525.915123086816
182536.11008	2.005655912097523e-246	7.1893638971298326e-245	5.610077585784663e-246	0.0	26058.78444954662
193273.52832	1.6995586250186386e-251	7.768881397501985e-250	1.628763724005596e-250	0.0	27591.65377600642
204010.94656	-1.7971006205366005e-252	-9.008950329341348e-251	1.0178041521791984e-252	0.0	29124.523102466224
214748.3648	-3.0049175448711828e-257	-2.188597014148013e-255	2.4418218207320752e-256	0.0	30657.39242892603
225485.78304	1.618900005043063e-258	1.1289201042401441e-256	-1.1034071495610026e-259	0.0	32190.261755385833
236223.20128	4.3740067288069334e-263	4.271698349190597e-261	8.236963354132146e-263	0.0	33723.13108184563
246960.61952	-1.4604957833511954e-264	-1.4144910659620247e-262	-1.1195392517087536e-265	0.0	35256.00040830544
257698.03776000004	-5.3700609695486945e-269	-7.267921510353801e-267	-3.6600963918194456e-270	0.0	36788.86973476524
268435.456	1.3160581240816757e-270	1.7720154690787014e-268	-2.6875597439360038e-272	0.0	38321.73906122504
279172.87424000003	6.108553312358654e-275	1.1506927654879952e-272	-1.264362470288039e-275	0.0	39854.608387684835
289910.29248	-1.186054431550938e-276	-2.2195874610751052e-274	-5.990323549441415e-280	0.0	41387.47771414464
300647.71072000003	-6.667019188613752e-281	-1.7426058649595793e-278	-4.579609970490154e-282	0.0	42920.34704060444
311385.12896	1.0687884543939655e-282	2.779798782782672e-280	1.458451972559576e-285	0.0	44453.21636706425
322122.54720000003	7.051036126230539e-287	2.560318399745829e-284	-3.7700611166375157e-289	0.0	45986.08569352405
332859.96544	-9.62996585641148e-289	-3.480892751966557e-286	4.14829805007252e-292	0.0	47518.955019983856
343597.38368	-7.294387190728546e-293	-3.6801262102504244e-290	3.23380556578052e-295	0.0	49051.82434644366
365072.22016	-3.178905973560909e-293	-1.604658390723839e-290	-2.4219178197519444e-296	0.0	52117.56299936327
386547.05664	-1.2179081546730337e-298	-8.547162501526392e-296	-5.56658772686085e-301	0.0	55183.30165228287
408021.89312	1.4330975288967191e-299	1.0056329442224986e-296	-7.470541898660457e-304	0.0	58249.04030520248
429496.7296	1.2463324556656513e-304	1.2158696359166109e-301	-1.157590420693537e-307	0.0	61314.778958122086
450971.56608	-6.460278220329991e-306	-6.30180103551302e-303	4.431955043901e-311	0.0	64380.517611041694
472446.40256	-8.7621359984965e-311	-1.1882666404637375e-307	-1.066914167e-314	0.0	67446.2562639613
493921.23904	2.912084228757e-312	3.948736622495725e-309	8.97503e-318	0.0	70511.99491688091
515396.0755200001	5.3671354e-317	1.0118100082e-313	-3.7e-322	0.0	73577.73356980052
536870.912	-1.312604e-318	-2.47411522e-315	0.0	0.0	76643.47222272013
558345.7484800001	-3.0e-323	-8.0147e-320	0.0	0.0	79709.21087563974
579820.58496	0.0	1.55e-321	0.0	0.0	82774.94952855934
601295.4214400001	0.0	0.0	0.0	0.0	85840.68818147894
622770.25792	0.0	0.0	0.0	0.0	88906.42683439855
644245.0944000001	0.0	0.0	0.0	0.0	91972.16548731815
665719.93088	0.0	0.0	0.0	0.0	95037.90414023776
687194.76736	0.0	0.0	0.0	0.0	98103.64279315737
730144.44032	0.0	0.0	0.0	0.0	104235.12009899659
773094.11328	0.0	0.0	0.0	0.0	110366.5974048358
816043.78624	0.0	0.0	0.0	0.0	116498.07471067502
858993.4592	0.0	0.0	0.0	0.0	122629.55201651422
901943.13216	0.0	0.0	0.0	0.0	128761.02932235344
944892.80512	0.0	0.0	0.0	0.0	134892.50662819264
987842.47808	0.0	0.0	0.0	0.0	141023.98393403186
1.0307921510400001e6	0.0	0.0	0.0	0.0	147155.46123987107
1.073741824e6	0.0	0.0	0.0	0.0	153286.9385457103
1.1166914969600001e6	0.0	0.0	0.0	0.0	159418.4158515495
1.15964116992e6	0.0	0.0	0.0	0.0	165549.89315738872
1.2025908428800001e6	0.0	0.0	0.0	0.0	171681.37046322794
1.24554051584e6	0.0	0.0	0.0	0.0	177812.84776906716
1.2884901888000001e6	0.0	0.0	0.0	0.0	183944.32507490634
1.33143986176e6	0.0	0.0	0.0	0.0	190075.80238074553
1.37438953472e6	0.0	0.0	0.0	0.0	196207.27968658475
1.46028888064e6	0.0	0.0	0.0	0.0	208470.23429826318
1.54618822656e6	0.0	0.0	0.0	0.0	220733.18890994161
1.63208757248e6	0.0	0.0	0.0	0.0	232996.14352162005
1.7179869184e6	0.0	0.0	0.0	0.0	245259.09813329848
1.80388626432e6	0.0	0.0	0.0	0.0	257522.05274497689
1.88978561024e6	0.0	0.0	0.0	0.0	269785.0073566553
1.97568495616e6	0.0	0.0	0.0	0.0	282047.96196833375
2.0615843020800003e6	0.0	0.0	0.0	0.0	294310.9165800122
2.147483648e6	0.0	0.0	0.0	0.0	306573.8711916906
2.2333829939200003e6	0.0	0.0	0.0	0.0	318836.825803369
2.31928233984e6	0.0	0.0	0.0	0.0	331099.7804150474
2.4051816857600003e6	0.0	0.0	0.0	0.0	343362.73502672586
2.49108103168e6	0.0	0.0	0.0	0.0	355625.6896384043
2.5769803776000002e6	0.0	0.0	0.0	0.0	367888.6442500827
2.66287972352e6	0.0	0.0	0.0	0.0	380151.59886176116
2.74877906944e6	0.0	0.0	0.0	0.0	392414.5534734396
2.92057776128e6	0.0	0.0	0.0	0.0	416940.46269679646
3.09237645312e6	0.0	0.0	0.0	0.0	441466.3719201533
3.26417514496e6	0.0	0.0	0.0	0.0	465992.2811435102
3.4359738368e6	0.0	0.0	0.0	0.0	490518.190366867
3.60777252864e6	0.0	0.0	0.0	0.0	515044.09959022386
3.77957122048e6	0.0	0.0	0.0	0.0	539570.0088135807
3.95136991232e6	0.0	0.0	0.0	0.0	564095.9180369376
4.1231686041600006e6	0.0	0.0	0.0	0.0	588621.8272602945
4.294967296e6	0.0	0.0	0.0	0.0	613147.7364836512
4.466765987840001e6	0.0	0.0	0.0	0.0	637673.6457070081
4.63856467968e6	0.0	0.0	0.0	0.0	662199.554930365
4.8103633715200005e6	0.0	0.0	0.0	0.0	686725.4641537218
4.98216206336e6	0.0	0.0	0.0	0.0	711251.3733770787
5.1539607552000005e6	0.0	0.0	0.0	0.0	735777.2826004355
5.32575944704e6	0.0	0.0	0.0	0.0	760303.1918237924
5.49755813888e6	0.0	0.0	0.0	0.0	784829.1010471493
5.84115552256e6	0.0	0.0	0.0	0.0	833880.919493863
6.18475290624e6	0.0	0.0	0.0	0.0	882932.7379405767
6.52835028992e6	0.0	0.0	0.0	0.0	931984.5563872905
6.8719476736e6	0.0	0.0	0.0	0.0	981036.3748340042
7.21554505728e6	0.0	0.0	0.0	0.0	1.0300881932807179e6
7.55914244096e6	0.0	0.0	0.0	0.0	1.0791400117274318e6
7.90273982464e6	0.0	0.0	0.0	0.0	1.1281918301741455e6
8.246337208320001e6	0.0	0.0	0.0	0.0	1.1772436486208593e6
8.589934592e6	0.0	0.0	0.0	0.0	1.226295467067573e6
8.933531975680001e6	0.0	0.0	0.0	0.0	1.2753472855142867e6
9.27712935936e6	0.0	0.0	0.0	0.0	1.3243991039610005e6
9.620726743040001e6	0.0	0.0	0.0	0.0	1.3734509224077142e6
9.96432412672e6	0.0	0.0	0.0	0.0	1.422502740854428e6
1.0307921510400001e7	0.0	0.0	0.0	0.0	1.4715545593011416e6
1.065151889408e7	0.0	0.0	0.0	0.0	1.5206063777478554e6
1.099511627776e7	0.0	0.0	0.0	0.0	1.569658196194569e6
1.168231104512e7	0.0	0.0	0.0	0.0	1.6677618330879966e6
1.236950581248e7	0.0	0.0	0.0	0.0	1.765865469981424e6
1.305670057984e7	0.0	0.0	0.0	0.0	1.8639691068748513e6
1.37438953472e7	0.0	0.0	0.0	0.0	1.9620727437682787e6
1.443109011456e7	0.0	0.0	0.0	0.0	2.0601763806617062e6
1.511828488192e7	0.0	0.0	0.0	0.0	2.1582800175551334e6
1.580547964928e7	0.0	0.0	0.0	0.0	2.2563836544485604e6
1.6492674416640002e7	0.0	0.0	0.0	0.0	2.3544872913419874e6
1.7179869184e7	0.0	0.0	0.0	0.0	2.452590928235415e6
1.7867063951360002e7	0.0	0.0	0.0	0.0	2.5506945651288424e6
1.855425871872e7	0.0	0.0	0.0	0.0	2.64879820202227e6
1.9241453486080002e7	0.0	0.0	0.0	0.0	2.7469018389156973e6
1.992864825344e7	0.0	0.0	0.0	0.0	2.8450054758091248e6
2.0615843020800002e7	0.0	0.0	0.0	0.0	2.943109112702552e6
2.130303778816e7	0.0	0.0	0.0	0.0	3.0412127495959797e6
2.199023255552e7	0.0	0.0	0.0	0.0	3.139316386489407e6
2.336462209024e7	0.0	0.0	0.0	0.0	3.335523660276262e6
2.473901162496e7	0.0	0.0	0.0	0.0	3.531730934063117e6
2.611340115968e7	0.0	0.0	0.0	0.0	3.727938207849972e6
2.74877906944e7	0.0	0.0	0.0	0.0	3.924145481636827e6
2.886218022912e7	0.0	0.0	0.0	0.0	4.120352755423682e6
3.023656976384e7	0.0	0.0	0.0	0.0	4.316560029210537e6
3.161095929856e7	0.0	0.0	0.0	0.0	4.512767302997392e6
3.2985348833280005e7	0.0	0.0	0.0	0.0	4.708974576784246e6
3.4359738368e7	0.0	0.0	0.0	0.0	4.905181850571101e6
3.5734127902720004e7	0.0	0.0	0.0	0.0	5.1013891243579555e6
3.710851743744e7	0.0	0.0	0.0	0.0	5.29759639814481e6
3.8482906972160004e7	0.0	0.0	0.0	0.0	5.493803671931665e6
3.985729650688e7	0.0	0.0	0.0	0.0	5.69001094571852e6
4.1231686041600004e7	0.0	0.0	0.0	0.0	5.886218219505375e6
4.260607557632e7	0.0	0.0	0.0	0.0	6.08242549329223e6
4.398046511104e7	0.0	0.0	0.0	0.0	6.278632767079085e6
4.672924418048e7	0.0	0.0	0.0	0.0	6.671047314652795e6
4.947802324992e7	0.0	0.0	0.0	0.0	7.063461862226505e6
5.222680231936e7	0.0	0.0	0.0	0.0	7.455876409800215e6
5.49755813888e7	0.0	0.0	0.0	0.0	7.848290957373925e6
5.772436045824e7	0.0	0.0	0.0	0.0	8.240705504947634e6
6.047313952768e7	0.0	0.0	0.0	0.0	8.633120052521344e6
6.322191859712e7	0.0	0.0	0.0	0.0	9.025534600095052e6
6.597069766656001e7	0.0	0.0	0.0	0.0	9.417949147668762e6
6.8719476736e7	0.0	0.0	0.0	0.0	9.810363695242472e6
7.146825580544001e7	0.0	0.0	0.0	0.0	1.0202778242816182e7
7.421703487488e7	0.0	0.0	0.0	0.0	1.0595192790389892e7
7.696581394432001e7	0.0	0.0	0.0	0.0	1.0987607337963602e7
7.971459301376e7	0.0	0.0	0.0	0.0	1.1380021885537311e7
8.246337208320001e7	0.0	0.0	0.0	0.0	1.1772436433111021e7
8.521215115264e7	0.0	0.0	0.0	0.0	1.2164850980684731e7
8.796093022208e7	0.0	0.0	0.0	0.0	1.2557265528258441e7
9.345848836096e7	0.0	0.0	0.0	0.0	1.3342094623405859e7
9.895604649984e7	0.0	0.0	0.0	0.0	1.4126923718553279e7
1.0445360463872e8	0.0	0.0	0.0	0.0	1.4911752813700698e7
1.099511627776e8	0.0	0.0	0.0	0.0	1.5696581908848118e7
1.1544872091648e8	0.0	0.0	0.0	0.0	1.6481411003995538e7
1.2094627905536e8	0.0	0.0	0.0	0.0	1.7266240099142957e7
1.2644383719424e8	0.0	0.0	0.0	0.0	1.8051069194290377e7
1.3194139533312002e8	0.0	0.0	0.0	0.0	1.8835898289437797e7
1.37438953472e8	0.0	0.0	0.0	0.0	1.9620727384585217e7
1.4293651161088002e8	0.0	0.0	0.0	0.0	2.0405556479732636e7
1.4843406974976e8	0.0	0.0	0.0	0.0	2.1190385574880052e7
1.5393162788864002e8	0.0	0.0	0.0	0.0	2.1975214670027472e7
1.5942918602752e8	0.0	0.0	0.0	0.0	2.276004376517489e7
1.6492674416640002e8	0.0	0.0	0.0	0.0	2.354487286032231e7
1.7042430230528e8	0.0	0.0	0.0	0.0	2.432970195546973e7
1.7592186044416e8	0.0	0.0	0.0	0.0	2.511453105061715e7
1.8691697672192e8	0.0	0.0	0.0	0.0	2.668418924091199e7
1.9791209299968e8	0.0	0.0	0.0	0.0	2.825384743120683e7
2.0890720927744e8	0.0	0.0	0.0	0.0	2.982350562150167e7
2.199023255552e8	0.0	0.0	0.0	0.0	3.139316381179651e7
2.3089744183296e8	0.0	0.0	0.0	0.0	3.296282200209135e7
2.4189255811072e8	0.0	0.0	0.0	0.0	3.453248019238619e7
2.5288767438848e8	0.0	0.0	0.0	0.0	3.610213838268102e7
2.6388279066624004e8	0.0	0.0	0.0	0.0	3.767179657297586e7
2.74877906944e8	0.0	0.0	0.0	0.0	3.92414547632707e7
2.8587302322176003e8	0.0	0.0	0.0	0.0	4.081111295356554e7
2.9686813949952e8	0.0	0.0	0.0	0.0	4.238077114386038e7
3.0786325577728003e8	0.0	0.0	0.0	0.0	4.395042933415522e7
3.1885837205504e8	0.0	0.0	0.0	0.0	4.5520087524450056e7
3.2985348833280003e8	0.0	0.0	0.0	0.0	4.7089745714744896e7
3.4084860461056e8	0.0	0.0	0.0	0.0	4.8659403905039735e7
3.5184372088832e8	0.0	0.0	0.0	0.0	5.0229062095334575e7
3.7383395344384e8	0.0	0.0	0.0	0.0	5.336837847592425e7
3.9582418599936e8	0.0	0.0	0.0	0.0	5.650769485651393e7
4.1781441855488e8	0.0	0.0	0.0	0.0	5.964701123710361e7
4.398046511104e8	0.0	0.0	0.0	0.0	6.278632761769329e7
4.6179488366592e8	0.0	0.0	0.0	0.0	6.592564399828297e7
4.8378511622144e8	0.0	0.0	0.0	0.0	6.906496037887265e7
5.0577534877696e8	0.0	0.0	0.0	0.0	7.220427675946231e7
5.277655813324801e8	0.0	0.0	0.0	0.0	7.534359314005199e7
5.49755813888e8	0.0	0.0	0.0	0.0	7.848290952064167e7
5.717460464435201e8	0.0	0.0	0.0	0.0	8.162222590123135e7
5.9373627899904e8	0.0	0.0	0.0	0.0	8.476154228182101e7
6.157265115545601e8	0.0	0.0	0.0	0.0	8.790085866241069e7
6.3771674411008e8	0.0	0.0	0.0	0.0	9.104017504300037e7
6.597069766656001e8	0.0	0.0	0.0	0.0	9.417949142359005e7
6.8169720922112e8	0.0	0.0	0.0	0.0	9.731880780417973e7
7.0368744177664e8	0.0	0.0	0.0	0.0	1.004581241847694e8
7.4766790688768e8	0.0	0.0	0.0	0.0	1.0673675694594875e8
7.9164837199872e8	0.0	0.0	0.0	0.0	1.1301538970712811e8
8.3562883710976e8	0.0	0.0	0.0	0.0	1.1929402246830747e8
8.796093022208e8	0.0	0.0	0.0	0.0	1.2557265522948681e8
9.2358976733184e8	0.0	0.0	0.0	0.0	1.3185128799066617e8
9.6757023244288e8	0.0	0.0	0.0	0.0	1.381299207518455e8
1.01155069755392e9	0.0	0.0	0.0	0.0	1.4440855351302487e8
1.0555311626649601e9	0.0	0.0	0.0	0.0	1.5068718627420422e8
1.099511627776e9	0.0	0.0	0.0	0.0	1.5696581903538358e8
1.1434920928870401e9	0.0	0.0	0.0	0.0	1.6324445179656294e8
1.18747255799808e9	0.0	0.0	0.0	0.0	1.695230845577423e8
1.2314530231091201e9	0.0	0.0	0.0	0.0	1.7580171731892166e8
1.27543348822016e9	0.0	0.0	0.0	0.0	1.82080350080101e8
1.3194139533312001e9	0.0	0.0	0.0	0.0	1.8835898284128037e8
1.36339441844224e9	0.0	0.0	0.0	0.0	1.9463761560245973e8
1.40737488355328e9	0.0	0.0	0.0	0.0	2.009162483636391e8
1.49533581377536e9	0.0	0.0	0.0	0.0	2.134735138859978e8
1.58329674399744e9	0.0	0.0	0.0	0.0	2.2603077940835652e8
1.67125767421952e9	0.0	0.0	0.0	0.0	2.385880449307152e8
1.7592186044416e9	0.0	0.0	0.0	0.0	2.5114531045307392e8
1.84717953466368e9	0.0	0.0	0.0	0.0	2.6370257597543263e8
1.93514046488576e9	0.0	0.0	0.0	0.0	2.762598414977913e8
2.02310139510784e9	0.0	0.0	0.0	0.0	2.8881710702015e8
2.1110623253299203e9	0.0	0.0	0.0	0.0	3.013743725425087e8
2.199023255552e9	0.0	0.0	0.0	0.0	3.1393163806486744e8
2.2869841857740803e9	0.0	0.0	0.0	0.0	3.2648890358722615e8
2.37494511599616e9	0.0	0.0	0.0	0.0	3.3904616910958487e8
2.4629060462182403e9	0.0	0.0	0.0	0.0	3.516034346319436e8
2.55086697644032e9	0.0	0.0	0.0	0.0	3.641607001543023e8
2.6388279066624002e9	0.0	0.0	0.0	0.0	3.76717965676661e8
2.72678883688448e9	0.0	0.0	0.0	0.0	3.8927523119901973e8
2.81474976710656e9	0.0	0.0	0.0	0.0	4.0183249672137845e8
2.99067162755072e9	0.0	0.0	0.0	0.0	4.269470277660959e8
3.16659348799488e9	0.0	0.0	0.0	0.0	4.520615588108133e8
3.34251534843904e9	0.0	0.0	0.0	0.0	4.771760898555307e8
3.5184372088832e9	0.0	0.0	0.0	0.0	5.022906209002481e8
3.69435906932736e9	0.0	0.0	0.0	0.0	5.2740515194496554e8
3.87028092977152e9	0.0	0.0	0.0	0.0	5.525196829896829e8
4.04620279021568e9	0.0	0.0	0.0	0.0	5.776342140344002e8
4.2221246506598406e9	0.0	0.0	0.0	0.0	6.027487450791175e8
4.398046511104e9	0.0	0.0	0.0	0.0	6.27863276123835e8
4.573968371548161e9	0.0	0.0	0.0	0.0	6.529778071685524e8
4.74989023199232e9	0.0	0.0	0.0	0.0	6.780923382132698e8
4.9258120924364805e9	0.0	0.0	0.0	0.0	7.032068692579873e8
5.10173395288064e9	0.0	0.0	0.0	0.0	7.283214003027047e8
5.2776558133248005e9	0.0	0.0	0.0	0.0	7.534359313474221e8
5.45357767376896e9	0.0	0.0	0.0	0.0	7.785504623921396e8
5.62949953421312e9	0.0	0.0	0.0	0.0	8.03664993436857e8
5.98134325510144e9	0.0	0.0	0.0	0.0	8.538940555262918e8
6.33318697598976e9	0.0	0.0	0.0	0.0	9.041231176157267e8
6.68503069687808e9	0.0	0.0	0.0	0.0	9.543521797051616e8
7.0368744177664e9	0.0	0.0	0.0	0.0	1.0045812417945963e9
7.38871813865472e9	0.0	0.0	0.0	0.0	1.0548103038840312e9
7.74056185954304e9	0.0	0.0	0.0	0.0	1.105039365973466e9
8.09240558043136e9	0.0	0.0	0.0	0.0	1.1552684280629008e9
8.444249301319681e9	0.0	0.0	0.0	0.0	1.2054974901523356e9
8.796093022208e9	0.0	0.0	0.0	0.0	1.2557265522417705e9
9.147936743096321e9	0.0	0.0	0.0	0.0	1.3059556143312054e9
9.49978046398464e9	0.0	0.0	0.0	0.0	1.3561846764206402e9
9.851624184872961e9	0.0	0.0	0.0	0.0	1.406413738510075e9
1.020346790576128e10	0.0	0.0	0.0	0.0	1.45664280059951e9
1.0555311626649601e10	0.0	0.0	0.0	0.0	1.5068718626889446e9
1.090715534753792e10	0.0	0.0	0.0	0.0	1.5571009247783794e9
1.125899906842624e10	0.0	0.0	0.0	0.0	1.607329986867814e9
1.196268651020288e10	0.0	0.0	0.0	0.0	1.7077881110466838e9
1.266637395197952e10	0.0	0.0	0.0	0.0	1.8082462352255535e9
1.337006139375616e10	0.0	0.0	0.0	0.0	1.9087043594044232e9
1.40737488355328e10	0.0	0.0	0.0	0.0	2.009162483583293e9
1.477743627730944e10	0.0	0.0	0.0	0.0	2.1096206077621627e9
1.548112371908608e10	0.0	0.0	0.0	0.0	2.2100787319410324e9
1.618481116086272e10	0.0	0.0	0.0	0.0	2.3105368561199017e9
1.6888498602639362e10	0.0	0.0	0.0	0.0	2.4109949802987714e9
1.7592186044416e10	0.0	0.0	0.0	0.0	2.511453104477641e9
1.8295873486192642e10	0.0	0.0	0.0	0.0	2.611911228656511e9
1.899956092796928e10	0.0	0.0	0.0	0.0	2.7123693528353806e9
1.9703248369745922e10	0.0	0.0	0.0	0.0	2.8128274770142503e9
2.040693581152256e10	0.0	0.0	0.0	0.0	2.91328560119312e9
2.1110623253299202e10	0.0	0.0	0.0	0.0	3.0137437253719897e9
2.181431069507584e10	0.0	0.0	0.0	0.0	3.1142018495508595e9
2.251799813685248e10	0.0	0.0	0.0	0.0	3.214659973729729e9
2.392537302040576e10	0.0	0.0	0.0	0.0	3.4155762220874686e9
2.533274790395904e10	0.0	0.0	0.0	0.0	3.616492470445208e9
2.674012278751232e10	0.0	0.0	0.0	0.0	3.8174087188029475e9
2.81474976710656e10	0.0	0.0	0.0	0.0	4.018324967160687e9
2.955487255461888e10	0.0	0.0	0.0	0.0	4.2192412155184264e9
3.096224743817216e10	0.0	0.0	0.0	0.0	4.420157463876166e9
3.236962232172544e10	0.0	0.0	0.0	0.0	4.621073712233906e9
3.3776997205278725e10	0.0	0.0	0.0	0.0	4.821989960591645e9
3.5184372088832e10	0.0	0.0	0.0	0.0	5.022906208949385e9
3.6591746972385284e10	0.0	0.0	0.0	0.0	5.223822457307124e9
3.799912185593856e10	0.0	0.0	0.0	0.0	5.424738705664864e9
3.9406496739491844e10	0.0	0.0	0.0	0.0	5.625654954022603e9
4.081387162304512e10	0.0	0.0	0.0	0.0	5.8265712023803425e9
4.2221246506598404e10	0.0	0.0	0.0	0.0	6.027487450738082e9
4.362862139015168e10	0.0	0.0	0.0	0.0	6.228403699095821e9
4.503599627370496e10	0.0	0.0	0.0	0.0	6.429319947453561e9
4.785074604081152e10	0.0	0.0	0.0	0.0	6.83115244416904e9
5.066549580791808e10	0.0	0.0	0.0	0.0	7.232984940884519e9
5.348024557502464e10	0.0	0.0	0.0	0.0	7.6348174375999975e9
5.62949953421312e10	0.0	0.0	0.0	0.0	8.036649934315476e9
5.910974510923776e10	0.0	0.0	0.0	0.0	8.438482431030954e9
6.192449487634432e10	0.0	0.0	0.0	0.0	8.840314927746433e9
6.473924464345088e10	0.0	0.0	0.0	0.0	9.242147424461912e9
6.755399441055745e10	0.0	0.0	0.0	0.0	9.64397992117739e9
7.0368744177664e10	0.0	0.0	0.0	0.0	1.0045812417892868e10
7.318349394477057e10	0.0	0.0	0.0	0.0	1.0447644914608347e10
7.599824371187712e10	0.0	0.0	0.0	0.0	1.0849477411323824e10
7.881299347898369e10	0.0	0.0	0.0	0.0	1.12513099080393e10
8.162774324609024e10	0.0	0.0	0.0	0.0	1.165314240475478e10
8.444249301319681e10	0.0	0.0	0.0	0.0	1.2054974901470259e10
8.725724278030336e10	0.0	0.0	0.0	0.0	1.2456807398185738e10
9.007199254740993e10	0.0	0.0	0.0	0.0	1.2858639894901217e10
9.570149208162305e10	0.0	0.0	0.0	0.0	1.3662304888332174e10
1.0133099161583617e11	0.0	0.0	0.0	0.0	1.4465969881763132e10
1.0696049115004929e11	0.0	0.0	0.0	0.0	1.526963487519409e10
1.125899906842624e11	0.0	0.0	0.0	0.0	1.6073299868625048e10
1.1821949021847552e11	0.0	0.0	0.0	0.0	1.6876964862056004e10
1.2384898975268864e11	0.0	0.0	0.0	0.0	1.768062985548696e10
1.2947848928690176e11	0.0	0.0	0.0	0.0	1.848429484891792e10
1.351079888211149e11	0.0	0.0	0.0	0.0	1.9287959842348877e10
1.40737488355328e11	0.0	0.0	0.0	0.0	2.009162483577983e10
1.4636698788954114e11	0.0	0.0	0.0	0.0	2.089528982921079e10
1.5199648742375424e11	0.0	0.0	0.0	0.0	2.1698954822641747e10
1.5762598695796738e11	0.0	0.0	0.0	0.0	2.2502619816072704e10
1.6325548649218048e11	0.0	0.0	0.0	0.0	2.3306284809503662e10
1.6888498602639362e11	0.0	0.0	0.0	0.0	2.410994980293462e10
1.7451448556060672e11	0.0	0.0	0.0	0.0	2.4913614796365574e10
1.8014398509481985e11	0.0	0.0	0.0	0.0	2.571727978979653e10
1.914029841632461e11	0.0	0.0	0.0	0.0	2.7324609776658447e10
2.0266198323167233e11	0.0	0.0	0.0	0.0	2.893193976352036e10
2.1392098230009857e11	0.0	0.0	0.0	0.0	3.0539269750382275e10
2.251799813685248e11	0.0	0.0	0.0	0.0	3.214659973724419e10
2.3643898043695105e11	0.0	0.0	0.0	0.0	3.3753929724106106e10
2.476979795053773e11	0.0	0.0	0.0	0.0	3.536125971096802e10
2.5895697857380353e11	0.0	0.0	0.0	0.0	3.696858969782993e10
2.702159776422298e11	0.0	0.0	0.0	0.0	3.857591968469185e10
2.81474976710656e11	0.0	0.0	0.0	0.0	4.0183249671553764e10
2.927339757790823e11	0.0	0.0	0.0	0.0	4.179057965841568e10
3.039929748475085e11	0.0	0.0	0.0	0.0	4.3397909645277596e10
3.1525197391593475e11	0.0	0.0	0.0	0.0	4.50052396321395e10
3.2651097298436096e11	0.0	0.0	0.0	0.0	4.661256961900142e10
3.3776997205278723e11	0.0	0.0	0.0	0.0	4.821989960586333e10
3.4902897112121344e11	0.0	0.0	0.0	0.0	4.982722959272524e10
3.602879701896397e11	0.0	0.0	0.0	0.0	5.143455957958716e10
3.828059683264922e11	0.0	0.0	0.0	0.0	5.464921955331099e10
4.0532396646334467e11	0.0	0.0	0.0	0.0	5.786387952703482e10
4.2784196460019714e11	0.0	0.0	0.0	0.0	6.1078539500758644e10
4.503599627370496e11	0.0	0.0	0.0	0.0	6.4293199474482475e10
4.728779608739021e11	0.0	0.0	0.0	0.0	6.750785944820631e10
4.953959590107546e11	0.0	0.0	0.0	0.0	7.072251942193013e10
5.1791395714760706e11	0.0	0.0	0.0	0.0	7.393717939565395e10
5.404319552844596e11	0.0	0.0	0.0	0.0	7.715183936937776e10
5.62949953421312e11	0.0	0.0	0.0	0.0	8.03664993431016e10
5.854679515581646e11	0.0	0.0	0.0	0.0	8.358115931682542e10
6.07985949695017e11	0.0	0.0	0.0	0.0	8.679581929054926e10
6.305039478318695e11	0.0	0.0	0.0	0.0	9.001047926427309e10
6.530219459687219e11	0.0	0.0	0.0	0.0	9.322513923799692e10
6.755399441055745e11	0.0	0.0	0.0	0.0	9.643979921172075e10
6.980579422424269e11	0.0	0.0	0.0	0.0	9.965445918544458e10
7.205759403792794e11	0.0	0.0	0.0	0.0	1.0286911915916841e11
7.656119366529844e11	0.0	0.0	0.0	0.0	1.0929843910661607e11
8.106479329266893e11	0.0	0.0	0.0	0.0	1.1572775905406374e11
8.556839292003943e11	0.0	0.0	0.0	0.0	1.221570790015114e11
9.007199254740992e11	0.0	0.0	0.0	0.0	1.2858639894895906e11
9.457559217478042e11	0.0	0.0	0.0	0.0	1.3501571889640672e11
9.907919180215092e11	0.0	0.0	0.0	0.0	1.414450388438544e11
1.0358279142952141e12	0.0	0.0	0.0	0.0	1.4787435879130206e11
1.0808639105689192e12	0.0	0.0	0.0	0.0	1.5430367873874973e11
1.125899906842624e12	0.0	0.0	0.0	0.0	1.607329986861974e11
1.170935903116329e12	0.0	0.0	0.0	0.0	1.6716231863364505e11
1.215971899390034e12	0.0	0.0	0.0	0.0	1.735916385810927e11
1.261007895663739e12	0.0	0.0	0.0	0.0	1.8002095852854037e11
1.3060438919374438e12	0.0	0.0	0.0	0.0	1.8645027847598804e11
1.351079888211149e12	0.0	0.0	0.0	0.0	1.928795984234357e11
1.3961158844848538e12	0.0	0.0	0.0	0.0	1.9930891837088336e11
1.4411518807585588e12	0.0	0.0	0.0	0.0	2.0573823831833102e11
